ID,LIMIT_BAL,SEX,EDUCATION,MARRIAGE,AGE,PAY_0,PAY_2,PAY_3,PAY_4,PAY_5,PAY_6,BILL_AMT1,BILL_AMT2,BILL_AMT3,BILL_AMT4,BILL_AMT5,BILL_AMT6,PAY_AMT1,PAY_AMT2,PAY_AMT3,PAY_AMT4,PAY_AMT5,PAY_AMT6,default
1,20000,2,2,1,24,2,2,0,0,0,0,3913,3102,689,0,0,0,0,689,0,0,0,0,1
2,120000,2,2,2,26,0,2,0,0,0,2,2682,1725,2682,3272,3455,3261,0,1000,1000,1000,0,2000,1
3,90000,2,2,2,34,0,0,0,0,0,0,29239,14027,13559,14331,14948,15549,1518,1500,1000,1000,1000,5000,0
4,50000,2,2,1,37,0,0,0,0,0,0,46990,48233,49291,28314,28959,29547,2000,2019,1200,1100,1069,1000,0
5,50000,1,2,1,57,0,0,0,0,0,0,8617,5670,35835,20940,19146,19131,2000,36681,10000,9000,689,679,0
6,50000,1,1,2,37,0,0,0,0,0,0,64400,57069,57608,19394,19619,20024,2500,1815,657,1000,1000,800,0
7,500000,1,1,2,29,0,0,0,0,0,0,367965,412023,445007,542653,483003,473944,55000,40000,38000,20239,13750,13770,0
8,100000,2,2,2,23,0,0,0,0,0,0,11876,380,601,221,-159,567,380,601,0,581,1687,1542,0
9,140000,2,3,1,28,0,0,2,0,0,0,11285,14096,12108,12211,11793,3719,3329,0,432,1000,1000,1000,0
10,20000,1,3,2,35,0,0,0,0,0,0,0,0,0,0,13007,13912,0,0,0,13007,1122,0,0
11,200000,2,3,2,34,0,0,2,0,0,0,11073,9787,5535,2513,1828,3731,2306,12,50,300,3738,66,0
12,260000,2,1,2,51,0,0,0,0,0,2,12261,21670,9966,8517,22287,13668,21818,9966,8583,22301,0,3640,0
13,630000,2,2,2,41,0,0,0,0,0,0,12137,6500,6500,6500,6500,2870,1000,6500,6500,6500,2870,0,0
14,70000,1,2,2,30,1,2,2,0,0,2,65802,67369,65701,66782,36137,36894,3200,0,3000,3000,1500,0,1
15,250000,1,1,2,29,0,0,0,0,0,0,70887,67060,63561,59696,56875,55512,3000,3000,3000,3000,3000,3000,0
16,50000,2,3,3,23,1,2,0,0,0,0,50614,29173,28116,28771,29531,30211,0,1500,1100,1200,1300,1100,0
17,20000,1,1,2,24,0,0,2,2,2,2,15376,18010,17428,18338,17905,19104,3200,0,1500,0,1650,0,1
18,320000,1,1,1,49,0,0,0,0,0,0,253286,246536,194663,70074,5856,195599,10358,10000,75940,20000,195599,50000,0
19,360000,2,1,1,49,1,0,0,0,0,0,0,0,0,0,0,0,0,0,0,0,0,0,0
20,180000,2,1,2,29,1,0,0,0,0,0,0,0,0,0,0,0,0,0,0,0,0,0,0
21,130000,2,3,2,39,0,0,0,0,0,0,38358,27688,24489,20616,11802,930,3000,1537,1000,2000,930,33764,0
22,120000,2,2,1,39,0,0,0,0,0,0,316,316,316,0,632,316,316,316,0,632,316,0,1
23,70000,2,2,2,26,2,0,0,2,2,2,41087,42445,45020,44006,46905,46012,2007,3582,0,3601,0,1820,1
24,450000,2,1,1,40,0,0,0,0,0,0,5512,19420,1473,560,0,0,19428,1473,560,0,0,1128,1
25,90000,1,1,2,23,0,0,0,0,0,0,4744,7070,0,5398,6360,8292,5757,0,5398,1200,2045,2000,0
26,50000,1,3,2,23,0,0,0,0,0,0,47620,41810,36023,28967,29829,30046,1973,1426,1001,1432,1062,997,0
27,60000,1,1,2,27,1,0,0,0,0,0,-109,-425,259,-57,127,-189,0,1000,0,500,0,1000,1
28,50000,2,3,2,30,0,0,0,0,0,0,22541,16138,17163,17878,18931,19617,1300,1300,1000,1500,1000,1012,0
29,50000,2,3,1,47,0,0,0,0,0,0,650,3415,3416,2040,30430,257,3415,3421,2044,30430,257,0,0
30,50000,1,1,2,26,0,0,0,0,0,0,15329,16575,17496,17907,18375,11400,1500,1500,1000,1000,1600,0,0
31,230000,2,1,2,27,0,0,0,0,0,0,16646,17265,13266,15339,14307,36923,17270,13281,15339,14307,37292,0,0
32,50000,1,2,2,33,2,0,0,0,0,0,30518,29618,22102,22734,23217,23680,1718,1500,1000,1000,1000,716,1
33,100000,1,1,2,32,0,0,0,0,0,0,93036,84071,82880,80958,78703,75589,3023,3511,3302,3204,3200,2504,0
34,500000,2,2,1,54,0,0,0,0,0,0,10929,4152,22722,7521,71439,8981,4152,22827,7521,71439,981,51582,0
35,500000,1,1,1,58,0,0,0,0,0,0,13709,5006,31130,3180,0,5293,5006,31178,3180,0,5293,768,0
36,160000,1,1,2,30,0,0,0,0,0,0,30265,-131,-527,-923,-1488,-1884,131,396,396,565,792,0,0
37,280000,1,2,1,40,0,0,0,0,0,0,186503,181328,180422,170410,173901,177413,8026,8060,6300,6400,6400,6737,0
38,60000,2,2,2,22,0,0,0,0,0,0,15054,9806,11068,6026,-28335,18660,1500,1518,2043,0,47671,617,0
39,50000,1,1,2,25,1,0,0,0,0,0,0,780,0,0,0,0,780,0,0,0,0,0,1
40,280000,1,1,2,31,0,0,2,0,0,0,498,9075,4641,9976,17976,9477,9075,0,9976,8000,9525,781,0
41,360000,1,1,2,33,0,0,0,0,0,0,218668,221296,206895,628699,195969,179224,10000,7000,6000,188840,28000,4000,0
42,70000,2,1,2,25,0,0,0,0,0,0,67521,66999,63949,63699,64718,65970,3000,4500,4042,2500,2800,2500,0
43,10000,1,2,2,22,0,0,0,0,0,0,1877,3184,6003,3576,3670,4451,1500,2927,1000,300,1000,500,0
44,140000,2,2,1,37,0,0,0,0,0,0,59504,61544,62925,64280,67079,69802,3000,3000,3000,4000,4000,3000,0
45,40000,2,1,2,30,0,0,0,2,0,0,18927,21295,25921,25209,26636,29197,3000,5000,0,2000,3000,0,0
46,210000,1,1,2,29,0,0,0,0,0,0,0,0,0,0,0,0,0,0,0,0,0,0,1
47,20000,2,1,2,22,0,0,2,0,0,0,14028,16484,15800,16341,16675,0,3000,0,16741,334,0,0,1
48,150000,2,5,2,46,0,0,0,0,0,0,4463,3034,1170,1170,0,0,1013,1170,0,0,0,0,1
49,380000,1,2,2,32,0,0,0,0,0,0,22401,21540,15134,32018,11849,11873,21540,15138,24677,11851,11875,8251,0
50,20000,1,1,2,24,0,0,0,0,0,0,17447,18479,19476,19865,20480,20063,1318,1315,704,928,912,1069,0
51,70000,1,3,2,42,1,2,2,2,2,0,37042,36171,38355,39423,38659,39362,0,3100,2000,0,1500,1500,1
52,100000,2,3,3,43,0,0,0,0,0,0,61559,51163,43824,39619,35762,33258,2000,1606,1500,2000,1500,1000,0
53,310000,2,2,1,49,0,0,0,0,0,0,13465,7867,7600,11185,3544,464,7875,7600,11185,3544,464,0,0
54,180000,2,1,2,25,1,2,0,0,0,0,41402,41742,42758,43510,44420,45319,1300,2010,1762,1762,1790,1622,0
55,150000,2,1,2,29,2,0,0,0,0,0,46224,34993,31434,26518,21042,16540,1600,1718,1049,1500,2000,5000,0
56,500000,2,1,1,45,0,0,0,0,0,0,1905,3640,162,0,151,2530,3640,162,0,151,2530,0,0
57,180000,2,3,1,34,0,0,0,0,0,0,16386,15793,8441,7142,-679,8321,8500,1500,7500,679,9000,2000,0
58,180000,2,2,1,34,0,0,0,0,0,0,175886,173440,172308,168608,132202,129918,8083,7296,5253,4814,4816,3800,0
59,200000,2,1,2,34,0,3,2,2,2,2,1587,1098,782,1166,700,1414,0,0,700,0,1200,0,0
60,400000,2,2,1,29,0,0,0,0,0,0,400134,398857,404205,360199,356656,364089,17000,15029,30000,12000,12000,23000,0
61,500000,2,3,1,28,0,0,0,0,0,0,22848,23638,18878,14937,13827,15571,1516,1300,1000,1000,2000,2000,1
62,70000,1,2,1,39,0,0,0,0,0,0,70800,72060,69938,16518,14096,830,4025,2095,1000,2000,3000,0,0
63,50000,1,1,2,29,2,2,2,2,2,2,24987,24300,26591,25865,27667,28264,0,2700,0,2225,1200,0,1
64,50000,2,2,1,46,0,0,0,0,0,0,28718,29166,0,0,0,0,1000,0,0,0,0,0,1
65,130000,2,2,1,51,0,0,0,0,0,0,99,0,0,0,2353,0,0,0,0,2353,0,0,0
66,200000,1,1,1,57,0,0,0,0,2,2,152519,148751,144076,8174,8198,7918,0,0,8222,300,0,1000,1
67,10000,1,2,1,56,2,2,2,0,0,0,2097,4193,3978,4062,4196,4326,2300,0,150,200,200,160,1
68,210000,2,1,2,30,2,0,0,0,0,0,300,300,1159,2280,300,4250,300,1159,2280,300,4250,909,0
69,130000,2,3,2,29,1,0,0,0,2,0,-190,-9850,-9850,10311,10161,7319,0,0,20161,0,7319,13899,0
70,20000,1,5,2,22,2,0,0,0,0,0,18565,17204,17285,18085,11205,5982,0,1200,1000,500,1000,0,0
71,80000,1,1,2,31,0,0,0,0,0,0,780,0,390,390,390,390,0,390,390,390,390,390,0
72,320000,1,2,2,29,2,2,2,2,2,2,58267,59246,60184,58622,62307,63526,2500,2500,0,4800,2400,1600,1
73,200000,2,2,1,32,0,0,0,0,2,0,9076,5787,-684,5247,3848,3151,5818,15,9102,17,3165,1395,0
74,290000,2,1,2,37,1,0,0,0,0,0,0,0,3155,0,2359,0,0,3155,0,2359,0,0,0
75,340000,1,1,2,32,0,0,0,0,0,0,3048,5550,23337,4291,80153,25820,5713,23453,4314,80552,25949,2016,0
76,20000,1,2,2,24,0,0,2,0,0,0,14619,17216,16642,16976,17332,18543,2850,0,610,630,1500,0,0
77,50000,1,3,2,25,0,0,0,0,0,0,42838,37225,36087,9636,9590,10030,1759,1779,320,500,1000,1000,0
78,300000,2,1,1,45,0,0,0,0,0,0,291,291,291,291,291,291,291,291,291,291,291,291,0
79,30000,2,2,2,22,0,0,0,0,0,0,28387,29612,30326,28004,26446,6411,1686,1400,560,3000,1765,0,1
80,240000,2,2,2,44,1,0,0,0,0,0,0,0,0,0,0,0,0,0,0,0,0,0,1
81,470000,2,3,3,33,0,0,0,0,0,0,165254,157784,162702,69923,29271,29889,6400,7566,3000,960,1000,3000,0
82,360000,2,1,2,26,0,0,0,0,0,0,23411,27796,30400,33100,180000,196,4796,3400,3100,146900,196,2963,0
83,60000,1,3,2,30,0,0,0,0,0,0,26324,27471,28108,21993,19899,19771,1576,1213,648,768,1140,0,1
84,400000,2,2,1,44,0,0,2,0,0,0,131595,139060,126819,104430,104990,94058,10700,3,3050,3000,3200,2800,0
85,50000,2,3,2,49,0,0,0,0,0,0,48909,47863,21489,20414,19342,19482,1676,1302,700,699,849,826,0
86,160000,1,2,2,33,0,0,0,0,0,0,130028,107808,71934,118418,118407,120418,4400,3547,80000,4500,4800,4500,0
87,360000,2,1,1,45,0,0,2,0,0,0,390,1170,780,390,390,390,1170,0,0,390,390,390,1
88,160000,2,2,2,32,0,0,0,0,0,0,3826,4751,6604,8604,7072,766,1147,2000,2000,0,766,2303,0
89,130000,2,1,1,35,0,0,0,0,0,0,81313,117866,17740,1330,7095,1190,40000,5000,1330,7095,1190,2090,0
90,20000,1,3,2,44,2,2,0,0,0,2,8583,8303,9651,10488,12314,11970,0,1651,1000,2000,0,1500,0
91,200000,1,1,1,53,2,2,2,2,2,2,138180,140774,142460,144098,147124,149531,6300,5500,5500,5500,5000,5000,1
92,280000,2,1,2,39,0,0,0,0,0,0,7524,0,3968,3868,0,0,0,3968,0,0,0,0,0
93,100000,2,1,2,27,0,0,0,0,0,0,-2000,5555,0,0,0,0,7555,0,0,0,0,0,0
94,160000,2,2,1,37,0,0,0,0,0,0,880,1602,840,840,0,0,1602,840,840,0,0,7736,0
95,60000,2,2,2,23,0,0,0,0,0,0,45648,46850,47214,19595,19209,19323,1937,1301,682,690,816,835,0
96,90000,1,2,2,35,0,0,0,0,0,0,83725,85996,87653,35565,30942,30835,3621,3597,1179,1112,1104,1143,0
97,360000,1,1,1,43,0,0,0,0,0,0,3967,8322,3394,6451,26370,9956,8339,3394,12902,27000,0,68978,0
98,150000,1,1,2,27,0,0,0,0,0,0,86009,86108,89006,89775,87725,40788,4031,10006,3266,4040,1698,800,0
99,50000,2,3,1,22,0,0,0,0,0,0,18722,18160,16997,13150,8866,7899,1411,1194,379,281,321,197,0
100,20000,1,2,1,38,0,0,0,0,0,0,17973,19367,19559,18240,17928,150,1699,1460,626,1750,150,0,1
101,140000,1,1,2,32,0,0,0,0,0,0,672,10212,850,415,100,1430,10212,850,415,100,1430,0,0
102,380000,2,1,2,30,0,0,0,0,0,0,-81,-303,32475,32891,33564,34056,223,33178,1171,1197,1250,5000,0
103,480000,1,1,1,63,0,0,0,2,2,0,422069,431342,479432,487066,471145,469961,16078,55693,17000,0,18000,24200,0
104,50000,2,3,2,22,0,0,0,0,0,0,44698,42254,38347,32496,23477,24094,1767,1362,1002,840,995,904,1
105,60000,2,2,2,26,2,2,2,2,2,0,56685,55208,59175,60218,55447,55305,0,5000,2511,6,3000,3000,0
106,70000,2,2,2,24,0,0,0,0,0,0,5580,0,0,0,0,26529,0,0,0,0,26529,2000,0
107,80000,2,2,1,36,0,0,0,0,0,0,6108,2861,3277,3319,1150,1150,2861,3279,3319,1150,1150,1035,0
108,350000,1,1,2,52,0,0,0,0,0,0,713,2272,722,867,1150,5263,2272,722,867,1150,5263,5011,0
109,130000,1,2,2,38,0,0,0,0,0,0,171438,178382,39940,120483,44127,126568,10908,0,133657,4566,133841,4796,0
110,360000,1,2,1,35,1,0,0,0,0,0,-103,-103,-103,-103,-103,-103,0,0,0,0,0,0,0
111,330000,2,1,1,31,0,0,2,0,0,0,105879,108431,105594,105896,106491,107289,9260,0,3593,4100,15794,0,0
112,50000,1,3,1,47,0,0,2,0,0,0,13244,14722,15181,15928,16671,17393,2000,1000,1000,1000,1000,1000,0
113,280000,1,2,1,41,2,2,2,2,2,3,135673,138532,134813,144401,152174,149415,6500,0,14254,14850,0,5000,0
114,100000,2,1,2,24,0,0,0,0,0,0,52128,52692,54477,56076,60100,59713,2000,2677,3076,5080,3000,2033,0
115,50000,1,2,2,41,0,0,0,0,0,0,19015,19294,20259,20274,20311,19957,1340,1305,700,718,724,684,0
116,30000,1,1,2,24,0,2,0,0,3,2,18199,17618,18631,21319,20692,21201,0,1312,3000,0,1000,1000,1
117,240000,1,1,2,28,0,0,0,0,0,0,326,326,326,5676,476,326,326,326,5676,476,326,526,0
118,80000,1,2,2,26,2,0,0,0,0,0,14029,15493,16630,17055,17629,18186,2000,1700,1000,1000,1000,1000,1
119,400000,1,2,1,34,0,0,0,0,0,0,19660,9666,11867,7839,14837,7959,9677,11867,7839,14837,7959,5712,0
120,240000,2,2,2,38,0,0,0,0,0,0,50254,51445,53015,52479,1307,1203,2000,3000,3000,1307,1203,563,0
121,50000,1,3,2,37,2,2,2,3,2,2,46004,45976,48953,48851,49318,51143,1000,4035,1000,1400,2800,0,1
122,450000,1,1,1,40,1,0,0,0,0,0,0,0,0,0,0,0,0,0,0,0,0,0,1
123,110000,2,1,1,48,1,0,0,0,0,0,0,0,0,0,0,0,0,0,0,0,0,0,0
124,310000,2,2,1,35,2,0,0,0,0,0,304991,311243,306314,258610,246491,198889,13019,11128,8407,8599,6833,5987,1
125,20000,1,1,2,27,0,0,0,0,0,0,19115,18962,19298,19378,19717,15630,1404,1130,600,861,313,0,0
126,20000,1,2,2,23,1,0,0,0,0,0,0,0,0,0,0,0,0,0,0,0,0,0,0
127,200000,1,3,2,52,0,0,0,0,0,0,110151,99530,98951,100914,103146,104993,3568,3585,3602,3848,3669,3784,0
128,180000,1,1,1,36,0,0,0,0,0,0,163736,116422,99278,95766,97753,95927,4655,2690,2067,2142,2217,1000,1
129,50000,1,2,1,51,0,0,0,0,0,0,3347,3899,4503,5347,6375,7077,1000,1066,1300,1500,1200,134,1
130,60000,1,3,1,55,3,2,2,0,0,0,60521,61450,57244,28853,29510,26547,2504,7,1200,1200,1100,1500,0
131,30000,2,1,2,23,1,0,0,0,0,0,4000,5645,3508,-27,13744,5906,5645,3508,27,13771,5911,3024,0
132,240000,1,1,2,41,1,0,0,0,0,0,95,2622,3301,3164,360,1737,2622,3301,0,360,1737,924,0
133,420000,1,2,1,34,0,0,0,0,0,0,253454,247743,229049,220951,210606,188108,9744,9553,7603,7830,7253,11326,0
134,330000,1,3,1,46,0,0,0,0,0,0,227389,228719,229644,227587,227775,228203,8210,8095,8025,8175,8391,8200,0
135,30000,2,2,2,22,0,0,0,0,0,0,28452,26145,26712,25350,17603,-780,2000,1400,0,500,0,1560,0
136,240000,1,2,1,34,0,0,0,2,2,2,10674,12035,13681,13269,14158,13891,1500,1800,0,1000,0,327,0
137,150000,1,1,2,27,0,0,0,0,0,0,17444,19342,22000,24614,27200,30229,2500,3000,3000,3000,3500,5000,0
138,210000,2,2,1,33,0,0,0,0,0,0,7166,7997,8792,9189,4404,5708,1500,1500,1000,500,2000,546,0
139,50000,2,3,1,51,0,0,0,0,0,0,752,300,5880,0,0,0,300,5880,0,0,0,0,1
140,50000,1,1,2,24,0,0,0,0,0,0,50801,50143,49586,19430,19375,18995,2360,1700,1000,900,870,2130,0
141,240000,1,1,2,47,1,0,0,0,0,0,0,0,0,0,0,0,0,0,0,0,0,0,1
142,180000,1,2,2,28,0,0,0,0,0,0,1832,0,832,332,416,416,0,416,332,500,3500,832,0
143,50000,1,2,2,23,1,2,2,2,0,0,10131,10833,20583,19996,19879,18065,1000,10000,400,700,800,600,0
144,170000,1,2,2,29,0,0,0,0,0,0,12159,10000,10000,10000,9983,15846,10000,10000,10000,9983,15863,10000,0
145,20000,1,1,2,29,0,0,0,0,0,0,1199,15586,344,2340,6702,339,15586,344,2340,4702,339,330,0
146,50000,1,1,2,28,0,0,0,0,0,3,4999,5913,7315,9195,10624,10138,1000,1500,2000,1583,1100,0,0
147,170000,2,2,2,27,0,0,0,0,0,0,19269,20313,20852,17560,17918,9100,1661,1200,351,358,182,0,1
148,200000,1,1,2,34,1,2,0,0,0,0,197236,176192,93069,135668,132233,59875,8000,5000,55500,5000,5000,8500,0
149,80000,2,2,1,23,1,2,3,2,0,0,9168,10522,10205,9898,10123,12034,1650,0,0,379,2091,1,0
150,260000,2,1,1,60,1,0,0,0,0,0,-1100,-1100,21400,0,969,869,0,22500,0,969,1000,0,0
151,140000,1,2,1,32,0,0,0,0,2,0,86627,78142,68336,64648,58319,55251,3455,3110,5000,0,2100,2602,0
152,80000,1,1,2,25,0,0,0,0,0,0,42444,55744,43476,41087,41951,31826,30000,3000,6000,8000,2000,14000,0
153,350000,1,1,2,41,1,0,0,0,0,0,208,2906,1000,630,0,0,2906,1000,630,0,0,0,0
154,280000,2,2,1,56,0,0,0,0,0,0,208775,182350,132257,101783,177145,169311,8042,6700,5137,100000,7000,6321,0
155,30000,2,3,2,26,0,0,0,0,0,0,9014,10406,11427,11935,13084,14206,1700,1500,1000,1500,1500,1500,0
156,140000,1,1,1,34,0,0,0,0,0,0,23944,28049,32073,43129,47086,48699,5000,5000,11885,5000,3000,5504,0
157,200000,2,1,2,37,0,0,0,0,0,0,105420,102870,89643,90938,92505,94031,4000,3250,3250,3500,3560,5000,0
158,200000,2,3,2,30,0,0,0,0,0,0,196031,196143,189524,167163,146975,122324,7300,7108,7680,6200,5000,4500,0
159,210000,1,3,1,45,2,3,4,4,5,6,115785,122904,129847,137277,145533,154105,10478,10478,11078,11078,11678,10478,1
160,50000,1,3,1,57,3,2,0,0,0,0,12854,12362,13447,13427,13711,14083,0,1600,500,500,600,600,0
161,30000,1,1,2,41,2,2,2,2,2,0,24357,27453,26718,28168,27579,28321,3500,0,2200,0,1200,1250,0
162,50000,1,2,2,27,2,0,0,0,0,2,390,390,780,216,1080,540,390,780,216,864,0,390,0
163,290000,1,3,1,47,0,0,0,0,0,0,1234,396,396,792,396,423,396,396,792,0,423,369,0
164,250000,2,1,1,34,0,0,2,0,0,0,141223,156858,151841,152803,155997,160220,17994,0,5469,5656,6811,3920,0
165,60000,2,2,1,46,0,0,0,0,0,0,21148,23803,24908,26034,26655,27756,3000,1500,1500,1000,1500,1500,0
166,110000,2,1,2,27,0,0,0,0,0,0,101640,104795,104855,74737,76058,77254,5500,3900,3000,2900,3000,2800,0
167,370000,1,1,2,50,0,0,0,0,0,0,6093,15130,8204,15398,4792,13453,15383,8204,15413,4792,13453,4699,0
168,100000,1,2,1,27,0,2,2,0,0,0,102349,96847,58824,29336,22979,-246,3166,0,1330,1398,12,50000,0
169,90000,2,2,1,35,0,0,0,0,0,2,72112,73854,75526,77317,85852,88290,3500,3500,3652,10000,4000,0,0
170,50000,2,2,2,22,0,0,0,0,0,0,28040,29092,29366,27737,28318,28806,1510,1442,982,1017,1277,567,0
171,270000,1,2,2,37,0,0,0,0,0,0,37695,33397,30534,27598,26344,24641,5000,2000,3000,4000,3000,2000,0
172,300000,2,1,2,30,0,0,0,0,0,0,688,3280,0,4340,2672,800,3288,0,4340,2672,800,746,0
173,50000,2,2,2,22,0,0,0,0,0,0,8567,15273,11650,7457,3115,7725,15000,1000,149,0,5000,10000,0
174,50000,2,1,2,24,1,0,0,0,0,0,-709,-709,-709,-2898,-3272,-3272,0,0,0,0,0,0,1
175,360000,1,1,2,29,1,0,0,0,0,0,0,0,77,0,0,0,0,77,0,0,0,0,0
176,130000,1,3,1,56,1,2,2,2,2,3,64617,65978,67282,68557,72796,71345,3000,3000,3000,5500,0,0,1
177,80000,1,1,2,30,0,0,0,0,0,0,6187,100,600,1438,1919,5380,504,500,1000,500,3500,0,0
178,50000,1,2,2,30,1,2,0,0,0,2,48860,47801,48363,30221,22877,22361,0,1500,1000,2000,0,2000,0
179,20000,2,2,2,22,0,0,0,0,0,0,16001,12622,13221,13130,14034,14906,1212,1201,500,1500,1500,1000,0
180,80000,2,2,1,29,0,0,2,0,0,0,77883,81811,80250,61467,10662,11486,5800,1000,600,400,1000,0,0
181,240000,1,1,2,37,0,0,2,0,0,0,12212,26578,25331,26605,26279,1256,15000,0,2000,0,1256,65935,0
182,80000,2,3,2,35,0,0,0,0,0,0,49608,12412,14873,17364,17770,17460,12500,6500,3000,2000,3000,2000,0
183,500000,2,1,1,47,0,0,0,0,0,0,56422,110616,110340,122967,108834,70064,70010,30357,30000,20000,52183,20000,0
184,60000,2,2,1,24,0,0,0,0,0,0,58024,57891,48839,18971,19323,19395,2500,1600,3000,1000,737,2000,1
185,20000,1,2,2,25,0,0,0,0,0,0,10642,11677,13070,12280,1615,1620,1200,1593,601,135,1824,0,0
186,100000,2,2,1,38,1,2,0,0,2,0,14483,13961,15323,16268,15868,16448,0,1600,1500,0,1000,1500,1
187,360000,2,1,2,32,1,0,0,0,0,0,2616,57077,5287,68445,13881,16240,57087,5295,68454,13889,16250,38313,0
188,200000,2,3,2,47,2,2,2,2,2,2,199436,202947,193936,196186,200162,189915,8214,7000,6800,7134,0,6836,1
189,130000,2,2,1,34,1,0,0,0,0,0,0,5396,10270,13576,13864,14636,5396,5000,3500,501,1000,2000,0
190,20000,2,2,2,31,1,5,4,4,3,2,21703,21087,21461,20835,20219,20487,0,1000,0,0,760,0,0
191,310000,1,1,2,32,0,0,0,0,0,0,59901,62147,62102,65875,60387,43328,10020,6031,10057,5028,5060,4223,0
192,60000,2,1,2,27,2,0,0,0,2,0,19625,20347,21669,23005,22499,22873,1342,1664,2000,0,900,846,1
193,180000,2,1,2,29,0,0,0,0,0,0,11386,199,0,0,17227,17042,199,0,0,17227,341,5114,0
194,180000,2,1,2,24,0,0,2,0,0,0,14670,22087,21282,10200,0,0,37867,0,200,0,0,0,0
195,50000,1,2,1,36,0,0,0,0,0,0,47790,18114,18250,-14,72,658,2000,1000,2000,500,1000,20011,0
196,50000,2,1,2,24,1,2,2,2,2,2,36166,37188,37680,38462,39228,40035,1900,1400,1700,1532,1600,0,1
197,150000,2,2,1,34,0,0,0,0,0,0,0,0,0,116,0,1500,0,0,116,0,1500,0,0
198,20000,2,1,2,22,0,0,0,0,0,0,18553,19446,19065,8332,18868,19247,1500,1032,541,20000,693,1000,0
199,500000,2,1,1,34,0,0,0,0,0,0,412,138,2299,1251,1206,1151,138,2299,1251,1206,1151,15816,0
200,30000,2,3,2,22,1,2,2,0,0,0,29010,29256,28122,29836,1630,0,1000,85,1714,104,0,0,1
201,180000,2,1,1,38,0,0,0,0,0,0,750,0,0,0,0,0,0,0,0,0,0,0,0
202,140000,1,1,2,31,0,0,2,0,0,2,27123,27299,17985,20225,27407,10833,25000,0,3000,7800,0,2500,0
203,140000,2,1,2,26,0,0,0,0,0,0,13424,18000,13001,5818,13506,487,10000,13001,5841,13506,487,7004,0
204,120000,1,2,2,26,0,0,0,0,0,0,107314,110578,113736,116000,119131,122135,5000,5000,4152,5000,5000,5000,0
205,360000,2,2,1,48,0,0,0,0,0,0,226430,231878,234192,190211,173557,146511,9100,7300,5800,5600,5600,4100,0
206,20000,1,3,1,43,0,0,0,0,0,0,227,20351,20237,19339,19450,19337,22359,1305,1258,1459,3457,1700,0
207,100000,1,1,1,47,0,0,0,0,0,0,390,1473,390,390,390,0,1473,390,390,390,0,2380,0
208,210000,2,2,1,41,0,0,0,0,0,0,3088,1586,343,3763,877,0,1586,343,3763,877,0,419,1
209,80000,2,2,2,24,0,0,0,0,0,0,81625,81554,79599,49552,49509,49568,3200,3000,2038,2000,1800,1800,1
210,330000,2,1,1,50,0,0,0,0,0,0,8872,4337,2854,1690,0,1709,4345,2854,1702,0,1709,258,0
211,220000,1,1,2,24,0,0,0,0,0,0,105607,108917,111520,8303,0,85632,5000,5050,8303,0,85632,0,0
212,210000,2,1,1,38,1,0,0,0,0,0,0,0,250,123,789,1222,0,250,0,789,1222,9616,1
213,40000,2,3,1,43,0,0,0,0,0,0,38257,38901,38103,36207,33138,31339,1700,1504,1200,1500,1500,1000,0
214,30000,1,2,2,39,0,0,0,2,0,0,28347,28108,18388,12992,7736,8032,3036,2309,0,1000,2000,148,0
215,470000,1,2,2,27,2,2,2,2,0,0,296573,303320,307843,479978,305145,309959,13000,11001,0,10484,10838,10367,0
216,30000,1,3,1,42,0,0,0,0,0,2,390,390,390,240,1320,780,390,390,240,1470,0,0,0
217,240000,2,2,1,36,1,0,0,0,0,0,-946,-946,-946,-946,-946,-946,0,0,0,0,0,0,1
218,80000,1,2,2,36,2,0,0,0,0,0,79278,78501,78534,80016,76235,78245,3100,3500,3400,3000,3500,3000,0
219,110000,2,3,0,31,0,0,0,0,0,0,89989,84229,79288,73315,63818,63208,4000,5000,3000,3000,3000,8954,0
220,310000,2,1,2,38,0,0,0,0,0,0,1424,4542,126,0,0,0,4542,126,0,0,0,0,0
221,360000,2,1,1,40,2,2,2,0,0,0,105167,115468,112157,114690,117845,120238,12000,0,5900,5000,4500,4700,1
222,330000,2,3,2,45,0,0,0,0,0,0,335196,334954,335527,333860,335760,330121,12388,12378,12116,12450,12213,11678,0
223,300000,2,2,2,35,0,0,0,0,0,0,291619,297268,205629,215827,208464,212508,12019,9006,17000,12000,9557,15000,0
224,320000,2,2,2,33,0,0,0,0,0,0,91653,94037,108597,65913,43805,33263,10042,18832,2117,2076,5045,3754,0
225,50000,2,3,2,37,1,3,2,0,0,0,52626,51537,49205,30394,30249,29957,0,24,1500,1000,1201,30592,1
226,170000,2,1,2,28,0,0,0,0,0,0,130370,131199,128900,125514,127280,128839,6530,4860,22500,4820,4877,4962,0
227,350000,1,3,1,44,0,0,0,0,0,0,3265,2686,1864,569,0,0,2686,1864,569,0,0,0,0
228,20000,1,2,1,37,0,0,0,0,0,0,16455,16511,18902,18768,18650,19175,1609,3000,663,676,834,782,0
229,50000,1,2,2,23,2,0,0,0,0,0,49758,48456,44116,21247,20066,18858,2401,2254,2004,704,707,1004,1
230,20000,2,3,2,24,1,2,0,0,0,0,19154,18165,17233,7630,1730,0,0,1333,500,100,0,3200,0
231,50000,2,1,2,24,0,0,0,0,0,0,35084,35796,30937,19420,10385,1308,2090,2002,1002,238,1011,389,0
232,20000,1,2,2,23,1,2,0,0,2,0,20235,17132,16856,16875,13454,10104,0,1200,1000,0,1000,10000,1
233,50000,1,2,1,26,0,0,0,0,0,0,102800,0,0,2624,45567,46557,0,0,2624,45567,1747,2000,0
234,190000,1,2,2,34,2,0,0,0,2,2,129801,131383,134379,142323,140120,150052,5000,5000,10000,0,12118,2769,1
235,60000,2,2,1,33,0,0,0,0,0,0,58203,36367,20934,20694,20175,19421,1506,1298,1000,721,811,599,0
236,80000,1,1,2,35,0,0,0,0,0,0,7988,3977,6848,1719,1378,19942,3983,6853,1719,1378,19942,2418,0
237,150000,2,2,2,27,0,0,0,0,0,0,127402,110050,51547,44384,36900,29497,4500,1745,1566,1208,1077,2529,0
238,210000,2,1,2,31,0,0,0,0,0,0,1440,0,7422,893,6082,2293,0,7422,893,6082,2293,3299,0
239,240000,2,3,1,50,0,0,0,0,0,0,234205,231669,214642,207642,210375,214694,10116,9150,8008,8000,8009,7714,1
240,140000,2,2,3,41,0,0,0,0,0,0,19346,21708,22940,19068,16409,16383,3000,2000,2198,1000,3000,2399,1
241,60000,2,1,2,28,1,2,2,0,0,0,21501,20650,0,0,0,2285,0,0,0,0,2285,0,0
242,50000,1,1,2,39,0,0,0,0,0,0,47174,47974,48630,50803,30789,15874,1800,2000,3000,2000,2000,2000,0
243,50000,2,2,2,27,0,0,0,0,0,0,26655,27724,28676,27990,28790,29399,1800,1750,900,1200,1200,1100,0
244,180000,2,1,2,32,0,0,2,2,0,0,3139,5853,2821,0,2821,0,2821,0,0,2821,0,176,0
245,30000,2,1,2,40,0,0,2,2,2,2,142,215,139,19,19,79,355,120,0,0,60,60,0
246,20000,2,2,2,40,0,0,0,0,0,0,19816,20396,20102,19575,0,0,1601,2203,2114,0,0,0,0
247,250000,2,2,1,75,0,0,0,0,0,0,52874,1631,1536,1010,5572,794,1631,1536,1010,5572,794,1184,0
248,100000,2,2,2,27,0,0,0,0,0,0,37767,34457,30036,30337,30997,32904,1788,1799,1100,1150,2423,0,0
249,330000,1,1,2,25,0,0,0,0,2,0,46140,45781,48139,51137,39450,25358,2504,4007,5056,74,1023,2566,0
250,50000,1,3,1,46,0,0,0,0,0,0,35713,15392,16099,16418,16765,17484,1561,1268,587,611,1000,2000,0
251,50000,2,2,2,26,1,2,2,0,0,0,50867,51486,48869,30115,29527,29998,1710,136,1206,2002,2005,3003,0
252,30000,1,2,2,28,0,0,0,0,0,0,29242,29507,29155,25255,22001,0,5006,1244,851,955,0,0,0
253,140000,2,2,2,26,0,0,0,0,0,0,101551,105246,104781,105334,107699,106828,5366,5087,3605,3894,3785,3304,1
254,160000,2,1,2,28,0,0,0,0,0,0,70243,47779,28052,7222,99669,84426,7042,2000,1000,99669,12600,10000,0
255,400000,2,2,2,29,0,0,0,0,0,0,19532,3719,1453,4944,1896,2486,3127,1469,4968,1905,2494,862,0
256,50000,1,2,1,25,0,0,0,0,0,0,27699,28513,29341,29928,29533,28538,1565,1393,980,994,1024,886,0
257,140000,2,2,1,48,0,0,0,0,0,0,1154,1233,862,1355,1130,21361,1233,1075,1355,1130,21361,1347,0
258,160000,2,2,1,33,0,0,0,0,0,0,8015,2453,9624,52572,7333,2210,2453,9880,52572,1546,2210,0,0
259,100000,2,3,1,43,0,0,0,0,0,0,62170,0,0,0,0,0,0,0,0,0,0,0,0
260,220000,1,1,1,48,2,0,0,0,0,0,210380,213522,201852,169115,172169,162402,10000,9020,6000,5500,6000,5500,1
261,510000,2,1,2,29,0,0,0,0,0,0,78331,99414,107686,103776,87265,36739,40010,20094,5000,5001,25365,65000,0
262,50000,1,2,2,29,0,0,0,0,0,0,49276,35100,32563,27823,29130,28309,1602,1400,3000,3130,1062,6318,0
263,160000,2,1,1,38,0,0,0,0,2,0,4473,4664,5969,18941,16578,12652,4664,5969,18941,0,12652,1916,0
264,230000,2,1,2,37,0,0,0,0,0,0,2283,50815,0,0,299,338,51315,0,0,299,338,0,0
265,80000,2,1,2,37,0,0,0,0,0,0,10115,249,5986,188,1644,16872,258,5995,188,1644,16872,4000,0
266,150000,2,2,1,25,0,0,0,0,0,0,6156,0,0,316,316,316,0,0,316,316,316,316,0
267,10000,1,3,2,23,0,0,0,0,0,2,6974,7838,9002,9182,9729,9411,1134,1298,478,847,0,175,0
268,130000,2,3,2,49,0,0,0,0,0,0,89003,91362,72197,49654,28065,27500,4100,3095,1630,561,600,0,1
269,40000,2,1,2,48,0,0,0,0,0,0,34871,34449,33634,34586,34762,35673,1600,1600,1500,1500,1500,1500,0
270,50000,1,2,2,27,3,2,2,0,0,0,13694,14880,14242,13968,14319,2614,1700,0,426,501,2614,1390,1
271,100000,1,3,2,32,0,0,0,0,0,0,70003,31545,20974,19713,19848,18126,2035,2004,616,2007,1009,2015,0
272,120000,1,1,1,34,0,2,0,0,0,0,1082,632,1350,900,450,0,0,1350,0,0,0,450,0
273,260000,2,1,2,58,1,0,0,0,0,0,0,0,0,0,0,0,0,0,0,0,0,0,1
274,200000,2,2,2,33,0,0,0,0,0,0,11253,12852,14024,14512,16325,11905,2000,1322,2000,2000,1200,3000,0
275,360000,2,2,2,28,0,0,0,0,0,0,0,0,0,0,0,0,0,0,0,0,0,0,1
276,70000,2,2,2,36,0,0,0,0,0,0,68699,69120,68376,30163,14310,15085,4483,12496,3268,3000,3000,2000,0
277,460000,1,1,1,40,2,0,0,0,0,0,171,2715,-13,2641,-10,22535,2728,0,2654,0,22545,0,1
278,50000,2,1,2,26,0,0,0,0,0,0,1156,316,316,316,316,316,316,316,316,316,316,316,0
279,50000,1,3,1,33,0,0,0,0,0,0,50859,50462,50654,20046,20067,19703,2007,2199,691,707,703,697,0
280,250000,2,2,1,31,0,0,0,0,0,0,103109,102594,97109,99029,100871,101299,4000,4500,5000,4000,5000,4400,0
281,30000,2,1,2,27,0,0,0,0,0,0,1512,2458,664,1814,0,0,1000,664,1500,0,0,0,0
282,270000,1,2,1,44,0,0,0,0,0,0,127543,109189,92630,69669,44149,43414,10063,5162,10150,44299,43509,31031,0
283,180000,2,3,2,30,0,0,0,0,0,0,163935,153152,147032,122196,103692,70204,7722,6091,3563,3605,3000,3211,0
284,100000,2,1,2,28,0,0,0,0,0,0,53494,52656,52600,52336,55831,56265,4173,3000,2025,5000,3000,3000,0
285,230000,2,3,1,32,0,0,0,0,0,0,195126,88743,92195,94814,98182,98457,5000,5000,5000,5000,4000,5000,0
286,210000,2,1,1,46,0,0,0,0,0,0,110346,41986,21874,20076,16171,586,41986,21874,20076,16171,586,19777,0
287,210000,1,1,2,38,2,0,0,0,0,0,60502,62804,62769,62683,63663,46549,3276,2026,2000,2000,2000,2502,0
288,440000,2,2,1,46,0,0,0,0,0,0,180641,181557,149944,113135,105280,97622,8610,6907,3727,3800,4001,2701,0
289,100000,2,2,2,25,2,0,0,0,0,0,70896,71678,70125,69856,69718,51365,3472,2092,2000,2127,1960,1559,1
290,240000,2,2,1,46,0,0,0,0,0,0,8751,9900,10605,10765,11765,4311,1295,1000,1000,1000,1000,1000,0
291,280000,1,1,2,33,0,0,0,0,0,0,898,898,325,898,325,-339603,898,325,898,325,0,345293,1
292,50000,2,2,2,22,1,0,0,0,0,0,0,0,0,0,0,0,0,0,0,0,0,0,1
293,30000,1,2,1,43,3,2,2,2,2,2,1700,2610,1914,2182,2000,2566,1100,0,300,0,600,0,0
294,10000,1,2,2,27,0,0,2,0,0,0,7015,10227,9560,9901,9963,10182,3507,0,500,370,393,700,1
295,130000,1,1,2,29,1,0,0,0,0,0,0,0,0,0,0,0,0,0,0,0,0,1500,0
296,200000,1,1,2,31,0,0,0,0,0,0,194353,197344,186292,133345,133634,133990,9000,7465,4715,4804,5141,5300,0
297,120000,2,2,1,29,0,0,0,0,0,0,1686,657,2179,1423,0,1820,657,2319,1423,0,1820,2496,0
298,210000,2,2,1,36,0,0,0,0,0,0,143225,142996,144415,148190,147993,131629,6483,5082,6000,5900,4544,4700,0
299,280000,2,1,1,36,0,0,0,0,0,0,58983,60788,63225,29701,30172,30771,2755,3463,1300,1100,1100,2000,0
300,300000,1,1,2,34,1,0,0,0,0,0,0,0,13001,12601,19595,203,0,13001,0,19595,203,0,1
301,100000,1,2,2,37,0,0,0,0,0,0,99209,98222,67185,66926,66796,64513,3490,2332,2314,2365,2497,2305,0
302,440000,2,1,2,36,0,0,0,0,0,0,0,0,0,0,0,0,0,0,0,0,162000,0,0
303,50000,2,3,1,40,0,0,0,0,0,0,49941,51213,12104,12898,13687,14458,2400,1206,1000,1000,1000,1000,0
304,20000,2,1,2,25,0,0,2,0,0,0,11968,14564,27820,15824,15761,12510,2800,0,4000,1700,1000,2000,1
305,200000,2,1,2,27,0,0,0,0,0,0,871,665,960,4242,4084,7414,665,960,3908,1014,3500,2880,0
306,110000,2,2,2,26,0,0,0,0,0,0,432,3220,5704,1256,1848,400,3220,5904,0,3000,0,0,0
307,500000,2,2,1,36,0,0,0,0,0,0,10483,23956,0,8500,4590,0,23962,0,8500,4590,0,0,0
308,300000,2,2,1,27,1,0,0,0,0,0,0,5215,0,0,0,0,5215,0,0,0,0,0,0
309,30000,1,3,1,55,2,2,2,3,3,4,9720,10613,11339,12841,13836,14514,1200,1200,2000,1500,1500,1500,1
310,60000,2,1,2,27,0,0,0,0,0,0,20847,13801,14366,4889,273,11736,13809,14583,4889,273,13557,0,0
311,400000,2,2,1,38,0,0,0,0,0,0,3697,3600,1354,5322,5103,2077,1000,1354,5322,6,2386,9085,0
312,180000,2,2,1,34,0,0,0,0,0,0,143301,146333,147042,127814,130331,132845,7000,5000,5000,4900,5000,5100,0
313,20000,1,1,2,40,0,0,0,2,0,0,10934,13738,16567,10411,13057,14340,3000,3100,0,3000,1500,0,0
314,200000,2,3,1,49,0,2,2,2,0,0,52439,51040,56205,54723,58657,59983,0,6000,0,5000,2286,3000,1
315,100000,1,1,2,27,0,0,0,0,0,0,55734,52557,33415,28776,17580,6441,1631,1286,200,645,909,200,0
316,60000,1,2,2,23,0,0,0,0,0,0,49507,33282,34312,17277,17808,19346,1970,2000,618,809,2000,616,1
317,110000,2,2,2,36,0,0,0,0,0,0,47819,48947,50330,50894,52175,53652,2200,2500,2000,2100,2500,2200,0
318,260000,2,3,1,53,1,0,0,0,0,0,0,165,526,452,397,485,165,526,452,397,485,459,0
319,50000,2,3,1,46,3,2,2,0,0,0,48522,50955,29516,29742,29898,24883,3754,1,1070,1030,863,654,0
320,180000,1,2,2,29,1,0,0,0,0,0,-2,-2,-2,-2,-2,-2,0,0,0,0,0,0,0
321,110000,1,2,2,29,1,2,2,0,0,0,58362,56598,51908,48647,47862,47969,2500,0,2000,2000,1854,2000,1
322,340000,2,1,2,27,0,0,0,0,0,0,172180,180140,166281,155628,145645,103263,21105,5461,5000,5849,2732,50000,0
323,50000,1,2,2,24,0,0,0,0,0,0,1399,2441,3865,7476,8384,8085,1070,1500,3666,2477,1306,1000,0
324,230000,2,2,1,28,0,0,0,0,0,0,26361,18826,1100,2100,767,6173,1710,1100,1000,767,6173,1000,1
325,360000,2,2,2,32,0,0,0,0,0,0,93029,94054,91834,95631,100123,100738,10000,7000,10000,10000,10000,10000,0
326,210000,1,2,2,43,1,0,0,0,0,0,0,0,38013,40555,45075,37056,0,38013,3000,5000,3000,3000,0
327,220000,2,2,1,41,0,2,2,0,2,0,650,650,325,950,475,325,325,0,950,0,325,325,1
328,60000,2,2,1,34,2,2,2,2,2,0,24898,27976,27233,30184,29566,30225,3800,0,3720,0,1300,1291,1
329,340000,1,2,1,55,0,0,0,0,0,0,50396,44665,8300,2190,24599,7416,44665,8321,2190,24599,7416,77195,0
330,150000,1,1,1,40,2,2,2,2,2,2,99855,102586,100064,104975,107147,109428,5200,0,8100,4000,4200,4200,0
331,200000,2,2,1,37,1,0,2,0,0,0,-179,505,189,6773,23209,16893,1000,0,6900,24000,17000,2500,1
332,130000,2,2,2,40,0,0,2,0,0,0,9559,12394,11883,9826,10167,12685,3000,0,500,500,2700,500,1
333,60000,2,1,2,28,1,2,0,0,0,0,10540,10232,11237,11427,20973,31857,0,1483,673,10000,11540,7000,0
334,400000,2,2,1,43,1,0,0,0,0,0,0,0,0,0,1600,78388,0,0,0,1600,78388,0,0
335,20000,1,1,2,27,0,0,0,0,0,0,20571,19089,19658,19453,19108,18868,1323,1600,830,700,674,376,0
336,190000,2,1,2,28,0,0,0,0,0,0,143464,146943,151905,153538,156664,160361,5795,7408,5645,5753,6370,5865,0
337,260000,2,1,2,30,0,0,0,0,0,0,156882,160246,159988,158114,158762,159108,10000,8000,6000,7000,7000,6000,0
338,140000,2,2,2,31,0,0,0,0,0,0,390,0,0,0,0,0,0,0,0,0,0,0,0
339,50000,2,2,1,31,0,0,0,0,0,0,46512,47716,49675,30929,30078,29170,1974,4406,1061,1073,1046,1047,1
340,120000,2,1,2,34,0,0,0,0,0,0,882,6531,6313,1100,1330,830,6900,5037,1100,1330,3800,2037,0
341,240000,2,2,2,30,0,0,0,0,0,0,92,92,92,0,92,0,92,92,0,92,0,1883,0
342,50000,1,2,2,36,0,0,0,0,0,0,5916,6172,4123,680,978,978,1212,1200,0,978,0,0,0
343,200000,2,1,2,29,0,2,0,0,0,2,2393,183,4847,20183,24815,24248,0,4872,20183,5000,0,1000,0
344,180000,1,1,1,39,0,0,0,0,0,0,274731,281713,242063,122295,-1005,1005,11000,145000,26000,0,101005,1898,0
345,180000,2,1,2,26,0,0,0,0,0,0,145403,138232,130553,105894,108248,106517,5440,5051,3835,4106,4250,4028,0
346,160000,2,1,2,29,0,0,0,0,0,0,3097,-707,-2697,2303,6182,1654,0,0,5000,5000,1500,13000,0
347,100000,2,2,2,26,0,0,0,0,0,0,1370,4192,4159,3542,1980,3980,4210,4159,1000,1080,2000,1525,0
348,50000,2,2,2,29,0,0,0,0,0,0,47081,49316,50409,45545,39963,41145,3000,2000,2000,2000,2000,2000,1
349,140000,2,2,2,31,0,0,0,0,0,0,138119,137950,140254,139679,141748,142174,6600,6500,5100,5300,6000,5000,0
350,30000,2,2,2,26,0,0,0,0,0,0,17893,19012,20123,20222,20796,19844,1411,1522,621,795,715,1000,1
351,90000,1,1,2,26,0,0,0,0,0,0,39128,20473,1940,1940,0,23101,1541,4200,0,0,23101,3000,0
352,200000,1,1,1,36,1,0,0,0,0,0,-14386,-13543,3432,-3684,0,1386,10118,47015,0,4000,100000,10000,0
353,380000,1,1,2,30,1,0,0,0,0,0,0,0,0,0,0,0,0,0,0,0,0,0,1
354,80000,2,2,2,43,0,0,0,0,0,0,77057,78102,58501,51042,19036,19414,3177,2600,3000,1691,695,882,0
355,50000,1,3,1,58,2,2,2,0,0,2,15899,18720,18122,18530,19089,18856,3400,0,1000,1001,634,638,0
356,180000,1,2,1,45,0,0,0,0,0,0,27679,28422,29650,29981,30419,31127,1481,2000,1100,1200,1500,1500,1
357,240000,2,2,2,26,0,0,0,0,0,0,141315,128940,124226,113133,113966,103360,6349,5834,3870,4000,3825,3520,0
358,380000,1,2,2,34,0,0,0,0,0,0,194314,179206,193992,174675,171253,169121,9010,35000,5000,6000,5000,4400,0
359,110000,2,4,2,24,0,0,0,0,0,0,83755,77431,79044,80631,82333,84462,3000,2900,2900,3000,3500,4000,0
360,260000,1,1,1,34,0,0,0,0,0,0,49657,291,51058,2351,34039,291,291,51058,35696,34039,291,291,0
361,500000,2,2,2,23,4,3,2,0,0,0,507726,509229,499936,505507,484612,419643,10000,0,14000,16500,16000,19000,1
362,320000,2,2,2,30,0,0,0,0,0,0,71305,71151,72029,72849,74374,74610,2589,2568,2570,2661,2781,2500,0
363,50000,1,2,2,32,4,3,2,0,0,0,45734,44741,43562,44039,45008,25775,0,0,1262,1358,1275,1590,0
364,110000,1,1,1,40,1,0,0,0,0,0,0,0,2066,2000,216,216,0,2066,0,216,216,66,1
365,230000,2,1,2,35,0,0,0,0,0,0,761,300,399,665,576,613,300,399,665,576,613,520,0
366,330000,2,2,1,56,1,0,0,0,0,0,-9,1520,1488,0,3965,8676,1529,1507,0,3965,8676,384,0
367,50000,2,2,1,61,0,0,0,0,0,0,47166,49396,50476,23319,23171,24774,3000,2237,975,1000,2000,1039,0
368,10000,1,2,2,24,0,2,2,2,0,0,2887,1923,2989,2813,2008,2132,0,1500,0,0,150,0,0
369,300000,1,1,1,40,1,0,0,0,0,0,0,0,0,0,0,0,0,0,0,0,0,0,0
370,20000,2,2,1,32,3,2,0,0,0,0,20631,20010,19703,11084,10918,10985,0,1168,384,390,632,616,1
371,180000,1,2,1,36,2,2,0,0,0,0,83538,0,0,0,0,0,0,0,0,0,0,0,1
372,160000,1,1,2,30,0,0,0,0,0,0,99,2977,15086,8578,13028,21712,2977,15086,9123,13028,29712,50000,0
373,90000,2,1,2,34,0,0,0,2,2,2,34302,35089,43449,42451,49718,48767,1640,9000,0,8000,0,2000,0
374,30000,1,3,3,54,0,0,0,0,0,0,22987,22298,22352,23221,24339,25943,2500,2000,1500,4000,2000,0,0
375,180000,1,1,1,46,0,0,0,0,0,0,173267,174590,175233,106288,28089,178719,8100,5299,3305,5040,160719,7000,0
376,30000,1,3,1,58,0,0,0,0,0,0,19143,20168,21229,21495,21800,22437,1640,1700,915,800,1000,1961,0
377,30000,1,2,1,43,1,2,0,0,0,2,20518,19901,20905,21509,25183,24242,0,1342,946,4200,0,1000,0
378,140000,2,1,2,28,0,0,0,0,0,0,10833,14446,7609,4991,3400,3745,14000,3855,4991,3600,5500,4000,0
379,210000,1,1,2,30,0,0,0,0,0,0,69937,71906,43308,44584,47842,49888,3500,3000,2000,4000,3000,10000,0
380,50000,1,2,2,31,0,0,0,0,0,0,20526,15129,15093,9577,11139,12487,2000,3000,327,3000,3000,5000,1
381,130000,2,2,2,29,0,0,0,0,0,0,89055,90780,70947,72367,73875,75355,4200,2575,2600,2674,2701,5750,0
382,50000,2,2,1,37,2,2,2,0,0,0,1894,3200,3381,3559,1948,2415,1500,400,200,500,500,400,1
383,140000,1,3,1,36,0,0,0,0,0,0,100594,78372,91502,90859,88616,88450,3000,30000,4000,4000,3400,3300,0
384,170000,2,2,2,28,0,0,0,2,0,0,2948,3848,5646,5464,5577,5889,1105,1903,0,296,500,95,1
385,80000,1,2,2,25,0,0,0,0,0,0,22619,31429,27923,25280,0,0,10010,1209,579,0,0,6305,0
386,410000,2,5,1,42,0,0,0,0,0,0,338106,342904,344464,240865,234939,240176,15000,14000,9000,8500,9000,8300,0
387,80000,2,1,2,29,1,0,0,0,0,0,0,80000,0,0,0,0,80000,0,0,0,0,0,0
388,80000,1,3,1,73,0,0,0,2,2,2,63144,65631,68875,70646,72870,75018,3500,4330,3500,3500,3500,5100,1
389,150000,1,2,1,43,0,0,0,0,0,0,153249,154049,156523,159653,162866,157759,7900,6500,5700,5700,5700,5334,0
390,260000,1,1,1,30,0,0,0,0,0,0,1131,291,582,291,0,291,291,582,0,0,130291,651,1
391,350000,1,1,1,38,1,0,0,0,0,0,0,0,0,0,0,0,0,0,0,0,0,0,0
392,280000,2,2,1,39,1,0,0,0,0,0,-1312,35918,37297,37154,32581,33316,38621,2000,1130,922,1011,5000,1
393,310000,1,2,1,44,0,0,0,0,0,0,103797,91989,87720,76218,72090,71620,4400,4013,3011,3000,3001,2653,0
394,140000,2,2,2,29,0,0,0,0,0,0,20110,17102,18862,19996,21214,21085,3000,3000,3000,3500,2000,2000,0
395,360000,1,1,1,51,0,0,0,0,0,0,38000,25000,0,0,0,0,25000,0,0,0,0,0,0
396,140000,2,1,2,27,0,0,0,0,0,0,142428,144105,143952,142590,142650,142620,10000,10000,6000,6000,6000,5600,0
397,100000,1,1,2,38,0,0,0,0,0,0,40810,42653,42351,43011,43011,28947,2502,1200,860,0,579,0,0
398,50000,2,2,2,22,0,0,0,0,0,0,0,0,0,848,0,632,0,0,848,0,632,0,0
399,210000,2,2,1,30,0,0,0,0,0,0,104701,106134,108423,91143,82733,74125,4002,5000,3500,3000,2700,5000,0
400,120000,2,2,2,25,2,2,2,2,2,2,120298,120822,109887,116313,119311,117167,4007,0,8272,5000,0,4400,0
401,240000,1,1,2,29,0,0,0,0,0,0,156362,132280,99174,65372,28797,184922,5233,3289,2072,3018,184922,6100,0
402,60000,2,3,3,42,0,0,0,0,0,0,41322,29091,28097,28665,28768,29064,1488,1394,962,1500,2541,2000,0
403,150000,1,1,2,41,0,0,0,0,0,2,1464,2084,384,0,2344,822,2091,384,0,2344,0,472,1
404,30000,1,2,1,48,0,0,0,0,0,0,27879,28870,27806,25142,25667,26179,1774,1710,1046,1079,1089,2244,0
405,160000,2,1,2,29,2,2,2,2,2,2,160432,163916,159676,166893,170098,153800,7500,0,11558,5800,0,5654,1
406,200000,1,1,1,52,0,0,0,0,0,0,3858,2690,3410,0,0,82150,2690,3487,0,0,85900,396,0
407,120000,2,2,1,25,0,0,0,0,0,0,26476,21393,0,0,0,0,6000,0,0,0,0,0,0
408,500000,1,1,1,37,1,2,0,0,0,0,507062,491956,430637,376657,356636,303510,325,15296,12137,12312,14113,10526,0
409,320000,2,1,2,27,0,0,0,0,0,0,55607,62893,59001,61565,59508,66541,11404,8232,10450,9697,16477,11341,0
410,280000,1,1,2,31,0,0,0,0,0,0,168382,175646,180650,182672,168399,167983,10000,8000,6371,6217,5947,6288,0
411,60000,2,1,2,23,1,2,2,2,2,2,29332,28577,30805,31601,32349,32965,0,2709,1600,1400,1300,1200,1
412,200000,2,1,1,38,0,0,0,0,0,0,190,0,0,367,-150,-150,0,0,367,150,0,0,0
413,230000,2,1,1,32,1,0,0,0,0,0,0,0,2809,4595,792,3404,0,2809,4606,792,3404,0,0
414,230000,2,2,2,27,1,2,0,0,0,0,13668,12647,13135,10596,9218,5068,0,1064,423,313,1000,4641,1
415,480000,2,3,1,41,0,0,0,0,0,0,14867,26665,199960,9033,19371,22593,26734,199982,9033,19371,22593,2000,0
416,50000,2,3,1,35,0,0,0,0,0,0,22500,5000,0,0,0,0,5000,0,0,0,0,640,0
417,200000,2,1,2,31,0,0,0,0,0,0,7184,14845,1097,0,0,160,17507,1102,0,0,160,1103,0
418,50000,2,1,2,30,0,0,0,0,0,2,14811,16262,17286,17895,19450,18990,2000,1600,1200,2000,0,1000,0
419,50000,1,2,1,48,0,0,0,0,0,0,44338,43048,35639,18753,19091,19548,3629,3332,2000,2000,2000,2500,0
420,260000,2,1,2,36,1,0,0,0,0,0,0,0,0,0,0,0,0,0,0,0,0,0,1
421,30000,1,1,2,24,2,0,0,0,0,2,25265,26354,27710,27959,30002,29371,1500,1800,1007,2500,0,1800,0
422,440000,2,1,2,29,0,0,0,0,0,0,169661,167199,158520,156977,157963,151936,8071,9021,7013,6013,6028,6010,0
423,230000,2,2,2,38,0,0,0,0,0,0,10237,2795,1350,371,2980,0,2795,1350,371,2980,0,2213,0
424,200000,1,2,1,38,2,2,2,0,0,0,104978,105924,102663,97090,98045,105253,4500,0,3500,3500,9000,0,1
425,490000,2,2,1,30,0,0,0,0,0,0,192586,197967,201666,205798,196698,190306,10000,7143,7306,6303,6429,6000,0
426,80000,2,2,1,32,0,0,0,0,0,0,11262,0,0,0,0,0,0,0,0,0,0,0,0
427,20000,2,3,2,49,2,2,2,2,0,0,9551,12081,13087,12583,15327,16414,3000,1500,0,3123,1500,1000,1
428,170000,2,1,2,31,0,0,0,0,0,0,199,199,199,398,199,199,199,199,398,0,199,398,1
429,70000,1,1,2,27,0,0,0,0,0,0,70119,68536,66601,29401,28949,29795,3600,1646,600,28468,1327,1000,0
430,210000,2,2,2,33,0,0,0,0,0,0,212601,177946,119362,117766,68791,66167,6000,4500,5000,3000,3000,3000,0
431,90000,2,2,2,25,0,0,0,0,0,0,91894,71732,73241,74424,76070,77648,3200,3300,3000,3001,3000,3100,0
432,390000,2,1,2,27,0,0,0,0,0,0,304867,299998,300426,292869,292885,281826,13007,10612,10041,11000,10512,7000,1
433,110000,2,1,2,29,0,0,0,0,0,0,48123,49537,50422,50990,52014,53206,2500,2500,2000,2000,2057,2500,0
434,580000,2,1,1,36,0,0,0,0,0,0,159760,162189,166127,169365,168755,167964,6422,6565,5951,6006,5894,5946,0
435,360000,1,3,1,55,0,0,0,0,0,0,9210,8485,17231,1770,0,0,6015,17454,1775,0,0,0,0
436,270000,2,2,1,32,1,2,2,2,2,2,234752,233036,229286,217644,223690,221413,10000,8000,0,16000,8000,0,1
437,60000,2,1,2,27,0,0,0,0,2,0,14072,0,0,300,150,150,0,0,300,0,150,200,0
438,110000,1,3,1,37,0,0,0,0,0,0,61807,62499,62162,60605,60272,60145,2300,2200,2300,2200,2300,2300,0
439,50000,2,1,1,25,0,0,0,0,0,0,51044,50231,46677,44982,21399,20859,2500,3008,1000,761,800,704,0
440,80000,2,1,2,23,0,0,0,0,0,0,77024,73281,57806,37642,46235,47110,3212,1600,956,40000,1800,1700,1
441,50000,1,2,2,23,0,0,0,0,0,0,350,350,400,1695,12645,12584,350,400,1695,11300,485,2400,0
442,100000,1,1,2,32,0,0,0,0,2,2,83831,85586,87289,91451,93381,89522,4000,4037,6500,3500,0,3200,0
443,30000,2,1,2,26,1,0,0,0,0,0,0,0,945,0,197,2995,0,945,0,197,2995,0,0
444,200000,2,1,2,27,0,0,0,0,0,0,122923,124653,126355,114881,117213,124793,5704,5930,4000,4003,10033,4400,0
445,240000,1,1,2,44,0,0,0,0,0,0,246135,231443,234557,200643,194410,198857,12026,9010,7400,8000,8000,7000,1
446,220000,1,2,2,34,0,0,0,0,0,0,37304,33304,29254,24875,20329,15602,1600,1500,1100,1000,600,500,0
447,160000,2,1,2,28,0,0,0,0,0,0,146433,107604,89902,90983,82255,83988,4500,4400,3000,2400,2500,2500,0
448,180000,2,1,1,53,0,0,0,0,0,0,46122,1260,29366,5400,0,1599,1260,29366,54,0,1599,0,0
449,200000,1,4,1,42,0,0,0,0,0,0,38564,38246,32253,30384,30900,0,5000,1485,1956,1500,0,2102,0
450,140000,2,3,1,30,0,0,0,2,0,0,96304,98007,82227,65000,60848,58880,4505,12906,0,2210,2300,5200,0
451,380000,1,1,1,51,1,0,0,0,0,0,0,0,0,0,0,0,0,0,0,0,0,0,1
452,600000,1,1,1,53,2,2,0,0,0,0,467150,458862,469703,447130,440982,434715,0,18000,16000,16000,21000,20000,1
453,260000,1,2,2,37,0,0,0,0,0,0,255691,262736,36638,122388,127402,131074,14000,5022,130000,7000,6000,6000,0
454,200000,2,1,2,26,0,0,0,0,0,0,156786,179,1443,1443,1443,871,179,1443,1443,1443,871,2015,0
455,80000,1,2,2,42,0,0,0,0,0,0,78129,28202,78553,49340,48919,48443,2500,51432,1800,1800,1800,1700,0
456,40000,1,2,2,39,0,0,0,0,0,0,40034,36549,17431,15031,10600,5315,2027,1207,301,212,5315,4987,0
457,130000,1,3,2,39,1,2,2,2,2,2,71034,69329,74175,72383,77217,75820,0,6000,0,6000,0,6000,0
458,50000,1,1,2,32,0,0,0,0,0,0,23974,24131,25326,25775,0,0,1800,1900,1300,0,0,0,0
459,230000,2,2,1,41,0,0,0,0,0,0,819,18163,5473,8162,6985,9130,18163,5654,12887,6985,9130,6554,0
460,70000,1,2,1,48,0,0,0,0,0,0,50927,39883,32017,17630,9730,6400,2100,1217,500,0,6400,4590,1
461,180000,2,2,1,38,0,0,0,0,0,0,152510,151651,159019,123022,126075,126219,5657,10372,5000,5000,5000,5000,0
462,80000,2,2,1,36,0,0,0,0,0,0,1689,8638,5702,2980,1260,7868,8638,5723,2980,1260,7868,2198,0
463,290000,2,2,2,26,0,0,0,0,0,0,20807,99860,100000,3015,23473,1448,80000,3000,3015,23473,1148,4900,0
464,230000,2,1,2,28,0,0,0,0,0,0,30141,131255,110503,99283,97599,96116,120093,8034,3013,4010,5882,3000,0
465,170000,2,3,3,56,1,0,0,0,0,0,0,0,1991,0,0,150,0,1991,0,0,150,614,0
466,230000,1,1,1,59,0,0,0,0,0,0,208459,206331,203813,201331,198999,191671,7536,7277,7100,7120,6844,6945,1
467,220000,1,1,2,38,0,0,0,0,0,0,212795,211043,212759,218541,167743,165300,8909,7500,9000,6729,6000,7009,1
468,230000,1,2,2,32,0,0,0,0,0,0,28114,28006,25000,22046,19860,19831,1610,1224,655,627,620,500,0
469,500000,1,2,1,38,0,0,0,0,0,0,59372,49677,49515,42568,48268,51481,10026,7241,50091,25000,5078,2132,0
470,90000,2,1,1,41,0,0,0,0,0,0,6160,3274,6190,307,2870,670,3276,6246,307,2870,670,1362,0
471,390000,2,3,2,35,0,0,0,0,0,0,355215,363325,373181,252195,257496,263018,13802,16525,8893,9229,10000,9435,1
472,400000,2,2,2,41,0,0,0,0,0,0,366193,372700,375948,195991,152127,155182,14020,13595,6243,6007,6061,6012,0
473,180000,1,2,1,34,0,0,0,0,0,0,2927,2790,1140,2144,1180,1382,2790,1140,2144,1180,1382,2440,0
474,60000,1,3,1,38,1,2,2,0,0,2,29295,30321,31018,32193,34213,35002,1800,1500,2000,2700,1500,0,0
475,120000,2,2,1,32,0,0,0,0,0,0,4158,2682,0,6440,0,5930,2682,0,6440,0,5930,5120,0
476,60000,2,2,2,29,0,0,0,0,0,0,27199,28358,28937,29614,30391,23159,1900,1400,1000,1100,1000,420,0
477,50000,1,1,2,44,0,0,0,0,0,0,50893,28527,29241,28513,29106,29638,1800,1500,1200,1203,1166,1000,0
478,70000,2,2,1,37,0,0,0,2,0,0,66759,68200,72972,71248,50610,50809,2518,5950,0,1782,1985,2700,0
479,500000,2,1,1,38,0,2,0,0,0,0,600,300,501,300,600,450,0,501,300,600,300,600,0
480,200000,1,1,2,31,0,0,0,0,0,0,0,0,0,0,0,0,0,0,0,0,0,0,0
481,250000,2,2,1,40,0,0,0,0,0,2,44930,137101,90801,0,1069,919,120041,4435,0,1069,0,67619,0
482,140000,1,2,2,26,0,0,2,2,2,2,131367,146193,140202,144035,140419,130271,17000,0,11400,550,5300,5400,1
483,70000,2,2,2,28,0,0,0,0,0,2,41264,41799,37887,37876,6736,4162,2112,1200,758,6736,0,0,0
484,90000,1,3,1,48,1,2,2,2,2,2,77604,73317,71334,67009,63228,59378,1700,4000,1600,1600,1500,4086,0
485,100000,2,2,1,43,0,0,0,0,0,0,2491,1709,574,556,2306,2562,1709,574,556,2306,2562,2111,0
486,190000,1,2,1,31,0,0,0,0,0,0,177554,180633,172914,130139,115494,117465,7600,6303,4137,3502,4027,3517,0
487,230000,2,1,1,42,0,0,0,0,0,0,6865,15111,13165,0,10500,6992,15111,13165,0,10500,6992,0,0
488,320000,1,2,1,39,0,0,0,0,0,0,93768,91523,91579,91193,92837,95323,3317,3506,4218,5000,6080,938,0
489,220000,2,2,1,36,0,0,0,0,0,0,396,1648,792,396,396,396,1648,792,0,396,396,792,1
490,260000,2,1,1,34,0,0,0,0,0,0,16426,6088,4663,3885,4414,2514,6277,4663,4140,4414,2646,7725,0
491,90000,2,2,2,32,0,0,0,0,0,0,573,0,0,0,0,0,157,0,0,0,0,0,0
492,30000,2,2,1,43,2,2,2,2,2,0,28703,26622,24022,24368,20859,19633,1300,2,1608,0,900,800,0
493,260000,1,2,2,30,0,0,0,2,0,0,98560,100980,222102,108724,68500,69174,4000,11900,207,2003,2003,2003,0
494,170000,2,2,2,28,0,0,0,0,0,0,28304,17616,308,0,0,0,4000,308,0,0,0,0,0
495,80000,2,1,1,28,0,0,0,0,0,0,8574,9434,10038,10040,10400,10490,1203,1047,248,408,294,276,1
496,50000,1,1,1,41,0,0,0,0,0,0,508,672,226,390,220,320,1000,390,1000,220,640,1000,0
497,200000,2,3,2,47,0,0,0,0,0,0,203183,202961,194449,196814,200526,198717,7521,7000,7000,7128,8000,7100,0
498,20000,1,2,2,23,0,0,2,0,0,0,16440,20417,18333,18848,30190,19664,7403,0,820,1025,1113,104,0
499,250000,2,1,1,49,0,0,0,0,0,0,66,0,0,120,-6,1639,0,0,120,6,1645,0,0
500,20000,1,1,1,38,0,0,0,2,2,0,15912,17272,20565,20705,20255,19933,1623,3916,750,0,800,850,0
501,30000,2,2,1,38,0,0,0,0,2,2,20344,21705,22537,24161,25128,24576,2000,1500,2000,1500,0,1200,0
502,90000,2,2,1,35,1,2,2,2,2,2,23132,22474,28067,27320,31199,30548,0,6000,0,4500,0,2000,0
503,230000,2,6,2,46,0,0,0,0,0,0,221590,227397,230302,186635,189896,193351,10000,9000,8000,8000,7500,7000,0
504,130000,2,1,1,33,0,0,0,0,0,0,19161,20544,22704,22304,22304,0,2000,3000,0,0,0,0,1
505,30000,1,6,1,53,0,0,0,0,0,0,0,0,0,0,0,0,0,0,0,0,0,0,0
506,160000,1,1,2,35,0,0,0,0,0,0,396,396,396,0,792,1220,396,396,0,793,1220,0,0
507,500000,2,2,2,43,0,0,0,0,0,0,3959,0,285138,249445,222831,200,0,285138,4989,100,200,528666,0
508,180000,2,2,2,28,0,0,0,0,0,2,42238,38741,36696,35813,37893,34661,2500,2000,1128,2500,0,2000,0
509,80000,2,2,1,30,0,0,0,0,0,2,21507,13207,13997,10914,10685,5515,1700,1400,200,1000,0,500,0
510,120000,1,1,2,26,0,0,0,0,0,0,884,0,0,10446,0,0,0,0,10446,0,0,0,0
511,130000,1,2,1,31,0,0,0,0,0,2,1261,1261,1261,1411,930,390,1261,1261,1411,930,0,780,0
512,120000,2,2,2,35,0,0,0,0,0,0,240,240,240,240,240,240,240,240,240,240,240,240,1
513,360000,1,1,2,28,0,0,0,0,0,0,20223,52962,3978,1743,2828,50537,53228,3997,1750,2853,51041,3219,0
514,50000,1,2,2,23,2,2,2,2,2,2,29509,30741,31438,31924,32566,33081,2000,1500,1300,1300,1200,1500,1
515,20000,2,2,2,23,0,0,2,0,0,0,18355,20259,19534,16467,15746,13246,2900,10,577,430,1017,4,0
516,100000,1,3,1,56,0,0,0,0,0,0,94265,53376,85787,78762,79529,80335,2385,88678,2169,2634,3132,732,0
517,70000,1,3,1,32,0,0,0,0,0,0,68739,67629,69188,68392,69884,71284,3060,3300,2610,2750,2750,5500,0
518,50000,1,2,1,47,0,0,0,0,0,0,13917,16695,21320,18614,19003,19439,3000,5000,2000,618,679,500,0
519,10000,2,2,2,22,1,2,0,0,0,0,10250,8558,10525,10050,9903,9984,0,2126,390,328,476,1287,0
520,290000,2,1,1,34,0,0,0,0,0,0,93844,97708,103066,104864,110151,115297,6000,7000,5000,7000,7000,7000,0
521,30000,2,1,1,31,0,0,0,0,0,0,16496,17522,18531,18744,19291,19818,1597,1606,819,1000,1000,1623,0
522,410000,2,2,2,27,1,0,0,0,0,0,-58,32991,36465,44310,62408,61420,33049,16000,8700,18775,15000,5350,0
523,360000,1,1,2,28,0,0,0,0,0,0,1210,820,64644,125984,106584,125557,390,75720,62520,17000,132200,167000,1
524,140000,2,2,1,42,0,0,0,0,0,0,111496,112133,69529,70804,70781,66735,6022,3021,5012,5112,3000,5000,1
525,210000,2,1,2,32,0,0,0,0,0,0,67374,69489,70937,71761,73505,74827,3200,3200,2600,2900,2700,3000,0
526,220000,2,2,2,27,0,0,0,0,0,0,1692,13250,433,1831,0,2891,13250,433,1831,0,2891,153504,0
527,20000,1,2,2,27,1,2,0,0,0,2,18649,18066,19040,19446,20759,20241,0,1594,1000,1606,0,300,0
528,620000,2,2,1,45,2,2,0,0,0,0,160837,156839,160440,163781,167159,170894,0,6200,6000,6000,6500,6000,1
529,360000,1,1,2,26,1,0,0,0,0,0,-8,-8,-8,-8,1677,2600,0,0,0,1685,2613,0,0
530,20000,2,2,2,21,0,0,2,2,0,0,18763,14410,13771,362,5308,0,14410,0,28,22073,0,0,0
531,50000,1,2,2,23,0,0,0,0,0,0,34549,18552,19334,18165,19322,19575,2836,1200,13000,1500,9000,1000,0
532,50000,1,2,3,30,0,0,0,0,0,0,97538,49187,17518,17710,18079,18302,2454,1588,780,803,673,637,0
533,10000,1,2,2,46,0,0,2,2,2,0,4073,6394,6143,6908,6652,6785,2400,0,871,0,244,251,1
534,100000,2,3,1,50,2,0,0,3,3,2,53849,55030,61574,62470,61198,62524,2050,7500,2500,0,2500,2500,1
535,50000,1,1,2,26,0,0,0,0,0,0,2411,3059,2333,1800,1620,0,3068,2440,1807,2204,0,0,0
536,60000,1,2,2,25,0,0,0,0,0,0,480,1675,3630,578,4825,6200,1675,2500,578,4825,2000,2435,0
537,440000,2,1,2,35,0,0,0,0,0,0,330759,337794,274075,252584,216547,179221,13100,11000,10000,9000,7100,5500,0
538,120000,1,2,1,44,0,0,0,0,0,0,92007,87939,82094,59105,53442,46775,5417,2847,2066,1919,2200,0,0
539,50000,2,1,2,52,0,0,0,0,0,0,3257,4166,0,0,318,0,1000,0,0,318,0,0,0
540,110000,2,2,1,40,1,2,2,2,2,2,92638,90905,95768,97004,99005,101213,600,7300,3700,3700,4000,3800,0
541,200000,2,1,2,38,0,0,0,0,0,0,399,0,0,0,218,270,0,0,0,218,270,317,0
542,150000,2,1,2,28,1,0,0,0,0,0,0,0,0,0,0,318,0,0,0,0,318,0,0
543,30000,2,2,1,36,2,3,2,2,0,0,28778,28039,28286,27533,28189,28805,0,1000,0,1100,1100,1500,1
544,100000,2,1,2,24,0,0,0,0,0,0,30092,30486,30178,29735,14718,29427,1553,5000,87,14761,29514,330,0
545,360000,2,1,1,34,0,0,0,0,0,0,12339,10138,23912,9785,166,2142,10000,13912,9785,0,2142,4230,0
546,390000,2,1,2,31,0,0,0,0,0,0,50620,43220,44237,46495,47751,51941,5000,3000,3000,2000,5000,5000,0
547,220000,2,1,1,41,1,0,0,0,0,0,-65,-65,-65,-65,-65,-200,0,0,0,0,0,0,1
548,160000,2,2,2,25,0,0,0,0,0,0,0,0,0,0,0,0,0,0,0,0,0,0,0
549,230000,2,1,2,28,0,0,0,0,0,0,2403,7357,9752,12608,10797,20539,7357,2566,3000,1000,10000,2000,0
550,120000,1,1,2,27,0,0,0,0,0,0,52437,50473,45087,35424,31760,31214,5024,5000,5000,4000,5000,3500,0
551,100000,1,3,1,52,0,0,2,2,2,0,4657,6068,6418,6781,6144,7638,1500,1000,1000,0,2000,2000,1
552,190000,2,1,2,41,0,0,0,0,0,0,28204,0,16500,0,26854,554,0,16500,0,26854,500,0,1
553,50000,1,1,1,56,0,0,0,0,0,0,50715,51073,28185,28842,30399,29977,2500,1500,1100,2000,1500,1017,1
554,240000,2,1,1,42,1,0,0,0,0,0,0,6370,0,0,0,0,6370,0,0,0,0,0,0
555,40000,2,2,2,24,0,0,0,0,0,0,35285,36714,37356,38184,38724,37255,2000,1600,1401,1607,1800,1751,0
556,630000,2,2,1,47,0,0,0,0,0,0,37850,68187,1207,2632,8654,0,38187,1207,2632,8654,0,4981,0
557,160000,2,1,1,33,0,0,0,0,0,0,5233,5393,1824,350,150,199,5401,1829,350,150,199,1145,0
558,110000,2,2,2,32,0,0,2,2,2,2,65299,74565,78516,79829,81603,83206,11000,5800,3200,3200,3100,3000,0
559,20000,1,2,2,29,0,0,0,0,0,0,17208,18419,0,0,0,0,2055,0,0,0,0,0,0
560,210000,2,3,1,53,0,0,0,0,0,0,57192,58472,59658,60466,61593,65163,2800,2753,2400,2255,4767,0,0
561,270000,1,1,2,34,0,0,0,0,0,0,5780,12006,15736,6621,2457,14923,12006,5736,6621,2457,14923,1712,0
562,360000,2,2,2,52,0,0,0,0,0,0,640,2113,-6,999,944,-3,2231,0,1005,948,0,789,0
563,60000,2,2,1,42,0,0,0,0,0,0,631,2790,1758,416,416,3640,2790,1758,416,416,3640,730,0
564,360000,1,2,2,38,0,0,0,0,0,0,108351,111201,63146,63723,65108,66078,8005,8004,5000,5000,5000,105700,0
565,390000,2,1,2,45,2,2,2,0,2,2,834,155,-1690,4240,3346,2698,1,1693,6940,7,1230,3,0
566,250000,2,3,2,35,0,0,0,0,0,0,7244,8472,1738,6706,2391,11082,8514,1751,6739,2403,11137,13407,0
567,90000,2,1,2,24,0,0,0,0,0,0,13141,14526,15482,18219,22737,23387,1600,1500,3000,5000,1020,764,1
568,360000,1,1,2,28,0,0,0,0,0,0,7071,401,3545,10540,10132,6220,1510,3575,10573,10155,6240,16071,0
569,50000,1,3,2,26,0,0,0,0,0,0,35429,30626,30241,20284,19166,19567,1537,1947,800,1000,718,683,0
570,270000,2,1,1,40,0,0,0,0,0,0,18751,5706,0,0,0,0,1000,0,0,0,0,0,0
571,200000,2,1,2,29,1,0,0,0,0,0,55788,8360,4897,5065,19468,0,8394,4927,5089,19561,0,125,0
572,50000,2,2,2,23,0,0,0,0,0,0,49809,50364,38429,18815,18305,19013,2040,2766,1690,1000,1000,1000,0
573,350000,1,1,2,33,0,0,0,0,0,0,10900,10478,-22,-22,-22,4532,10530,0,0,0,4554,0,0
574,160000,2,2,2,60,0,0,0,0,0,0,3128,5156,1089,489,3177,1009,5156,1089,0,3177,1009,0,1
575,80000,2,3,1,49,0,0,0,0,0,0,3367,4641,2290,1459,6764,7601,4641,2290,1459,6764,7601,7990,0
576,290000,1,1,1,53,2,0,0,0,0,0,279610,282024,282508,284660,255892,238266,13000,10200,10265,8803,8300,8546,1
577,270000,2,1,2,28,0,0,0,0,0,0,475,475,5691,37526,50565,48888,475,5691,34000,14000,8000,15000,0
578,80000,1,1,2,31,0,0,0,0,2,0,5994,32223,8308,4082,538,4085,13647,8314,4082,0,4085,0,0
579,50000,1,2,2,36,0,0,0,0,0,0,5197,6015,6615,7131,6987,6980,1300,1100,1000,500,500,1000,0
580,30000,1,2,1,35,0,0,0,0,0,0,7797,2687,8762,3377,2000,0,2687,8765,3390,2040,0,0,0
581,30000,1,2,2,28,1,0,0,0,0,0,0,780,0,0,0,0,780,0,0,0,0,0,1
582,90000,1,2,2,33,0,0,0,0,0,0,35785,29155,27485,29266,35598,38449,15155,5485,5263,8598,5449,6537,0
583,160000,1,1,2,26,0,0,0,0,0,0,1433,3746,30258,1036,21572,9528,3757,30348,1044,21636,9556,6066,0
584,80000,2,3,2,53,0,0,0,0,0,0,77766,77954,78512,60452,61556,54022,4000,2374,2007,2500,3000,2000,0
585,50000,1,2,2,42,0,0,0,0,0,0,50300,50898,49111,48943,45775,0,2200,1600,1700,1700,0,0,0
586,20000,2,1,2,25,0,0,0,0,0,2,14603,15661,16394,16723,18056,17618,1600,1300,600,1600,0,800,0
587,220000,1,1,1,43,1,0,0,0,0,0,0,0,0,0,0,0,0,0,0,0,0,0,1
588,210000,1,3,2,25,0,0,2,0,0,0,8817,23634,21776,9631,1561,1990,23776,0,9631,1561,1990,7967,1
589,130000,2,2,2,29,0,0,0,0,0,0,131575,130931,132969,45584,46516,47455,6700,6000,1291,1319,1336,1365,0
590,260000,2,2,1,31,0,0,0,0,0,0,5841,23194,62361,67057,17024,18659,23194,50000,11500,17024,18659,38923,0
591,230000,2,1,1,30,0,0,0,0,0,0,30341,25981,24092,65840,56538,51522,5000,5000,65840,2000,2000,10000,0
592,160000,1,1,2,34,0,0,0,0,0,0,83255,83912,85161,85715,86773,87526,4000,3924,3200,3300,3425,3013,0
593,50000,1,1,1,35,0,0,0,0,0,0,34976,6018,13930,7106,6020,9011,1127,1074,215,249,4383,172,0
594,80000,1,2,1,32,0,0,0,0,0,0,48747,45955,44989,41358,42379,38052,2145,1844,2009,5017,2000,5002,0
595,110000,1,3,2,46,0,0,0,0,0,0,56700,57875,59044,59756,61004,62213,2681,2724,2287,2362,2374,2454,0
596,200000,1,1,1,43,0,0,0,0,0,0,144678,140804,136437,135253,134629,134309,5090,5014,5009,4844,5002,4902,0
597,360000,1,2,2,29,0,0,0,0,0,0,268112,263368,259969,255832,245462,250244,9429,8738,7017,7154,7073,7300,0
598,210000,2,3,2,31,1,0,0,0,0,0,0,0,0,0,0,0,0,0,0,0,0,0,0
599,80000,2,2,2,24,2,0,0,0,0,0,79243,75254,58683,58886,60035,57264,3249,3000,5000,2500,2300,2200,0
600,300000,2,2,1,36,0,0,2,0,0,0,-475,5191,4606,2303,2768,65373,10000,0,0,2768,65373,10780,1
601,310000,2,2,1,43,0,0,0,0,0,0,23396,24182,25135,25095,25356,25514,1426,1379,867,898,933,807,0
602,30000,1,3,1,59,0,0,0,0,0,0,390,390,390,390,390,1320,390,390,390,390,1320,0,1
603,170000,1,1,1,53,0,0,0,0,0,0,17862,17927,18800,17647,18015,12930,1323,1196,544,563,629,361,0
604,140000,2,2,2,28,2,2,2,0,0,2,26450,28823,28171,28740,30454,29930,3007,0,924,2070,0,3000,0
605,180000,2,2,2,31,1,0,0,0,0,0,0,0,0,0,0,0,0,0,0,0,0,1576,0
606,50000,1,1,2,34,1,2,2,2,2,2,22746,22099,24121,23437,25101,24549,0,2700,0,2200,0,1030,0
607,50000,2,2,1,36,0,0,0,0,0,0,9214,10359,7350,7500,0,0,1351,1500,150,0,0,0,0
608,110000,2,1,2,24,0,0,0,0,2,0,40882,35428,39680,44097,42543,33189,2000,5000,5000,0,2000,3000,0
609,450000,2,3,1,36,0,0,0,0,0,0,3996,9120,8528,0,6368,3000,9120,8528,0,6368,3000,3238,0
610,200000,2,2,1,34,0,0,0,0,0,0,390,390,390,561,390,390,390,390,561,390,390,390,0
611,220000,1,1,2,43,0,0,0,0,0,0,44177,25736,19292,18900,13580,33150,1006,32906,18900,13580,33150,0,0
612,360000,2,1,2,29,0,0,0,0,0,0,3280,0,0,0,0,2650,0,0,0,0,2650,0,1
613,50000,1,2,1,37,0,0,0,0,0,0,48226,48727,46228,46755,43686,44573,2000,1684,1601,2000,2000,2000,0
614,40000,1,2,2,23,2,2,0,0,0,0,36650,29541,26190,26710,27274,29551,0,1435,955,993,2734,0,0
615,190000,2,2,1,37,1,2,2,2,2,2,115049,117856,119570,116284,123528,125478,6000,5000,0,9000,4000,5000,0
616,150000,1,1,2,33,0,0,0,0,0,0,21724,23168,23320,24085,24149,3323,2100,1200,965,64,509,8399,0
617,200000,2,1,1,37,1,0,0,0,0,0,0,0,0,0,595,0,0,0,0,595,0,2370,0
618,270000,2,2,1,56,0,0,0,0,0,0,137807,123769,104377,106651,109294,101151,5000,5000,3953,4500,4000,3900,0
619,60000,1,1,2,25,0,0,0,0,0,0,58839,53235,38533,39639,39619,39140,2018,1900,2000,1500,1900,2000,0
620,200000,2,2,1,39,0,0,0,0,0,0,80833,79100,70764,71629,70805,70718,3315,3088,2572,2559,2526,2620,0
621,150000,2,2,1,39,0,0,0,0,0,0,36146,36184,37511,33080,30223,31561,3000,3000,3000,2500,2000,2000,0
622,180000,2,2,2,28,0,0,0,0,0,0,340,-120,420,460,460,610,0,1000,500,460,610,460,0
623,90000,2,1,2,27,0,0,0,0,0,0,7624,0,0,0,0,0,0,0,0,0,0,0,0
624,360000,2,2,1,37,1,0,0,0,0,0,0,0,0,0,166,541,0,0,0,166,543,4268,0
625,90000,2,1,2,24,0,0,0,0,0,0,491,0,0,0,0,0,0,0,0,0,0,0,0
626,20000,2,2,2,24,0,0,0,0,2,0,13168,13888,14900,15916,15519,15829,1237,1249,1265,0,568,1327,0
627,70000,1,1,1,46,0,0,0,0,0,0,60040,55274,51766,51757,50013,49946,2600,1800,2000,3140,2000,1800,0
628,230000,1,1,1,39,0,0,0,0,0,0,660,660,660,660,660,660,660,660,660,660,660,660,0
629,30000,1,3,1,48,0,0,0,0,0,0,29434,28960,29022,29201,29553,29693,1465,2000,1033,1200,1055,530,0
630,200000,2,3,3,45,0,0,0,0,0,0,4430,7182,3855,3411,6788,9921,7193,3855,3411,6788,9921,5016,0
631,100000,1,3,2,49,0,0,0,0,0,0,1440,0,0,0,0,0,0,0,0,0,0,0,0
632,50000,2,2,2,23,0,0,0,0,0,2,26795,28056,29284,30487,33831,33138,2000,2000,2000,4000,0,2000,0
633,20000,2,3,1,25,0,0,0,0,0,0,16591,16442,6401,4300,1304,0,1155,1000,0,1304,0,0,0
634,210000,2,2,1,47,0,0,0,0,0,0,0,0,0,0,0,0,0,0,0,0,0,0,0
635,110000,1,3,1,56,0,0,0,0,0,0,46486,35758,34323,30452,22628,23468,4086,1428,1318,2171,3198,4976,0
636,20000,2,3,1,44,0,0,0,0,0,0,550,228,0,228,0,0,228,0,228,0,0,0,0
637,50000,2,3,1,49,0,0,0,0,0,0,5630,6629,5918,6918,6941,4756,1107,1000,1000,1500,2150,0,0
638,50000,1,2,1,41,0,0,0,0,0,0,21986,21520,20979,19894,18811,18805,1362,1294,682,680,694,618,0
639,400000,2,1,2,40,0,0,0,0,0,0,60125,1981,4521,20472,76933,173599,1981,4521,20500,77000,100000,7700,0
640,170000,1,2,2,31,0,0,0,0,0,0,56364,58132,59171,55888,53672,51461,3000,3000,2000,3000,3000,3000,0
641,280000,1,2,1,42,0,0,0,0,0,0,148363,148432,151310,141937,144990,147911,6900,6867,5500,5500,5500,5600,0
642,130000,2,3,1,28,0,0,0,0,0,0,100143,50456,50000,0,0,0,2500,1000,0,0,0,0,0
643,210000,2,2,2,32,0,0,0,0,0,0,46255,50486,54019,58091,61630,65576,5000,5000,5000,4500,5000,5000,0
644,370000,1,2,2,28,0,0,0,0,0,0,276436,239025,149128,48907,53025,51434,20000,13000,5000,10000,4000,6000,0
645,30000,2,2,1,31,0,0,2,0,0,0,29493,19433,18782,19006,19637,21251,3200,0,742,1000,2000,0,0
646,150000,1,3,2,39,1,0,0,0,0,0,214450,147280,150000,0,-5000,0,5180,5000,0,0,5000,0,0
647,60000,1,3,1,31,2,0,0,0,0,0,35369,35320,0,0,0,0,1027,0,0,0,0,0,1
648,80000,2,2,2,24,0,0,0,0,0,0,77615,77303,66396,55639,56873,58390,3100,2586,2000,2500,3000,2500,0
649,280000,2,2,1,44,2,2,2,2,2,2,186149,181779,192189,195517,199250,195874,0,15000,8000,7000,0,15000,1
650,20000,2,2,2,46,8,7,6,5,4,3,21075,20795,20206,19617,18737,18148,0,0,0,0,0,0,0
651,270000,1,1,2,32,0,0,0,0,0,0,0,0,1100,300,-200,-200,0,1100,300,0,0,0,0
652,240000,2,2,2,26,0,0,0,0,0,0,14348,7500,7816,7500,7500,14497,1000,7816,7500,7500,14497,500,0
653,20000,2,1,2,22,0,0,0,0,0,0,20137,20179,18067,18666,19115,19547,1300,1301,900,900,900,1600,0
654,450000,2,1,1,42,1,0,0,0,0,0,-200,-200,0,42000,0,0,0,200,42000,0,0,0,1
655,10000,1,2,2,33,0,0,0,0,0,0,8177,9131,9669,7624,8049,6857,2500,1145,1000,1000,1000,1500,0
656,280000,1,2,1,39,0,0,0,0,0,0,2082,3557,5623,5400,3866,3526,3597,5672,5427,3885,3543,3519,1
657,290000,2,3,2,27,0,0,0,0,0,0,13820,15614,16293,7760,2000,0,2000,1300,0,2000,1000,0,0
658,190000,2,1,2,28,0,0,0,0,0,0,46923,48666,49347,50386,43883,34412,2500,2000,3000,2000,2000,2000,1
659,80000,2,1,2,23,0,0,0,0,0,0,53261,38091,19744,14556,0,1460,4500,2011,3105,0,1460,0,0
660,280000,2,2,2,28,0,2,0,0,0,0,427,298,1179,1714,2875,1047,0,1179,1714,1290,1047,1000,0
661,160000,2,1,1,33,0,0,0,0,0,0,14150,8106,12431,12145,13391,7957,8106,12431,12145,13391,7957,1905,0
662,90000,1,2,1,40,0,0,0,0,0,0,42856,44925,0,787,1457,0,3114,0,787,1457,0,0,1
663,140000,2,1,2,37,0,0,0,0,0,0,1034,40000,0,0,0,510,40000,0,0,0,510,0,0
664,50000,1,1,2,22,0,0,0,0,0,0,5137,5960,6270,6000,5810,390,1300,1000,120,200,390,1170,0
665,40000,2,2,1,32,0,0,0,2,2,2,24114,25417,28777,29107,29693,30456,2000,4110,1100,1200,1400,0,0
666,130000,2,3,1,43,0,0,0,0,0,0,130067,129385,96775,98071,97743,100124,5540,4403,3814,3562,4021,3681,0
667,70000,2,3,1,27,0,0,0,0,0,2,61611,62711,63695,63926,67361,59480,3011,3095,2000,4600,0,2258,0
668,30000,2,2,1,35,0,0,0,0,0,0,25078,25538,25880,25873,26157,26918,1500,1387,893,1000,1501,2000,0
669,100000,2,3,1,35,1,2,2,2,2,2,97002,102698,97997,103384,97266,101492,8200,0,8000,0,8600,0,0
670,20000,2,1,1,30,2,2,2,0,0,0,5766,7511,7678,7318,7458,7598,2000,500,0,500,500,0,1
671,30000,2,2,2,34,2,0,2,2,2,2,99568,32326,31840,37075,37662,36904,33000,33000,5810,1325,0,3095,0
672,20000,1,2,1,34,0,0,0,0,0,0,12857,14183,14890,15642,16387,17113,1541,1248,1000,1000,1000,1000,1
673,100000,2,1,2,28,2,0,0,0,0,0,96193,82342,81967,82177,78840,79261,3600,3800,3000,3000,3023,3000,1
674,30000,1,2,2,25,2,2,7,7,7,6,2400,2400,2400,2400,2400,1800,0,0,0,0,0,0,1
675,320000,2,1,1,41,0,0,0,0,0,0,97797,99672,101953,102284,104090,105859,4520,5050,3590,3700,3750,3510,0
676,90000,1,3,2,42,2,2,2,2,2,2,64762,63164,32789,31641,29240,28306,0,2900,0,2500,0,1300,1
677,190000,1,2,2,40,2,2,2,2,2,2,145613,156765,159386,161870,165725,169928,15000,6600,6500,6500,7000,7000,1
678,200000,1,1,2,28,0,0,0,0,0,0,71989,122129,147936,149573,152574,156323,52129,30000,6000,6000,7000,10000,0
679,300000,2,2,2,31,0,0,0,0,0,0,3345,1083,4339,7423,4059,2508,1087,4355,7423,0,2508,4141,0
680,30000,2,1,2,56,0,0,0,0,0,0,29033,17013,7024,7024,7024,7024,1283,7024,7024,7024,7024,7024,0
681,110000,2,2,3,45,0,0,0,0,0,0,26650,20787,20566,21158,22141,22158,1532,2000,783,3000,2000,2000,0
682,230000,2,1,2,29,0,0,0,0,0,0,0,0,1024,0,0,0,0,1024,0,0,0,0,0
683,230000,2,1,1,35,0,0,0,0,0,0,4259,5432,6182,0,0,0,1250,1000,0,0,0,0,0
684,310000,2,2,2,28,0,0,0,0,0,0,106468,108955,112374,54762,58189,57170,8000,6000,5000,5000,4000,5000,0
685,320000,1,1,1,40,0,0,0,0,0,0,247276,241167,238196,231580,229683,235837,10000,10000,10000,19000,13000,8000,0
686,360000,1,1,1,47,0,0,0,0,0,0,1548,-32,177639,174397,4852,4125,0,177671,3508,4876,4188,10007,0
687,20000,2,3,1,41,0,0,0,0,0,0,780,0,732,642,1252,643,0,732,300,1000,500,1000,1
688,170000,2,2,2,27,0,0,0,0,0,0,162671,166202,161973,167201,161327,171863,7500,6000,10000,7000,16000,6200,0
689,140000,1,1,1,40,0,0,0,0,0,0,123049,125616,129695,130735,133467,136287,4310,5913,4426,4580,4770,4767,0
690,80000,1,2,2,32,0,0,0,0,0,0,51372,51872,47593,43882,42256,42527,1853,1700,1522,1548,1488,1500,0
691,150000,1,2,2,35,0,0,0,0,0,0,60015,72227,51364,54340,0,2129,20000,30000,54340,0,2129,0,0
692,170000,1,2,2,27,0,2,2,0,0,0,1170,780,0,0,0,0,0,0,0,0,0,0,0
693,200000,2,2,1,29,2,0,0,0,0,0,159398,156955,132144,119136,122211,125021,6163,4530,4500,5000,5000,5000,1
694,70000,1,1,2,30,0,0,2,0,0,2,55664,59529,57571,57871,60872,59329,5800,0,2250,4500,0,2500,0
695,320000,1,2,1,37,0,0,0,0,0,0,43528,498,429,14257,5417,2967,500,431,14328,5439,2980,5028,0
696,150000,2,1,2,29,0,0,0,0,0,0,0,0,0,0,0,0,0,0,0,0,0,0,0
697,50000,2,1,1,34,0,0,0,0,0,0,27966,28539,11597,6611,7349,7570,1267,1553,7511,1000,343,1000,0
698,90000,2,2,2,34,0,2,2,0,0,0,8792,7500,0,0,0,0,0,0,0,0,0,0,0
699,280000,1,1,1,41,0,0,0,0,0,0,28026,41302,51500,35752,3955,13969,41346,52110,35752,3955,13939,4437,0
700,300000,2,1,2,31,0,0,0,0,2,0,43610,43280,36156,30305,30155,561,1655,1797,750,0,561,500,0
701,400000,2,2,2,40,0,0,0,0,0,0,0,8235,0,0,1524,0,8235,0,0,1524,0,385,0
702,200000,2,1,1,27,0,0,0,0,0,0,5780,105,105,0,7384,8588,105,105,0,7384,8588,1304,0
703,10000,2,3,2,22,0,0,0,0,0,0,8109,9778,8259,0,0,0,2000,1036,0,0,0,0,1
704,50000,2,2,3,30,1,3,2,0,0,0,52515,51424,49967,20036,20076,37615,0,0,2000,1000,1000,1600,1
705,30000,2,2,3,22,1,2,4,3,2,2,22582,26518,25814,25110,24569,26357,4600,0,0,0,2200,2500,0
706,50000,1,1,2,26,0,0,0,0,0,0,15448,16392,18096,18425,18619,19060,1500,2000,1500,1200,900,1000,1
707,50000,1,2,1,38,1,2,0,0,0,0,58102,59011,56272,53663,51507,50616,2500,2500,2000,2000,3200,2000,0
708,30000,2,3,1,46,1,2,2,2,2,2,12289,11806,13268,12758,13549,14673,0,1970,0,1000,1500,0,0
709,20000,1,2,2,24,0,0,0,2,0,0,10476,7279,688,688,688,1320,1000,688,0,0,650,0,0
710,20000,1,2,2,49,0,0,0,0,0,0,16326,17497,18456,18424,18800,10000,1441,1400,368,376,200,0,0
711,50000,1,1,3,49,0,0,0,0,0,0,17681,18249,18054,18569,19152,18088,1611,2000,780,1000,1000,2000,0
712,30000,2,2,1,42,0,0,0,0,0,0,47912,25023,25768,26410,27960,46254,1755,1500,1000,1909,1000,2000,0
713,360000,2,1,1,30,1,2,0,0,0,0,18886,14249,3821,2404,319,0,0,3828,2000,319,0,0,0
714,170000,1,2,1,42,1,0,0,0,0,0,0,1690,0,0,0,4750,1690,0,0,0,4750,0,0
715,400000,2,1,2,31,0,0,0,0,0,0,203,767,664,1250,-10,2174,770,667,1256,0,2184,0,0
716,50000,2,2,1,49,0,0,0,0,0,0,34962,32275,31253,32014,33573,29645,1613,2000,1500,2000,1645,1064,0
717,160000,2,2,2,27,0,0,0,0,0,0,80964,80337,82182,82586,85145,87049,4000,4000,3500,4000,4000,2500,0
718,70000,2,2,1,33,0,0,0,0,0,0,69418,68943,38783,3758,1261,0,2382,2025,1000,25,0,1651,1
719,150000,2,1,1,35,1,0,0,0,0,0,0,0,0,0,0,0,0,0,0,0,0,0,0
720,80000,2,2,2,48,0,0,0,0,0,0,45174,41885,42832,23799,11723,27236,3000,3413,2000,5000,17236,2000,0
721,30000,2,2,2,22,0,0,2,0,0,0,23892,28459,25499,25778,28708,30520,5300,0,1000,3352,2300,0,0
722,10000,1,2,2,22,0,0,0,0,0,0,7960,9649,8518,8628,9293,5033,2000,1000,500,1500,0,2500,1
723,180000,2,1,2,27,1,0,0,0,0,0,0,3338,3333,3333,3333,3333,3338,3333,3333,3333,3333,3333,0
724,320000,1,1,1,47,0,0,0,0,0,0,9192,13920,4022,316,8420,316,13942,4022,316,8420,316,516,0
725,80000,2,2,2,34,0,0,0,2,2,2,25935,27210,28783,30003,29385,31401,2000,2338,2000,0,2500,0,0
726,10000,1,2,1,45,0,0,0,2,0,0,7139,8416,9815,9508,9754,10192,1400,1700,0,400,600,200,1
727,360000,2,2,2,39,0,0,0,0,0,0,12865,4462,19560,8894,5329,998,4484,19623,222,5355,998,9004,0
728,450000,1,2,2,33,0,0,0,0,0,0,-14,2568,-387,-387,-387,113,2582,0,0,0,500,2515,0
729,330000,2,2,2,29,0,0,0,0,0,0,49549,133957,128212,79407,8875,49880,90000,3000,5000,8875,49880,519,0
730,60000,1,1,2,29,0,2,0,0,2,2,546,255,464,1173,732,1023,0,500,1000,0,582,0,1
731,50000,2,3,2,26,0,0,0,0,0,0,9935,11029,12795,9983,10884,7666,1234,2000,297,1000,307,361,0
732,200000,1,2,1,38,0,0,0,0,0,0,152856,156104,158279,161934,165447,168802,6000,5000,5000,5000,4917,10000,0
733,120000,1,1,2,34,1,2,0,0,0,0,1278,639,621,-18,-18,-18,0,621,0,0,0,0,0
734,160000,2,1,1,37,0,0,0,0,0,0,316,316,0,316,632,0,316,0,316,632,0,316,0
735,110000,1,2,1,57,0,0,0,0,0,0,46132,41050,40091,40659,38529,30900,2306,2111,3009,1725,1500,0,0
736,70000,2,3,1,50,0,0,0,0,0,0,27345,-1041,17571,17920,18296,18659,1041,18862,640,663,666,690,0
737,150000,2,3,2,28,0,0,0,0,0,0,101593,101886,101441,100829,101913,96704,4000,4032,3410,4000,3665,3050,0
738,610000,2,1,2,31,0,0,0,0,0,0,142764,126606,67887,58397,105301,105965,6540,2100,2150,50000,4700,2000,0
739,110000,2,1,2,25,0,0,0,0,0,0,92849,94766,93894,85723,86443,84011,4346,4075,3144,3238,3167,3202,0
740,80000,2,2,2,25,2,0,0,2,0,0,17330,19258,23416,22768,23243,23718,3000,4790,0,816,833,2000,1
741,170000,2,2,1,33,0,0,0,0,0,0,109863,79574,78440,80141,81862,84237,4380,3000,3000,3000,4000,4500,0
742,110000,2,1,2,30,0,0,0,0,0,0,1064,2001,3796,0,0,0,2007,3796,0,0,0,0,0
743,140000,2,1,1,51,0,0,0,0,0,0,56764,57950,57668,55024,55883,55744,2115,2004,1941,2073,1909,2132,0
744,70000,1,1,2,51,0,0,0,2,0,0,43048,43257,44115,41112,39922,40150,3000,4000,0,1500,3000,5000,0
745,260000,2,2,1,46,0,0,0,0,0,0,29484,28592,16869,12713,10420,12532,10000,3000,12713,10420,12532,12151,0
746,170000,1,3,2,38,0,0,0,0,0,0,21310,22957,24266,25556,29949,34434,2000,2000,2000,5000,5000,5000,0
747,50000,2,2,1,34,0,0,0,0,0,0,10821,11877,13656,14949,16567,16826,1221,2000,1500,2000,2000,4000,0
748,300000,2,3,1,34,0,0,0,0,0,0,280823,275303,271952,193403,187562,191069,11000,12000,7200,6500,6173,5500,1
749,150000,2,1,2,31,2,0,0,0,0,0,390,390,390,4825,5202,780,390,390,4825,5202,780,0,1
750,50000,2,2,2,25,8,7,6,5,4,3,37647,37102,36238,36374,35229,34365,0,0,1000,0,0,3000,1
751,50000,2,2,1,26,1,0,0,0,0,0,0,0,1756,2719,4049,5176,0,1756,1000,1537,1200,2000,0
752,90000,2,1,2,25,2,0,0,0,0,0,84710,87334,87862,18889,-783,73568,4000,3258,1000,0,77500,0,0
753,50000,1,2,2,26,0,0,0,0,0,0,48036,46787,42011,19147,2845,20041,2100,1227,383,2000,20000,649,1
754,500000,2,2,2,43,0,0,0,0,0,0,43346,43976,39032,29092,22725,11590,4006,2383,1126,782,596,1572,0
755,470000,2,2,1,36,0,0,0,0,0,0,873,1593,1518,285,688,2100,1005,1000,285,688,2100,1014,0
756,230000,1,2,2,58,0,0,0,0,0,0,110163,112499,114837,116400,45643,51083,5600,5700,5000,1855,6400,0,0
757,140000,2,2,2,26,0,0,0,0,0,0,4113,6030,16025,24616,19458,20047,2000,16025,24616,1000,1000,1000,0
758,230000,2,2,1,30,2,0,0,0,0,0,9636,10152,1817,-828,6153,12663,1222,1837,0,7863,12675,2959,1
759,420000,2,2,2,31,0,0,0,0,0,0,25103,21330,16024,9603,2131,64507,1509,1067,3061,2210,64524,2324,0
760,30000,2,2,2,24,0,0,0,0,0,0,31319,31181,31540,31016,30531,30528,1564,1800,1100,1500,1500,3000,0
761,50000,2,2,2,52,1,2,0,0,0,2,43343,43360,23417,21969,21179,18711,1300,1400,920,1700,0,900,1
762,140000,2,2,2,24,0,0,0,0,0,0,197,0,0,233,0,0,0,0,233,0,0,0,0
763,260000,2,2,1,35,0,0,0,0,0,0,7967,67650,6000,0,88348,85962,67650,6000,0,88348,5000,25000,0
764,90000,2,3,2,29,0,2,0,0,0,0,19450,3123,2121,3113,0,0,0,3509,3113,0,0,0,0
765,240000,2,2,1,33,0,0,0,0,0,0,240878,233838,238067,242579,238245,233710,10000,11000,10000,10000,10000,8000,0
766,510000,2,1,2,35,0,0,0,0,0,0,2115,2116,5560,4535,3488,1116,1117,4560,91,69,1116,2115,0
767,110000,2,2,1,35,0,0,0,0,0,0,81665,46070,34419,36829,38080,40434,2460,2000,3000,2000,3000,5000,0
768,210000,2,1,2,28,0,0,0,0,0,0,11442,3738,7526,10217,11737,8114,3738,7526,5000,5000,162,27760,0
769,220000,1,2,1,40,0,0,0,0,0,0,158,0,0,0,0,612,0,0,0,0,612,1863,0
770,200000,2,1,1,35,0,0,0,0,0,0,2257,4261,1265,2473,0,0,4266,1667,2473,0,0,0,0
771,360000,2,2,2,53,0,0,0,0,0,0,10733,15206,15000,9744,11114,8123,15206,15032,9769,11114,8123,8736,0
772,260000,1,1,2,44,0,0,0,0,0,0,316,316,316,316,316,466,316,316,316,316,466,316,0
773,20000,1,2,1,33,0,0,0,0,0,0,11026,9535,10510,10472,10140,10101,1174,1149,501,356,507,458,0
774,120000,2,2,1,32,0,0,0,0,0,0,113869,116110,111978,112822,114969,117949,5498,5500,4000,4300,5012,4003,0
775,50000,2,1,2,33,0,2,0,0,0,0,7363,5180,31902,11044,0,0,39,32013,11079,0,0,0,0
776,60000,2,1,2,26,1,2,0,0,0,0,29649,21657,28736,42733,46404,37993,0,8000,15000,9000,10000,0,0
777,200000,1,1,2,26,0,0,0,0,0,0,12716,16164,1954,5297,1483,3393,16244,1963,3359,4849,3410,2994,0
778,20000,1,2,2,26,0,0,0,0,0,0,1438,1261,451,-810,-420,1320,1261,451,0,780,2130,0,0
779,50000,2,1,1,32,2,0,0,0,0,0,47858,49223,42589,639,4639,2312,2500,3000,7000,4000,2413,2000,1
780,50000,2,2,2,31,1,0,0,0,0,2,0,0,190,0,36059,32851,0,190,0,36059,0,2420,0
781,230000,1,1,2,29,0,0,2,2,2,0,40732,44563,42804,44020,41278,34672,5000,0,3000,0,3000,3000,0
782,50000,1,2,1,27,0,0,2,0,0,0,819,3003,1677,1177,1313,1085,2184,5,1180,1316,1088,0,0
783,100000,2,1,2,28,2,2,2,2,2,2,79580,81493,82759,83609,85325,87096,3790,3200,3100,3200,3332,3280,1
784,210000,2,1,1,42,1,0,0,0,0,0,0,0,2490,0,0,0,0,2490,0,0,0,0,1
785,230000,2,2,1,32,0,0,0,0,2,0,87764,73526,72376,76870,75211,76645,2630,2614,6000,0,3000,2800,1
786,500000,2,1,2,26,1,0,0,0,0,0,31421,22150,0,0,0,0,22157,0,0,0,0,0,0
787,370000,2,1,2,38,0,0,0,0,0,0,929,328,0,1539,1815,0,328,0,1539,1815,0,0,0
788,230000,2,1,1,35,0,0,0,0,0,0,2648,191,1947,11674,16160,32519,200,1950,11692,10000,20000,6000,0
789,80000,1,2,2,29,0,0,0,0,0,0,11894,12287,12407,14360,14657,4129,1284,1047,2000,359,175,1000,0
790,60000,2,2,2,29,0,0,0,0,0,0,55064,57833,9479,0,0,0,5000,1033,0,0,0,0,0
791,30000,2,2,2,51,1,2,2,0,0,0,25382,26480,25761,25964,26507,27249,1800,0,928,960,1181,967,0
792,70000,1,1,2,27,1,0,0,0,0,0,-54,273,19,-254,-527,1096,600,19,0,0,1896,0,0
793,410000,1,1,2,32,0,0,0,0,0,0,5335,5369,-281,-281,-281,-281,5400,0,0,0,0,0,0
794,280000,2,3,1,40,1,0,0,0,0,0,-288,-288,-288,-288,-288,2124,0,0,0,0,2412,0,0
795,50000,2,1,1,34,0,0,0,0,0,0,46750,48317,48282,18299,19323,20329,2320,1282,3299,1323,1329,1114,0
796,100000,2,2,1,30,0,0,0,0,0,0,97062,74352,75004,76705,78168,80347,2800,2700,5400,3500,3500,3200,0
797,230000,2,1,2,29,0,0,0,0,0,0,0,0,0,0,0,0,0,0,0,0,0,0,0
798,50000,2,1,2,22,0,0,0,0,0,0,13801,9549,5385,7781,0,0,1372,1275,7900,0,0,0,0
799,100000,2,1,2,48,2,2,2,2,2,0,15355,17949,18158,18365,17932,18147,3164,800,800,0,662,3000,0
800,210000,2,2,1,35,0,0,0,0,0,0,37148,35754,34232,32331,30337,28012,2000,2000,2444,1342,1038,2000,0
801,400000,1,1,2,37,0,0,0,0,0,0,385,12695,1290,0,0,3058,13032,1290,0,0,3058,3768,0
802,20000,1,2,2,25,4,3,2,0,0,0,20610,20005,19331,19333,17363,16314,0,0,500,715,326,0,1
803,50000,2,3,1,44,0,0,0,0,0,0,2000,780,0,7472,10174,11104,780,0,7472,3000,1104,1000,0
804,230000,2,1,2,28,0,0,0,0,0,0,6666,6666,0,0,0,0,6666,0,0,0,0,0,0
805,220000,1,2,2,29,0,0,0,0,0,0,31037,6244,0,0,0,0,3050,0,0,0,0,0,0
806,300000,2,1,1,36,0,0,0,0,0,0,25239,25001,20800,0,0,65755,1713,1000,0,0,65755,3000,0
807,80000,2,2,2,23,1,0,2,0,0,0,998,6858,1879,1145,7328,3703,6861,11,1146,7329,3704,426,0
808,20000,2,3,2,36,0,0,2,2,2,2,16754,18873,19862,19245,20532,19953,2400,1600,0,1600,209,0,1
809,190000,2,1,2,26,0,0,0,0,0,2,31061,32129,33142,33726,35758,35171,1750,1720,1300,2600,0,1400,0
810,160000,2,2,0,37,0,0,0,0,0,0,2694,38433,38870,28574,27268,28021,35888,1325,891,1000,1098,426,0
811,120000,2,1,3,44,0,0,2,0,0,0,70096,76446,73732,12329,12329,0,8100,0,247,0,0,0,0
812,700000,2,1,1,39,0,0,0,0,0,0,99259,102345,109636,326,2016,61707,5000,10000,326,2016,61707,17785,0
813,140000,2,1,2,24,1,0,0,0,0,0,0,0,0,0,1086,0,0,0,0,1086,0,0,0
814,300000,2,3,1,29,0,0,0,0,0,0,24921,21333,16212,11304,11396,6138,2000,3000,0,5000,6202,0,0
815,120000,1,3,1,33,1,2,2,2,2,2,66055,67405,68405,69387,70727,72215,3000,2700,2700,2600,2800,0,1
816,280000,2,2,1,39,0,0,2,0,0,0,213738,228963,223810,158542,162244,108143,20300,0,5600,6300,4000,4000,0
817,70000,1,3,1,51,2,2,0,0,0,0,54968,51384,49734,50361,49185,47245,0,2100,1950,1900,2219,2100,1
818,20000,2,3,2,24,0,0,0,0,0,2,4101,507,3042,0,8402,6204,507,3042,0,8402,0,4739,0
819,150000,2,2,1,45,0,0,0,0,0,0,2605,2605,4590,2605,2605,3795,2605,4590,2605,2605,3795,10675,0
820,60000,1,1,2,30,0,0,0,0,0,0,15380,4116,19453,17912,18480,18848,4147,19435,1000,1000,1000,1000,0
821,200000,2,3,0,51,0,0,0,0,0,0,780,0,390,780,390,390,0,390,780,0,390,390,0
822,50000,2,2,2,24,1,2,0,0,0,0,48861,48082,48614,26667,26036,26850,2000,2233,1083,1100,1400,3000,1
823,150000,1,2,1,50,0,0,0,2,0,0,55336,58255,36260,35037,34631,63156,5085,4000,0,2000,30000,5000,0
824,20000,2,1,2,22,0,0,0,0,0,0,20243,20400,19583,19983,20196,19705,1410,1200,534,700,1000,0,0
825,40000,1,1,2,27,0,0,0,0,0,0,11058,11471,11776,12660,12660,12413,2000,1500,2330,2300,1000,2078,1
826,170000,2,2,2,33,1,0,0,0,0,0,0,7042,2986,0,0,0,7042,2986,0,0,0,0,0
827,50000,2,2,1,24,1,2,0,0,0,2,27087,26372,26992,27693,29237,28607,0,1400,1100,2100,0,1000,0
828,10000,1,2,2,37,0,0,0,0,2,2,8755,8158,7540,8164,6963,5923,1167,1022,1036,0,2700,0,0
829,200000,2,2,1,58,0,0,0,0,0,0,3035,199602,720,0,0,1500,199646,720,0,0,1500,185652,0
830,50000,2,2,1,48,0,0,0,0,0,0,20944,4696,47225,16483,9343,9693,2360,49325,3001,1882,500,503,0
831,320000,1,1,2,28,0,0,0,0,0,0,2007,3477,3037,1633,3633,0,2000,1000,1633,2000,0,3000,0
832,20000,2,3,1,24,8,7,6,5,4,3,24310,23987,23353,22719,21796,21162,0,0,0,0,0,0,0
833,470000,2,2,1,27,0,0,0,0,0,0,152478,62084,54551,14363,97440,90717,3001,4005,2021,97441,5001,5001,1
834,230000,2,3,2,30,0,0,0,0,0,0,550,0,13013,14265,13659,0,0,13013,1252,3659,0,0,0
835,20000,2,1,2,23,0,0,0,0,0,0,17246,16988,15973,18773,0,0,2000,2000,3000,0,0,0,0
836,30000,2,3,2,53,0,0,0,0,0,0,1598,2487,0,4810,2796,3245,2487,0,4810,2796,3245,7305,1
837,80000,2,2,2,23,2,2,2,2,2,2,22895,23837,24253,24562,25126,25476,1600,1100,1000,1100,906,0,0
838,110000,2,2,1,55,0,0,0,0,0,0,15069,16123,16850,17568,18133,18828,1600,1300,1000,1000,1000,1000,0
839,420000,1,2,1,34,0,0,0,0,0,0,88948,79783,80575,92982,98502,103200,30000,10575,15000,10000,10000,20000,0
840,500000,1,1,1,43,1,0,0,0,0,0,0,0,0,0,0,0,0,0,0,0,0,0,1
841,80000,2,2,2,22,1,2,0,0,0,0,79318,79459,79788,29069,26551,27109,2000,2201,2000,1000,1000,2000,0
842,350000,2,2,1,31,0,0,0,0,0,0,67648,68557,63179,57987,53948,39965,3039,2047,1750,1703,1721,784,0
843,30000,2,2,1,32,0,0,0,0,0,0,0,0,0,0,7463,6804,0,0,0,7463,6804,4985,0
844,110000,2,2,2,33,1,0,0,0,0,0,0,0,0,0,0,150,0,0,0,0,300,102,1
845,500000,1,3,1,39,0,0,0,0,0,0,315201,332071,375070,354839,369532,367399,25000,50000,20000,19586,14122,12022,0
846,490000,2,1,1,38,0,0,0,0,0,0,4290,4738,2803,6027,10722,8452,4738,2803,6027,10722,6000,1139,0
847,300000,2,2,1,34,0,0,0,0,0,0,205064,-86,-86,2014,-185,1815,0,0,2100,0,2000,5000,0
848,50000,1,2,3,42,2,0,0,2,0,0,47647,50232,50510,32177,29530,29789,3700,3700,0,1072,1500,1132,1
849,150000,1,3,1,37,4,4,4,3,2,0,151117,153787,150320,147989,143355,143131,6500,0,512,0,4388,4221,1
850,80000,2,3,1,57,0,2,0,0,0,0,726,726,15400,15000,15000,15000,0,15400,0,0,0,100,0
851,40000,2,2,2,23,0,0,0,2,2,6,20035,21406,24735,24050,43317,44059,2000,4000,0,20000,2000,0,0
852,30000,1,2,2,32,1,2,2,0,0,0,29095,30819,29214,29478,23384,22428,2500,0,910,1000,1000,1000,0
853,50000,1,1,1,37,0,0,0,0,0,0,30400,0,0,0,0,0,500,0,0,0,0,0,0
854,140000,2,2,2,23,0,0,0,0,0,0,44733,44144,44739,43455,43980,44614,2100,2027,1800,1600,1750,1700,0
855,50000,2,3,2,49,0,0,0,0,0,0,4987,6741,9366,8566,10066,0,2000,3000,1500,1500,0,0,0
856,30000,2,2,2,25,0,0,0,0,0,0,26957,26269,17036,27497,16098,7300,1333,2256,27497,787,200,0,0
857,40000,2,1,2,29,0,0,2,2,2,2,26461,29425,30145,29361,33893,34487,3400,1500,0,5000,1300,0,1
858,100000,2,3,1,43,2,2,2,2,2,2,50485,51582,52141,52691,54199,53176,2200,2000,2000,2500,0,4500,1
859,130000,1,2,2,29,0,0,0,0,0,0,131041,133698,131990,127512,128683,129669,7000,5151,4464,5000,4702,8000,0
860,20000,2,2,2,27,0,0,0,0,0,0,20218,19194,20112,19712,19712,6321,1482,1400,0,0,0,0,0
861,50000,1,1,2,26,0,0,0,0,0,0,0,0,0,0,0,0,0,0,0,0,0,0,0
862,260000,1,1,1,41,0,0,0,0,0,0,1086,2853,38836,45087,47201,46199,3552,38836,20000,15000,15000,10000,0
863,30000,2,3,2,52,2,2,7,7,7,7,2450,2450,2450,2450,2450,2450,0,0,0,0,0,0,1
864,10000,2,2,1,31,0,0,0,0,0,0,15915,9050,9901,9975,9736,8703,2330,2200,1000,333,311,322,0
865,200000,1,1,2,32,0,0,0,0,0,0,43515,44557,45574,49022,47459,49666,1739,1756,2662,1726,3000,2500,0
866,30000,2,2,1,46,0,0,0,0,0,0,28234,28874,29437,27738,27268,27409,1484,1436,1120,995,989,800,0
867,180000,2,2,2,35,0,0,0,0,0,0,119333,123150,0,0,0,0,6000,0,0,0,0,0,0
868,100000,1,1,2,35,0,0,0,0,0,0,29109,0,0,0,0,0,0,0,0,0,0,47970,0
869,140000,2,2,1,39,0,0,0,0,0,0,105192,90337,74510,73876,76180,78400,3000,6000,4000,4000,4000,3000,0
870,290000,2,2,2,34,0,0,0,0,0,0,310403,315048,314085,317631,315820,305498,12012,12012,11016,11088,12031,12031,0
871,20000,2,2,3,52,0,0,0,0,0,0,14591,15616,16628,16958,17314,17664,1265,1277,607,629,638,641,0
872,80000,2,3,1,40,0,0,0,0,0,0,35660,37082,38464,38922,40791,43108,2000,2000,1397,2500,3000,1600,0
873,500000,2,3,1,38,0,0,0,0,0,0,13655,8351,2340,2340,11435,189,8351,2340,2340,11435,189,5391,0
874,180000,1,1,1,45,0,0,0,0,0,0,4453,3310,7226,5060,2832,1890,3310,7228,5060,2832,1890,2576,0
875,20000,2,3,1,40,0,0,0,0,0,0,2946,0,390,390,390,390,0,390,390,390,390,780,0
876,30000,2,2,1,25,0,0,0,0,0,2,30606,29579,30291,30616,30456,29818,1800,1512,1259,2500,0,1000,0
877,150000,1,1,2,33,0,0,0,0,0,0,45335,50262,54793,59244,64096,68837,6000,6000,6000,6000,6001,6000,0
878,280000,2,2,2,27,0,0,0,0,0,0,5924,5174,980,3058,3158,9530,5174,1078,3058,3158,9530,0,0
879,50000,2,2,1,43,0,0,0,0,0,0,23587,24580,20165,10732,10566,10757,1800,1775,10732,384,757,501,0
880,20000,2,2,1,43,2,0,0,0,0,2,15294,16340,17359,17776,19293,18844,1300,1300,700,1800,0,1000,0
881,200000,1,1,2,30,0,0,0,0,0,0,4935,-200,11463,11751,11772,5318,0,11663,9363,3232,3000,1000,0
882,210000,2,2,1,49,1,0,0,0,0,0,0,0,0,0,0,0,0,0,0,0,0,0,1
883,230000,2,1,2,38,0,0,0,0,0,0,224020,227311,184500,128190,130883,133504,8750,7470,4540,4710,4750,4900,0
884,50000,1,3,2,57,0,0,0,0,0,0,47917,48455,48120,28450,29046,29647,1988,1989,1018,1054,1084,1048,0
885,50000,1,3,2,55,0,0,0,0,0,0,51737,27121,28103,28814,29261,29878,2930,1447,1158,1041,1082,994,1
886,70000,2,2,2,23,0,0,0,0,0,0,49605,51804,53041,55150,57098,59141,3000,2700,3000,3000,3000,4700,0
887,310000,1,1,2,30,0,0,0,0,0,0,1544,1648,1284,1088,892,-304,1300,1000,1000,1000,304,39544,0
888,180000,2,2,1,30,0,0,0,0,0,0,2488,13476,3173,13202,6594,2549,13476,3173,13212,6594,2549,1000,0
889,90000,2,2,2,24,0,0,0,0,0,2,24401,22771,19461,16181,14669,14422,1454,1384,407,673,0,102,0
890,390000,1,2,2,28,0,0,0,0,0,0,149445,139794,133224,106127,51097,38555,8046,5150,5297,5084,5065,5042,0
891,150000,2,3,1,34,0,0,0,0,0,0,772,337,618,150,150,377,340,618,150,150,227,0,0
892,400000,1,2,2,37,1,1,1,2,0,0,13611,15066,15882,12599,18599,12284,3019,5014,3,7040,2006,2005,0
893,80000,2,2,1,32,0,0,0,0,0,0,28408,25695,11553,2350,0,0,1259,1035,1600,0,0,0,0
894,320000,1,1,2,27,0,0,0,0,0,0,137574,199563,122093,105425,100206,96073,6048,6371,3043,3031,3066,3031,0
895,240000,2,2,1,37,0,0,0,0,0,0,238,0,0,0,0,0,0,0,0,0,0,0,1
896,200000,1,1,2,31,0,0,0,0,0,0,100,100,100,100,100,100,100,100,100,100,100,100,0
897,110000,1,1,3,55,1,2,2,2,3,2,92610,94755,92351,101140,99260,101577,4500,0,11300,0,4100,0,1
898,170000,2,1,2,28,2,2,2,2,2,2,131864,133897,129761,138604,136283,145012,5600,0,11000,0,11000,5656,1
899,90000,2,3,3,51,0,0,0,0,2,0,11315,12340,13349,14276,13904,14184,1212,1221,1148,0,510,525,1
900,200000,1,1,1,36,0,0,0,0,0,0,3877,11496,5935,295,1867,0,11496,1011,297,2923,0,0,0
901,360000,1,1,2,30,0,0,0,0,0,0,0,2500,0,0,0,0,2500,0,0,0,0,0,0
902,140000,2,1,1,36,0,0,0,0,0,0,4036,0,0,2971,1607,0,0,0,2971,0,0,0,0
903,220000,1,2,2,25,0,0,0,0,0,0,168286,155893,119575,51317,51926,34608,10000,3900,1000,1000,2000,2000,0
904,100000,1,3,1,50,0,0,0,0,0,0,154970,0,0,0,0,0,0,0,0,0,0,0,0
905,80000,2,2,2,40,2,0,0,0,2,2,57364,58637,59863,62860,63976,63293,2200,2200,4000,1777,0,2000,0
906,30000,2,2,2,27,0,0,2,0,0,2,27772,30461,29325,21449,29709,29086,3136,0,0,29709,0,1576,0
907,50000,1,1,2,30,2,2,2,0,2,2,4187,5152,3679,596,446,2699,2300,0,700,0,2300,0,1
908,120000,2,2,2,26,0,0,0,0,0,0,22431,12399,4199,3059,674,0,1500,1000,682,0,0,738,0
909,50000,1,1,2,27,0,0,0,0,0,0,7010,9876,11115,12915,14415,0,3000,1500,2000,2000,0,0,0
910,360000,2,1,2,27,0,0,0,0,0,0,79837,27456,68117,39105,54456,46153,27465,50154,39105,54456,46153,40000,0
911,90000,2,1,2,25,2,2,2,2,0,0,86014,92898,92860,88533,90942,88813,8300,2400,1000,4000,3600,4000,0
912,500000,1,1,2,32,0,0,0,0,0,0,386405,387910,293177,274539,253443,253671,25016,20018,10000,79377,52778,10000,0
913,140000,2,3,1,46,0,0,0,0,0,0,68075,69972,71805,73613,75426,77169,3000,3000,3000,3000,3000,5000,0
914,30000,1,3,1,45,0,0,2,0,0,0,17187,24045,23180,22000,22000,0,7900,0,0,0,0,0,0
915,70000,1,3,1,30,0,0,0,0,0,0,19882,20611,21859,22445,22935,23404,1352,1600,949,1000,1000,1000,0
916,200000,1,1,1,39,0,0,0,0,0,0,0,0,0,0,0,3983,0,0,0,0,3983,0,0
917,350000,1,1,1,48,0,0,0,0,0,0,54969,47978,48631,48351,47939,33827,2087,1989,1591,1466,2000,1500,0
918,120000,1,1,2,32,1,0,0,0,0,0,0,0,0,0,0,0,0,0,0,0,0,0,1
919,240000,1,1,2,46,0,0,0,0,0,0,471814,478380,395612,386295,356206,352257,16044,15087,12000,15000,12000,12000,0
920,90000,2,1,2,23,0,0,0,0,0,0,22109,25011,29230,32747,38217,43744,6000,5000,4000,6000,8000,4000,0
921,260000,2,1,2,33,1,0,0,0,0,0,0,0,0,0,1980,2500,0,0,0,1980,2500,0,0
922,50000,2,1,2,24,0,0,0,2,0,0,27245,28300,31900,31090,31837,32555,1800,4400,0,1400,1400,1400,0
923,110000,1,1,1,40,0,0,0,0,0,0,8481,13066,17638,22204,26784,31352,4980,5124,5256,5416,5552,5742,0
924,20000,2,1,2,24,0,0,2,0,0,0,1371,796,398,796,398,716,796,0,796,0,716,12111,0
925,30000,2,2,2,24,0,0,0,0,0,0,27391,28412,28575,28925,24159,0,1767,1700,1010,1141,0,0,0
926,180000,1,1,2,27,0,0,2,2,0,0,11392,14688,14040,13440,13440,13080,3500,0,0,0,0,0,1
927,20000,1,2,1,46,0,0,0,0,0,0,5902,6767,8145,8153,8324,8490,1122,1500,291,302,304,319,0
928,50000,2,2,2,22,0,0,0,0,0,0,50342,50482,49217,40882,20258,20303,1896,1656,1750,717,753,1000,0
929,180000,2,1,2,36,0,0,0,0,0,0,10737,21197,11936,40420,9210,17795,21197,11936,40420,9210,17795,6915,0
930,200000,1,1,1,34,0,0,0,0,0,0,1242,4006,941,2357,2945,1143,4034,945,2366,2947,1143,744,0
931,260000,2,2,2,24,0,0,0,0,0,0,68411,60386,48663,50998,53835,56728,2500,4000,4000,3835,3805,3000,0
932,320000,1,1,1,60,0,0,0,0,0,0,9955,3465,84421,886,11741,4317,3465,84440,886,11533,4317,52466,1
933,160000,2,2,2,29,2,2,0,0,0,0,1989,-8,866,0,892,0,0,874,0,892,0,594,1
934,30000,1,2,2,32,2,0,0,2,2,2,7851,9065,11595,11112,12923,12566,1500,3000,0,2000,0,1000,1
935,50000,2,2,1,36,0,0,0,0,0,0,16906,17645,18478,10279,10646,10776,1314,1147,348,512,435,190,0
936,50000,1,2,2,30,0,0,0,0,0,0,21062,6495,2207,0,0,0,2000,1000,0,0,0,0,0
937,90000,2,2,2,29,0,0,0,0,0,0,47585,52084,53817,54818,55985,57398,10000,2600,2500,2200,2500,3000,0
938,240000,1,1,2,34,1,2,0,0,0,0,11874,5979,6938,41858,10416,1711,0,6938,41877,0,1711,27162,0
939,180000,2,2,1,32,1,2,2,2,0,0,15548,15009,17752,17172,18732,23389,0,3000,0,2000,5000,2000,1
940,200000,2,2,1,32,0,0,0,0,0,0,5150,10190,10190,10190,10594,11193,10190,10190,10190,10594,11193,10190,0
941,50000,2,1,2,25,0,0,0,0,0,2,42543,34629,27095,18538,20100,19630,1900,1428,600,3000,0,1000,0
942,50000,1,2,1,44,0,0,0,0,0,0,1261,1261,1261,1261,1261,1261,1261,1261,1261,1261,1261,1261,0
943,330000,2,1,1,37,0,0,0,0,0,0,4785,3403,0,5882,5882,1013,3523,0,5882,0,1013,0,0
944,80000,2,2,2,24,2,2,5,5,4,3,1200,1200,1200,1200,600,300,0,0,0,0,0,0,1
945,50000,2,2,2,23,0,0,0,0,0,0,3779,3944,2118,2259,3527,1100,3955,2124,2266,3638,1303,0,0
946,360000,2,1,2,29,0,0,0,0,0,0,15854,8174,1004,1004,646,3508,1000,1004,1004,646,3508,0,0
947,240000,2,2,1,37,0,0,0,0,0,0,219099,217058,187841,186140,191678,191816,8131,8123,6700,10000,7700,6000,0
948,50000,1,2,1,59,0,0,0,0,0,0,47069,48479,49520,18990,19539,19791,2169,2210,680,855,726,687,0
949,470000,1,2,2,33,0,0,0,0,0,0,190258,181207,120318,129281,113437,164377,40012,10020,40069,25005,100000,51305,0
950,160000,2,3,1,51,0,2,0,0,0,0,2000,1000,2125,2125,1000,2125,0,2125,2125,1000,2125,23250,0
951,30000,1,1,1,27,0,0,0,0,0,0,12897,13484,6655,6618,0,0,2011,2211,2101,148,0,0,1
952,80000,2,2,1,32,0,0,0,0,0,0,81074,78262,76163,76813,77511,79069,3700,3400,2900,2900,2841,3100,0
953,500000,2,3,2,42,0,0,0,0,0,0,10889,26146,104279,103945,101945,90193,29987,104279,2085,1130,45551,0,0
954,180000,1,2,2,39,0,0,0,0,0,0,3135,2822,1938,5818,2628,2628,2833,2015,5818,2628,0,0,0
955,110000,2,2,1,46,0,0,0,0,0,0,2410,2151,2161,1719,107591,107940,2151,2161,1719,107591,5000,3500,0
956,160000,1,1,1,41,0,0,0,0,2,2,117126,11222,15513,18087,17499,19939,15315,15000,3000,0,3000,0,0
957,210000,2,2,2,30,0,0,0,0,0,0,21780,20974,18652,13464,109722,105573,1325,1074,1000,99000,3745,4000,0
958,200000,2,1,1,34,0,0,0,0,0,0,6206,6723,7545,362,181,488,1120,1024,362,0,488,300,1
959,350000,1,1,2,35,0,0,0,0,0,0,4439,33720,14283,16426,10833,2261,33891,16267,4027,234,1565,26346,0
960,250000,1,1,2,41,0,0,0,0,0,0,1338,-24,8324,5872,23020,2367,0,8348,0,23020,2367,3117,1
961,380000,1,1,2,43,1,2,2,0,0,0,8201,7882,-2,-2,-2,-2,39,0,0,0,0,0,1
962,30000,1,2,2,47,0,0,0,0,0,0,396,396,396,792,396,772,396,396,792,0,772,0,0
963,200000,1,2,2,31,0,0,0,0,0,0,33781,35879,26043,27497,29082,31647,3000,2000,2000,2000,3000,4000,0
964,30000,1,2,2,30,0,0,0,0,0,0,27826,28672,29622,30271,24536,22913,1600,1500,1000,1000,1000,1000,0
965,50000,1,2,2,24,0,0,0,0,0,0,14937,12171,3847,11117,6479,6187,3027,3858,11139,3009,3016,3008,0
966,500000,1,1,1,36,0,0,0,0,0,0,294827,292920,291760,288024,274632,266669,20007,20026,20020,10017,15024,10002,0
967,30000,1,1,2,28,1,0,0,0,0,0,0,0,1310,816,0,0,0,1310,816,0,0,0,0
968,220000,2,1,1,36,0,0,0,0,0,0,996,4102,4111,1057,990,1324,4102,1111,1057,990,1324,1039,0
969,20000,2,2,1,27,0,0,0,0,0,0,42784,41009,44267,47149,48497,14774,3000,5000,10000,3011,2011,2011,0
970,180000,2,2,1,32,0,0,0,0,0,0,74189,30670,6428,4618,2708,54024,2000,1000,0,2708,54024,2000,0
971,300000,1,1,1,42,0,0,0,0,0,0,11973,61834,25145,37666,19453,10492,20979,5000,37676,8808,2000,2709,1
972,130000,2,2,1,33,0,0,0,0,0,0,133461,133393,132211,101807,101083,101597,7010,6657,3899,3952,3900,4000,0
973,180000,2,3,1,39,2,2,2,2,2,0,10159,12689,12183,13979,13621,14809,2710,0,2000,0,2000,2000,1
974,150000,2,1,3,30,0,0,0,0,0,0,50,6527,2168,-7,1373,-1,8589,2500,0,1380,0,2050,0
975,140000,1,2,1,30,0,0,0,0,0,0,134203,127319,107496,69218,70702,72267,5000,3500,2700,2600,2742,2700,1
976,50000,2,2,2,22,0,0,0,0,0,0,49609,61162,31485,15281,18031,18233,2100,2000,4000,3000,1500,1000,0
977,20000,1,2,2,25,1,2,2,0,0,0,6174,7543,7255,3887,5887,0,2000,28,0,2000,0,0,1
978,180000,1,1,2,28,0,0,0,0,0,0,666,662,-4,55566,1056,390,662,0,61411,1056,0,1998,0
979,180000,1,2,2,26,0,0,0,0,0,0,5591,6619,10574,7733,6794,5487,1126,4081,240,504,169,62,1
980,150000,2,3,1,54,0,0,0,0,2,0,148747,145231,145341,153833,151194,145738,5500,5500,11000,0,6000,5215,0
981,70000,2,1,2,24,0,0,0,0,0,0,63903,65248,62958,64209,59482,60883,3000,2190,2201,2181,2413,1952,0
982,30000,1,2,2,29,8,7,6,5,4,3,34423,33952,33165,32391,31332,30558,0,0,0,0,0,0,0
983,500000,1,1,2,36,0,0,0,0,0,0,45106,81264,18122,27229,21462,27911,81690,18225,27365,21570,28050,17397,1
984,60000,1,3,1,49,0,0,0,0,0,0,44801,41545,40649,40843,40612,40656,3000,4506,2500,1800,4200,2500,0
985,50000,2,1,2,23,0,0,0,0,0,0,49860,50187,50022,20114,18777,18273,2500,1289,917,1315,5042,2512,0
986,130000,1,3,2,43,1,0,0,0,0,0,1018,6377,-2,935,4985,1212,6433,2,937,4990,1215,9546,1
987,260000,2,2,1,33,0,0,0,0,0,0,134736,135593,120909,102524,40157,40805,6067,10000,3000,40157,1466,2000,0
988,380000,1,3,1,53,0,0,0,0,0,0,0,0,0,0,0,0,0,0,0,0,0,0,0
989,360000,2,2,2,25,2,2,2,2,2,2,286732,290690,284059,294308,297916,279503,10792,0,15000,5800,0,126685,0
990,50000,1,3,1,54,1,2,2,0,0,0,62847,60885,56828,55419,54054,53143,2100,0,2000,2000,2455,4000,0
991,50000,2,3,1,39,0,0,2,0,0,0,58300,59727,142,29886,30510,31276,7876,161,74354,927,1089,9100,0
992,260000,2,1,1,44,0,2,2,0,0,0,1215,856,291,803,98,431,0,291,803,98,431,1104,1
993,80000,2,2,2,27,0,0,0,0,0,0,57376,58649,59873,61077,62394,63655,2200,2200,2200,2300,2300,2600,0
994,360000,2,1,2,25,0,0,0,0,0,0,279846,169426,68810,12800,0,0,7004,1793,2757,0,0,0,1
995,290000,2,1,2,29,1,0,0,0,0,0,0,0,0,0,0,0,0,0,0,0,0,0,1
996,200000,1,1,2,39,0,0,0,0,0,0,-200,-200,-200,0,60800,0,0,0,200,60800,0,0,0
997,140000,1,1,1,45,0,0,0,0,2,2,39716,40799,41853,44452,45433,46383,1600,1600,3169,1700,1700,1495,0
998,360000,1,1,1,38,1,0,0,0,0,0,0,0,0,0,0,0,0,0,0,0,0,0,1
999,50000,2,2,2,23,0,0,0,0,0,0,780,0,780,390,390,500,0,780,0,390,500,18300,1
1000,120000,1,2,2,25,2,2,0,0,0,0,113348,110119,111700,83858,86434,88802,0,5000,3158,3934,3802,2000,0
1001,100000,1,2,1,29,0,0,0,0,0,0,94453,95860,67782,-2618,95748,101299,3320,5000,0,100000,7186,0,0
1002,200000,2,2,1,28,0,0,0,0,0,0,81865,86790,8441,97041,103541,3632,5000,2000,89000,6500,91,1504,0
1003,90000,2,2,1,40,0,0,0,0,0,0,4989,-818,1114,657,1332,780,0,2806,2256,2274,780,0,0
1004,360000,1,1,2,36,1,0,0,0,0,0,0,0,0,0,0,0,0,0,0,0,0,0,1
1005,150000,2,3,2,30,0,0,0,0,0,0,456,9664,3420,2527,0,0,9664,3420,2612,0,0,0,1
1006,140000,1,1,2,29,0,0,0,0,0,0,2937,5150,1514,2573,495,1744,2024,1522,2580,496,1749,2265,0
1007,200000,2,2,2,36,0,0,0,0,0,0,1371,4068,0,0,0,980,4077,0,0,0,980,0,0
1008,170000,2,2,1,37,0,0,0,0,0,0,166246,169163,136604,136607,133199,135242,6700,6800,4700,4700,5500,5000,0
1009,30000,1,2,2,34,0,0,4,3,2,0,19785,24633,23961,23289,22779,51224,5500,0,0,0,3400,512,0
1010,80000,2,1,2,27,0,0,0,0,0,0,80000,0,0,0,0,0,0,0,0,0,0,0,0
1011,280000,1,1,2,31,0,0,0,0,0,2,164736,170564,150666,133465,133536,132964,8833,12005,5000,8000,3000,5000,0
1012,410000,2,1,1,31,0,0,2,2,0,0,2744,2041,630,-736,-1591,-2303,2051,5,266,266,253,6384,0
1013,450000,1,1,2,38,0,0,0,0,0,0,29747,53311,10920,8072,22809,12415,30323,10973,8112,22923,12476,6728,0
1014,80000,1,2,2,36,0,0,0,0,0,0,79148,52174,44275,42029,33838,29757,2000,2000,1500,1500,2000,1500,0
1015,360000,1,1,1,46,0,0,0,0,0,0,92961,76243,51722,-8,-8,-16,10125,13092,0,0,0,0,0
1016,130000,2,1,1,36,0,0,0,0,0,0,129689,107070,103942,94623,90556,92394,5000,4400,5000,4000,3500,4000,0
1017,160000,2,1,2,26,0,0,0,0,0,0,2198,11155,0,12315,0,11855,9155,0,12315,0,11855,0,1
1018,140000,2,3,2,57,2,0,0,0,0,0,131795,134083,125360,99313,90623,92425,6743,5421,3926,3290,3310,3424,1
1019,240000,2,3,1,40,1,0,0,0,0,0,-55,-55,3545,1338,1075,1744,0,3600,1338,1075,1744,0,0
1020,180000,2,3,0,45,0,0,0,0,0,0,4148,0,0,0,0,0,0,0,0,0,0,0,0
1021,70000,1,1,3,57,0,0,0,0,0,0,69398,70352,69936,68118,65942,62495,2667,2321,2391,2316,2466,1451,0
1022,150000,2,2,2,25,0,0,0,0,0,0,142827,126317,75324,78773,95375,57663,5000,4000,5000,40000,3000,2880,0
1023,210000,2,3,1,37,0,0,0,0,0,0,138398,109115,101912,62959,60767,41150,5000,5000,2500,2800,2000,0,0
1024,200000,2,1,1,35,0,0,0,0,0,0,9918,10971,11817,17865,18239,14527,1219,1165,7865,592,807,679,0
1025,310000,1,2,2,33,0,0,0,0,0,0,4040,4048,3959,205,3199,5104,4068,3964,205,3209,5109,1434,0
1026,180000,1,1,1,38,0,0,0,0,0,2,153099,150227,138313,137274,147314,129870,7005,6500,5000,12042,32,1300,0
1027,300000,1,2,2,31,0,0,0,0,0,0,62198,35674,34979,510,2166,765,1600,2600,510,903,765,773,0
1028,450000,2,1,2,41,0,0,0,0,0,0,11343,75083,25273,85357,27745,1990,75459,25413,85784,27856,2000,1900,0
1029,200000,1,1,2,33,1,0,0,0,0,0,-5,3465,3191,1873,90687,4577,3470,3191,0,90729,0,6266,0
1030,30000,2,2,1,67,2,2,0,0,2,2,30374,29038,27737,29499,30124,26855,0,1500,2182,1200,0,2302,1
1031,400000,2,1,1,40,0,0,0,0,0,0,1107,3891,120338,8318,8488,130,3891,120407,0,170,130,8595,0
1032,170000,1,1,2,33,0,0,0,0,0,0,764,1100,500,2499,1500,600,1105,500,2499,1500,600,2100,0
1033,140000,2,1,2,31,0,2,0,0,0,0,652,326,326,326,476,326,0,326,326,476,326,326,1
1034,200000,2,2,2,35,0,0,0,0,0,0,64195,65565,66870,68752,70485,71887,3000,3000,3000,3000,2575,3000,0
1035,60000,2,2,3,39,1,0,0,0,0,0,-1540,-1930,-2320,-1220,0,0,0,0,2000,2000,0,0,0
1036,60000,1,2,2,27,1,2,0,0,2,2,43356,42381,46663,49877,50734,49764,0,5000,4000,1800,0,2000,1
1037,150000,1,1,2,23,0,0,0,0,0,0,11109,83376,79726,76986,78038,78321,78016,3048,4000,3500,3000,3000,0
1038,180000,1,3,1,54,0,0,0,0,0,0,149698,137260,124500,111430,98182,84598,4834,4371,3849,3405,2887,2402,1
1039,50000,2,3,2,23,0,0,0,0,0,0,43979,33403,20879,18573,17318,17936,2000,2000,2000,1000,1000,2800,0
1040,50000,1,3,2,24,0,0,0,0,0,0,2562,8743,-290,18115,18495,18804,8769,0,18650,659,1000,1000,0
1041,20000,1,2,2,26,0,0,0,0,0,0,70,-620,-620,-1400,0,0,0,0,0,1400,0,0,0
1042,230000,2,2,2,52,2,0,2,0,0,0,1292,3943,1990,1499,593,2553,3951,1,9,594,2560,3759,1
1043,110000,2,2,1,42,0,0,0,0,0,0,55349,52914,49483,49292,49460,49470,2096,2003,1802,1783,1783,1756,0
1044,90000,2,1,2,36,0,0,0,0,0,0,90922,80980,66503,67347,68509,67588,4273,3200,2500,2500,2631,2646,0
1045,20000,2,1,2,22,2,2,2,2,2,2,16233,20547,20542,19572,20437,19994,5383,660,0,1538,0,2658,1
1046,30000,2,1,2,23,0,0,0,0,0,0,26847,24815,21681,22293,17155,13470,2500,3500,2000,3500,2000,1000,0
1047,220000,1,3,1,30,0,0,0,0,2,0,162105,170592,173969,183030,181385,174107,10000,5013,10626,52,5255,4222,1
1048,140000,2,3,2,24,1,2,2,2,0,0,42897,45739,46468,45422,46371,47297,3821,1775,0,1833,1850,2000,1
1049,300000,2,1,1,42,0,0,0,0,0,0,3000,3300,0,0,610,2165,3300,0,0,610,2165,2394,0
1050,100000,1,2,1,49,0,0,0,2,0,0,34704,30906,28325,22160,18842,17023,2011,2028,10,558,1044,12,0
1051,110000,1,2,2,31,2,2,3,3,2,0,279,279,279,279,129,179,0,0,0,0,200,0,0
1052,270000,2,3,2,33,0,0,0,0,0,0,10000,10000,10000,123693,116843,110059,10000,10000,222750,5000,5008,5026,0
1053,30000,1,1,1,42,0,0,0,0,0,0,28033,17085,200,323,29525,0,1525,200,323,29525,0,0,0
1054,70000,1,3,2,41,0,0,0,0,0,0,70476,68539,69520,51605,50311,50729,2700,3500,2000,2000,2500,2500,0
1055,230000,1,2,1,53,2,2,0,0,0,0,1350,0,0,0,0,470,0,0,0,0,470,0,0
1056,20000,1,2,2,23,0,0,0,0,0,0,18852,16648,19395,20271,20445,17532,1500,4000,2000,2000,2900,2735,0
1057,190000,2,1,2,33,1,2,0,0,0,0,115056,108137,89722,69861,49894,49727,0,4413,2942,2000,1583,1500,0
1058,20000,2,2,1,29,0,0,0,0,0,0,15890,13995,13375,14205,15869,16666,2000,2000,1000,2000,1000,1000,0
1059,80000,2,3,1,67,0,0,0,0,0,0,20255,18885,21529,29236,10662,2408,6000,5002,10662,2,2408,11662,0
1060,20000,1,3,1,33,2,0,0,0,0,0,20500,16237,20960,6914,1017,780,2191,1000,0,1017,780,6380,1
1061,60000,2,3,1,34,0,0,0,2,0,0,9928,11261,12853,12352,12703,13338,1500,2090,0,700,1000,1400,1
1062,50000,1,2,1,49,0,0,0,0,0,0,10750,8755,8684,5983,4252,5034,1507,3109,2209,2000,2500,3000,0
1063,280000,2,2,1,56,0,0,0,0,0,0,284204,284041,283396,213294,213384,213604,10261,17003,7657,7750,7861,8083,1
1064,300000,1,1,1,42,0,0,0,0,0,0,120151,89618,47857,48128,50332,23688,4229,5024,6012,5191,12139,110247,0
1065,30000,2,3,1,55,2,0,0,0,0,0,29278,30393,29785,30377,30155,31098,1600,1585,1377,1155,2600,0,1
1066,270000,2,2,1,25,0,0,0,0,0,0,21586,239499,203867,188064,147915,139976,239104,7098,6179,5023,6090,4000,0
1067,100000,1,3,2,30,0,0,0,0,0,0,87579,72308,53505,43371,48125,40388,4172,2094,3007,10021,3012,1527,0
1068,240000,1,2,2,43,0,0,0,0,0,0,291,291,291,291,291,291,291,291,291,291,291,291,1
1069,200000,1,1,2,40,0,0,0,0,0,0,2159,760,2775,22813,10526,326,1086,2775,22813,10526,326,573,0
1070,110000,2,1,2,35,0,0,2,2,0,0,32691,36344,36055,36163,37028,38250,4500,600,1000,1600,2000,2000,0
1071,230000,1,1,1,61,0,0,0,0,0,0,1477,3699,2252,4932,2783,7411,3710,2266,7338,2791,7433,4527,0
1072,150000,2,2,1,44,0,0,0,0,0,0,390,5104,10318,5775,14441,780,5104,10318,10355,14441,780,66950,1
1073,350000,1,1,2,33,0,0,0,0,0,0,148341,8095,15047,3220,20461,3249,8405,15052,3805,20467,3253,27168,0
1074,360000,1,6,1,66,0,0,0,0,0,0,47615,74976,4040,151858,48580,1451,75351,4064,152618,48822,1451,171944,0
1075,150000,2,2,2,40,1,0,0,0,0,0,-19,3894,5570,10516,-3,-3,3913,5606,10568,0,0,2379,0
1076,100000,1,3,2,47,0,0,0,0,0,0,94925,95130,60003,38500,4681,76728,3889,2412,1698,679,72809,2748,0
1077,500000,1,1,2,27,0,0,0,0,0,0,204198,201648,197549,192093,187726,183860,7434,6342,5276,5271,5778,5029,0
1078,500000,1,1,2,35,0,0,0,0,0,0,172041,70011,12976,34469,27425,28506,58761,13976,34828,28289,18175,17500,0
1079,180000,2,3,1,47,0,0,0,0,0,0,316,316,316,316,316,316,316,316,316,316,316,316,0
1080,400000,2,3,1,39,1,0,0,0,0,0,2384,3500,471,-203,2371,1949,3603,471,203,2574,1949,1040,0
1081,100000,2,2,2,29,0,0,0,0,0,0,61383,49560,40183,61820,8322,6182,1908,2000,1000,2000,3000,5000,0
1082,10000,1,2,1,32,1,2,2,2,2,2,8425,8148,9481,9180,10052,10091,0,1632,0,1022,350,0,0
1083,60000,2,1,2,30,2,2,2,2,2,2,34735,33895,36530,37133,37893,37131,0,3200,1500,1500,0,1700,0
1084,50000,2,1,2,25,1,2,2,2,2,2,47054,48008,48913,49847,50840,49502,2000,2000,2000,1900,1900,1600,1
1085,80000,2,2,2,23,0,0,0,0,0,0,57314,58489,50452,51573,49061,33931,2145,2000,2012,2049,2008,1217,0
1086,110000,2,2,1,43,0,0,2,0,0,0,108616,114854,105275,107561,105502,103813,9600,0,4000,3765,4000,4200,0
1087,410000,2,2,1,41,0,0,0,0,0,0,354506,363666,369776,368779,369358,368043,14600,15500,14000,13580,14000,19000,1
1088,260000,2,2,1,40,1,0,0,0,0,0,0,342,0,0,0,0,342,0,0,0,0,0,0
1089,30000,2,3,1,35,0,0,0,0,0,0,28786,26496,25098,26209,25325,26400,1500,1450,1500,1500,1500,1500,0
1090,310000,2,1,2,28,0,0,0,0,0,0,36513,37628,39579,40879,85,4381,2500,3000,1500,85,4381,11100,0
1091,70000,2,2,2,38,0,0,0,0,0,0,22578,23606,24619,25107,25634,26143,1397,1410,898,931,936,970,0
1092,250000,1,1,2,31,0,0,0,0,0,0,215316,198490,169014,167776,168110,168505,6845,5945,5919,6000,6059,5837,0
1093,210000,1,3,1,29,1,2,0,0,0,0,198510,194040,199393,194538,195990,194136,0,10000,7000,8000,8000,7200,0
1094,360000,1,2,1,41,1,0,0,0,0,0,0,0,0,0,0,0,0,0,0,0,0,0,1
1095,50000,1,2,2,31,1,2,0,0,2,0,48657,45079,47714,19586,19143,20051,0,4300,2150,0,1204,1000,0
1096,670000,1,1,2,29,0,0,0,0,0,0,244663,243209,229265,228114,232795,237726,10000,8000,8500,8190,9000,8000,0
1097,130000,1,1,2,26,0,0,0,0,0,0,2343,32278,24175,15182,12805,14415,32322,1217,1000,3000,2000,390,0
1098,170000,1,1,1,42,1,0,0,0,0,0,0,0,0,0,0,2485,0,0,0,0,2485,7797,0
1099,30000,1,3,2,29,0,0,0,0,0,0,390,0,780,0,0,0,0,780,0,0,0,0,0
1100,110000,1,1,1,50,0,0,0,0,0,0,36802,38210,40259,41585,42913,44197,2000,3000,2000,2000,2000,2000,0
1101,210000,2,3,2,46,1,2,0,0,0,0,5816,5579,20079,17309,2310,241,13,17309,0,2310,241,4000,1
1102,30000,2,2,2,24,0,0,2,2,2,0,24238,26996,26269,27734,27151,28199,3462,0,2200,0,1500,1500,1
1103,260000,2,2,1,46,0,0,2,2,2,0,18256,19556,18136,24018,21490,18196,2934,0,8000,0,2000,8000,0
1104,150000,2,3,2,28,0,0,0,0,0,0,1723,2292,240,683,3486,5390,6876,240,683,3486,5390,1200,0
1105,20000,2,2,1,35,1,2,2,3,2,0,18648,18061,21034,20419,19289,19600,0,3292,0,0,781,701,1
1106,380000,2,1,1,40,0,0,0,0,0,0,6614,54457,47872,24543,0,0,49094,0,24543,0,0,0,0
1107,200000,2,1,1,41,0,0,0,0,0,0,7812,0,0,1115,0,0,0,0,1115,0,0,0,0
1108,120000,2,2,1,47,0,0,0,0,0,0,1188,2512,3444,1742,502,346,2512,3444,1742,502,346,325,0
1109,80000,1,2,1,54,0,0,0,0,0,0,76962,79463,79761,30286,29898,30364,4000,3500,1100,1100,1200,1000,1
1110,30000,2,2,2,33,1,2,0,0,0,0,31089,10989,11997,12397,13043,13325,0,1200,600,1000,650,650,0
1111,110000,1,2,2,29,1,2,2,2,0,0,83687,85360,86274,84001,85897,88759,3900,3200,0,3400,4500,2600,0
1112,50000,2,3,1,44,0,0,0,0,0,0,3424,155,1922,1473,1865,835,155,1922,1473,1865,835,1833,0
1113,90000,2,2,1,24,0,0,0,0,0,0,84148,79847,75576,75266,74431,68399,5006,4007,5006,4003,3014,4007,0
1114,110000,1,1,2,33,0,0,0,0,0,0,12633,88334,53978,23687,26567,8435,80004,1500,12013,7000,2000,4000,0
1115,50000,1,3,1,54,0,0,0,0,0,0,38607,39681,40717,41682,42857,45581,2000,2000,1642,2000,3600,0,0
1116,60000,1,1,2,27,0,0,0,0,0,0,11862,1856,-14,4839,9567,11407,1861,0,4853,9567,2000,0,0
1117,150000,2,2,2,37,0,0,0,0,0,0,80463,82513,84271,43832,33963,34638,3348,3490,1402,1233,1240,1284,1
1118,20000,1,1,2,24,1,2,0,0,0,0,18738,18016,7190,7190,0,0,20,1500,0,0,0,0,0
1119,140000,2,3,1,54,1,0,0,0,0,0,-150,-150,-150,-150,-150,-150,0,0,0,0,0,0,1
1120,120000,2,2,1,34,1,0,0,0,0,0,-9,898,7752,4447,8495,0,907,7772,4447,8495,0,528,0
1121,200000,2,2,2,40,2,0,0,0,0,0,176502,176297,162826,160186,161965,152361,8000,7300,6000,6000,6000,6000,1
1122,20000,1,2,2,30,1,2,4,3,2,2,19977,21359,20581,19860,19690,1735,2000,0,0,0,500,0,1
1123,50000,1,2,2,26,0,0,0,0,0,0,48221,49629,48868,49668,49780,49980,2571,1200,1000,40000,1000,0,0
1124,200000,2,2,1,41,0,0,0,0,0,0,18012,18367,16996,11461,8150,5584,1385,1020,229,183,5584,888,0
1125,100000,2,2,2,29,0,0,0,0,0,0,75912,85276,88498,90289,92485,95630,10000,4000,2600,3000,4000,5000,0
1126,300000,1,1,1,38,0,0,0,0,0,0,2285,0,0,0,0,0,0,0,0,0,0,0,0
1127,500000,2,1,2,35,0,0,0,0,0,0,22369,14100,24754,21443,13892,11241,14128,24902,21479,11465,11356,66710,0
1128,360000,2,2,1,52,0,0,0,0,0,0,2995,2401,2277,500,3586,7399,2406,2282,500,3586,7399,600,0
1129,160000,2,1,2,29,1,0,0,0,0,0,0,0,0,0,0,0,0,0,0,0,0,0,0
1130,50000,2,2,2,23,0,0,0,2,2,2,47053,47835,51109,51713,52738,48789,1842,4116,2000,1950,0,1885,1
1131,230000,2,2,1,34,0,0,0,0,0,0,234328,234211,157345,155335,153427,150514,8913,5449,5339,5370,4435,4432,1
1132,200000,2,2,2,34,1,0,0,0,0,0,0,3346,0,465,1775,8722,3346,0,465,1775,8722,0,0
1133,270000,1,1,1,44,3,3,4,4,4,4,256402,264267,271951,278509,283545,278436,17944,18112,15405,10000,0,0,0
1134,50000,2,2,1,36,2,2,2,0,0,2,45159,49125,47956,43578,35126,34420,4700,0,2004,3500,0,1000,0
1135,20000,1,2,2,28,1,2,2,2,0,0,15764,15718,17164,16594,18158,19554,500,2000,0,2000,1700,0,0
1136,60000,2,2,2,31,0,0,0,0,2,0,59643,61279,61017,30117,29526,29201,3200,2535,2331,0,1073,2134,0
1137,50000,1,2,2,31,0,0,0,0,0,0,2522,0,18171,17051,390,16526,0,18171,341,0,16526,324,0
1138,50000,1,2,1,41,0,0,0,0,0,0,19339,20424,20086,18600,19153,19289,1703,1306,810,1000,900,900,0
1139,130000,2,3,1,44,0,0,0,0,0,2,109006,110256,113283,101247,96939,81977,4500,5000,4000,10600,0,2300,0
1140,230000,2,3,2,47,0,0,0,0,0,0,147300,121855,102074,94225,96616,95849,10000,5000,4000,4000,5000,4000,0
1141,20000,1,2,2,25,0,0,0,0,0,0,3400,4129,0,0,3244,3314,1000,0,0,3244,124,66,0
1142,30000,2,1,2,25,0,0,2,0,0,2,19801,20449,19798,20217,21435,19239,3000,0,700,1500,0,323,0
1143,200000,2,1,1,39,0,0,0,0,0,0,8432,6977,6727,6864,5253,3388,3746,6737,2013,10,20,10901,0
1144,140000,2,2,1,24,0,0,0,0,0,0,2515,0,0,0,2243,5530,0,0,0,2243,5530,4441,0
1145,100000,2,2,1,35,2,0,0,2,2,0,98845,95265,98571,99322,96661,95951,4600,8002,4003,2,4005,4000,1
1146,240000,1,2,1,32,2,2,2,0,0,0,127418,135942,132640,135320,138523,141618,10400,0,4500,5000,5000,5000,1
1147,70000,2,1,2,31,2,2,7,7,7,7,2400,2400,2400,2400,2400,2400,0,0,0,0,0,0,1
1148,360000,1,1,2,33,1,2,0,0,0,0,71195,60553,60158,16672,35039,8320,0,1399,0,35039,8320,5169,0
1149,140000,2,1,2,30,1,2,0,0,0,0,149389,145757,144229,144470,144386,120586,0,5350,5555,5836,4191,4341,0
1150,50000,1,2,1,52,0,2,0,0,0,0,2072,1532,3106,2721,780,0,0,2000,5,0,0,0,0
1151,210000,2,2,1,36,0,0,0,0,0,0,396,590,2042,1646,396,396,590,2042,0,396,396,396,0
1152,280000,1,1,2,30,1,2,2,0,0,0,191493,187913,169223,153063,133490,130377,1000,7600,5949,6000,5200,5117,0
1153,180000,2,2,2,42,2,2,2,2,2,2,50420,51818,52372,52917,54123,55176,2500,2000,2000,2200,2100,2200,1
1154,150000,2,1,2,30,0,0,0,0,0,0,10705,5416,5162,4068,249,249,1000,5162,1000,249,249,5565,0
1155,20000,1,3,1,47,1,2,0,0,0,2,19739,19137,19857,15422,19279,9537,0,1200,0,9537,0,0,0
1156,350000,2,2,1,29,0,0,0,0,0,0,8760,5882,9845,4677,5767,6532,5932,9908,4692,5787,6548,4863,0
1157,130000,2,1,2,23,0,0,0,0,0,0,3820,2640,30403,9630,7120,3940,2640,30403,193,7120,79,9589,0
1158,470000,1,3,1,39,1,0,0,0,0,0,0,0,0,0,0,0,0,0,0,0,0,789,0
1159,340000,2,2,1,48,0,0,0,0,0,0,4052,0,4105,2895,2895,2360,0,4105,0,0,2360,1090,0
1160,80000,1,2,2,26,1,2,2,2,0,0,77389,75585,80300,75724,77504,79715,0,6000,0,3000,3500,3000,0
1161,70000,1,1,2,33,0,0,0,0,0,0,70524,70740,46740,0,0,0,2500,2000,0,0,0,0,0
1162,230000,2,2,1,44,0,0,0,0,0,0,5990,1677,2920,2683,1674,3273,1677,2920,2683,1674,3273,2749,0
1163,180000,2,2,1,36,0,0,0,0,0,0,21494,25600,0,0,36565,37353,5000,0,0,36565,1548,1000,0
1164,210000,2,2,1,39,0,0,0,0,0,0,26749,34451,25200,19850,15530,13021,14000,3007,5000,1000,13021,22171,0
1165,20000,1,2,2,24,0,0,0,0,0,0,780,0,390,390,780,0,0,390,390,780,0,0,0
1166,140000,2,2,2,25,2,0,0,0,0,0,137606,140557,111000,3238,89437,91136,6000,3200,3238,89437,3228,3000,0
1167,200000,1,1,2,52,0,0,0,0,0,0,115702,113576,109812,104567,100541,96495,5517,5381,3838,3589,3397,3296,0
1168,50000,2,3,1,59,0,0,0,0,0,0,47822,36488,36811,13234,11543,10751,2009,2000,556,378,619,5000,0
1169,80000,2,1,2,23,0,0,0,0,0,0,3526,6687,4356,3450,4318,0,6687,1000,0,4318,0,254,0
1170,30000,2,3,2,48,0,0,0,0,0,0,1445,3410,5338,7239,9112,10949,2000,2000,2000,2000,2000,2000,0
1171,140000,2,1,2,28,0,0,2,0,0,0,9305,13614,13103,14077,15189,16275,4800,0,1500,1500,1500,1500,1
1172,80000,1,3,1,62,0,0,0,0,0,0,1262,1642,1975,672,5112,3932,1642,1975,672,5112,3932,20289,0
1173,220000,2,3,1,38,0,0,0,0,0,0,20000,3450,5516,47619,28800,8561,3450,5549,50019,28800,8561,16599,0
1174,180000,2,1,2,32,0,0,0,0,0,0,666,666,666,666,666,666,666,666,666,666,666,666,0
1175,140000,2,2,1,29,0,0,0,0,0,0,81764,92071,43777,22806,12643,29707,20167,5000,28800,2000,20007,10009,1
1176,180000,1,2,2,25,2,2,2,0,0,0,10022,12847,12351,12350,12608,12892,3000,0,500,455,491,500,1
1177,50000,2,2,2,35,0,0,0,0,0,0,14536,15694,16431,17056,17581,18089,1700,1300,900,800,800,900,0
1178,170000,2,2,2,27,0,0,0,0,0,0,97474,78520,80131,70788,68927,70678,2932,3000,2500,3000,2900,2918,0
1179,50000,1,2,2,38,0,0,0,0,0,0,50958,50889,49697,9176,9368,9554,2042,1150,329,340,342,354,0
1180,50000,1,2,2,24,0,0,0,0,0,0,49144,20818,17890,18310,17931,18633,1500,1300,700,1000,1000,1000,0
1181,300000,1,2,1,29,0,0,0,0,0,0,1874,-200,-200,-200,-200,-200,0,0,0,0,0,0,0
1182,390000,2,1,2,27,2,0,0,0,0,0,386301,392458,290201,295606,300709,305904,17000,11000,11000,10656,11000,12000,0
1183,90000,2,2,1,55,2,2,0,0,0,0,81998,83674,80890,31565,33049,22694,4003,3000,3000,3000,2000,2000,1
1184,200000,2,1,2,29,0,0,0,0,0,0,194241,193425,196537,195268,192829,192499,12000,8500,7000,10000,10000,10000,0
1185,460000,1,1,2,29,0,0,0,0,0,0,410033,385394,325663,324067,324749,327929,16088,13039,11127,11017,11110,11113,0
1186,10000,1,2,2,23,0,0,0,0,0,0,3714,4158,4654,3080,0,0,1104,1000,31,0,0,0,0
1187,20000,1,2,1,30,0,0,0,0,0,0,1261,2835,2522,1261,1261,930,2835,1000,0,1261,930,540,1
1188,50000,2,2,1,50,0,0,0,0,0,0,1232,1846,697,364,0,760,1846,697,364,0,760,5862,0
1189,480000,2,2,1,38,0,0,0,0,0,0,90258,76099,56776,37484,37906,18387,30000,1708,1292,1010,772,705,0
1190,180000,2,1,2,24,0,0,0,0,0,0,169263,174532,176686,165491,169222,173246,8000,6700,6000,6400,7000,7000,0
1191,240000,2,1,2,29,0,0,0,0,0,0,3093,2322,8186,3980,0,0,2000,2020,2500,0,0,85,0
1192,250000,1,1,2,38,0,0,0,0,0,0,584,3291,8660,7495,1120,62,3307,8703,7532,1125,62,7718,0
1193,270000,2,2,2,34,0,0,0,0,0,0,381,3376,2958,4154,5885,3129,3406,2983,4172,5912,3143,0,1
1194,200000,1,1,1,37,0,0,0,0,0,0,123337,11148,19165,21171,17762,23670,11202,19275,22304,23850,23784,84430,0
1195,100000,2,3,1,66,0,0,0,0,0,0,100036,100041,100402,97141,97143,97532,4702,4617,3600,3865,3850,3705,0
1196,160000,2,1,1,39,0,0,0,0,0,0,710,666,403,1650,336,790,666,403,1650,336,790,1141,0
1197,80000,2,2,1,45,0,0,0,0,0,0,81841,74516,69485,30396,30595,29033,4100,2507,2140,2000,1500,1000,0
1198,130000,1,2,1,44,0,2,0,0,0,0,29547,23154,18637,14691,8769,4166,0,1500,486,303,83,780,0
1199,340000,2,3,2,44,0,0,0,0,0,0,142836,145125,146682,150407,147868,149349,7000,5500,6027,5328,5390,6047,1
1200,360000,1,1,1,36,0,0,0,0,0,0,0,394,11142,0,0,0,394,11253,0,0,0,0,0
1201,120000,2,3,1,40,0,0,0,0,0,0,108300,108538,94833,49078,40643,4200,5000,4121,2000,2000,2000,96583,0
1202,120000,1,1,2,29,0,0,0,0,0,0,30101,31281,30180,30471,31110,31728,2000,2000,1090,1129,1135,1200,0
1203,300000,2,1,2,48,0,0,0,0,0,0,247279,235093,224062,212480,202148,186955,10005,9500,7500,6914,6100,5500,0
1204,60000,2,2,2,23,2,2,0,0,0,0,2516,0,0,0,1524,25421,0,0,0,1524,25421,1000,0
1205,210000,2,2,1,50,0,0,0,0,0,0,106724,109251,103733,102027,103453,103651,4037,3519,3442,3553,3625,3470,0
1206,210000,2,2,1,29,0,0,0,0,0,0,209807,123664,51353,43485,44784,45685,5088,2000,1600,2000,1800,1807,1
1207,70000,2,3,1,49,2,2,2,2,2,2,21024,21790,21142,23772,24930,25709,1400,0,3000,1700,1340,1100,1
1208,200000,1,2,1,33,0,0,2,0,0,0,50612,10537,5552,2506,9443,11818,10023,27,2614,9454,5019,5015,0
1209,230000,2,2,1,51,0,0,0,0,0,0,51802,53956,56968,58099,59318,60504,3000,3921,2079,2155,2174,2225,1
1210,20000,1,3,1,23,0,0,0,0,0,0,3675,19316,19844,19844,20388,19554,19316,1261,651,803,747,155,1
1211,210000,2,1,1,37,0,0,0,0,0,0,211749,205947,201848,168664,172013,175557,7000,10015,10000,5331,5748,48061,0
1212,160000,2,3,2,26,0,0,0,0,0,0,390,390,390,390,390,390,390,390,390,390,390,390,0
1213,290000,2,1,1,30,0,0,0,0,0,0,1312,1312,1311,1486,1488,1650,1318,1317,1493,1495,1657,35267,1
1214,80000,2,3,1,26,0,0,0,0,0,0,63677,64162,38141,38190,38586,39962,2000,1905,1350,1388,2401,1410,0
1215,360000,1,1,2,43,0,0,0,0,0,0,4134,2128,960,6658,0,0,2134,982,6858,0,0,0,0
1216,230000,1,1,2,32,0,0,0,0,0,0,164634,166134,142049,106677,88091,60929,7326,10000,10000,3000,2000,2000,0
1217,360000,1,3,1,54,0,0,0,0,0,0,16230,-200,0,0,69000,2500,0,200,0,69000,2500,0,0
1218,340000,2,1,1,30,0,0,0,0,0,0,351828,280067,259651,243094,223907,216912,30076,25118,20085,10041,8184,6626,0
1219,50000,2,1,2,22,0,0,0,0,0,0,8537,9591,10581,10818,11050,10880,1200,1163,400,790,400,380,0
1220,80000,1,2,2,38,0,0,0,0,0,0,89394,81223,77198,29891,34528,35229,5000,19153,1500,10000,1274,1275,0
1221,50000,2,2,2,24,0,0,0,0,0,0,97043,39837,6928,17006,17363,17707,2000,6943,17006,630,633,657,0
1222,30000,2,1,2,24,0,0,0,0,0,0,3019,1479,18860,950,5660,0,1479,18881,0,4710,0,7153,0
1223,210000,1,1,2,26,0,0,0,0,0,0,1360,0,0,3620,0,0,0,0,3620,0,0,15513,0
1224,150000,2,2,1,42,0,0,0,0,0,0,3260,2270,5887,3935,3935,3935,2270,5887,3935,3935,3935,3935,1
1225,20000,1,2,2,21,0,0,0,0,0,0,20297,17054,2333,1300,0,0,1240,2333,0,0,0,0,0
1226,20000,1,3,2,22,0,0,0,0,0,0,19624,16972,0,0,0,0,1000,0,0,0,0,0,1
1227,240000,2,3,1,41,0,0,0,0,0,0,5325,-5,-5,1074,1972,1876,5,0,1079,1977,1885,1211,0
1228,500000,2,2,1,50,0,0,0,0,0,0,16984,86772,53170,28622,19140,0,87004,53192,28622,19140,0,20211,0
1229,90000,2,2,1,23,0,0,0,0,0,0,12770,14241,14895,25195,23769,2269,2500,1200,10500,7000,1000,0,1
1230,50000,1,3,2,46,0,0,0,0,0,0,50131,28152,20746,27624,16015,16746,1388,2011,1006,1000,1000,1000,0
1231,50000,2,2,2,22,0,0,0,0,0,0,50834,50770,50215,29386,29527,30125,2200,1517,1000,1500,2005,1305,1
1232,680000,1,1,2,37,0,0,0,0,0,0,18314,16088,17806,15498,13810,164969,2700,2400,600,400,161000,5800,0
1233,50000,1,1,1,47,0,0,2,2,2,2,45717,47974,49837,50807,49947,50424,3000,3000,2000,0,5000,0,0
1234,100000,2,2,1,40,0,0,0,0,0,0,326,326,652,326,326,326,326,652,0,326,326,652,0
1235,280000,2,1,2,30,0,0,0,0,0,0,270276,506260,263734,268216,262895,264508,11000,10000,10004,10020,10100,10000,0
1236,30000,1,2,2,54,0,0,0,0,0,0,26278,24767,27533,26400,25620,390,1700,3400,2528,0,390,780,1
1237,50000,1,2,2,27,2,2,0,0,0,0,23901,13262,8643,7382,1975,50514,4146,1200,0,0,49800,0,1
1238,60000,1,1,1,33,0,0,0,0,0,0,8308,7565,8373,7565,7565,7565,7565,8373,7565,7565,7565,7565,0
1239,120000,1,2,1,57,0,0,0,0,0,0,118709,120580,118684,88557,91124,88094,5000,5007,4000,4003,4003,4000,1
1240,80000,2,2,1,35,0,0,0,0,0,0,2890,9796,13443,396,396,396,9796,13443,396,396,0,396,0
1241,500000,1,1,1,45,0,0,0,0,0,0,140,94,39,44,0,0,94,39,44,0,0,790,0
1242,70000,2,3,1,32,2,2,0,0,0,0,18317,17330,11400,11120,10914,11315,0,1000,110,500,18963,1000,0
1243,160000,2,2,1,45,0,0,0,0,0,0,0,0,0,1468,0,0,0,0,1468,0,0,0,0
1244,100000,2,3,1,50,2,2,2,0,0,0,110537,99734,99973,71008,66735,68621,0,3000,103000,2500,3000,3000,1
1245,10000,1,3,2,35,0,0,0,0,0,0,7877,8918,9864,9673,9414,9156,1174,1120,310,316,1000,2000,0
1246,90000,1,1,2,26,0,0,0,0,0,0,10750,100,200,100,9894,20699,100,200,0,9894,20000,4100,0
1247,170000,1,1,1,39,2,2,2,2,4,3,74298,80073,81959,89991,88018,86299,7000,3800,10000,0,0,3100,1
1248,90000,2,2,2,35,0,0,0,0,0,0,2667,2667,0,0,0,0,2667,0,0,0,0,0,0
1249,180000,2,3,2,42,0,0,0,0,0,0,67414,61256,66668,83568,90418,88898,10000,10000,17500,7000,25000,33600,0
1250,350000,2,1,1,52,2,2,7,7,7,7,2400,2400,2400,2400,2400,2400,0,0,0,0,0,0,1
1251,270000,1,2,2,35,0,0,0,0,0,0,225400,220202,215056,10506,10224,9233,9000,9348,10600,10300,9300,1000,0
1252,200000,2,1,2,29,0,0,0,0,0,0,65935,25574,28727,19164,0,0,1011,31209,383,0,0,0,1
1253,20000,2,1,2,22,0,0,0,0,0,0,15829,15299,16262,16749,13764,18732,1600,1550,1000,1000,5283,0,0
1254,100000,1,2,2,30,0,0,0,0,0,0,44953,46922,48677,49496,51010,32630,3000,3000,2000,2000,2000,2000,0
1255,290000,1,1,1,46,0,0,0,0,0,0,194301,199451,198684,87700,88621,53243,10744,6000,1573,1629,3129,105423,0
1256,70000,1,3,2,28,1,2,0,0,0,0,68970,67308,68582,68361,68060,68223,0,3005,2546,2602,2430,2659,0
1257,230000,1,1,2,26,0,0,0,0,0,0,416,371,416,416,566,416,371,461,416,566,416,0,0
1258,180000,2,1,2,28,0,0,0,0,0,0,950,4369,9673,2861,12338,9124,4369,9673,3260,13959,3000,18396,0
1259,210000,1,1,2,33,0,0,0,0,0,0,291,291,291,291,441,291,291,291,291,441,291,291,0
1260,50000,1,1,2,24,2,2,0,0,0,0,49946,48808,45469,20228,18900,19066,0,2079,693,1080,700,1004,0
1261,150000,1,1,2,37,0,0,0,0,0,0,45000,44386,46505,49103,51698,52549,3000,2500,3000,3000,1546,2000,0
1262,380000,1,2,1,50,0,0,0,0,0,0,385662,294826,220022,154283,35270,332270,12020,9009,6109,3000,332000,12000,1
1263,50000,1,2,1,44,0,0,0,0,0,0,45335,46027,30286,26275,26823,27371,1524,1427,941,972,992,1000,0
1264,150000,2,3,1,43,0,0,2,0,0,0,264,948,632,316,316,1414,1000,0,0,316,1414,0,1
1265,220000,1,2,2,29,0,0,0,0,0,0,122286,122839,123035,114385,115903,118528,5008,5007,6007,5000,4700,5503,0
1266,80000,2,5,2,27,0,0,0,0,0,0,45268,47140,47411,48443,49478,43264,2600,1800,1700,1700,1700,1300,0
1267,220000,2,2,1,32,0,0,0,0,0,0,194961,197536,203251,208355,213015,217475,7200,9000,10000,8000,8010,8500,0
1268,70000,2,2,2,34,1,2,2,2,0,0,24208,25015,27189,26456,28361,31873,1500,2900,0,2500,4000,0,0
1269,120000,1,2,2,37,0,2,0,0,0,2,16241,16680,17695,17901,19608,19143,1000,1600,800,2000,0,1600,1
1270,180000,2,2,2,32,0,0,0,0,0,0,20730,17107,35884,31057,29052,25933,1582,30000,1000,1000,1000,1000,0
1271,50000,2,3,1,57,0,0,0,0,0,0,49017,50690,47487,48319,48449,49656,2500,2000,2000,1746,2000,1800,0
1272,10000,2,2,3,46,1,2,0,0,0,0,9532,9236,10047,8775,8984,7628,0,1006,1390,1000,1000,2000,0
1273,370000,2,1,1,53,0,0,0,0,0,0,21160,8153,12094,30751,30131,9630,8162,12294,30751,30131,0,0,0
1274,20000,2,1,2,26,0,0,0,0,0,0,10658,9288,390,390,390,0,1072,390,390,390,0,780,0
1275,150000,1,2,1,34,0,0,0,0,0,0,132214,135140,135263,137540,144786,146379,4414,4700,4306,10006,4822,4112,0
1276,20000,1,1,2,26,0,0,0,0,0,0,416,416,416,416,416,982,416,416,416,416,982,0,1
1277,480000,2,2,1,54,0,0,0,0,0,0,17189,6013,1717,1385,0,0,6026,1717,1390,0,0,2300,0
1278,50000,1,3,2,26,0,0,0,0,2,0,25060,26649,28202,30727,30098,32580,2000,2000,3000,0,3000,3000,0
1279,170000,1,2,2,31,0,0,0,0,0,0,24581,25611,26631,27383,27801,31337,1728,1748,1500,1011,4000,0,0
1280,400000,2,2,2,30,0,0,0,0,0,0,-200,-200,-200,746,3956,2500,0,0,946,3956,2500,0,0
1281,200000,2,1,2,31,0,0,0,0,0,0,38635,41031,45929,48661,49723,50896,3031,5929,3500,2000,2000,11028,0
1282,360000,1,1,2,34,1,0,0,0,0,0,0,0,0,0,0,150,0,0,0,0,150,59,0
1283,140000,2,5,2,36,0,0,0,0,0,0,91226,83650,80037,53055,102587,98251,4182,4000,4000,98000,4000,3500,0
1284,260000,1,3,1,34,0,0,0,0,0,0,12071,12497,1027,-103,-103,1047,2114,1027,103,0,1150,2503,0
1285,440000,2,2,2,26,0,0,0,0,0,0,96190,90462,78267,71795,51812,25064,3513,3017,2037,2019,3010,3004,0
1286,500000,1,2,1,43,0,0,0,0,0,0,12200,8140,10176,20719,15665,8074,1518,5019,15027,639,547,50274,0
1287,230000,2,2,1,29,0,0,0,0,0,0,64982,44908,51535,24607,28279,48934,3000,11000,15000,13000,36000,3000,0
1288,470000,1,2,1,41,0,0,0,0,0,0,13780,12242,32463,20621,13711,8294,12300,32520,34,68,8334,45684,0
1289,20000,2,3,1,48,1,2,2,3,2,2,14589,16743,17522,17055,10400,0,2700,1400,0,0,0,0,1
1290,210000,2,2,2,24,0,0,0,0,0,0,108491,111046,110716,97168,94524,96777,5800,3700,3505,3400,3769,3229,0
1291,20000,2,1,2,23,0,0,0,0,0,0,6733,0,0,19132,19533,20235,0,0,19132,709,1027,600,0
1292,20000,2,3,1,53,0,0,0,0,0,0,12197,13292,14362,14821,15143,15737,1600,1600,1000,710,1000,1000,0
1293,200000,2,2,1,34,1,0,0,0,0,0,-2,758,998,668,9815,36870,760,1000,670,9852,40063,1049,0
1294,250000,2,2,2,36,0,0,0,0,0,0,6220,27217,6149,26202,6906,3855,27225,6159,25846,0,3855,3876,1
1295,300000,1,2,2,41,0,0,0,0,0,2,34480,31159,18580,1400,6297,977,1472,1000,1410,6297,0,19480,0
1296,320000,2,1,2,30,0,0,0,0,0,0,113801,90354,88467,79241,83530,90573,5017,4057,4014,8531,15005,5033,0
1297,50000,1,2,2,29,1,2,2,2,0,0,37170,36297,39863,38924,39744,40533,0,4500,0,1600,1600,1600,0
1298,200000,2,2,1,34,0,0,0,0,0,0,6626,2469,3760,4273,3015,5076,2476,3771,4285,3023,5088,6282,0
1299,80000,2,1,2,29,0,0,0,0,0,0,16936,17963,18976,19660,20343,21003,1303,1316,1000,1000,1000,933,1
1300,70000,1,2,1,37,0,2,0,0,0,0,10323,6659,6740,3559,7086,6979,0,3559,189,7086,3370,0,1
1301,60000,1,3,2,36,3,2,0,0,0,0,56807,55339,55751,37851,34195,33499,0,2141,2000,2000,2000,2000,0
1302,10000,2,3,2,22,0,0,2,0,0,0,10012,9784,9473,8947,9135,8613,2452,7,308,320,328,1000,1
1303,50000,2,3,2,30,0,0,2,0,0,0,50332,51247,50073,26550,25842,25996,4210,0,1500,1090,2000,2000,0
1304,140000,1,2,2,26,2,0,0,0,0,0,133572,135367,113272,115685,118171,120550,6169,4500,4287,4500,4500,9500,1
1305,30000,1,2,2,25,0,0,0,0,0,0,7160,8185,9286,9483,9780,10068,1300,1400,500,600,600,600,0
1306,190000,1,2,1,49,0,0,0,0,0,0,435,435,635,2084,161110,149941,435,635,2084,161110,5800,4138,0
1307,70000,2,1,2,23,0,0,0,0,0,0,853,3128,4719,100,1610,690,3128,4722,0,1610,0,10909,0
1308,330000,2,2,1,28,0,0,0,0,0,0,390,0,780,150,320,780,0,780,150,320,1000,0,0
1309,110000,2,2,2,24,0,0,0,2,0,0,6470,8610,15123,9761,9717,8046,2654,7230,0,463,393,151,0
1310,270000,1,3,1,47,0,0,0,0,0,0,165303,168837,172281,175705,179582,184650,6200,6254,6290,6710,8250,0,0
1311,160000,1,2,1,31,3,2,0,0,0,0,26295,27074,28314,29341,31690,33993,1500,2000,1500,3000,3000,1500,1
1312,20000,1,2,2,24,3,2,0,0,0,0,18937,18350,18918,19323,13180,5200,0,1251,656,13180,5200,0,0
1313,320000,1,2,2,32,0,0,0,0,0,0,21460,23412,25331,25741,26800,28817,3000,3000,1500,2000,3000,2000,0
1314,430000,1,1,2,31,0,0,0,0,0,0,29860,39305,43020,45540,8342,8310,10000,5000,5540,8310,5640,2820,0
1315,50000,2,1,1,37,2,0,0,0,0,2,8014,7668,7081,5738,6461,4822,1200,1000,91,11283,0,1000,0
1316,140000,1,2,1,48,0,0,2,0,0,0,1600,5012,4739,4739,0,0,5012,0,0,0,0,2770,1
1317,500000,1,2,1,49,0,0,0,0,0,0,4214,6378,4074,116446,9335,3312,6378,4074,116446,9335,3312,43664,0
1318,80000,1,3,1,45,0,0,0,0,0,0,26637,26437,26686,28372,28345,27279,1490,2000,2000,3000,5000,865,0
1319,390000,2,1,1,34,1,0,0,0,0,0,0,0,1266,0,0,0,0,1266,0,0,0,0,0
1320,250000,2,1,1,43,0,0,0,0,0,0,17454,-50,45297,17371,11481,5922,24890,48394,0,5461,15000,6000,0
1321,390000,2,1,2,31,0,0,0,0,0,0,6466,6266,12578,7650,48090,17013,6266,12581,7650,48090,28973,17271,0
1322,100000,2,1,1,35,0,0,0,0,0,0,57612,58818,60841,61434,62743,66677,2134,3000,2200,2300,5000,3000,0
1323,360000,2,1,1,42,0,0,0,0,0,0,179851,186961,201703,189455,194373,207022,10005,20117,15018,10027,20057,17000,0
1324,140000,1,1,2,36,1,0,0,0,0,0,-5,1135,17227,12918,10898,823,1140,17227,0,365,840,4507,0
1325,110000,1,2,1,51,0,0,0,0,0,0,45964,46922,48140,49339,50542,52689,2000,2000,2000,2000,3000,2000,0
1326,170000,1,3,1,48,2,0,0,0,0,0,316,316,632,316,466,316,316,632,0,466,316,0,0
1327,170000,1,2,1,48,0,0,0,0,0,0,137823,137199,136331,123913,122657,122225,5396,5000,5000,5000,5000,4000,0
1328,180000,2,2,2,25,0,0,0,0,2,2,4745,5765,6631,8386,8109,8820,1257,1123,1878,0,1000,0,0
1329,140000,1,2,1,41,0,0,0,0,0,0,109326,111679,113921,114348,111382,112458,5600,5600,4500,4200,4500,4500,0
1330,20000,2,2,1,49,0,0,0,0,0,0,13882,13342,808,18910,19306,19809,2018,404,19000,677,800,601,0
1331,150000,1,1,2,28,0,0,0,0,0,0,0,0,0,0,0,0,0,0,0,0,0,0,0
1332,50000,2,2,2,28,0,0,0,0,0,0,48072,49518,49500,19600,20000,0,2518,1500,500,400,0,0,0
1333,160000,2,2,1,38,1,0,0,0,0,0,0,0,0,0,0,0,0,0,0,0,0,0,1
1334,80000,1,2,1,41,0,0,0,0,0,0,3153,1013,0,0,2115,4264,1013,0,0,2115,4264,0,0
1335,300000,2,3,2,29,0,0,0,0,0,0,-140,28092,3572,195,209,990,28232,3589,195,210,994,0,1
1336,60000,2,3,2,32,0,0,0,0,0,0,62552,26929,27967,28526,28275,29151,1500,1500,1003,1500,1500,1044,0
1337,70000,2,2,2,26,2,2,2,3,2,2,42583,43600,47550,46487,47298,46384,2000,5000,0,1700,0,3700,1
1338,290000,2,1,2,31,0,0,0,0,0,0,632,0,480,-150,66675,68071,0,480,4,69001,2500,3000,0
1339,80000,2,1,2,23,0,0,0,0,0,0,8766,4777,0,0,0,0,1600,0,0,0,0,0,0
1340,50000,2,3,1,53,1,0,0,0,0,0,0,0,0,0,0,0,0,0,0,0,0,0,1
1341,200000,2,3,2,49,0,0,0,0,0,0,7697,18951,27974,30596,38109,22170,20071,20036,15022,15113,22235,3919,0
1342,200000,2,1,1,34,0,0,0,0,0,0,267,6794,10430,3576,2522,934,6817,10671,3576,2522,934,7764,0
1343,50000,2,1,2,22,0,0,0,0,0,0,586,297,3674,1392,3085,3450,297,3675,1392,3086,3492,3721,1
1344,20000,2,2,2,26,2,0,0,0,0,0,1041,10757,11094,9351,8562,8058,10758,2679,502,224,513,9,0
1345,200000,1,1,1,38,0,0,0,0,0,0,6186,735,1463,15550,5045,6709,735,1463,15550,5045,6709,3021,1
1346,120000,2,1,2,35,1,2,0,0,0,0,77785,75984,78109,79198,80865,82859,0,4000,2988,3100,3500,6382,0
1347,220000,2,2,1,49,0,0,0,0,0,0,172184,170697,168041,163783,160806,158866,7583,7461,5809,5608,6500,6100,0
1348,630000,1,1,2,40,0,0,0,0,0,0,440474,444370,455286,327021,334558,341439,18000,20000,12000,13000,13022,13016,0
1349,300000,2,1,2,34,0,0,0,0,0,0,19357,5000,3744,8059,3425,11860,5032,3744,8059,3425,11860,7595,0
1350,10000,2,2,2,49,1,2,0,0,0,0,8184,5011,5728,4255,2782,1309,0,1000,0,0,0,0,1
1351,50000,1,2,2,29,1,0,0,0,0,0,0,0,0,0,0,0,0,0,0,0,0,0,0
1352,280000,2,1,1,39,0,0,0,0,0,0,7791,5851,430,2041,775,580,1000,430,2041,775,580,1029,1
1353,130000,1,1,2,30,0,0,0,0,0,0,4536,5616,6455,6791,6991,0,1161,1000,336,200,0,0,0
1354,30000,2,3,1,28,0,0,0,2,0,0,23182,19083,19632,15252,14021,13793,2000,2000,0,1500,1353,0,0
1355,50000,2,2,1,27,0,0,0,0,0,0,9877,10800,5921,6042,4012,0,1140,1000,121,0,0,10620,0
1356,70000,2,3,1,38,0,0,0,0,0,0,24758,25581,16105,17571,18330,16268,1273,1534,2000,1000,1000,1000,0
1357,80000,1,2,2,29,0,0,0,0,0,0,41815,42938,44022,44792,45915,46998,2100,2100,1800,2000,2000,2500,0
1358,20000,2,2,1,22,2,2,2,0,0,0,16726,19143,18391,18562,11798,0,3000,0,371,1236,0,0,1
1359,390000,1,1,1,41,0,0,0,0,0,0,495559,248821,216051,208373,199727,186332,10218,8035,7035,6056,8053,5603,0
1360,470000,2,2,2,32,0,0,0,0,0,0,147113,133486,125159,120869,60507,53100,5000,4500,2505,50000,3000,3000,0
1361,240000,2,2,2,30,0,0,0,0,0,0,7818,9363,0,0,0,0,9434,0,0,0,0,178,0
1362,140000,2,1,2,29,0,0,0,0,0,0,14943,2888,0,0,0,0,2888,0,0,0,0,0,0
1363,260000,2,2,1,37,2,2,2,0,0,0,244738,251351,244949,248273,119124,132619,12000,0,11000,4321,20000,27,1
1364,150000,2,1,2,25,1,0,0,0,0,0,191,1963,4729,1568,4295,0,1964,4729,1568,4295,0,1895,0
1365,120000,1,1,1,46,0,0,2,2,2,2,14682,17325,17936,18536,19091,19629,3200,1200,1200,1000,1000,0,0
1366,20000,2,2,1,47,0,0,0,0,0,2,18021,17352,17667,18187,20499,20718,1280,1293,813,2770,703,0,0
1367,260000,2,4,2,42,0,0,0,0,0,0,399,2101,577,0,200,0,2101,577,0,200,0,664,0
1368,50000,1,3,2,22,0,0,0,0,0,0,42678,38239,22691,8807,7143,6967,1500,1100,1000,500,500,1000,1
1369,180000,2,2,2,27,2,2,2,2,0,0,126195,127881,128491,124080,126154,130064,6000,4575,0,4600,6000,3100,0
1370,310000,2,5,1,35,1,0,0,0,0,0,10350,0,0,0,0,0,0,0,0,0,0,0,0
1371,360000,1,2,1,44,0,0,0,0,0,0,5101,9358,15452,9990,6515,5694,9419,15485,9995,6515,5694,12785,0
1372,180000,2,2,2,30,0,0,0,0,0,0,14445,15404,19885,22355,22902,15373,1500,4911,10355,10902,3500,5493,0
1373,270000,2,1,1,42,2,2,5,5,4,3,1250,1250,1250,1250,650,350,0,0,0,0,0,0,0
1374,70000,1,1,2,28,0,0,0,0,0,0,67857,69711,64947,26022,28575,21460,3000,1500,13959,3000,1500,4000,0
1375,50000,1,2,2,24,0,0,0,0,0,0,2155,0,1978,14207,8602,7201,0,30300,14207,602,7201,383,0
1376,30000,2,3,2,50,0,0,0,0,0,2,0,0,0,0,7092,6832,0,0,0,7092,0,0,0
1377,50000,2,2,1,54,0,0,0,0,0,0,11351,11449,6515,2315,1817,2081,1150,1012,46,36,2081,2270,0
1378,350000,1,2,1,37,0,0,0,0,0,0,325,294,6574,3543,1654,6186,294,6636,3559,1659,6215,325,0
1379,200000,1,1,1,58,0,0,0,0,0,0,192461,195970,122214,124647,126921,129167,7822,4417,4446,4597,4677,4698,0
1380,80000,1,3,2,26,1,2,2,2,2,2,71661,69947,74755,75732,74397,80138,0,6000,2800,0,7000,8,0
1381,60000,2,2,1,31,0,0,0,3,2,2,47000,49236,57752,56243,55213,58700,3000,10000,0,0,4400,2200,0
1382,30000,1,1,1,52,0,0,0,2,0,0,15743,16784,18998,18395,19100,20582,1300,2500,0,1000,1800,0,0
1383,110000,2,1,2,36,0,0,0,0,0,0,108316,100784,88568,43720,42138,43085,4600,3500,2000,2000,1800,1700,0
1384,300000,2,1,2,27,0,0,0,0,0,0,42189,83754,120927,105303,82475,33262,83754,120927,0,716,25213,92250,0
1385,50000,2,3,1,22,0,0,0,0,0,0,22854,31329,23927,0,83,20083,9000,1507,0,83,20000,600,0
1386,500000,1,1,2,39,0,0,0,0,0,0,2450,11833,22963,7086,5453,1486,11833,22963,7086,0,1486,7570,0
1387,360000,1,1,2,36,0,0,0,0,0,0,356913,208305,68214,168014,16209,18918,210000,170000,100000,3000,3000,5000,0
1388,20000,2,2,1,39,1,2,2,0,0,0,14112,11221,10656,7928,580,0,3520,0,1000,580,0,0,0
1389,220000,1,1,1,39,0,0,0,0,0,0,75190,151004,152786,137946,118310,119147,100000,8000,6000,5000,5000,5000,0
1390,20000,2,2,2,22,0,0,2,0,0,2,11192,15677,15133,15582,16677,16259,5000,0,1000,1500,0,700,0
1391,60000,1,2,1,37,3,4,3,2,2,2,30381,29986,29210,29729,30505,32232,366,0,1300,1400,2400,2300,1
1392,170000,2,1,2,30,0,0,0,0,0,0,1560,1280,590,1168,2160,145564,1000,590,1168,1582,145564,5069,0
1393,200000,2,2,1,26,0,0,0,0,0,0,47236,45200,35939,34096,34876,34615,1800,1603,2000,2500,1500,1500,0
1394,20000,2,1,2,23,0,0,0,0,0,0,19990,20038,19571,14362,15127,15872,1438,1300,1000,1000,1000,2000,0
1395,140000,2,3,2,23,0,0,0,0,0,0,67505,36772,38399,39131,39508,3441,2000,2400,2132,1617,515,2031,0
1396,330000,2,1,2,35,0,0,0,0,0,0,1663,0,0,0,29221,3194,0,0,0,29221,3194,0,0
1397,180000,2,2,2,24,1,2,2,2,2,2,108580,105403,112073,111345,98404,102460,0,8564,4000,0,7414,0,1
1398,360000,2,2,1,35,0,0,0,0,0,0,5157,2461,0,277,2599,3941,1012,0,277,2602,2019,1123,0
1399,20000,1,3,1,51,2,0,0,0,0,0,14815,15837,16852,17188,17546,17895,1264,1279,615,635,639,664,0
1400,50000,2,1,2,23,0,0,0,0,0,2,34422,32703,22851,6699,10060,7737,1544,1000,0,3361,0,100,0
1401,100000,2,2,1,25,0,0,0,0,0,0,20755,20043,19778,24939,28639,8370,2000,2000,6000,4000,4000,3000,0
1402,30000,1,2,1,36,2,2,0,0,0,0,30573,28473,29083,28313,28932,29565,0,2000,940,1000,1106,0,0
1403,70000,2,2,1,44,0,0,0,0,0,0,4221,6642,8361,10208,11038,11848,2500,2000,2000,1000,1000,1000,1
1404,470000,1,1,2,33,0,0,0,0,0,0,5613,11576,7017,1185,0,542,11606,7017,24,0,542,208896,0
1405,300000,2,1,1,36,0,0,0,0,0,0,8385,-27,-27,-27,-27,-27,27,0,0,0,0,0,0
1406,300000,2,1,1,45,0,0,0,0,0,0,6608,10009,22456,22056,14020,1230,10017,22456,0,0,1230,0,1
1407,200000,2,1,2,26,0,0,0,0,0,0,2179,6440,3908,-5,1060,2996,6440,3908,5,1065,3000,1108,0
1408,150000,2,2,1,41,0,0,0,0,0,0,79021,77975,74749,80757,83685,81569,4023,3016,10000,4011,3073,3005,0
1409,220000,2,2,2,25,0,0,0,0,0,0,165040,167485,148133,123266,125736,128342,6809,7038,5000,4500,5000,4473,1
1410,420000,1,1,2,31,0,0,0,0,0,0,1569,563,1914,1189,1208,4964,565,1923,1194,1214,4988,296,0
1411,210000,2,2,2,45,0,0,0,0,0,0,467,2050,416,416,416,416,2050,416,416,416,416,416,0
1412,450000,1,3,1,58,0,0,0,0,0,0,8940,6239,5535,9856,819,863,6271,5740,9905,823,867,2488,0
1413,30000,1,2,1,38,0,0,0,0,0,0,184,1522,0,5480,175,-2000,1522,0,5480,175,0,2000,0
1414,240000,1,2,1,30,0,0,0,0,0,0,2816,7608,26832,3518,1280,5900,7608,26834,3518,1280,5900,1319,0
1415,420000,2,2,2,25,0,0,0,0,0,0,28206,122212,117835,112705,111357,108306,100000,4013,3822,4086,3800,3600,0
1416,60000,2,1,2,25,0,0,0,0,0,0,57174,58559,60586,39144,39615,39334,3000,3800,3300,1900,1600,1500,0
1417,30000,2,3,2,24,0,0,0,0,0,0,4882,14630,6323,2870,1485,3926,14630,6485,2870,1485,3926,0,0
1418,80000,2,1,2,29,0,0,0,2,2,3,2673,0,317,317,1521,1204,0,317,0,1204,0,0,0
1419,50000,1,2,2,37,0,0,0,0,0,0,48206,48659,47248,48241,49196,50296,2120,1750,1700,1800,2023,2113,0
1420,230000,1,3,2,27,0,0,0,0,0,0,19200,10000,20176,10000,10000,10000,10000,20176,200,10000,10000,10000,0
1421,200000,1,1,2,31,0,0,0,0,0,0,6618,6777,7957,4667,76187,74900,1900,3008,3500,73000,2700,3800,0
1422,230000,2,2,2,28,0,0,0,0,0,0,12218,17667,20345,39945,41352,11032,6000,3500,20000,2000,1500,8000,0
1423,130000,2,2,2,24,0,0,0,0,0,0,122750,118319,61466,48288,48898,49699,4966,2034,1710,1765,2000,2672,0
1424,200000,2,3,2,27,1,0,0,0,0,0,0,0,0,0,0,0,0,0,0,0,0,0,0
1425,90000,2,1,2,33,0,0,0,0,0,0,80919,87993,17316,18026,18559,19097,9000,1500,1000,824,1000,857,0
1426,120000,1,1,2,27,0,0,0,0,0,0,316,316,1360,9474,10158,2551,316,1360,10000,1000,2000,3000,0
1427,200000,1,1,2,42,0,0,0,0,0,0,470,740,3774,836,1325,1440,740,3782,836,1325,1440,506,0
1428,20000,2,2,2,32,2,3,2,2,2,0,17757,17193,16602,19521,18925,18806,0,0,3200,0,900,633,0
1429,210000,2,1,1,37,2,2,2,2,2,2,76089,77985,79104,80399,81462,83366,3700,3000,3200,2500,3400,4300,1
1430,80000,2,2,2,44,0,0,0,0,0,0,80610,81008,80725,50472,50340,42393,6502,4000,1889,2000,7700,9600,0
1431,50000,2,1,1,29,0,0,0,0,0,0,50486,50035,49388,10275,9598,8382,2200,1192,1000,2000,1000,1500,0
1432,70000,2,2,1,42,2,2,2,2,2,2,50886,51975,52527,53560,54653,55797,2200,2000,2500,2100,2200,2100,1
1433,230000,1,2,2,32,2,2,2,2,2,2,189567,189023,187521,182671,174794,182160,9000,6300,6200,500,12500,0,1
1434,20000,1,2,2,52,0,0,0,0,0,0,17420,19130,20340,19940,19940,0,2000,2000,0,0,0,0,0
1435,30000,1,2,2,44,0,0,0,0,0,0,21043,21183,1754,666,1339,1748,1196,1757,2,1443,1949,0,0
1436,100000,1,1,2,31,2,2,2,2,2,2,33752,32928,35572,34700,36942,36196,0,3200,0,2800,0,1511,1
1437,80000,2,1,2,29,0,0,0,2,0,0,81337,80290,82215,80422,78284,77270,2842,20412,0,3000,3000,3000,1
1438,210000,1,2,2,33,0,0,0,0,0,0,187610,191592,195739,198081,202410,206582,8500,9000,7100,7510,7700,9051,0
1439,50000,1,2,2,54,1,2,0,0,0,0,48153,46885,27168,27585,27910,27380,0,1400,1200,1500,1000,1500,0
1440,130000,2,2,2,23,0,0,0,0,0,0,133622,129784,126021,70186,71762,73192,4752,5010,2505,2700,2623,2800,0
1441,70000,2,1,2,24,0,0,2,2,2,2,48432,52650,53099,51648,55409,54366,5000,1900,0,4600,0,2300,0
1442,210000,2,1,1,33,0,0,0,0,0,0,17420,16182,14109,10955,11217,11367,1236,1613,1000,552,607,1500,0
1443,100000,1,3,1,44,0,0,0,0,0,0,780,0,390,390,390,390,0,390,390,390,390,390,1
1444,200000,1,3,0,51,0,0,0,0,0,0,3556,4993,9212,2529,1036,4430,5020,9236,2529,0,4430,6398,0
1445,40000,1,1,2,24,1,2,0,0,0,3,28926,28182,28912,29495,33011,32194,0,1500,1064,4000,0,0,1
1446,80000,2,2,2,25,2,3,2,2,2,2,69602,67930,72205,73116,74801,73444,0,6000,2700,3000,0,5300,0
1447,210000,2,1,1,37,1,0,0,0,0,0,0,732,873,148,129,292,732,873,148,129,292,0,1
1448,20000,2,2,2,23,0,0,0,2,0,0,7186,3478,137,1714,17694,12237,8060,137,5199,17694,575,0,0
1449,10000,1,3,2,34,0,0,0,0,0,0,8813,8464,9474,9716,9960,10188,2148,1158,400,400,400,300,0
1450,60000,2,3,1,50,0,0,0,0,0,0,61600,61952,60661,29095,17636,31406,3300,2000,900,889,21500,3600,1
1451,40000,2,2,1,25,0,0,0,0,0,0,11273,12307,13348,13530,13811,14132,1520,1550,700,648,700,700,0
1452,290000,2,1,2,33,0,0,0,0,0,0,413,486,820,60,1773,3904,486,820,60,1773,3904,0,1
1453,50000,1,2,1,54,0,0,0,0,0,0,1583,2134,0,2025,0,1924,2134,0,2025,0,1924,0,0
1454,20000,1,2,2,25,0,0,0,0,2,2,17384,13648,13924,15685,15292,17524,1500,1400,2000,0,2500,0,0
1455,30000,1,2,2,26,0,0,0,0,0,0,33195,32705,32406,32167,31728,31061,1600,1500,1500,1300,1261,1003,0
1456,20000,1,2,1,32,0,0,0,0,0,2,17104,18134,19123,19351,20411,19947,1613,1602,830,1512,0,545,0
1457,50000,2,3,3,43,0,0,0,0,0,0,24443,24391,23595,22590,21788,21949,1800,1400,800,1000,900,900,0
1458,500000,1,2,1,42,1,0,2,2,0,0,-984,3516,1924,1924,8924,6729,4500,0,0,7000,36,532,1
1459,90000,2,3,2,24,0,0,0,0,0,0,595,207,18189,557,0,0,207,18281,557,0,0,0,1
1460,10000,1,2,2,26,0,0,0,0,0,0,15147,6641,15318,8610,8790,8963,2234,1135,1086,319,319,180,0
1461,50000,2,2,1,37,2,2,3,3,3,3,1050,1050,1050,1050,1050,1050,0,0,0,0,0,0,1
1462,120000,1,1,2,36,0,0,2,0,0,2,24466,28255,27507,27952,31136,30486,4500,0,1200,3800,0,1500,0
1463,200000,2,1,2,27,0,0,0,0,0,0,157607,155693,155290,147604,146719,143317,7194,6760,5018,5370,5294,5300,0
1464,300000,2,2,1,50,0,0,0,0,0,0,8924,3131,117497,110680,104016,109839,3131,121715,4000,5000,9000,5000,0
1465,90000,2,2,2,24,0,0,0,0,0,0,17524,22184,23270,27372,31905,34954,5000,5000,5000,5000,3600,2000,0
1466,90000,1,2,1,27,0,0,0,0,0,0,70482,70591,64926,59949,54029,48170,2580,2337,1634,1606,1371,620,0
1467,140000,2,1,2,23,1,0,0,0,0,0,0,0,0,0,0,0,0,0,0,0,0,0,1
1468,180000,2,2,1,39,0,0,0,0,0,0,1081,148,148,296,148,148,148,148,296,0,148,1495,0
1469,360000,1,1,1,39,0,0,0,0,0,0,1761,2560,0,0,0,0,2816,0,0,0,0,2456,0
1470,160000,2,3,2,29,1,0,0,0,0,0,0,0,4150,2065,0,500,0,4150,2065,0,500,0,1
1471,100000,1,1,1,45,0,0,0,0,0,0,10529,12723,15807,18901,21794,25051,2688,3688,3288,3288,3688,0,0
1472,20000,1,2,2,21,0,0,2,0,0,0,19277,20997,20200,20000,0,0,5000,0,0,0,0,0,1
1473,360000,1,1,1,36,0,0,0,0,0,0,40434,13352,129978,150637,138969,132118,2000,129990,30000,25000,5000,3000,0
1474,230000,1,2,2,39,0,0,0,0,0,0,326,326,326,326,326,326,652,326,326,326,326,326,0
1475,110000,2,3,2,29,0,0,0,0,0,0,101006,104474,106332,106906,108952,110444,5300,5300,4000,4100,4631,4404,1
1476,210000,1,2,2,37,0,0,0,0,0,0,142149,139025,50283,159231,155342,156769,6534,3069,110017,5496,6307,5376,0
1477,200000,1,2,2,26,0,0,0,0,0,0,1747,11817,14225,16017,12613,6600,12957,3884,5010,700,360,1713,0
1478,50000,1,2,2,44,0,0,0,0,0,0,27560,19002,8542,8711,8893,9070,1159,1142,311,322,324,335,0
1479,210000,2,1,2,30,1,0,0,0,0,0,0,0,0,0,49525,0,0,0,0,49525,0,0,1
1480,280000,1,1,2,31,1,0,0,0,0,0,-32,-32,4887,2067,6624,1489,0,4919,10,6657,1496,2244,0
1481,500000,1,2,1,40,0,0,0,0,0,0,94585,61111,24801,6288,166251,162785,2659,2090,6333,178460,5506,6205,0
1482,30000,2,1,2,25,0,0,0,0,0,0,3924,4972,5873,5993,0,0,1099,1000,120,0,0,0,0
1483,340000,2,2,1,36,0,0,0,0,0,0,167474,155293,134467,129891,113919,106675,7106,4435,4091,3548,4535,4127,0
1484,360000,1,1,2,32,0,0,0,0,0,0,389,389,1955,5316,2265,6594,389,1955,5316,2265,6594,2974,0
1485,70000,2,1,2,22,0,0,0,0,0,0,71358,70285,28867,29766,26522,27584,3280,1480,1360,960,1500,1000,0
1486,20000,2,2,3,44,2,2,7,7,7,6,2400,2400,2400,2400,2400,1800,0,0,0,0,0,0,1
1487,230000,1,1,2,32,0,0,0,0,0,0,44734,47178,29582,38426,42500,43531,10120,20000,10000,5000,5000,5000,0
1488,60000,1,2,1,41,0,0,0,0,0,0,48979,41597,29347,19544,11989,9079,5070,1219,1007,8,9381,1156,0
1489,50000,1,1,2,28,3,2,2,0,0,0,49828,50467,48964,49447,44067,44760,2121,0,2000,2000,2000,2000,1
1490,50000,2,1,2,29,0,0,2,2,2,2,10532,13145,12637,13922,13556,14528,2800,0,1500,0,1200,0,1
1491,130000,2,4,2,28,0,0,0,0,0,0,36108,34256,36357,37878,39489,41833,3000,3000,2500,3000,3000,2000,0
1492,160000,1,3,2,52,0,0,0,0,0,0,155684,157364,156581,72814,66825,63419,6525,6649,2724,2503,2310,2200,0
1493,60000,2,3,2,48,2,0,0,0,0,0,43533,39252,38051,37988,38725,39685,1700,1700,2000,1500,1600,1000,0
1494,160000,1,2,2,43,0,0,0,0,0,0,12458,7146,11529,20860,0,780,7545,5000,10000,0,780,0,0
1495,180000,2,1,2,25,0,0,0,0,0,0,23800,1246,3430,8430,92925,88283,1246,3430,5000,92925,5000,5000,0
1496,170000,1,2,1,36,2,2,2,0,0,0,75960,64683,51184,37938,25292,12646,2000,0,0,0,0,173869,0
1497,360000,2,2,2,35,2,2,2,0,0,0,360023,363239,350214,319960,260944,202686,14693,30,12302,10004,7506,19721,1
1498,130000,2,2,1,34,0,0,0,2,0,0,59955,61252,65399,63800,65312,37838,2260,5203,0,2670,1342,1815,0
1499,180000,2,2,2,48,1,0,0,0,0,0,2551,3044,3044,5283,1660,6671,3044,3044,5283,1660,6671,493,0
1500,20000,1,1,2,27,1,2,0,0,0,0,6274,5971,3980,9040,9040,0,0,4000,9040,0,0,17291,0
1501,230000,2,2,1,43,0,0,0,0,0,0,7806,8392,8967,8729,10816,15893,1295,1300,468,2816,5893,5977,0
1502,220000,2,2,1,30,1,0,0,0,0,0,0,0,0,0,0,0,0,0,0,0,0,0,0
1503,240000,1,2,1,43,0,0,0,0,0,0,0,0,0,0,0,0,0,0,0,0,0,0,0
1504,50000,1,3,1,54,0,0,0,0,0,0,50356,48981,47942,1261,17147,16609,2000,1120,1300,17147,1000,1000,0
1505,310000,2,2,1,39,0,0,0,0,0,0,7246,6713,9507,8894,7418,12154,1155,4507,1000,283,7482,2473,0
1506,350000,1,1,1,70,0,0,0,0,0,0,100895,70244,64839,57583,45554,37063,3371,2089,3008,1300,1500,1372,0
1507,50000,2,1,2,24,0,0,0,0,0,0,629,351,784,696,800,341,351,789,699,910,341,210,0
1508,200000,2,2,1,30,1,0,0,0,0,0,26223,-137,73284,65428,65820,2859,0,73421,1309,392,2859,1250,0
1509,480000,1,3,2,53,0,0,0,0,0,0,482250,475931,429037,383821,369920,699944,18093,15233,12597,15098,14155,20306,0
1510,180000,2,1,1,27,2,2,2,2,2,0,81044,78403,58083,58244,56041,50816,2600,0,4700,0,2500,1092,1
1511,200000,2,2,2,33,0,0,0,0,0,0,184676,178491,169860,165713,168199,160769,7900,6112,6000,6000,5838,5900,0
1512,20000,1,3,1,34,2,0,0,0,0,0,15736,16762,17774,18125,18507,19063,1284,1296,647,672,864,1506,0
1513,50000,1,2,2,48,0,0,0,0,0,0,51631,45223,45461,18354,19118,19404,1800,1005,19763,1000,1000,1000,0
1514,210000,2,3,2,33,1,0,0,0,0,0,0,0,3104,4056,565,960,0,3104,4056,565,960,1958,1
1515,20000,2,2,2,24,0,0,0,0,0,0,19433,20508,19662,20001,16448,16774,1700,1300,600,600,600,622,0
1516,150000,2,2,1,31,1,0,0,0,0,0,6526,779,8927,8660,692,0,783,9098,8660,698,0,0,0
1517,50000,2,2,2,25,0,0,0,0,0,2,46528,47456,36251,438,43367,44305,1794,1021,438,43367,1800,0,0
1518,190000,1,3,1,49,2,2,2,2,2,2,178367,179062,177663,180312,185910,191895,5000,3000,7100,8700,9300,9500,1
1519,290000,2,1,2,27,2,0,0,0,2,2,232523,243753,253145,267412,273095,278260,16500,15000,20000,10000,9701,0,0
1520,420000,1,2,1,39,0,0,0,0,0,0,171141,118103,119543,122851,126007,129144,5700,4600,5000,5000,5000,4700,0
1521,340000,2,2,2,36,2,0,0,0,0,0,337981,344920,18921,21205,19810,13586,17181,2000,10000,5000,3000,1000,0
1522,60000,1,2,2,40,3,3,5,4,3,2,9744,10940,10630,10320,9865,10055,1500,0,0,0,500,0,0
1523,90000,2,1,2,27,0,0,0,0,0,0,81111,83081,60210,61221,62636,54261,3500,3000,2600,2600,3000,1500,0
1524,30000,2,1,2,27,2,2,2,2,2,2,28207,29261,28497,29862,43148,30603,1800,0,2150,900,3776,0,1
1525,160000,2,2,1,37,0,0,0,0,0,0,1988,0,0,1188,0,0,0,0,1188,0,0,1935,0
1526,20000,1,2,2,35,0,2,2,2,2,2,11916,11434,13433,13398,13040,14518,0,2200,480,0,1702,200,0
1527,90000,2,2,1,25,0,0,0,0,0,0,87525,89052,85807,68186,69011,70341,4200,3000,3000,3000,2600,3000,1
1528,120000,1,1,2,27,0,0,0,0,0,0,20874,21930,22165,20502,19030,15119,1700,1500,700,1000,1000,1000,0
1529,120000,1,1,2,38,1,0,0,0,0,0,-284,-610,-936,-1262,-1588,-1914,0,0,0,0,0,0,0
1530,360000,2,2,1,50,0,0,0,0,0,0,147,686,6037,1560,0,275,686,6041,1560,0,275,0,0
1531,160000,2,1,2,32,0,0,0,0,0,0,16922,2552,0,0,0,0,2555,0,0,0,0,0,0
1532,320000,2,1,1,34,0,0,0,0,0,0,65083,23750,22381,14685,7511,6722,23750,10162,14702,7511,6722,10000,0
1533,20000,1,2,2,25,0,0,2,2,4,3,16508,19638,19030,22033,21109,20474,3400,0,3633,0,0,0,0
1534,230000,2,1,2,29,0,0,0,0,0,0,63184,64667,65888,66645,67865,69231,3100,3000,2300,2300,2500,2300,0
1535,50000,1,3,1,44,0,0,0,0,0,0,15931,17363,18735,19188,17578,16855,2000,2000,1006,1003,1000,1000,0
1536,50000,1,3,1,48,0,0,0,0,0,0,2722,33868,26646,26832,27395,27940,33895,1439,959,994,1000,1013,0
1537,40000,2,3,2,24,0,2,0,0,0,0,5496,698,400,25289,24435,2201,0,400,25289,0,0,1329,0
1538,120000,2,3,1,27,2,0,0,0,2,0,390,390,390,780,240,630,390,390,780,0,930,300,0
1539,130000,2,2,2,25,0,0,0,0,0,0,1031,1583,776,776,776,776,1583,1000,776,776,776,12184,1
1540,110000,2,3,2,28,0,0,2,2,0,0,85918,87442,82975,80446,80006,80421,4000,6000,12,3100,3200,3000,0
1541,20000,1,2,2,22,1,2,0,0,0,0,8222,7948,8958,9456,10150,10727,0,1300,800,1000,900,2130,1
1542,50000,1,3,2,22,1,0,0,0,0,0,0,0,0,0,0,0,0,0,0,0,0,0,0
1543,120000,2,3,1,30,0,0,0,0,0,0,115583,114915,117220,119599,120888,117881,4178,4223,4296,4800,4423,4080,0
1544,50000,1,3,2,34,0,0,0,0,0,0,50375,51400,0,0,0,0,2400,0,0,0,0,0,0
1545,360000,2,2,2,34,1,0,0,0,0,0,0,0,0,700,0,0,0,0,700,0,0,0,1
1546,240000,2,2,1,44,0,0,0,0,0,0,3313,7458,2329,4267,2404,4243,7458,2335,4267,2404,4243,2952,1
1547,150000,1,1,2,32,0,0,0,0,0,0,46272,1079,0,41147,-3,-3,1082,0,41147,0,0,0,0
1548,50000,2,2,2,23,0,0,0,0,2,0,30501,33113,33967,28115,27529,29896,3113,1421,4295,0,3000,896,0
1549,500000,2,1,2,42,0,0,0,2,0,0,30439,1844,844,614,2887,3850,1844,1000,0,3000,4000,6000,1
1550,110000,2,2,1,33,0,0,0,0,0,0,115895,115609,113984,112510,112319,110730,6000,5500,4000,4000,4100,4000,0
1551,170000,1,2,1,48,0,0,0,0,0,0,93420,96284,97322,99419,101590,111679,4371,3533,3716,3934,12030,0,1
1552,230000,2,2,1,29,0,0,0,0,0,0,30818,31209,32211,31647,34304,36849,2000,2000,1113,5000,5000,2000,0
1553,20000,2,3,3,47,0,0,0,0,0,0,9417,10436,11450,12257,12685,13306,1179,1193,1000,625,1000,405,0
1554,100000,2,1,1,41,1,0,0,0,0,0,0,0,0,0,0,18149,0,0,0,0,18149,0,0
1555,110000,1,1,2,28,1,2,0,0,0,0,44278,41812,43095,46292,44744,36243,0,2000,5000,1514,1197,982,0
1556,340000,1,1,1,52,0,0,0,0,0,0,30832,33652,35192,30000,10766,33887,33670,35212,30000,10766,33905,30200,1
1557,50000,1,1,2,37,0,0,0,0,0,0,37774,38492,36453,29700,30167,29613,1976,1564,1170,1055,1052,1022,0
1558,310000,1,1,1,50,0,0,0,0,0,0,316,316,10131,2456,316,316,316,10131,2456,316,316,316,0
1559,50000,2,3,1,31,1,2,2,2,2,2,38102,40025,40071,40906,42100,41269,2830,1000,1800,2000,0,1704,1
1560,240000,2,3,1,38,0,0,2,0,0,0,107148,113396,110084,112272,114779,116920,9500,0,4019,4317,4204,4314,1
1561,50000,2,2,1,48,0,0,0,0,0,0,10929,13262,14273,14555,14860,15155,2526,1237,519,538,541,560,0
1562,150000,2,1,2,34,0,0,2,0,0,0,0,13206,10227,398,0,0,13206,0,0,0,0,0,0
1563,140000,1,2,2,44,0,0,0,0,0,0,108033,105021,107659,109104,109352,101534,4000,4537,3800,3823,3806,3511,0
1564,30000,2,3,1,56,0,0,2,2,0,0,16088,24800,25098,24396,24907,25555,9000,1000,0,903,1061,942,0
1565,300000,2,1,1,30,0,0,0,0,0,0,93738,84636,88446,76244,67747,70389,3000,5000,2500,2500,3500,87000,1
1566,50000,1,1,2,29,0,0,0,0,0,0,2087,2632,3355,3253,3640,3512,1000,1186,500,1000,500,1000,0
1567,280000,2,2,1,37,0,0,0,0,0,0,29078,30144,32629,35126,35759,42317,1515,3000,3000,1292,7147,1415,0
1568,120000,2,2,2,23,0,0,0,0,0,0,118063,120851,120013,77539,77333,79113,4700,3538,3000,3000,3000,5000,0
1569,30000,2,1,1,27,1,0,0,0,0,0,0,306,2017,6316,3107,0,306,2017,6316,62,0,1002,0
1570,30000,2,2,2,23,0,0,0,0,0,0,3226,5591,6992,20412,14427,5119,3596,2992,16500,0,5119,0,1
1571,180000,1,3,1,45,1,2,0,0,0,0,24400,24508,22627,23306,22780,20890,1500,1500,1000,1000,1000,1000,0
1572,150000,1,2,1,33,1,2,2,0,0,2,8967,11510,12022,12524,13868,13502,3001,1000,1000,1700,0,1000,0
1573,110000,2,2,1,40,0,0,0,2,0,0,84589,85418,38333,37419,38199,38957,3700,4890,0,1535,1545,1500,0
1574,50000,1,1,2,24,0,0,0,0,0,0,50716,50606,33265,29300,20703,30101,3029,2000,1021,1004,10000,2500,1
1575,230000,2,3,1,43,1,0,2,0,0,0,0,3832,1823,3646,1823,1823,5655,0,3646,0,1823,1823,0
1576,230000,2,2,2,25,0,0,0,0,0,2,95311,94489,93143,87654,90172,86850,4500,4114,3500,4000,3000,3000,0
1577,160000,2,1,2,46,0,0,0,0,0,0,6241,8788,0,0,0,0,8805,0,0,0,0,0,0
1578,50000,1,3,2,36,0,0,0,0,0,0,52855,49123,49522,19843,18440,18272,2206,1605,397,369,365,1088,0
1579,210000,2,1,1,36,1,0,0,0,0,0,0,1690,0,5619,4090,581,1690,0,5619,4090,581,0,0
1580,120000,2,2,1,38,0,0,0,0,0,0,4100,7270,820,820,2870,970,7270,820,820,2870,970,820,0
1581,240000,2,2,1,42,0,0,0,2,0,0,21943,36519,55515,49049,57178,42009,15000,20000,3330,30000,10000,10000,0
1582,20000,1,3,3,47,0,0,0,0,0,0,18768,18795,19390,19464,18126,18827,1400,1400,1000,700,1600,0,0
1583,50000,2,3,2,40,0,0,0,0,0,0,5538,6563,7422,8292,8465,8650,1271,1130,1000,307,325,436,0
1584,50000,2,1,2,70,2,2,0,0,0,0,49546,48480,48621,17793,18224,18612,0,2200,700,700,674,608,0
1585,50000,2,2,1,32,0,0,0,0,0,0,48508,49213,38280,12305,6436,0,3037,1800,1130,2000,0,0,0
1586,100000,1,3,2,52,0,0,0,0,0,0,73904,73249,12327,10793,5309,900,2781,2101,216,0,900,500,0
1587,390000,2,1,1,49,0,0,0,0,0,0,15026,13357,0,0,0,100000,13357,0,0,0,100000,39268,0
1588,550000,1,1,2,31,0,0,0,0,0,0,43769,38907,36111,32723,26946,26439,2018,1520,1131,1005,1107,1019,0
1589,450000,2,2,2,36,0,0,0,0,0,0,13500,6350,11670,1530,1232,201,6364,11728,1532,1234,201,3,0
1590,80000,2,2,1,50,0,0,0,0,0,0,2587,2587,50097,48753,50000,49209,2587,50097,2000,2000,1933,1700,0
1591,50000,2,3,1,48,0,0,0,0,0,0,4064,5987,7719,8588,9291,11127,2000,2000,1000,1000,2000,2000,0
1592,50000,2,2,2,33,1,2,2,0,0,0,49617,50352,49243,49819,19324,20103,1813,0,2169,702,1101,529,0
1593,180000,1,2,1,44,0,0,0,0,0,0,70721,69994,70204,70238,73296,73369,8000,3000,3000,5000,2595,3000,0
1594,240000,1,1,2,35,0,0,0,0,0,0,15432,10835,22134,32823,1897,5627,10851,22258,20076,2099,5827,0,0
1595,320000,2,3,2,29,0,0,0,0,0,0,500,500,0,0,0,2900,500,0,0,0,2900,0,0
1596,480000,2,2,1,35,0,2,0,0,2,0,18214,11031,182123,188956,179179,181746,0,182123,12960,0,9000,50000,0
1597,150000,2,2,1,37,0,2,2,0,0,0,1184,794,2756,0,2430,4840,0,2772,0,2430,4844,0,0
1598,110000,2,1,2,29,0,0,2,0,0,0,107195,109443,106637,106665,92417,90730,7845,4000,4000,3500,9500,9600,0
1599,240000,1,1,2,30,0,0,0,0,0,0,7744,7284,11234,15214,9107,5621,7305,11263,10018,21,3637,7008,0
1600,50000,1,1,2,33,0,0,0,0,0,0,47853,49474,47822,8585,8797,9001,2412,1500,500,500,500,490,1
1601,120000,1,2,2,27,0,0,0,0,0,0,2474,2469,2439,2439,2439,2116,2469,2439,2439,2439,2116,0,0
1602,150000,2,1,1,31,1,0,0,0,0,0,0,0,0,0,0,0,0,0,0,0,0,0,0
1603,100000,2,3,2,53,0,0,0,0,0,0,101503,29880,31119,58653,59477,60695,1538,1777,29103,2283,2334,2290,0
1604,260000,2,2,2,38,0,0,0,0,0,0,-2,-2,725,2074,0,585,0,727,2074,0,585,0,0
1605,250000,2,2,2,26,0,0,0,0,0,0,16884,10397,5291,4671,4400,6011,2000,1000,1010,2000,6011,2325,0
1606,100000,2,2,2,26,0,0,0,0,0,0,9614,0,0,0,0,16708,0,0,0,0,16708,2000,0
1607,160000,1,1,1,51,2,3,2,0,0,0,79244,77441,75598,82277,84955,87549,0,0,8000,4000,4000,4000,1
1608,270000,2,1,1,37,0,0,0,0,0,0,264,264,1191,3691,3445,56264,264,1191,3691,3445,56264,953,1
1609,390000,2,2,2,42,0,0,0,0,0,0,5895,42006,31192,13859,10078,4635,42016,1397,347,250,145,94,0
1610,210000,2,2,1,43,0,0,0,0,2,0,80527,82332,84043,88508,85802,85280,4000,4000,7000,0,3500,7000,0
1611,30000,2,2,2,23,0,0,0,2,0,0,24285,26143,26929,19610,20591,19472,3002,2130,2,3004,8013,0,0
1612,300000,2,3,1,30,0,0,0,0,0,0,12090,15035,25895,16416,3972,2200,15042,25500,6000,3972,2200,0,0
1613,190000,2,3,1,38,0,0,0,0,0,0,89619,103095,110000,115674,121313,15538,15000,10000,5674,11313,5538,18272,0
1614,130000,2,1,1,35,0,0,0,0,0,0,6348,321,321,0,321,0,321,321,0,321,0,0,1
1615,360000,1,2,1,44,0,0,0,0,2,0,270248,138566,142337,149758,147152,149460,5000,5000,8600,0,5000,5000,0
1616,320000,1,1,1,35,1,0,0,0,0,0,291,2594,2691,291,291,291,2594,2691,291,291,291,3124,1
1617,20000,1,2,3,35,1,0,0,0,0,0,0,0,0,0,0,0,0,0,0,0,0,0,1
1618,360000,1,1,1,32,0,0,0,0,0,0,10729,2523,-2,-2,-2,-2,2535,0,0,0,0,0,0
1619,190000,2,2,2,25,0,0,0,0,0,0,110031,105500,104430,93,158481,161866,8614,5000,93,159212,5800,5500,0
1620,90000,2,2,2,33,0,0,0,0,0,0,63626,1788,1988,55970,59612,40281,1000,2000,61000,5000,1800,1200,1
1621,30000,2,1,2,26,0,0,0,0,0,2,2635,807,11428,2462,3605,1559,1270,11500,2462,1559,0,3192,0
1622,240000,1,1,2,29,0,0,0,0,0,0,240248,221277,201606,183454,180255,184230,11000,9100,8000,8000,7000,8000,0
1623,40000,2,1,2,26,0,0,0,0,0,0,12308,13604,14873,15624,15972,16308,1500,1500,1000,600,600,1700,0
1624,170000,1,2,2,36,0,0,0,0,0,0,2104,2074,10719,12654,25784,19950,2081,10725,12654,25784,19950,200,0
1625,180000,1,1,2,37,0,0,0,0,0,0,22121,31681,32552,34004,35792,36645,10000,1700,2000,2500,1600,2000,0
1626,20000,1,3,1,63,2,2,2,2,2,0,16097,16951,17090,17128,16725,17263,1400,700,600,0,800,772,1
1627,150000,2,3,1,48,0,0,2,0,0,0,37800,40874,39922,40953,42136,43279,4000,0,2000,2000,2000,2000,0
1628,50000,2,2,1,47,0,0,0,0,0,0,44624,45128,3837,3913,4146,4225,2355,1064,140,296,296,301,1
1629,140000,2,3,1,31,2,2,2,2,2,2,89910,92588,91936,94623,94952,95234,5000,1800,5000,1900,4700,0,0
1630,50000,1,3,2,31,0,0,0,0,2,0,40011,33648,35082,38286,37543,0,1566,2000,3800,0,1546,0,0
1631,200000,1,1,2,34,0,0,0,0,0,0,67002,76429,94564,95859,99593,101834,10000,18900,3000,4524,3084,3242,0
1632,100000,2,1,1,43,0,0,0,0,0,0,9122,22971,15537,27075,8423,37259,22982,15561,27091,8423,37259,16751,0
1633,250000,2,1,2,32,0,0,0,0,0,0,33323,30090,21218,10875,3328,1460,2038,2065,52,3336,1460,1000,0
1634,80000,2,1,2,38,0,0,0,0,0,0,1927,446,909,1740,2190,518,446,909,1740,2190,518,5062,0
1635,170000,2,2,1,50,0,0,0,0,0,0,177956,176155,171665,65479,61234,42484,7262,5586,2272,2998,39321,1390,0
1636,80000,1,3,2,29,0,0,0,0,0,0,46638,47680,48395,49356,50560,51431,2091,1806,1767,2000,1767,1740,0
1637,50000,1,2,1,49,0,0,0,0,0,0,49816,49749,48589,59469,20239,20059,3000,2000,1900,1004,1600,700,0
1638,30000,2,3,2,40,2,2,2,2,0,0,23687,23020,25218,24514,25030,25557,0,2579,0,909,944,4642,0
1639,70000,2,1,2,34,1,3,2,0,0,0,70971,71272,69405,34045,34995,36025,2000,0,1220,1500,1725,0,1
1640,30000,2,3,1,47,0,0,0,0,0,0,1355,5137,1392,696,0,696,5174,1392,696,0,696,696,0
1641,200000,1,1,1,34,0,0,0,0,0,0,5023,618,605,3098,805,2154,621,608,3114,1003,2164,1210,0
1642,100000,2,2,2,27,0,0,0,0,0,0,11540,1300,0,0,0,0,1303,0,0,0,0,0,0
1643,20000,1,2,2,44,0,0,0,0,0,0,17636,17947,17914,18357,19155,10200,1375,1122,565,1000,204,0,1
1644,200000,1,1,2,29,0,0,0,0,0,0,2290,0,0,0,0,0,0,0,0,0,0,0,0
1645,50000,1,3,1,72,2,0,0,0,2,2,35417,36453,37166,39710,40519,41324,1908,1621,3165,1600,1620,0,1
1646,50000,1,2,1,48,0,0,0,0,0,0,40931,40892,41612,18825,18019,18124,1880,1650,10000,1000,700,600,1
1647,50000,2,1,2,27,1,2,2,2,2,2,36794,35922,39319,38387,42764,41926,0,4000,0,5000,0,5000,1
1648,220000,1,2,1,44,0,0,0,0,0,0,217743,180357,183453,176900,118965,172907,7000,8000,8000,6000,60000,7000,0
1649,240000,2,3,1,39,0,0,0,0,0,0,0,1234,0,0,620,0,1234,0,0,620,0,0,0
1650,50000,1,1,1,40,0,0,0,0,0,0,42549,36110,9715,8965,6652,7385,2200,2000,1000,500,1000,400,0
1651,500000,2,1,1,45,0,0,0,0,0,0,36954,-24704,22999,18339,-3876,15586,0,83000,0,0,20000,18000,0
1652,170000,1,1,2,26,0,0,0,0,0,0,23594,1512,1362,1591,3524,8545,1512,1362,1591,3524,8545,1485,0
1653,30000,1,1,1,34,0,0,0,0,0,0,220,2500,0,0,0,0,2500,0,0,0,0,0,0
1654,300000,1,1,1,43,1,0,0,0,0,0,0,0,0,0,0,0,0,0,0,0,0,0,1
1655,50000,1,2,2,30,0,0,0,0,0,0,50507,48751,44688,19823,13645,10876,4000,2220,1000,1500,1000,1500,0
1656,100000,2,3,1,31,0,0,0,0,0,0,16033,1716,1200,0,0,1300,1716,1200,0,0,1300,6455,0
1657,150000,2,1,2,29,0,0,2,0,0,0,108817,83654,79713,64468,66488,58131,7500,0,4000,4000,4000,3500,1
1658,50000,1,1,2,28,0,0,0,0,0,0,46176,40870,41590,42419,43307,44167,2000,1700,1519,1572,1580,1637,0
1659,190000,2,2,2,31,0,0,0,0,0,0,771,0,4251,0,0,6732,0,4251,0,0,6732,11306,0
1660,20000,2,3,2,22,0,0,0,0,0,0,14562,5991,6870,0,2734,0,1121,1000,0,1367,0,0,0
1661,50000,2,3,1,55,1,2,2,2,0,0,49003,49067,50498,47579,47567,48155,2005,3900,0,2000,1900,1900,0
1662,30000,2,2,1,39,0,0,0,0,0,0,223,223,223,223,223,675,223,223,223,223,675,10473,1
1663,90000,2,1,2,27,0,0,2,2,0,0,1179,6346,4607,-6,-2153,-4306,7020,2980,3000,0,0,0,0
1664,500000,2,1,2,36,0,0,0,0,0,0,-312,-2479,2479,2479,763,288,0,4958,0,763,0,14472,1
1665,280000,1,1,1,40,0,0,0,0,0,0,5310,2196,2928,9564,22017,5220,2196,2928,9564,22017,5220,1964,0
1666,30000,1,2,1,31,0,0,0,0,0,0,13265,7206,0,2320,0,0,1632,780,2320,0,0,0,0
1667,90000,2,2,1,36,2,2,2,2,2,2,49295,50206,50781,51840,52607,53784,2000,1700,2200,1750,2200,2000,0
1668,200000,1,2,1,42,1,2,0,0,2,2,38187,35827,19208,20023,19572,19652,44,1303,1522,0,1099,1339,1
1669,100000,1,2,2,30,0,0,0,0,0,0,914,1170,0,0,1756,0,1475,0,0,1756,0,0,0
1670,20000,1,3,2,40,0,0,2,3,2,2,12649,15526,16383,15831,15438,17371,3103,1408,0,0,2346,0,0
1671,50000,1,2,1,51,0,0,0,0,0,0,49613,49326,47010,20661,14528,15544,3036,6000,1000,2000,2500,3000,0
1672,50000,2,2,3,51,0,0,0,0,0,0,10571,2477,3234,2904,0,0,2477,2904,0,0,0,0,0
1673,290000,1,3,2,32,0,0,0,0,0,0,1520,1200,0,1000,28661,8976,1200,0,1000,9948,8974,175000,0
1674,220000,2,1,2,36,0,0,0,0,0,0,0,420,0,584,790,0,420,0,584,790,0,1309,0
1675,440000,1,1,1,37,0,0,0,0,0,0,4330,8369,16786,396,600,3596,8369,16786,396,600,3596,4095,0
1676,50000,1,2,2,49,0,0,0,0,0,0,90231,90647,92309,93880,99418,101392,2852,2784,2603,10000,3164,2868,1
1677,300000,1,1,2,31,0,0,0,0,0,0,40779,5401,2444,578,390,1424,5401,2444,578,390,1424,390,0
1678,290000,2,1,1,50,0,0,0,0,0,0,165563,128747,120469,78892,81561,83687,7000,10009,5000,5000,5000,10000,0
1679,390000,1,2,1,40,1,2,0,0,0,0,424244,395060,258372,261498,213003,102423,587,9500,30140,4235,1998,25226,0
1680,50000,2,2,2,24,0,0,0,0,0,0,29186,29792,26660,27416,27836,28473,1500,1500,1200,1010,1100,980,0
1681,220000,2,2,2,31,0,0,0,0,0,0,38746,0,0,110699,0,0,0,0,110699,0,0,0,1
1682,150000,2,2,2,29,0,0,0,0,0,0,3559,4724,2629,2584,1371,0,1222,2634,1008,506,0,0,0
1683,50000,1,1,2,24,0,0,0,0,0,0,50963,49720,50839,93436,46733,50925,1844,1963,2635,1750,5000,2160,0
1684,200000,1,1,1,44,0,0,0,0,0,0,667,0,0,0,0,0,0,0,0,0,0,0,0
1685,120000,2,2,2,30,0,0,0,0,0,0,16812,17571,18013,18197,9032,11951,1358,1126,636,650,4000,1800,0
1686,230000,2,1,1,61,0,0,0,0,0,0,1443,1443,1443,1443,1443,1443,1443,1443,1443,1443,1443,1443,0
1687,180000,2,2,1,28,0,0,0,0,0,0,133868,125613,86893,89014,91946,93237,5300,4000,4000,10000,3200,3100,0
1688,20000,1,1,2,22,0,0,0,0,0,0,23538,22780,23623,19600,20100,0,3000,1400,2500,500,0,0,0
1689,20000,1,2,2,23,0,0,2,0,0,0,18804,17855,17199,17548,17992,31150,2150,1000,504,600,4000,4000,0
1690,50000,1,3,1,46,0,2,2,0,0,0,13473,12800,0,0,0,0,0,0,0,0,0,0,1
1691,290000,2,1,2,24,0,0,0,0,0,0,14931,15090,19239,4940,93332,96112,15090,19239,4975,96151,5500,4000,0
1692,290000,2,2,2,54,0,0,0,0,0,0,-68,-68,-68,675,-6,2168,0,0,743,0,2174,972,0
1693,150000,2,1,2,27,0,0,0,0,0,0,0,610,610,0,610,0,610,610,0,610,0,0,0
1694,190000,2,2,2,53,0,0,0,0,0,0,173058,133198,131891,133516,135008,136486,6300,5000,5000,5000,5100,5000,0
1695,80000,2,2,2,25,0,0,0,0,0,0,81003,85894,87061,89008,93523,80288,8213,3491,3508,19523,3288,1570,1
1696,250000,1,3,1,47,0,0,0,0,0,0,1170,1863,3100,2560,2580,3699,1863,3112,2950,2580,3699,0,0
1697,20000,1,2,1,35,1,2,2,0,0,0,19755,19661,20018,20427,19377,19386,1000,1000,1000,1500,900,1000,1
1698,180000,2,3,1,45,0,0,0,0,0,0,396,396,396,396,396,396,396,396,396,396,396,396,0
1699,80000,1,1,2,25,0,0,0,0,0,2,2109,1257,466,628,2395,930,1257,466,628,2395,0,601,0
1700,300000,1,1,2,31,0,0,0,0,0,0,2166,2894,8903,12445,24650,8339,2918,8974,12457,15113,8369,3832,0
1701,50000,2,3,1,51,0,0,0,0,0,0,20454,21899,20895,11241,-861,38040,2100,2000,1000,0,39500,1500,0
1702,70000,2,1,1,40,0,0,0,0,0,0,51959,40519,31310,28929,29535,28160,1597,1407,972,1007,1028,913,0
1703,150000,2,1,2,30,0,0,2,0,0,2,44795,43700,19543,34648,24241,19339,10000,20,30000,19800,0,5000,1
1704,320000,2,1,2,29,0,0,0,0,0,0,179226,-200,200,0,10000,210000,0,400,0,10000,200000,0,0
1705,60000,2,1,2,24,0,0,0,0,0,0,60381,39798,38344,37311,37428,38187,1639,1590,1500,1354,1377,1514,0
1706,20000,1,3,2,32,0,0,2,2,2,0,3677,6002,5758,12619,12274,15049,2400,0,7000,0,3000,4000,1
1707,230000,1,1,2,35,2,2,2,2,2,2,117277,119823,120988,121464,123740,120937,5800,4500,3800,5000,0,4500,0
1708,310000,2,2,1,29,0,0,0,0,0,0,74955,77730,78497,72529,76345,79072,4000,5000,72529,5000,4000,4000,0
1709,230000,2,1,2,36,0,0,0,0,0,0,1545,306,8389,7465,6549,576,306,8389,9,0,0,342,0
1710,200000,2,1,1,40,0,0,0,0,0,0,2552,8064,32082,6914,1905,3244,8084,32105,7186,1905,3244,9768,0
1711,100000,2,1,2,30,0,0,0,0,2,0,28383,32903,42283,51539,50583,52588,5000,10000,10000,0,2846,1936,1
1712,310000,1,2,1,64,0,0,0,0,0,0,1920,0,10124,10130,7958,0,0,10124,6,7958,0,0,0
1713,180000,1,3,1,33,2,2,0,0,0,2,159999,156038,159924,162775,174719,178651,0,8000,7000,15000,7000,0,1
1714,390000,2,1,1,38,0,0,0,0,0,0,164418,167501,134282,128701,131529,135242,9000,7027,5000,5000,6000,5000,0
1715,20000,2,1,2,26,1,0,0,0,0,0,0,0,450,-150,750,568,0,450,0,900,568,1769,0
1716,50000,2,2,1,26,0,0,0,0,0,0,45663,43522,43193,18768,19182,19447,2300,2349,800,835,726,361,0
1717,140000,1,1,2,29,0,0,0,0,0,0,142087,255846,140057,100177,100873,98363,5528,4500,3500,4000,4000,4000,0
1718,170000,1,1,2,37,0,0,0,0,0,0,4334,1343,1078,1392,1606,9955,1343,1078,1392,1606,9955,4382,1
1719,250000,2,2,1,45,0,0,0,0,0,0,100323,37494,41300,0,0,0,2500,5300,0,0,0,0,0
1720,50000,2,3,1,40,2,2,0,0,0,0,49157,47990,38426,7816,7859,7979,0,2050,500,500,400,400,1
1721,250000,2,1,2,36,0,0,0,0,0,0,130360,133799,137119,141367,133174,136481,5000,5000,5847,5000,5000,5018,0
1722,90000,1,1,2,27,0,0,0,2,2,2,56608,57897,63686,65233,66637,67882,2800,7400,3200,2600,2500,2500,0
1723,90000,1,2,1,44,2,0,0,0,0,0,89875,92338,87511,47796,48306,49054,4000,4200,1700,1800,2083,1827,1
1724,160000,2,1,2,27,0,0,0,0,0,0,13234,0,6000,15866,4168,2067,0,6000,15866,4168,2067,11826,0
1725,360000,1,2,2,29,0,0,0,0,0,0,114527,119487,113438,112940,122122,121547,20046,5046,10000,10048,10043,5014,0
1726,330000,2,1,2,26,0,0,0,0,0,0,58667,38323,32726,43579,28908,20777,2213,5000,20000,1000,672,1200,0
1727,50000,2,3,1,54,1,2,0,0,0,0,64069,59153,56275,53936,51740,49043,0,2031,1918,1993,1614,1789,0
1728,60000,2,2,1,42,2,2,0,0,0,0,57598,50821,19638,18919,16853,29682,0,2000,2000,1000,20000,10000,1
1729,10000,2,3,2,42,0,0,0,0,0,0,4908,5665,381,390,0,780,1275,381,399,0,780,0,0
1730,70000,1,2,1,41,1,2,2,2,0,0,34779,35921,36536,35651,36427,37169,2000,1500,0,1500,1500,3000,0
1731,150000,2,1,1,31,0,0,0,0,0,0,2977,1408,0,0,0,0,1408,0,0,0,0,4400,1
1732,250000,2,2,2,33,0,0,0,0,0,0,255223,47070,48130,49625,51500,0,1600,1650,2100,3000,0,94825,1
1733,130000,2,3,1,33,0,0,0,0,0,0,122199,125283,120957,41771,42648,43495,5100,3085,1493,1548,1556,1700,0
1734,130000,1,1,2,27,0,0,0,0,0,0,84664,72079,24934,17810,11705,10007,2039,2007,1000,1000,600,2000,0
1735,100000,2,2,1,36,0,0,0,0,0,0,2205,0,1983,3543,0,0,0,1983,3543,0,0,2645,0
1736,130000,1,2,2,37,0,0,0,0,0,0,131446,102650,0,0,0,0,5000,0,0,0,0,0,0
1737,80000,2,2,2,29,2,0,0,0,0,0,77416,75500,69313,67972,66800,68693,2661,2509,2500,3000,3000,3000,1
1738,380000,1,1,2,41,0,0,2,0,0,0,350341,357703,344460,347754,334891,340728,28400,0,12800,12500,12500,12000,0
1739,20000,2,2,2,23,0,0,0,0,0,0,17257,17417,14462,14750,15215,16209,1230,1239,527,702,1400,0,1
1740,20000,1,2,2,25,0,0,3,2,2,0,15789,21698,21054,20355,19980,3470,6500,0,0,10000,25065,177,0
1741,140000,1,1,1,54,0,0,0,0,0,0,139406,140295,134000,74388,92555,86993,5545,4200,3105,86417,3936,48390,1
1742,180000,1,1,2,33,0,0,0,0,0,0,2217,0,8264,0,3278,0,0,8264,0,3278,0,4646,0
1743,230000,2,1,2,29,0,0,0,0,0,0,-5,-5,2969,3419,0,1841,0,2974,3425,0,1841,200,0
1744,90000,1,1,2,32,0,0,0,0,0,2,6546,1485,25558,1443,1677,1480,1498,25572,1443,257,0,58,0
1745,160000,1,2,2,29,0,0,0,0,0,0,7002,6696,6062,4203,5780,12575,7229,6085,4230,5797,12589,6233,0
1746,50000,2,1,2,22,0,0,0,0,0,0,49459,49281,50071,10104,9208,10075,2300,2000,1000,500,1000,500,0
1747,140000,2,2,2,29,0,0,0,0,0,0,945,945,0,0,0,0,945,0,0,0,0,0,0
1748,250000,2,2,1,31,0,0,0,0,0,0,42441,43061,29385,27677,86250,65710,4000,3000,901,63000,2700,2000,0
1749,120000,2,2,2,24,0,0,0,0,0,0,100,0,0,618,9614,39133,0,0,618,9614,39133,1500,0
1750,120000,2,1,2,27,0,0,0,0,0,0,79072,80795,82451,84177,85945,87813,3000,3000,3100,3122,3300,3060,0
1751,260000,2,2,1,40,0,0,0,0,0,0,243196,258720,178102,77215,79331,81483,20008,7500,3000,3500,3605,3750,0
1752,10000,1,2,2,38,2,2,3,3,3,3,1050,1050,1050,1050,1050,1050,0,0,0,0,0,0,1
1753,60000,2,2,1,38,0,0,0,0,0,0,4764,30500,0,0,52829,41404,30500,0,0,52829,41404,22401,0
1754,60000,2,2,1,29,0,0,0,0,0,0,33147,54511,56167,28609,27660,27059,24511,6000,17000,1984,1100,1600,0
1755,50000,1,2,2,27,0,0,0,0,0,0,17771,18794,19062,19443,19849,20287,1311,1299,680,703,750,626,0
1756,130000,1,3,1,34,0,0,0,0,0,0,5444,5927,7106,7106,8106,9106,1321,1500,0,1000,1000,598,0
1757,130000,1,1,2,34,0,0,0,0,0,0,31179,30569,28659,26952,15852,0,2002,1400,600,1000,0,0,0
1758,360000,2,1,2,32,0,0,0,0,0,0,0,0,0,0,0,0,0,0,0,0,0,0,0
1759,80000,2,2,1,36,0,0,0,0,0,0,20366,21084,22411,23624,23964,25661,1352,1679,1892,870,2096,0,0
1760,50000,1,2,2,26,1,0,0,0,0,0,0,0,0,0,0,0,0,0,0,0,0,0,0
1761,290000,2,1,1,33,1,2,0,0,0,0,7064,1875,1814,8537,25576,13475,0,1814,8537,25576,13475,6000,0
1762,200000,1,1,1,53,0,0,0,0,0,0,195050,0,0,0,1000,0,0,0,0,1000,0,0,0
1763,20000,1,2,2,27,0,0,0,0,0,0,18290,20144,19106,19292,0,0,2458,1200,386,1000,0,0,0
1764,500000,1,1,2,33,0,0,0,0,0,0,5379,2062,10515,4158,7958,-196,2065,10556,4170,7963,196,7083,0
1765,130000,2,1,2,26,1,2,2,2,2,2,22415,21146,23647,22984,24315,23155,0,3500,0,2000,0,2000,0
1766,30000,2,1,2,27,0,0,0,0,0,0,23447,24563,25650,26222,26800,27554,1500,1500,1000,1000,1200,4271,1
1767,20000,2,1,2,24,2,2,2,0,0,0,7919,8637,9339,10029,10615,11285,1000,1000,1000,900,1000,500,1
1768,70000,2,2,2,26,0,0,0,0,0,0,30139,8241,8398,8864,9301,10702,2000,2000,2000,2000,3000,1500,0
1769,200000,1,1,2,27,0,0,0,0,0,0,4890,3630,4882,10955,10435,1665,3630,4882,11034,10435,1665,3765,0
1770,50000,2,2,1,46,0,0,0,0,0,0,569,1436,3220,6592,5085,1050,1440,3224,6621,5396,1050,0,1
1771,360000,1,2,1,56,0,0,0,0,0,0,750,1224,3206,291,951,2941,1236,3537,291,951,2941,291,0
1772,50000,2,3,1,56,0,0,0,0,0,0,33197,34961,28913,29093,29306,29506,2407,2960,1029,1059,1073,1200,0
1773,180000,2,3,1,26,0,0,0,0,0,0,32023,20233,0,0,0,0,10000,0,0,0,0,0,0
1774,50000,1,2,2,25,2,2,0,0,0,2,7180,6922,7849,8018,8884,8593,0,1200,300,1000,0,1000,1
1775,120000,2,1,2,28,0,0,0,0,0,0,-8,2046,0,409,872,1539,2054,0,409,872,1539,580,0
1776,80000,2,2,1,37,2,2,2,2,2,2,15234,16893,17834,17250,18470,18023,2200,1500,0,1500,0,1600,1
1777,330000,2,1,1,47,1,0,0,0,0,0,2246,13990,20992,681,0,5180,13990,21060,681,0,5180,3820,0
1778,40000,1,3,1,43,0,0,0,0,0,0,41094,36554,37568,38314,39141,40231,1611,1625,1371,1444,1765,1283,1
1779,50000,1,2,2,26,0,0,0,0,0,0,27570,28820,29400,5124,6874,7654,2000,1200,1000,2000,1000,1979,0
1780,80000,1,3,1,48,0,0,0,0,0,0,71515,70287,61892,26779,25464,25993,3679,2305,924,1069,1100,1110,0
1781,450000,1,1,1,41,0,0,0,0,0,0,697,500,0,0,461,-3,505,0,0,461,3,0,0
1782,30000,2,3,1,48,0,0,0,0,0,0,27947,27035,27876,26640,25896,25481,2000,1800,1500,1500,1500,1500,0
1783,160000,1,2,1,28,0,0,2,2,0,0,62312,66965,67648,66020,67386,68336,5856,2311,0,2377,2000,1881,0
1784,80000,2,1,2,22,0,0,0,0,0,0,10439,11501,12113,-33,2748,90,11501,1000,33,2871,90,0,0
1785,400000,1,2,1,34,0,0,0,0,0,2,52271,56788,60049,60876,65178,45933,6000,5000,1902,5000,0,5000,0
1786,220000,1,2,1,60,0,0,0,0,0,0,1994,1598,6944,7161,1534,11248,1606,6978,7196,1541,11304,483,1
1787,40000,2,2,1,25,0,0,2,2,2,2,21590,24326,23642,25936,25384,26905,3400,0,3000,0,2100,0,1
1788,280000,2,2,2,27,0,0,0,0,2,0,82742,153791,85601,108984,105275,117635,10077,27785,30000,23,20000,3406,0
1789,50000,2,1,2,25,0,0,0,0,0,0,50380,38712,0,0,0,0,4000,0,0,0,0,0,0
1790,110000,1,2,2,26,0,0,0,0,0,0,106417,103587,56676,47332,45171,47092,9026,6000,2000,2000,3000,4006,0
1791,180000,2,1,1,44,1,0,0,0,0,0,2788,5646,13647,30848,15520,558,5646,13901,30848,15520,558,26733,0
1792,200000,2,1,2,26,0,0,0,0,0,0,18630,15996,16304,14973,20542,15810,1502,1200,300,7000,8000,4000,0
1793,390000,2,1,2,33,0,0,0,0,0,0,85538,79875,82853,82747,44143,38488,3500,4502,3518,2003,3001,3000,0
1794,400000,2,1,2,29,0,0,0,0,0,0,5154,6016,7056,7310,9943,12849,1060,1100,310,3000,3000,6100,0
1795,120000,2,3,2,37,0,0,0,0,0,0,776,1616,776,776,776,776,1616,776,776,776,776,776,1
1796,200000,1,1,2,34,1,0,0,0,0,0,-800,-2685,-6144,-7905,-10213,-11060,0,0,0,0,0,0,0
1797,280000,1,2,1,33,0,0,0,0,0,0,207982,196055,182099,185925,188224,186529,8644,6445,15934,7016,6753,6008,0
1798,230000,2,1,2,27,0,0,0,0,0,0,105217,107857,110177,60137,62035,64034,4326,4533,2337,3035,3034,3101,0
1799,280000,2,1,1,36,0,0,0,0,0,0,21251,33746,8689,41652,9031,14106,33840,8689,41652,9031,14106,6680,0
1800,130000,1,3,2,28,0,0,0,0,0,0,132258,133781,133834,132336,132614,132208,6900,7000,7000,6000,5500,6000,0
1801,160000,2,2,1,35,0,0,0,0,0,0,776,1172,380,776,1172,380,1172,380,776,1172,380,776,1
1802,120000,1,3,1,47,0,0,0,0,0,0,1051,671,291,1051,291,671,671,291,1051,291,671,1051,0
1803,300000,2,3,1,31,0,0,0,0,0,0,331,331,331,331,-1,199,332,332,332,0,200,0,0
1804,20000,2,1,2,31,0,0,0,0,0,0,264,264,2227,1357,1357,4500,264,2227,1357,1357,4500,1357,0
1805,450000,1,1,2,31,0,0,0,0,0,0,10350,3629,3271,6271,2135,2546,3629,3271,6271,2135,2546,4877,1
1806,250000,1,2,1,30,0,0,0,0,0,0,2419,28965,44179,37145,46733,46963,29062,44385,40682,46873,47104,52448,0
1807,100000,2,2,1,58,0,0,0,0,0,0,101249,101476,94893,101301,101451,99319,3642,4230,10000,3582,5000,4133,0
1808,150000,2,2,2,27,0,0,0,0,0,0,23165,24515,25592,24949,26846,26908,1723,1800,1100,2300,1000,1300,0
1809,140000,1,2,2,35,0,0,0,0,0,0,101038,66734,64018,64656,65341,66277,4215,3221,2066,1864,1895,1883,0
1810,500000,2,1,2,46,0,0,0,0,0,0,33332,163500,60560,104734,41018,6258,163500,70160,104734,41018,6258,70356,0
1811,20000,1,2,2,36,0,0,0,0,0,0,3152,0,4956,10148,6979,8353,0,4956,200,2000,1500,500,0
1812,50000,1,2,2,53,0,0,0,0,0,0,18922,19486,19917,20017,20146,20221,1329,1310,680,705,728,690,0
1813,100000,1,2,2,39,0,0,0,0,0,0,121895,107315,115214,83649,59993,62813,4500,10000,11000,3000,4000,3000,1
1814,200000,2,2,2,27,2,2,0,0,0,0,186806,166153,157633,145423,146202,144685,0,6908,5200,5400,5700,9101,0
1815,150000,2,2,2,37,0,0,0,0,0,0,86037,84679,82490,78890,75240,75639,5000,5000,4000,3500,3000,4000,0
1816,80000,1,1,2,23,0,0,0,0,2,2,60130,59744,44031,48089,44789,30423,2550,1848,6084,38,4,70,0
1817,160000,1,1,1,40,1,0,0,0,0,0,0,567,4027,3100,2123,4899,567,4059,3100,2123,4899,3165,0
1818,180000,2,2,1,44,0,0,0,0,0,0,816,803,2599,0,2311,2194,803,2800,0,2311,2542,236,0
1819,270000,2,1,1,32,0,0,0,0,0,0,23351,30960,180473,58839,21334,19080,30972,180519,1177,0,19080,133504,0
1820,180000,2,1,2,41,0,0,0,0,0,0,37353,24797,5549,22349,2974,0,1012,5549,17000,3322,0,2633,0
1821,120000,1,1,1,54,0,0,0,0,0,0,390,390,390,1878,390,930,390,390,1878,0,930,0,1
1822,110000,2,1,2,29,0,0,0,0,0,0,48088,45980,44231,32489,26354,20221,2000,2010,3000,3000,3000,1000,0
1823,50000,2,3,1,61,0,0,0,0,0,0,42200,0,0,0,15883,16617,0,0,0,15883,1000,792,0
1824,200000,2,3,2,30,0,0,0,0,0,0,185723,166726,160181,161469,104232,151726,8009,6402,6715,4625,50086,5458,0
1825,70000,2,3,1,23,2,0,0,0,0,0,254,2746,1885,2216,1348,29873,6840,1885,2216,1348,29873,1000,0
1826,360000,2,2,2,30,0,0,0,0,0,0,23900,0,0,150,205150,0,0,0,150,205000,0,0,0
1827,260000,2,2,1,35,0,0,0,0,0,0,425349,435873,445129,452162,258010,221780,14347,15000,12406,9279,6078,0,1
1828,50000,1,3,1,32,0,0,0,0,0,0,40992,35215,29156,18891,19443,19478,2026,2021,1000,1001,1000,707,0
1829,380000,2,2,1,39,0,0,0,0,0,0,19261,81961,61189,38875,17876,13313,81975,1480,3000,1000,3000,10024,0
1830,50000,1,2,2,24,0,0,0,0,0,0,402,-2760,-3650,-3650,-3650,-3650,0,0,0,0,0,0,0
1831,20000,1,3,1,38,0,0,0,0,0,0,19805,19900,390,390,0,780,1000,390,390,0,780,0,1
1832,270000,1,6,2,32,0,0,0,0,0,0,24089,51408,27067,40359,51264,34874,52398,27787,40569,53500,35051,120391,0
1833,460000,1,1,2,32,0,0,0,0,0,0,386437,393742,392625,368365,377858,362132,15000,15000,15000,15000,15000,20000,0
1834,60000,1,3,2,24,0,0,0,0,2,0,58819,59810,56566,30627,30203,28648,3000,1768,3954,1000,1500,1200,0
1835,200000,2,1,1,35,0,0,0,0,0,0,25663,14224,17560,3300,1920,2731,14224,17560,3300,1920,2731,0,0
1836,50000,2,2,2,37,1,2,2,2,2,2,14008,13493,17259,16684,18017,17581,0,4000,0,1600,0,3000,1
1837,20000,2,1,2,22,0,0,0,0,0,0,19760,18570,17604,11973,9517,6799,1376,1383,1000,455,1500,2200,0
1838,290000,2,2,1,40,0,0,0,0,0,0,274558,256910,229566,148812,53157,47998,10700,11014,5800,1820,2000,2000,1
1839,110000,2,2,2,36,0,0,0,0,0,0,116486,105604,96945,74171,70012,62256,4353,3294,5000,8300,5000,5000,0
1840,160000,2,3,1,51,2,2,2,2,2,2,142064,144900,146534,147955,145488,155041,6600,5500,5310,0,12000,0,1
1841,70000,2,2,1,31,0,0,0,0,0,0,60058,49647,43968,41127,39137,28712,1834,1608,1559,1630,1300,1000,0
1842,200000,2,1,2,39,0,0,0,0,0,0,0,0,0,0,2330,0,0,0,0,2330,0,0,1
1843,80000,2,2,2,40,0,0,0,0,0,0,78717,75873,68602,54617,55987,53895,3300,3300,2000,2200,2100,1900,0
1844,20000,1,1,2,41,0,0,0,0,0,0,18803,18376,19342,19081,19799,18718,36147,1281,658,1000,1000,760,1
1845,210000,1,1,2,48,0,0,0,0,0,0,0,570,0,0,0,0,570,0,0,0,0,0,0
1846,180000,2,3,1,39,2,0,0,0,0,0,172488,72050,0,0,0,0,3450,0,0,0,0,0,1
1847,50000,1,2,3,53,0,0,0,0,0,0,34664,17242,18417,18877,18985,18184,1500,1500,1000,800,2000,1000,0
1848,30000,1,2,2,26,1,3,2,2,0,0,31305,30527,30789,29504,30276,29695,0,1060,0,1251,1078,1243,1
1849,150000,1,1,2,30,0,0,0,0,0,0,6708,1098,1908,1589,9918,-16586,1098,2000,1589,9918,1157,0,0
1850,150000,1,1,2,28,0,2,2,0,0,0,1111,820,-311,-602,-893,-1184,0,0,0,0,0,0,1
1851,260000,1,1,1,43,1,0,0,0,0,0,0,2000,1620,8010,0,0,2000,1620,8080,0,0,0,0
1852,310000,2,1,2,30,0,0,0,0,0,0,304329,292848,279138,252703,248895,244026,14027,16800,11600,11000,10000,30000,0
1853,150000,2,1,2,33,0,0,0,0,0,0,96066,98277,88202,48179,49426,50534,4400,4000,2000,2000,1900,1700,0
1854,200000,2,1,2,27,0,0,0,0,0,0,16093,11163,11657,9423,9726,11070,11197,11657,9423,9726,11070,7976,0
1855,150000,1,3,2,45,0,0,0,0,0,0,99247,101194,81194,70590,72040,73423,4268,2725,2505,3000,3000,3000,0
1856,220000,2,2,1,54,0,0,0,0,0,0,8727,2553,147,0,0,0,3011,147,0,0,0,0,0
1857,540000,2,1,2,34,0,0,0,0,0,0,1784,892,946,946,946,946,892,1000,946,946,946,946,0
1858,280000,1,2,2,30,0,0,0,0,0,0,204773,188704,185257,188344,179764,167051,8038,6000,5083,5000,5036,5000,0
1859,230000,1,2,2,32,0,0,0,0,0,0,49619,43435,41719,38072,33802,30435,2072,1689,1046,1025,928,277,0
1860,50000,1,1,1,39,0,0,2,3,2,2,33849,36798,37890,37131,38381,39585,3817,2000,150,2000,2000,1600,0
1861,20000,2,2,2,24,1,0,0,0,0,0,0,0,0,0,222,6345,0,0,0,222,6345,2000,0
1862,10000,1,2,2,35,1,6,5,4,3,2,8257,8001,7741,7481,7075,6815,0,0,0,0,0,700,1
1863,500000,1,1,1,46,0,0,0,0,0,0,407331,403816,386053,389008,392650,391336,15043,14000,14003,14011,15003,14009,0
1864,50000,2,2,2,24,0,0,0,0,0,0,49819,50135,32101,17401,19820,17399,1672,1246,574,3000,649,285,0
1865,420000,2,2,2,35,0,0,0,0,0,0,7572,18847,16615,14156,9058,3281,18920,16615,14156,9058,3281,5971,0
1866,50000,2,2,2,23,0,0,0,2,0,0,21998,15299,32514,26479,27396,27789,2063,33730,0,1500,1000,1019,0
1867,280000,2,1,2,29,0,0,0,0,0,0,0,0,320,2139,0,0,0,320,2139,0,0,0,0
1868,50000,1,2,1,46,0,0,0,0,0,0,3656,4400,0,1704,3715,-105,1000,0,1704,2011,0,1649,0
1869,160000,2,3,1,41,2,2,2,0,0,2,46017,47188,46134,47063,50034,51063,2200,0,2000,3900,2000,0,1
1870,40000,2,2,1,23,2,2,2,2,2,2,33895,33068,35704,36173,36796,37288,0,3200,1500,1500,1400,1500,1
1871,100000,2,2,1,31,0,0,0,0,0,0,92265,93873,1473,2946,1473,540,5000,1473,2946,0,540,780,0
1872,50000,2,1,2,26,0,0,0,0,0,0,41003,42032,42699,43617,44509,45420,1733,1400,1300,1271,1300,4500,0
1873,130000,2,3,2,32,0,0,0,0,0,2,119312,116259,103438,49319,91191,82168,20021,40354,20000,43608,103,10000,0
1874,30000,2,2,2,22,0,0,0,0,0,0,27358,28612,29183,28983,13100,0,2000,1500,0,500,0,0,0
1875,140000,1,2,1,34,0,0,0,0,0,0,430,430,702,430,430,430,430,702,430,430,430,860,1
1876,210000,2,2,1,32,0,0,0,0,2,0,164015,155235,151267,149478,145041,107495,9320,4894,3301,3,4994,116880,0
1877,50000,1,2,1,38,0,0,0,0,0,0,48797,47153,43238,17253,16307,16651,1864,1811,594,587,1000,1000,0
1878,310000,1,2,1,29,0,0,0,0,0,0,31132,45718,62992,62473,69837,69898,20000,20000,2500,11056,3000,4377,0
1879,300000,2,1,1,31,0,0,0,0,0,0,0,1110,12192,7639,1722,4064,1110,12192,300,191,4064,390,0
1880,30000,2,2,2,47,2,2,2,2,2,2,16039,17080,17302,17521,17893,18252,1600,800,800,800,800,0,1
1881,90000,2,3,1,40,0,0,0,0,0,0,89928,81721,76947,46589,47730,49488,3416,4142,1700,1888,2710,1500,0
1882,150000,2,2,1,34,2,2,2,0,0,0,39465,42829,41845,42844,43999,45110,4000,0,2000,2000,2000,2000,1
1883,90000,1,1,2,25,0,0,0,0,0,0,32755,31325,28034,29753,30601,33083,2000,3000,2000,3000,3000,1000,0
1884,80000,2,3,2,65,0,0,0,0,0,0,84985,84247,81619,30095,20639,7849,4000,2048,1300,1700,401,180,0
1885,100000,2,1,2,28,0,0,0,0,0,0,555,712,712,712,862,712,712,712,712,862,712,1840,1
1886,10000,1,2,2,33,0,0,0,0,0,0,0,0,0,0,0,0,0,0,0,0,0,0,0
1887,210000,1,1,2,31,0,0,0,0,0,0,161159,165071,173443,179686,197458,138218,8000,13000,10000,20000,7000,7000,0
1888,170000,2,2,1,41,0,0,0,0,0,0,21170,9698,7360,6380,11937,6378,9734,7373,6380,11937,1000,6881,0
1889,90000,2,2,1,32,1,2,2,2,2,2,85997,83779,88577,86365,91105,89347,0,7200,0,6200,24,3300,0
1890,210000,2,3,2,36,1,0,0,0,0,0,0,4866,0,0,5916,0,4866,0,0,5916,0,0,1
1891,50000,2,1,2,26,0,0,0,0,0,0,36806,38212,39141,35524,30842,17043,2000,2000,8156,30000,1644,1209,0
1892,150000,1,1,1,30,1,0,2,0,0,0,-819,35457,819,2145,17000,23698,36276,0,2145,17000,23698,411,0
1893,80000,2,1,2,30,1,0,0,0,0,0,0,1313,880,0,0,0,1313,883,0,0,0,0,0
1894,130000,2,1,1,38,0,0,0,0,0,0,64942,66775,0,0,0,0,4000,0,0,0,0,0,1
1895,100000,1,2,2,30,1,3,7,6,7,8,72652,90461,89011,96593,105083,103522,20000,0,10000,10000,0,0,1
1896,160000,1,1,1,41,0,0,0,0,0,0,53935,57997,-3,-3,2987,1993,5000,0,0,2990,6,2409,0
1897,250000,1,2,2,31,0,0,0,0,0,0,14451,15774,16780,16807,17158,17500,1504,1510,537,556,559,658,0
1898,500000,2,2,1,42,0,0,0,0,0,0,60246,74832,126778,82611,71338,29756,40000,85000,139,20000,29761,70000,0
1899,260000,1,2,2,32,0,0,0,0,0,0,106093,95060,90948,84986,84491,72248,4410,6500,9500,10000,9000,8000,0
1900,50000,2,2,1,44,0,0,0,0,0,0,1473,390,390,390,390,0,390,390,390,390,0,780,0
1901,30000,2,2,2,22,0,0,0,0,0,0,27388,29016,26941,27491,6726,0,2075,1000,550,135,0,0,0
1902,110000,2,2,2,42,1,2,0,0,0,0,57046,51005,48572,49299,47126,48215,0,2100,2500,2000,2250,1200,0
1903,500000,1,1,1,39,0,0,0,0,0,0,6057,9418,7667,6222,9435,7235,9418,7667,6222,9435,7235,8840,0
1904,310000,2,1,2,32,0,0,0,0,0,0,35064,38195,39233,39577,42996,46319,4000,2000,2000,4000,4000,4000,0
1905,580000,1,2,1,37,0,0,0,0,0,0,110417,89301,82057,27666,20226,276422,3757,2299,618,2636,326889,8689,0
1906,340000,2,1,1,36,0,0,0,0,0,0,185268,326074,276519,251815,218706,165666,160444,10143,7190,6283,5208,4177,0
1907,360000,2,2,1,42,0,0,0,0,0,0,22237,5683,1632,1632,22379,8901,6695,1632,1632,22379,8901,4852,0
1908,290000,2,1,2,29,0,0,0,0,0,0,578,7124,7620,0,4788,0,7129,7620,0,4788,0,7026,0
1909,30000,1,2,2,36,3,2,2,2,3,2,20424,19809,22478,24111,23447,24951,0,3000,2300,0,2500,0,0
1910,80000,2,1,2,29,0,0,0,0,0,0,26524,23224,23141,22160,21478,20441,1500,1700,1000,1000,1000,1500,0
1911,360000,1,1,1,38,0,0,0,0,0,0,780,0,390,390,390,390,0,390,390,390,390,390,1
1912,170000,2,1,2,31,0,0,0,0,0,0,1561,1239,7315,10730,1686,9445,1239,7352,10730,1686,9445,3444,0
1913,100000,1,2,1,42,0,0,0,0,2,0,56256,57685,58156,61103,59358,60060,3000,2688,5163,0,2358,2472,0
1914,450000,1,2,2,37,0,0,0,0,0,0,457627,38692,4549,16885,6440,7440,1000,4549,16885,129,1000,0,0
1915,260000,2,1,2,33,0,0,0,0,0,0,0,204,-810,2190,810,0,204,0,3000,0,0,0,0
1916,240000,2,1,2,29,0,0,0,0,0,0,25700,28677,22081,3428,67,1832,5009,2000,5000,0,3332,0,0
1917,110000,2,2,2,28,0,0,0,0,0,0,5660,1150,0,0,0,0,2000,0,0,0,0,0,0
1918,240000,2,2,2,26,0,0,0,0,0,0,184501,177846,167934,169133,175175,146093,7627,6003,5504,10158,6000,6012,0
1919,220000,2,2,2,35,0,0,0,0,0,0,34819,30937,30348,23459,23200,21281,2006,2022,1002,1007,1000,1008,0
1920,20000,1,2,1,33,0,0,0,0,0,0,2508,3448,-202,-202,950,0,1000,202,0,1152,0,1000,0
1921,100000,2,1,1,51,1,0,0,0,2,2,0,0,0,300,150,780,0,0,300,0,630,0,1
1922,300000,1,1,2,32,0,0,0,0,0,0,264,264,264,264,414,264,264,264,264,414,264,264,0
1923,20000,1,2,2,33,0,0,0,0,0,0,8488,10179,11901,11901,9336,9054,2000,2000,0,0,9054,2000,1
1924,360000,2,1,2,30,0,0,0,0,0,0,139762,143515,147037,146117,145884,147645,6000,6000,4818,5000,5000,4500,0
1925,220000,1,1,2,28,0,0,0,0,0,0,221268,219545,216317,181012,181435,183283,8700,8500,6300,6700,7200,5300,1
1926,470000,2,2,2,26,0,0,0,0,0,0,169699,170309,167876,170610,173643,178083,6200,7000,5716,5982,7000,5500,0
1927,70000,2,2,2,22,0,0,0,0,0,0,65793,26665,22630,14573,15127,12596,2000,1400,291,1500,5000,2000,0
1928,120000,2,1,2,26,0,0,0,0,0,0,10172,12400,14256,16859,17477,21588,3000,3000,4000,4000,5000,5000,0
1929,50000,1,2,2,35,0,0,0,0,0,0,18510,19418,21097,21759,22421,23061,1500,2000,1000,1000,1000,1203,0
1930,470000,1,2,1,49,0,0,0,0,0,0,169260,161760,154424,147137,138240,125866,6600,6170,5100,4726,4555,4375,0
1931,130000,1,2,1,49,0,0,0,0,0,0,24008,21231,14323,7722,4689,-3614,3000,5000,2822,5000,0,6500,0
1932,20000,2,1,2,24,0,0,0,2,2,2,390,707,1320,930,780,240,1097,1003,0,240,0,780,1
1933,260000,2,1,2,36,0,0,0,0,0,0,1891,2438,2280,746,1989,1668,2637,2280,746,1989,1668,2605,0
1934,20000,1,1,1,39,0,0,0,0,0,0,628,662,596,630,664,598,700,600,700,700,600,1400,0
1935,300000,2,1,2,28,2,0,0,0,0,0,1314,168,1080,1080,0,0,170,1080,0,0,0,2500,1
1936,460000,2,2,2,35,0,0,0,0,0,0,449790,450047,453770,396600,392879,398478,17610,17500,13810,14100,14520,15000,0
1937,20000,2,1,2,24,1,0,0,0,2,2,0,20087,2110,300,150,650,20087,2200,600,0,500,0,1
1938,360000,2,2,2,27,0,0,0,0,0,0,238971,245515,248969,253896,259403,264352,10381,9036,9066,9576,9426,9435,1
1939,290000,1,1,1,40,0,0,0,0,0,0,98441,95169,93718,89712,82809,76334,4000,4250,5000,3241,3500,7000,0
1940,90000,1,1,1,30,0,0,0,0,0,0,38921,45577,46496,40244,39903,8629,12000,5000,3000,10000,1000,1838,0
1941,180000,2,1,2,26,0,0,0,0,0,0,2049,0,351,631,13359,384,0,351,631,13359,384,487,0
1942,360000,1,3,1,53,0,0,0,0,0,0,0,0,0,0,0,0,0,0,0,0,0,0,0
1943,120000,1,1,1,45,0,0,0,0,0,0,20877,21909,22922,23376,23866,24339,1369,1382,836,866,870,902,0
1944,220000,1,2,2,30,0,0,0,0,0,0,217800,189016,137788,106713,96588,22743,7261,5170,4054,4500,1225,110000,0
1945,220000,1,1,2,34,2,2,0,0,0,2,203101,185384,149839,142404,120918,87005,311,38024,8105,10117,37,5264,1
1946,10000,2,1,2,27,0,0,0,0,0,0,499,0,0,0,0,0,0,0,0,0,0,0,1
1947,320000,2,2,2,31,0,0,0,0,0,0,104850,101705,93489,95033,96941,108463,3600,4277,4000,3600,13203,4500,0
1948,320000,1,1,1,33,0,0,0,0,0,0,325445,202853,57051,161651,182265,0,10000,15000,105000,55000,0,0,0
1949,90000,1,2,2,39,0,0,0,0,0,0,50477,22472,20148,4708,5000,5028,3000,5000,500,5000,500,500,0
1950,180000,1,1,1,50,0,0,0,0,0,0,66114,69436,72560,76169,77988,69293,5000,5000,5000,3000,5000,5000,0
1951,90000,2,1,2,28,0,0,0,0,0,0,88345,90260,87535,89335,19715,4709,3360,1947,2000,10000,4709,82400,0
1952,100000,1,1,1,36,0,0,0,0,0,0,23070,18806,20183,21540,25775,0,1700,2000,2000,5000,0,0,0
1953,340000,1,2,1,41,0,0,0,0,0,0,331003,332829,274467,275341,280913,270448,15110,11019,9502,9579,9026,8719,0
1954,50000,1,1,2,22,0,0,2,0,0,0,47726,51161,48310,50332,47492,50782,5500,0,3000,3000,5000,0,1
1955,240000,2,2,1,41,0,0,0,0,0,0,20272,11294,16873,1143,4317,14940,1000,16906,1143,4317,14940,0,0
1956,10000,1,2,2,41,1,2,2,2,2,2,8722,9592,9289,10140,10417,10104,1157,0,1008,584,0,198,0
1957,220000,2,1,1,42,2,2,2,2,2,2,2500,2500,2500,2500,2500,2500,0,0,0,0,0,0,1
1958,100000,2,2,2,37,0,0,0,0,0,0,107669,107529,73323,51125,46879,45538,3536,2821,3963,3147,2670,725,0
1959,220000,2,1,1,31,0,0,0,0,0,0,3785,1137,377,5763,3952,412,1142,377,5763,3952,412,1294,0
1960,70000,2,3,1,57,0,0,0,0,0,0,67864,65062,66447,49103,45830,46769,2620,2730,1936,1700,1700,2000,0
1961,30000,2,2,2,37,3,2,2,0,0,0,29657,30320,28991,29066,29340,30786,1763,0,1178,1223,2435,1200,1
1962,130000,2,3,2,53,0,0,0,0,0,0,11085,45677,27951,17255,10400,18776,45697,27951,17307,10400,18776,2944,0
1963,140000,2,2,1,25,0,0,0,0,0,0,81960,81757,83046,84034,77659,77180,3005,3000,3000,3000,3000,5000,0
1964,20000,1,2,2,32,0,0,0,0,0,0,4485,4843,15992,14897,12792,10042,1000,16000,600,1000,500,0,0
1965,150000,2,1,1,38,1,0,0,0,0,0,0,0,0,0,0,0,0,0,0,0,0,0,1
1966,50000,2,2,2,26,0,0,0,0,0,0,4136,0,0,0,0,0,0,0,0,0,0,0,0
1967,90000,1,2,1,29,1,1,1,0,0,0,41073,43480,73960,2442,48063,48186,3100,1000,770,48012,1756,1894,0
1968,170000,2,3,1,37,0,0,0,0,0,0,158920,164353,167455,99297,59888,44262,8000,7000,5000,5000,5000,20000,0
1969,70000,1,1,2,30,2,2,0,0,0,0,34985,34146,35271,35986,36905,37641,0,2000,1300,1500,1500,1576,1
1970,200000,2,1,2,43,0,0,0,0,0,0,830,-6,-6,657,2088,150,0,0,663,2088,150,594,0
1971,200000,1,1,1,42,0,0,0,0,0,0,19318,19067,17858,326,326,326,19067,5000,0,326,326,326,0
1972,20000,1,2,1,40,1,2,0,0,0,0,20498,19692,20498,19898,19906,18586,0,1600,0,398,0,0,1
1973,200000,1,2,1,41,0,0,0,0,0,0,96910,92934,99528,100341,102585,108567,10000,7004,5000,5003,7345,7000,0
1974,170000,1,2,2,26,0,0,0,0,0,0,0,0,0,0,0,0,0,0,0,0,0,0,0
1975,130000,1,1,2,25,1,0,0,0,0,0,-2000,-2000,-2000,-2000,-2000,-2000,0,0,0,0,0,0,1
1976,100000,2,1,2,27,0,0,0,0,2,0,90118,88435,90147,94425,92853,93816,4110,4101,6623,0,3503,3360,0
1977,180000,1,2,2,31,0,0,0,2,0,0,28566,32876,39120,38339,42679,46953,5000,7000,0,5000,5000,5000,0
1978,230000,2,3,2,26,0,0,0,0,0,0,1200,990,9079,11186,10159,11734,990,8089,2186,1159,1734,1200,0
1979,20000,1,3,2,50,0,0,0,0,0,0,2191,1140,12656,1693,303,12303,1140,12656,1700,500,12000,0,0
1980,500000,2,1,1,35,0,0,0,0,0,0,35176,36193,44157,48322,21593,13866,2504,10004,5178,1047,2019,1004,1
1981,150000,2,1,1,38,1,0,0,0,0,0,0,0,0,0,0,0,0,0,0,0,0,0,1
1982,80000,2,3,2,40,3,2,2,2,2,2,38503,40118,41199,42264,43083,43471,2500,2000,2000,1600,1200,2000,1
1983,230000,1,2,1,29,0,0,0,0,0,0,56171,60250,63574,71941,75882,75619,5000,5000,10000,5000,5000,5000,0
1984,80000,1,1,2,37,1,0,0,0,0,0,0,0,0,0,0,0,0,0,0,0,0,0,1
1985,230000,2,2,2,24,0,0,0,0,0,0,24973,24974,25566,23427,28229,31355,5000,5000,2100,5229,3355,4598,0
1986,50000,2,2,2,49,2,0,0,0,0,0,38947,37799,3,18080,12227,13296,2000,1000,19000,12500,2000,2000,1
1987,50000,1,2,2,35,0,0,0,0,0,0,48813,50789,49624,19880,20431,19559,5000,23000,838,1000,1000,1000,0
1988,10000,2,1,2,25,1,3,2,0,0,0,10438,10130,9738,9178,8398,0,0,0,0,0,0,0,0
1989,140000,1,2,2,34,2,2,2,2,2,2,135949,130625,117392,111478,109353,97612,8408,3500,3500,3600,0,3600,0
1990,50000,1,2,2,42,0,0,0,0,0,0,39236,39729,27068,28604,28199,58428,2094,1451,1987,1039,1500,1200,1
1991,180000,1,3,2,28,0,0,0,0,0,0,129719,133702,133758,80055,69672,33194,6070,3521,5000,5000,5004,5029,0
1992,360000,1,1,2,65,1,0,0,0,0,0,0,0,0,0,0,0,0,0,0,0,0,0,1
1993,580000,1,3,1,67,2,2,3,3,4,6,453985,470915,471175,486776,503914,527711,25704,9464,25065,25703,33000,215,0
1994,310000,2,1,1,43,0,0,0,0,0,0,14619,1881,13750,9837,7785,14460,12484,13961,9838,7785,14460,14195,0
1995,20000,1,3,2,52,0,0,2,0,0,0,16735,20373,12071,12567,13949,14318,4008,0,1000,1600,600,532,0
1996,180000,2,1,2,43,0,0,0,0,0,0,8657,6847,18762,22928,3129,2398,6847,18762,22928,0,2398,23149,0
1997,60000,2,1,2,24,0,0,0,0,0,0,15050,16203,16891,15474,14612,16354,2000,1300,2000,1000,2000,1000,0
1998,40000,2,3,1,59,0,0,0,0,0,2,14769,15271,15383,14548,16274,15650,1573,1512,504,2770,613,14,0
1999,140000,2,2,1,34,0,0,2,0,0,0,121374,125965,102527,103337,105942,101830,8200,3000,4000,4500,4000,4200,0
2000,220000,1,2,1,32,0,0,0,0,0,0,8000,8288,8000,0,8000,0,8288,8000,0,8000,0,0,0
2001,10000,1,2,2,22,0,0,0,0,0,0,8602,8728,9721,9609,9503,9771,1158,1151,339,344,425,195,1
2002,20000,1,1,1,52,0,0,0,0,0,0,19965,390,390,780,780,10400,390,390,780,0,10400,0,0
2003,50000,2,1,2,23,0,0,0,0,0,0,15036,15790,18202,18601,19138,18319,1300,2701,700,847,655,700,0
2004,50000,2,2,2,33,2,0,0,0,0,0,27752,28787,29800,30393,31031,33020,1487,1500,1081,1121,2500,0,1
2005,320000,2,2,2,35,0,0,0,0,0,0,98697,100572,103621,103720,100136,102167,3891,5240,3616,3770,4264,3345,0
2006,20000,1,2,2,34,0,0,0,0,0,0,2199,1530,750,2280,1500,780,1530,750,1140,3000,780,0,0
2007,50000,1,2,1,40,0,0,0,0,0,0,48219,48978,49257,19641,20053,19613,2037,2316,690,715,718,690,0
2008,340000,1,1,1,49,0,0,0,0,0,2,1960,1052,6730,1346,3684,745,1228,7270,2000,4325,0,11271,0
2009,360000,2,2,1,32,1,0,0,0,0,0,-301,-301,-301,-301,-301,-301,0,0,0,0,0,0,1
2010,300000,2,2,1,33,1,0,0,0,0,0,0,0,0,0,0,0,0,0,0,0,0,0,0
2011,40000,2,2,2,26,0,0,0,0,2,2,31475,32663,33813,34952,36447,35515,2000,2000,2000,2500,0,1500,0
2012,150000,1,1,1,51,0,0,2,0,0,0,128968,138260,134573,136026,97517,47027,12900,0,5399,4224,1830,1889,0
2013,20000,2,2,2,40,2,2,0,0,0,3,18278,17696,19008,19083,21871,21236,0,1612,687,3100,0,0,1
2014,30000,2,3,1,35,1,0,0,0,0,0,-5,-5,2605,893,895,2328,0,2610,18,2,2333,1,0
2015,80000,2,2,1,27,0,0,0,0,0,0,390,0,780,0,0,0,390,780,0,0,0,0,0
2016,390000,2,3,1,38,0,0,0,0,0,0,241,0,0,0,739,0,0,0,0,739,0,0,1
2017,20000,2,2,2,22,1,2,2,2,2,2,5613,5377,6920,6911,6655,7191,0,1638,251,0,647,0,1
2018,200000,1,2,1,42,0,0,0,0,0,0,68670,69702,70015,72073,71690,73661,4000,4000,5000,2563,5000,5000,1
2019,80000,2,3,1,35,0,0,0,0,0,0,49544,50418,51810,28964,13059,13488,1970,2355,1500,1000,646,2000,0
2020,50000,2,2,1,36,2,0,0,0,0,0,50922,50367,41627,42297,43031,45837,1715,1991,1661,1566,3526,0,1
2021,230000,2,2,1,38,0,0,0,0,0,0,10906,9692,9162,10466,9426,8099,1364,1393,2003,1000,1000,500,0
2022,190000,2,2,2,31,0,0,0,0,0,0,147586,155228,160588,162241,165794,168951,10000,7891,5743,6102,6000,6307,0
2023,260000,1,3,1,36,0,0,0,0,0,0,154462,153799,77156,73658,70273,67100,7425,2795,2779,2947,3400,5000,0
2024,100000,2,1,1,39,0,0,0,0,0,0,29449,55139,34181,12592,71340,32453,55139,34181,12592,71340,32453,37035,0
2025,140000,1,2,2,41,0,0,0,0,0,0,132758,83498,84837,85663,79852,81090,4002,3900,3000,2892,3059,3003,0
2026,20000,2,2,1,42,2,0,0,0,0,0,12426,13143,14152,14435,14802,15256,1225,1234,517,600,700,710,1
2027,80000,1,2,2,30,0,0,0,0,0,0,69392,64149,53200,29707,28427,10072,3046,1874,2000,1000,1000,199,0
2028,360000,1,1,2,32,0,0,0,0,0,0,304907,309972,315730,113412,2500,0,12557,13738,5053,2500,0,0,0
2029,70000,1,2,2,31,0,0,0,0,2,0,46079,47232,48618,51134,50222,48874,2200,2500,3600,0,1754,1892,1
2030,30000,2,2,1,24,2,2,0,0,0,0,31214,28983,28301,31072,24147,4007,0,1400,3561,483,80,0,1
2031,500000,2,1,1,39,0,0,0,0,0,0,358020,360047,369045,382231,204593,211655,15000,15000,20000,10000,10000,10000,0
2032,320000,2,2,2,30,2,0,0,0,0,0,416,416,416,416,1829,1833,416,416,416,1829,1833,2148,0
2033,500000,2,1,1,34,0,0,0,0,0,0,32715,60927,76088,110294,108964,103548,30007,30000,50000,5000,5000,30000,0
2034,240000,2,1,1,27,1,0,0,0,0,0,0,0,402,14350,14129,10222,0,402,14350,1129,1222,204,0
2035,50000,2,1,2,25,0,0,0,0,0,0,574,801,686,527,312,442,801,686,527,312,442,8016,0
2036,120000,2,2,1,39,0,0,0,0,0,0,31611,32264,32786,33018,27114,26287,1562,1500,1059,988,922,826,0
2037,250000,2,1,2,32,0,0,0,0,0,0,26465,30762,32833,34055,34321,23166,5000,3000,2500,1000,3050,4000,0
2038,180000,2,2,1,39,0,0,0,0,0,0,65710,58159,60188,61090,62450,63911,2500,3000,2500,2500,2500,3000,0
2039,10000,2,2,2,22,0,0,0,0,0,0,5208,654,9954,9719,6547,654,654,9954,9919,0,654,264,0
2040,200000,2,3,1,53,0,0,0,0,0,0,98426,91948,17042,10075,5107,7789,52306,1000,212,102,7786,4000,0
2041,120000,2,1,2,29,0,0,0,0,0,0,380,380,380,380,380,380,380,380,380,380,380,2880,0
2042,230000,1,2,1,38,0,0,0,0,0,0,326,326,326,326,326,326,326,326,326,326,326,326,0
2043,330000,2,1,1,36,1,0,0,0,0,0,0,0,0,1983,0,207,0,0,1983,0,207,49974,0
2044,50000,2,2,2,28,0,0,0,0,0,0,28457,29491,30508,31599,32262,32904,1492,1509,1600,1170,1177,1217,1
2045,130000,1,2,2,32,0,0,0,0,0,0,27495,0,0,0,0,0,0,0,0,0,0,0,0
2046,110000,1,2,2,26,2,2,2,2,2,2,58112,56620,60732,61938,63097,64492,0,5700,2800,2300,2600,2300,1
2047,30000,2,3,2,40,0,0,0,0,2,2,2208,7808,0,196,46,5346,7006,0,196,0,5300,0,0
2048,120000,2,1,2,25,0,0,0,0,0,0,8676,10599,5814,4426,3038,5184,5000,5814,0,0,5184,7048,0
2049,120000,2,1,2,28,0,0,0,0,0,0,398,954,0,170,170,0,958,0,170,0,0,0,0
2050,210000,2,2,1,40,0,0,0,0,0,2,42820,44156,44864,45768,48204,49453,1856,1564,1468,3000,2000,2000,0
2051,30000,1,2,1,47,1,2,0,0,2,2,15148,14620,15322,16469,16063,17295,0,1253,1400,0,1500,0,0
2052,50000,1,3,2,27,2,2,2,2,2,2,54529,53143,53782,50982,51740,49062,1800,3900,300,3400,0,4000,0
2053,140000,2,2,2,42,0,0,0,0,0,0,176,395,1204,700,748,-784,395,1204,0,748,0,2688,0
2054,140000,1,3,1,37,2,2,2,2,2,2,136184,138932,140185,136438,144979,139314,6400,5000,0,10800,0,5300,0
2055,50000,1,2,1,55,0,0,0,0,0,0,50528,50541,49345,20238,18646,19034,2100,1305,1201,663,684,652,0
2056,130000,1,3,1,46,1,2,0,0,0,0,26582,25956,25144,23235,13277,13895,100,2000,1000,700,1000,2000,1
2057,80000,2,2,2,30,1,2,0,0,0,0,6393,6148,7311,7303,7456,7605,0,1266,258,267,269,278,1
2058,50000,2,3,1,51,0,0,2,0,0,0,44766,48047,46640,40551,19398,0,4000,0,811,1000,0,0,0
2059,100000,1,1,1,35,1,2,2,2,2,0,17365,18102,17514,20207,19745,20263,1310,0,3000,0,1000,1000,0
2060,220000,1,2,1,48,0,0,0,0,0,0,61614,45669,11086,4564,6549,6413,45889,11134,4578,6593,6440,12249,0
2061,260000,2,2,1,28,0,0,0,0,0,0,711,711,5514,1989,711,8503,711,5514,0,711,8503,3011,0
2062,320000,1,1,2,40,0,0,0,0,0,0,304702,307943,314201,319204,325758,319898,20000,12868,11721,12000,13000,11728,0
2063,80000,2,2,1,30,0,0,0,0,0,0,5123,7864,9701,8969,8529,8737,3000,2005,1013,1000,350,500,0
2064,140000,1,1,2,55,0,0,0,0,0,0,65640,66998,68201,68866,65781,66850,2800,3000,2500,2350,2400,2400,0
2065,180000,1,2,1,26,0,0,0,2,0,0,175539,138825,51686,2594,171716,181693,3826,7000,0,171716,13400,0,1
2066,80000,1,4,2,23,1,0,0,0,0,0,-24,3032,3318,1278,2541,15452,3056,3324,1278,2003,15000,13004,0
2067,250000,1,2,2,40,1,0,0,0,0,0,0,0,0,0,0,0,0,0,0,0,0,0,0
2068,80000,1,1,2,33,0,0,0,0,0,0,75454,77738,77235,76835,34751,0,4100,2000,0,0,0,0,0
2069,30000,1,3,1,50,0,0,0,0,0,0,28339,24232,15626,9330,4372,1419,1681,2000,0,0,1419,12000,1
2070,120000,2,2,1,26,0,0,0,0,0,0,13587,11433,7823,0,4913,7023,11433,7823,0,4913,7023,2176,0
2071,120000,2,2,2,29,0,0,0,0,0,0,82064,83847,85558,86491,88136,89886,4000,4000,3250,3195,3210,4200,0
2072,20000,1,2,1,29,2,2,2,0,0,0,8024,11718,11238,12735,14359,19076,4000,0,2000,2000,5000,0,0
2073,50000,1,2,2,40,0,0,0,0,0,0,26566,14851,4013,2027,15090,14078,3000,1000,41,30525,477,688,0
2074,250000,1,2,1,50,0,0,0,0,0,0,390,390,390,8042,16014,5607,390,390,8042,16014,5607,390,0
2075,260000,1,1,2,37,0,0,0,0,0,0,112053,108596,100005,101759,100698,99222,5000,5000,5000,5000,5000,5000,0
2076,180000,2,1,2,27,0,2,0,0,0,2,980,980,376,0,2202,150,0,376,0,2202,0,819,0
2077,20000,1,3,1,49,0,0,0,0,0,0,390,678,0,780,0,378,678,0,780,0,378,0,0
2078,150000,1,2,1,55,1,2,2,0,0,0,76516,78505,76652,77688,79440,81126,3800,0,2800,3000,3000,3200,1
2079,260000,1,1,2,34,0,0,0,0,0,0,6776,3198,2123,11774,6166,3583,3222,2125,11892,6192,3601,3403,0
2080,230000,1,1,1,43,1,2,2,2,2,2,9462,9701,10277,13148,12834,13861,1000,1000,3000,0,1200,0,0
2081,70000,2,1,2,24,0,0,0,0,0,0,69572,71233,66844,50410,44958,46655,2828,2337,1702,1800,2600,2000,0
2082,160000,2,1,1,33,0,0,0,0,0,0,7429,7165,1849,4715,799,0,8000,2000,4755,0,0,0,0
2083,50000,2,2,1,42,1,0,0,0,0,0,0,0,0,0,0,0,0,0,0,0,0,0,0
2084,170000,1,2,1,37,0,0,0,0,0,0,490,-10,4910,0,0,1000,0,4920,0,0,1000,1030,0
2085,210000,2,3,1,39,0,0,0,0,0,0,106028,107312,65968,67307,46511,47583,6000,5000,2697,2000,2012,1172,0
2086,230000,1,1,2,28,1,0,0,0,0,0,0,0,0,0,0,0,0,0,0,0,0,0,0
2087,110000,1,2,1,36,2,2,2,2,2,2,57135,55648,59518,57964,66995,65762,0,4803,0,10000,0,7195,1
2088,80000,2,2,1,39,0,0,0,0,0,0,44002,43156,22478,5011,4674,0,2300,22478,5011,4674,0,0,0
2089,90000,2,2,1,54,0,0,0,0,0,0,692,392,332,14579,2091,506,394,332,14579,2091,506,417,0
2090,90000,2,1,1,41,2,2,2,2,2,2,78700,80348,81630,82890,84709,86252,3500,3200,3200,3300,3100,3100,1
2091,250000,2,1,1,42,0,0,2,0,0,2,744,2244,1372,686,1522,686,2186,0,0,1522,0,4389,0
2092,270000,1,2,2,31,1,2,2,2,2,0,16616,16911,14692,13907,10660,10683,2500,0,1000,0,2000,1000,0
2093,20000,1,3,2,23,0,0,0,0,0,0,10103,11139,12106,12349,11420,11641,1205,1172,415,404,400,400,0
2094,80000,2,5,2,34,1,2,0,0,0,0,2898,1457,1261,1261,2522,1261,0,1261,1261,2522,0,780,0
2095,20000,1,1,2,23,2,2,0,0,0,0,15077,15534,16540,17267,17475,17838,1000,1273,1000,631,650,803,0
2096,150000,2,2,1,36,0,0,0,2,0,0,83853,87227,96253,93562,96510,63417,5000,11700,0,5000,2500,5000,0
2097,80000,2,3,1,37,1,2,2,0,0,0,99396,100495,97982,100261,102147,91829,3560,0,3912,3832,3508,2800,1
2098,130000,2,2,1,47,0,0,0,0,0,0,46096,37939,39138,40023,40536,41697,2167,2000,2000,1469,2000,2000,0
2099,320000,2,1,2,28,0,0,0,0,0,0,18506,12237,913,5356,58545,7357,1062,1116,5384,58837,7393,5926,0
2100,50000,2,1,2,24,2,2,2,0,0,0,43379,46097,44187,43165,37967,36327,3628,8,1500,1490,1303,2000,1
2101,260000,2,2,1,34,0,0,0,0,0,0,135489,138509,138076,110044,111906,104073,5007,5003,5004,4052,4010,3835,0
2102,140000,2,1,2,35,2,2,2,2,2,2,56528,57973,58679,59379,60636,61656,2800,2100,2100,2200,2000,2400,0
2103,10000,2,3,1,53,1,4,3,2,2,2,4479,4272,4064,3856,4390,4171,0,0,0,900,0,900,1
2104,180000,1,1,2,30,0,0,0,0,0,0,139804,136528,57096,52694,50276,52945,7000,6000,3500,3500,3500,3900,0
2105,250000,1,1,1,71,0,0,0,0,0,0,177484,177946,159849,145461,141487,147705,6243,5446,4721,4385,7805,200,0
2106,20000,1,1,2,23,0,2,2,2,2,2,15383,16142,15586,17322,16908,17564,1300,0,2000,0,1240,0,1
2107,50000,1,3,2,28,0,0,0,0,0,0,48963,50381,50287,20406,20206,19690,2500,1293,839,870,940,865,0
2108,120000,2,1,1,38,1,0,0,0,0,0,0,0,4050,4050,0,0,0,4051,0,0,7,7,0
2109,160000,2,2,1,49,1,2,2,2,2,2,58943,60210,60755,59180,62835,61670,2800,2120,0,4611,0,2213,0
2110,60000,2,2,2,22,0,0,0,0,0,0,11718,4878,18347,15707,18976,6355,1000,37325,20800,3500,1232,113,0
2111,130000,1,2,2,31,0,0,0,0,0,0,116437,112881,96191,88934,90633,91459,4911,3533,3301,3607,5516,7020,0
2112,320000,1,2,1,41,1,0,0,0,0,0,0,0,0,0,700,860,0,0,0,700,860,2420,1
2113,50000,2,2,1,43,0,0,0,0,0,0,35268,34807,31071,30258,29579,28396,1600,1400,1500,1200,1500,1200,0
2114,50000,1,2,2,33,0,0,0,0,0,0,48058,49348,41707,29358,29860,30461,2097,1456,1200,1100,1076,1200,1
2115,70000,2,2,1,44,2,2,2,2,2,2,12662,13661,13145,14123,13754,14724,1500,0,1200,0,1200,0,1
2116,80000,2,2,1,44,0,0,0,0,0,0,76992,73036,17576,5616,25439,25833,2000,1000,4554,21000,1000,1000,0
2117,230000,1,2,2,27,0,0,0,0,0,0,416,568,1427,14947,13255,8226,568,1427,14947,437,1000,900,1
2118,20000,1,3,2,43,0,0,2,0,0,0,390,1736,1170,780,780,0,1736,0,0,0,0,0,1
2119,20000,2,3,2,39,0,0,2,2,3,2,12241,16020,16457,20906,20289,20407,4000,1000,4750,0,600,0,0
2120,360000,1,2,2,42,0,0,0,0,0,0,10000,10000,141,7054,-2946,-2946,10000,141,7054,1941,0,0,0
2121,90000,2,1,2,28,0,0,0,0,0,0,-1886,-2086,34347,35042,46098,46658,0,36633,1328,11696,1350,1337,0
2122,160000,2,2,1,34,2,2,2,0,0,0,77290,72681,66526,66893,66637,67877,4500,2500,3000,3000,4000,2305,0
2123,50000,1,1,2,36,1,2,2,2,0,0,49845,51215,47074,18853,19405,19237,2505,2300,0,1000,800,1000,0
2124,220000,2,1,2,27,0,0,0,0,0,0,164855,168607,152765,152953,156065,145846,6102,7000,6500,5573,7000,8000,0
2125,350000,1,1,2,42,2,0,0,0,0,0,320982,322788,272799,117867,117518,119718,12618,11127,4327,4261,4150,4153,1
2126,120000,2,1,2,29,0,0,0,0,0,0,3945,5795,10863,1601,1126,4802,5894,10863,0,1126,4802,9751,0
2127,210000,2,1,2,30,1,2,0,0,0,0,73903,72153,73634,75095,76886,78604,0,2674,2687,3000,3000,3000,0
2128,100000,2,2,1,31,2,2,0,0,0,2,17606,17040,19139,19325,20855,20372,0,2700,800,2000,0,1000,0
2129,50000,2,3,2,52,0,0,0,0,0,0,34781,34458,33311,18033,18740,19408,1725,1800,3000,1000,1000,657,1
2130,340000,2,1,2,26,0,0,0,0,0,0,58363,106270,159464,155685,137838,6556,56270,59503,3330,40,6556,16390,0
2131,140000,1,1,1,57,2,2,2,2,2,3,108660,105504,113177,113622,116396,115826,0,10970,3805,4747,1932,8337,1
2132,50000,1,2,2,42,0,0,0,0,0,0,47691,48738,48565,48301,50851,51153,3304,2300,2000,3500,3000,4000,0
2133,50000,1,2,2,31,1,2,0,0,2,0,16617,16061,17082,18969,18524,18947,0,1294,2181,0,731,586,0
2134,90000,2,1,2,27,0,0,0,0,0,0,56754,58835,59461,60974,62339,63648,3000,2200,2500,2500,2500,2600,0
2135,160000,1,2,1,66,2,2,2,2,2,2,67771,69535,70848,71739,73090,74490,3400,3000,2600,2600,2700,2800,1
2136,250000,1,2,2,27,0,0,0,0,0,0,34799,25831,24448,20492,18812,17663,2027,2000,1007,1031,2000,10000,0
2137,50000,1,1,2,23,1,0,0,0,0,0,0,0,0,0,0,19553,0,0,0,0,19553,389,0
2138,300000,2,2,1,36,0,0,0,0,0,0,141486,79474,80813,111116,13534,10379,6000,5000,30303,2011,856,1010,0
2139,230000,2,2,2,34,1,0,0,0,0,0,-2,-2,-2,-2,794,796,0,0,0,796,2,0,0
2140,260000,1,1,1,43,1,0,0,0,0,0,0,0,0,14855,13650,0,0,0,15055,0,0,0,1
2141,60000,2,1,2,22,2,0,0,0,0,0,58841,60970,58082,59882,19663,29343,3700,1400,2000,500,30000,1100,0
2142,140000,1,3,1,41,0,0,0,0,0,0,2139,0,1686,1686,205,6689,0,1686,0,205,6689,0,0
2143,70000,2,3,3,49,2,0,0,0,0,0,92033,79841,80149,47735,48737,50225,3078,13489,7000,1771,2300,7600,1
2144,20000,1,3,1,41,2,0,0,0,0,0,18738,18986,20110,19584,16539,19466,1376,1500,593,2701,4261,941,1
2145,20000,2,2,1,27,3,2,0,0,2,3,4899,4675,5685,6490,6837,6435,0,1095,900,596,0,0,1
2146,170000,1,4,1,28,0,0,0,0,0,0,171098,166176,169759,11760,0,4902,14000,5695,11760,0,4902,6000,0
2147,150000,2,3,0,55,0,0,0,0,0,0,1080,17493,9160,2939,3396,1870,17498,9160,2939,3396,1870,6800,0
2148,50000,1,2,2,26,0,0,2,0,0,0,13117,16887,16323,16752,17229,18931,4000,0,1000,900,2000,379,0
2149,60000,1,1,1,49,2,0,0,0,0,0,60289,57426,25820,25793,28224,28968,1580,1500,1100,3000,1200,1100,1
2150,230000,2,1,2,29,0,0,0,0,0,0,1960,11055,2269,9818,690,5369,11055,2269,9818,690,5369,4285,0
2151,100000,1,2,2,30,0,0,0,0,0,0,31373,32155,32331,29035,19576,33825,1602,1451,4,41,34938,292,0
2152,150000,1,1,2,24,0,0,0,0,0,0,1050,3258,3664,1461,2348,3626,3258,3735,1461,2348,3626,3089,0
2153,70000,1,2,2,51,0,0,0,0,0,0,67880,66658,58486,29171,17725,17693,3028,3199,1267,642,651,1665,0
2154,150000,1,1,2,25,0,0,0,0,0,0,52952,95134,31578,26089,16624,5107,60086,2000,2000,5000,6000,9000,0
2155,50000,2,2,2,25,0,0,0,0,0,0,23529,27889,22800,21930,23183,17613,4820,1500,1000,2000,1000,500,0
2156,110000,2,1,2,29,2,2,2,2,2,2,95690,105101,105676,106506,103591,109276,11000,3800,4000,0,8800,0,1
2157,290000,2,1,2,25,0,0,0,0,0,0,305823,303701,296384,248801,241983,230925,15000,10500,10000,15000,7844,23333,1
2158,310000,2,2,2,42,0,0,0,0,0,0,128166,102808,94484,95087,80331,66813,3844,5000,5000,6000,6000,7000,0
2159,80000,2,2,1,38,0,0,0,0,0,0,74236,63120,53897,54292,55430,57011,2125,2000,2000,2010,2500,1336,0
2160,220000,1,1,1,54,0,0,0,0,0,0,0,0,0,0,0,0,0,0,0,0,0,0,0
2161,230000,2,2,1,62,0,0,0,0,0,0,167635,170085,172204,173045,176163,179625,6474,7726,5601,6100,6427,6000,0
2162,360000,1,1,1,52,0,0,0,0,0,0,236171,228951,220826,191655,162435,132093,8500,7800,6665,5670,4461,3100,0
2163,320000,1,1,1,48,0,0,0,0,0,0,25840,13260,13217,17967,-13,-13,13326,13289,18064,0,0,0,0
2164,20000,1,1,2,30,0,0,2,0,0,0,14406,20653,19995,19391,19120,19158,6500,84,7171,1000,1000,2000,0
2165,360000,2,2,2,35,0,0,0,0,0,0,61793,79467,26943,148307,71373,7406,79651,26943,148307,71373,7406,3021,0
2166,360000,2,2,1,38,1,0,0,0,0,0,0,0,0,0,0,0,0,0,0,0,0,0,0
2167,440000,2,1,1,37,0,0,0,0,0,0,10858,46104,21349,11569,-1401,1773,50004,20000,12000,0,3773,0,0
2168,400000,1,2,1,49,2,2,2,2,3,2,175904,179579,186539,196029,192680,195226,8000,11500,14100,4,6804,5,1
2169,180000,1,2,1,35,1,2,0,0,0,0,32082,31293,31570,33370,33370,0,0,1400,2200,0,0,0,0
2170,230000,2,1,2,30,1,0,0,0,0,0,0,0,0,0,0,0,0,0,0,0,0,0,0
2171,200000,2,1,2,29,0,0,0,0,0,0,9078,11612,12100,13900,15900,0,3000,1500,2000,2000,0,0,0
2172,230000,1,1,1,34,0,0,0,0,0,0,22954,11225,10669,13498,12482,9949,1700,1380,8000,1000,4000,1000,0
2173,50000,1,2,1,53,0,0,0,0,0,0,47824,48954,46716,18685,19076,19466,1948,1835,669,692,707,695,0
2174,270000,1,1,2,36,0,0,0,0,0,0,15986,16635,15913,14192,10559,7672,2008,1513,1019,515,302,3050,0
2175,440000,2,2,2,29,0,0,0,0,0,0,485921,234046,214092,201210,186455,169455,20000,7822,8000,6000,16000,4000,0
2176,340000,1,1,1,53,0,0,0,0,0,0,3780,3295,1461,1903,1492,4409,3295,1461,1903,1492,4409,3396,0
2177,320000,1,2,2,35,0,0,0,0,0,0,12233,16490,20011,17918,18627,19167,7000,4100,1000,1000,1000,1000,0
2178,500000,2,2,2,36,0,0,0,0,0,0,339,0,28119,29698,32229,27912,0,28119,2000,3200,3000,785,0
2179,30000,2,2,1,33,0,0,0,0,0,0,29568,3663,26539,28352,17596,7576,3701,27209,5024,523,1000,0,0
2180,120000,2,3,2,55,0,0,0,0,0,0,102735,80762,77846,77404,75056,75951,3000,3000,2655,2664,3000,3000,0
2181,310000,1,1,2,37,0,0,0,0,0,0,10513,11228,12222,12468,11809,12044,1193,1187,433,428,431,445,0
2182,110000,2,3,2,31,0,0,0,0,0,0,2705,2487,2500,2500,0,0,2487,2700,2500,0,0,0,0
2183,400000,1,2,2,31,0,0,0,0,0,0,185677,189682,194509,199284,203502,195769,7000,8000,8000,7500,9000,5000,0
2184,150000,2,1,1,55,0,0,0,0,0,0,2070,7620,0,0,0,0,7620,0,0,0,0,0,0
2185,50000,1,1,1,42,0,0,0,0,0,0,47454,30680,-220,-1000,-1000,0,3000,220,780,0,1000,0,0
2186,270000,1,2,1,27,0,0,0,0,0,0,21256,19819,19200,18527,18413,18010,1618,1569,631,652,637,541,0
2187,30000,2,3,1,39,0,0,0,0,0,0,14517,3670,3280,2890,15839,13680,2500,2500,2500,15839,666,0,1
2188,30000,1,1,1,57,0,0,2,3,2,0,23978,26749,28085,27344,26768,27454,3478,2073,0,0,1129,1163,1
2189,20000,1,2,2,24,0,0,0,0,0,0,10700,510,900,704,540,150,510,390,1094,2420,150,780,0
2190,50000,2,2,2,22,0,0,0,0,0,0,18471,19483,19431,19307,19361,19738,1329,1307,683,857,856,834,0
2191,100000,1,2,1,50,0,0,0,0,0,0,101430,87429,108011,104261,102451,99947,5001,64401,4000,4500,4200,3200,0
2192,200000,2,1,2,29,1,0,0,0,0,0,0,0,3941,16405,-150,2327,0,3941,16405,0,2477,0,0
2193,500000,1,1,1,38,0,0,0,0,0,0,419487,389605,309466,246519,247263,251389,13000,20000,15000,9322,10000,10000,0
2194,190000,1,2,1,43,0,0,0,0,0,0,90580,72260,80337,84221,91805,100053,10000,10000,10000,9000,10000,22000,0
2195,130000,1,2,1,47,0,0,0,0,0,0,5837,21038,722,4399,0,0,21038,729,4399,0,0,5239,0
2196,50000,1,2,2,23,0,0,2,0,0,0,17792,20036,18664,18416,416,416,2956,0,368,416,416,416,0
2197,10000,1,3,2,22,0,0,0,0,0,0,9363,5062,6021,6763,7648,8367,1200,1200,1000,1000,1000,0,0
2198,1000000,2,1,1,47,0,0,0,0,0,0,964511,983931,535020,891586,927171,961664,50784,50723,896040,50000,50000,50256,0
2199,150000,2,3,1,35,0,0,0,0,0,0,11500,4998,4996,4998,4998,49398,4998,4996,5000,4998,49398,4552,0
2200,20000,1,2,1,37,0,0,0,0,0,0,17219,14640,19400,0,0,17666,2000,19400,0,0,17666,0,1
2201,140000,2,1,2,30,2,0,0,0,0,0,1070,4593,4705,1710,0,6096,4593,4705,1710,0,6096,0,1
2202,210000,2,1,1,45,0,0,0,0,0,0,-200,-200,-200,0,2000,0,0,0,200,2000,0,0,0
2203,360000,1,3,1,53,0,0,0,0,0,0,8669,8254,8988,6868,5604,6158,1303,1513,706,700,600,2000,0
2204,60000,1,1,2,30,0,0,0,0,2,2,59959,49744,48257,46353,45481,48373,10020,4000,4000,0,3800,0,0
2205,30000,1,2,1,33,0,0,0,0,0,0,15662,16601,21291,21939,22435,23160,1500,5000,1000,1000,1100,1000,0
2206,140000,2,2,1,37,0,0,0,0,0,0,127693,26633,28180,29702,31223,35683,2000,2000,2000,2000,5000,2000,0
2207,20000,2,1,2,21,0,0,0,0,0,0,17471,14129,13937,9429,1393,2055,1400,3500,1567,162,2055,0,0
2208,120000,2,2,2,32,0,0,0,0,0,2,15602,16482,16743,17185,18281,17312,2000,1551,2000,1500,457,7000,1
2209,80000,1,1,1,45,1,0,0,0,0,0,-50,-440,170,-220,390,0,0,1000,0,1000,0,780,0
2210,50000,2,2,1,41,0,0,0,0,0,0,21910,23251,24059,24658,25212,25642,2000,1500,1000,1100,1000,1000,0
2211,360000,2,1,2,27,1,0,0,0,0,0,0,0,830,0,1271,179,0,830,0,1271,179,1970,0
2212,500000,1,1,2,30,0,0,0,0,0,0,416171,437749,460317,472621,484993,496915,30000,30000,20000,20000,20000,70152,0
2213,10000,1,2,2,21,0,0,0,0,0,0,7985,8677,9070,8880,9580,9000,1217,1000,200,700,200,0,0
2214,210000,1,2,2,25,0,0,0,0,0,0,13899,-9,-9,3231,125140,124880,0,0,3240,125009,5009,5013,0
2215,50000,1,3,2,41,0,0,2,0,0,0,22358,23257,23192,24073,21759,21959,1900,1000,1500,891,1000,700,0
2216,200000,2,1,1,38,0,2,0,0,0,0,6677,4561,1856,1856,1856,2508,0,1856,1856,1856,2508,26042,0
2217,300000,2,1,2,36,0,0,0,0,0,0,10700,890,0,0,0,0,890,0,0,0,0,0,0
2218,110000,1,2,2,24,0,0,0,0,0,0,44737,39590,39457,39075,39307,39564,2103,2005,2006,3006,3010,2013,1
2219,50000,1,2,2,58,4,3,2,2,2,2,51996,51203,50071,8086,8263,9533,300,300,300,293,1400,400,1
2220,340000,2,1,1,41,0,2,0,0,2,0,6814,6167,24386,3570,3094,14645,0,24386,3570,0,14645,4534,1
2221,50000,2,2,1,32,0,0,0,0,0,0,819,699,0,0,0,0,699,0,0,0,0,0,1
2222,110000,1,3,2,63,1,2,0,0,0,0,49992,48918,49890,46884,47350,43169,0,2164,1730,1788,1538,1607,0
2223,600000,1,3,1,38,0,0,0,0,0,0,459600,372345,353121,337695,297541,256158,13713,13250,12854,11191,10029,10000,0
2224,160000,1,1,2,32,0,0,0,0,0,0,2507,798,-2,2319,1523,-2,800,0,2321,4,0,801,0
2225,450000,1,1,1,38,0,0,0,0,0,0,10591,7923,57139,15181,7247,13890,7964,57425,15257,7283,13959,11139,0
2226,60000,1,1,2,31,1,0,0,0,0,0,0,1012,22760,17032,6808,8741,1012,22066,5032,1565,8500,5205,1
2227,310000,1,1,1,43,0,0,0,0,2,0,250708,256157,261550,285233,280905,272240,11000,11300,29841,69,9980,9546,1
2228,20000,2,2,1,24,0,0,0,0,0,0,10361,19566,8746,3355,7143,1288,10000,1390,3355,7143,1288,0,0
2229,60000,2,2,2,29,0,0,0,0,0,0,53274,54093,53111,50568,47791,45421,2591,2109,1705,2010,2000,1523,0
2230,170000,2,2,1,38,0,0,0,0,0,0,521,5360,29271,26511,0,0,6439,29271,0,0,0,2730,0
2231,190000,2,1,1,50,1,0,0,0,0,0,0,2329,15951,332,0,0,2329,15990,332,0,0,0,0
2232,230000,2,1,2,49,2,2,0,0,0,0,113,0,1100,0,2119,0,0,1100,0,2119,0,2916,1
2233,80000,2,1,2,25,0,0,0,0,0,0,1174,0,0,5526,3292,12792,0,0,5526,3292,12807,600,0
2234,120000,2,3,1,50,0,0,0,0,0,2,111564,112482,115046,80987,85921,84384,4200,4552,3100,6416,0,3228,0
2235,20000,1,2,2,30,1,2,2,2,0,0,17260,19099,19309,18703,18937,20724,2422,816,0,685,2100,0,0
2236,140000,2,2,1,26,0,0,0,0,0,0,37283,24748,21854,21711,25999,902,7023,5080,10000,6000,902,18542,0
2237,50000,1,2,2,24,0,0,0,0,0,0,49076,48923,49158,19270,18776,19167,2063,1298,700,800,815,237,0
2238,180000,2,1,1,35,0,0,0,0,0,0,104335,108156,108874,111568,113817,116422,5500,4000,4500,4200,4500,4500,0
2239,150000,2,3,1,50,0,0,0,0,0,0,3644,875,2162,0,5085,2887,875,2162,0,5085,2887,0,0
2240,300000,2,1,2,35,0,0,0,0,0,0,294344,302638,300159,226705,229739,232942,15000,11311,7941,8412,9000,5258,0
2241,380000,2,1,1,45,0,0,0,0,0,0,202,35993,86617,-3450,-3450,3502,37791,86697,0,0,7102,159753,0
2242,90000,2,3,2,27,2,0,0,0,0,0,92290,90719,39902,39200,38531,32991,4183,1600,1280,1310,1432,1088,1
2243,10000,2,2,2,22,1,2,2,2,0,0,8925,8637,10277,9736,9704,9725,0,1800,0,500,600,500,0
2244,90000,2,3,2,28,2,0,0,0,2,0,63869,65212,66627,70652,69397,70842,2368,2500,5140,0,2600,3000,1
2245,240000,1,1,1,34,0,0,0,0,0,0,228,23282,48595,37573,26296,15788,23295,49000,37573,26296,7000,46495,0
2246,180000,2,3,1,32,0,0,0,0,0,0,396,712,712,712,1424,712,712,712,712,1424,0,5366,0
2247,140000,1,1,2,32,0,0,0,0,0,0,101458,99196,78458,76387,76344,67302,3997,3520,2500,2689,2494,2498,0
2248,280000,1,2,1,36,1,2,2,2,0,0,168708,172528,174328,170028,174281,185348,8000,6100,0,7000,14000,7000,1
2249,120000,2,1,2,30,0,0,0,0,0,0,711,878,1131,441,441,441,878,1131,441,441,441,455,1
2250,550000,2,2,1,32,0,0,0,0,0,0,546741,535509,548020,530672,155083,165975,22863,167622,14000,4300,158064,28840,1
2251,170000,2,2,2,30,0,0,0,0,0,2,90727,93345,93812,95613,95972,97230,5000,5000,5000,4400,3000,3600,0
2252,50000,2,2,1,36,2,2,2,0,0,2,2590,4836,4613,5378,5848,5606,2458,0,1000,557,0,2000,0
2253,140000,2,2,1,35,0,0,0,0,0,0,137692,134899,137477,110865,69217,48018,5202,6405,4819,3091,2477,100002,0
2254,10000,1,3,2,48,0,0,0,0,0,0,8858,9548,9540,9735,8070,0,1228,1000,195,161,0,0,0
2255,240000,2,3,1,32,0,0,0,0,0,0,1386,1207,1357,1559,23506,21532,1207,1357,1559,23506,1603,1407,0
2256,30000,2,2,2,24,2,2,0,0,0,0,27954,27226,28427,28752,28447,24552,0,2000,1000,1100,1500,1000,0
2257,30000,2,2,2,25,1,2,2,2,2,2,14149,15171,14635,15318,14930,16562,1543,0,1226,0,1882,0,1
2258,200000,2,2,2,36,0,0,0,0,0,0,2324,3344,4450,14280,14894,15608,1064,1170,10000,1000,1000,464,0
2259,140000,2,2,2,33,0,0,0,0,0,0,56426,41717,42823,25224,26855,23783,2000,2000,900,2000,10000,5000,0
2260,200000,2,3,2,28,1,0,0,0,0,0,0,0,0,304,13489,6788,0,0,304,13489,6788,188,0
2261,80000,2,2,2,37,0,0,0,0,0,0,21054,21776,22790,23411,23882,24356,1365,1379,1000,1000,871,1000,0
2262,100000,1,3,2,30,0,0,0,0,0,0,46675,46567,46638,46454,46262,47823,1800,2000,1700,1683,3500,1500,1
2263,220000,1,2,2,26,2,2,2,2,2,0,215477,216099,210839,216988,213824,39819,5516,0,8275,0,800,223833,0
2264,80000,2,2,2,25,0,0,0,0,0,0,7536,5024,5589,6094,45342,45877,1200,1100,1000,40000,1700,1700,0
2265,350000,2,1,2,27,0,0,0,0,0,0,312770,320400,268598,250304,251436,249891,14599,10334,5728,8242,13138,4520,0
2266,50000,2,2,2,26,0,0,0,0,0,0,33428,34385,35796,-229,-229,-229,1800,2100,0,0,0,0,1
2267,360000,1,2,1,39,0,0,0,0,0,0,23690,67560,26649,15830,20025,21404,60284,16079,5024,9032,8035,12073,0
2268,230000,2,2,1,33,0,0,2,0,0,0,9530,12872,3724,153400,14788,21258,7000,0,153400,8000,10000,6000,0
2269,30000,1,2,1,39,2,2,2,2,2,0,13888,16652,16087,17317,16900,17465,3000,0,1500,0,1000,3500,1
2270,70000,2,2,2,24,0,0,2,2,2,2,41485,44697,47229,47956,47056,49565,4200,3600,1800,0,3308,2500,0
2271,70000,2,2,2,23,0,0,0,0,0,0,3082,4370,9353,15282,20400,12915,1500,5353,6282,6342,2055,3257,0
2272,150000,2,1,1,44,1,0,0,0,0,0,0,0,1512,0,0,0,0,1512,0,0,0,0,0
2273,360000,1,1,2,35,0,0,0,0,2,0,1195,23944,884,789,244,244,23944,884,300,0,0,856,0
2274,210000,2,2,1,56,1,0,0,0,0,0,-325,-721,-1117,-1513,-1909,59017,0,0,0,0,61982,2200,0
2275,50000,1,2,2,29,0,0,0,0,0,0,32312,24213,24278,24750,0,0,1700,2000,1300,0,0,0,0
2276,180000,2,2,2,48,0,2,0,0,0,0,3116,1058,390,1726,390,2240,0,390,1726,390,2240,17488,0
2277,210000,1,1,1,40,0,0,0,0,0,0,6223,8143,3712,3091,90817,308,8146,3719,3091,90817,308,3369,0
2278,160000,2,3,1,53,0,0,0,0,0,0,2475,2475,5175,2475,3975,8175,2475,5175,2475,3975,8175,138,0
2279,50000,2,3,1,37,2,0,0,0,0,0,38527,39609,40352,41183,42221,42935,2000,1700,1500,1700,1568,7400,1
2280,200000,2,2,1,35,1,0,0,0,0,0,0,0,0,0,0,688,0,0,0,0,688,0,0
2281,20000,2,2,2,41,0,0,0,0,0,0,13723,14266,13305,14925,13925,9745,1500,2000,3000,4000,2000,0,0
2282,500000,1,3,1,56,0,0,0,0,0,0,139117,130301,119701,121296,122477,125279,4500,5000,5000,5000,5000,5000,0
2283,90000,2,3,1,49,0,0,0,0,0,0,104494,99941,95197,90508,85640,79775,3592,3382,3319,3172,4000,2360,0
2284,70000,2,1,2,29,0,0,2,2,0,0,47310,51047,51727,50594,51823,54093,4500,1813,0,2046,3300,900,0
2285,50000,2,3,1,49,0,0,0,0,0,0,33782,35650,390,390,46310,0,4000,390,390,46310,0,0,1
2286,180000,1,1,1,37,0,0,0,0,0,0,121915,116093,99267,74324,47642,37957,7416,7038,7000,6000,5000,5000,0
2287,50000,1,2,2,27,1,3,2,2,0,0,41322,40383,42413,41434,45567,61595,0,3000,0,5000,20000,0,0
2288,230000,2,2,2,33,0,0,0,0,0,0,232796,233564,235149,166637,165699,163858,9000,9500,6000,6150,6000,10500,0
2289,70000,1,2,2,28,1,2,0,0,0,0,35155,26598,22793,23156,24810,27433,23,1637,1000,2000,3007,3014,0
2290,30000,1,3,2,39,0,0,0,0,0,0,10178,14491,15504,15812,16143,16606,4491,1257,565,585,730,1000,1
2291,10000,1,3,3,54,1,2,0,0,0,0,8210,7936,8792,9117,9305,9504,0,1146,471,483,502,460,0
2292,90000,1,3,1,35,1,0,2,2,0,2,0,800,400,0,950,400,800,0,0,950,0,0,0
2293,80000,2,3,1,43,2,2,3,3,2,3,68152,71459,73690,71908,76294,74788,5000,4000,0,5700,0,0,1
2294,360000,2,1,1,46,1,0,2,2,0,0,-200,2716,200,0,12140,42424,2916,0,0,12140,42424,19825,0
2295,150000,2,1,2,29,0,2,2,0,2,0,766,515,-150,974,269,191,0,85,1124,0,191,591,1
2296,200000,2,1,1,32,1,2,2,0,0,0,25830,780,0,0,0,0,0,0,0,0,0,0,0
2297,300000,2,3,2,38,0,0,0,0,0,0,35103,43782,44508,67484,500,7391,10000,6000,30000,500,7391,7000,0
2298,500000,1,1,1,37,0,0,0,0,0,0,0,0,0,0,0,0,0,0,0,0,0,0,1
2299,210000,1,1,2,27,0,0,0,0,0,0,25025,25336,26029,26816,21116,10721,5000,4000,5000,3000,3000,3500,0
2300,80000,2,2,2,33,0,0,0,0,0,0,17254,811,1533,722,811,337,1000,1533,0,900,337,1000,0
2301,200000,2,1,1,44,2,0,0,0,0,0,188553,192100,126343,125700,126448,81008,8011,5203,4000,5000,3001,3000,0
2302,230000,2,1,1,30,0,0,0,0,0,0,2212,17402,32450,17285,9766,9981,17402,20013,346,5000,8000,5000,1
2303,60000,2,1,1,29,0,0,0,3,2,2,51855,53220,59244,57889,59017,56637,2200,7000,0,2013,7577,13,0
2304,180000,1,2,2,32,1,2,2,0,0,0,172842,177065,163930,136145,133843,134352,8500,0,7000,5000,8000,5000,1
2305,80000,1,2,1,26,0,0,0,0,0,0,51751,43280,44234,45276,39808,40598,2000,2000,1668,2000,1453,1664,0
2306,220000,2,1,1,44,0,0,0,0,0,0,0,0,0,0,0,0,0,0,0,0,0,0,0
2307,30000,2,2,1,26,0,0,0,0,2,0,10540,9766,-2643,2596,1123,2390,1081,0,6712,0,2780,0,0
2308,30000,2,1,2,30,1,0,0,0,0,0,0,0,4990,4322,1955,980,0,4990,4322,1955,980,7490,0
2309,30000,1,2,2,25,0,0,0,0,0,0,8864,10062,11581,12580,13716,14828,1500,2000,1500,1500,1500,2000,0
2310,150000,1,2,1,40,0,0,0,0,0,0,54021,55154,56280,57397,58599,60668,2003,2044,2054,2127,3044,3150,0
2311,30000,2,2,1,47,1,2,0,0,0,0,23709,23047,24056,24380,24835,25423,0,1698,1022,1000,1000,1000,0
2312,180000,1,2,2,26,0,0,0,0,0,0,93169,58983,60506,58458,60770,61628,4500,4000,4000,4000,4000,4000,0
2313,30000,1,1,2,56,2,0,0,0,0,0,27033,27772,28740,29313,29019,28916,1480,1448,1021,1040,1216,1270,0
2314,240000,2,1,2,28,0,0,0,0,0,0,236772,201463,187916,149293,150614,150911,10000,7000,10040,7000,6000,5000,0
2315,120000,2,2,2,31,0,0,0,0,0,0,26307,27361,28878,30428,31818,34293,1483,2000,2000,2000,3000,3000,0
2316,150000,2,3,1,43,0,0,0,0,0,0,17541,19021,7861,7691,0,0,2000,2000,2000,0,0,0,0
2317,180000,2,1,1,47,1,0,0,0,0,0,0,0,1154,2000,0,0,0,1154,2000,0,0,415,0
2318,50000,1,2,1,46,0,0,0,0,0,0,44573,60540,15993,16327,16863,17282,2200,2600,600,800,700,700,0
2319,360000,2,1,2,26,1,0,0,0,0,0,-200,-200,0,3000,0,0,0,200,3000,0,0,0,1
2320,30000,2,3,3,60,0,0,0,0,0,0,2365,-581,-581,-2054,1473,14510,0,0,0,5000,14510,0,0
2321,50000,1,2,1,24,0,0,0,0,0,0,390,918,19583,19593,19364,19893,918,19583,1000,1000,1000,1000,0
2322,30000,2,2,1,39,0,3,2,0,0,3,1742,1560,780,780,2057,1737,0,0,0,2057,0,0,0
2323,50000,2,1,2,53,0,0,0,0,0,0,50777,51086,50321,20141,18039,19349,2504,2059,666,1000,2008,1513,0
2324,90000,1,2,2,30,0,0,0,0,0,0,46927,40000,0,0,0,0,4000,0,0,0,0,85000,0
2325,200000,2,2,2,39,7,6,5,4,3,2,195156,190843,186029,181866,179272,148704,0,0,0,39,85,3054,1
2326,50000,1,3,2,52,0,0,0,0,0,0,47479,49344,19596,19194,19201,19199,29456,1300,675,694,704,798,0
2327,80000,2,2,2,40,0,0,0,0,0,0,33918,50878,51787,52422,53608,50312,20000,2400,2000,2100,2500,2000,0
2328,50000,2,2,2,41,0,0,0,0,0,0,45408,36025,0,0,0,0,2025,0,0,0,0,0,0
2329,200000,2,2,2,23,0,0,0,0,0,0,964,-36,1000,0,0,43527,0,1036,0,0,54677,872,0
2330,90000,2,2,1,36,0,0,0,0,0,0,89309,88544,88888,48534,49874,32078,5000,3500,2000,2100,1000,1000,0
2331,240000,1,1,2,28,0,0,0,0,0,0,199671,193523,187389,181348,174998,168176,7000,7000,7000,6500,6000,6000,0
2332,90000,2,1,2,29,0,0,0,0,0,0,1709,2522,3426,3426,2921,2197,2522,3426,3426,2921,2197,3087,1
2333,10000,1,1,2,23,2,2,2,2,0,0,2724,5520,5275,0,0,150,3000,0,0,0,150,275,0
2334,210000,2,1,1,38,0,0,2,2,0,0,2360,4707,4465,0,9306,5855,4465,0,0,9306,5855,9840,0
2335,140000,2,2,2,26,0,0,0,0,0,0,12436,14910,13780,13710,488,-1450,3380,1200,2000,500,0,0,0
2336,50000,2,1,1,29,0,0,0,0,0,0,29719,30754,31939,33102,33918,35197,1815,2000,2000,1500,2000,1500,0
2337,50000,2,2,1,28,0,0,0,0,0,0,36380,51418,43095,29717,30368,29113,30000,2052,1034,1100,1088,883,1
2338,230000,2,3,1,45,0,0,0,0,0,0,1633,8410,5722,10371,9998,1328,8435,5955,10371,0,1332,0,0
2339,150000,2,2,2,27,0,0,0,0,0,0,4914,6237,3280,11167,15915,16268,6237,3280,11167,10000,686,352,0
2340,240000,1,2,1,36,0,0,0,0,0,0,10767,144915,142909,143531,144893,144121,140013,5206,5008,6011,5250,5033,0
2341,80000,1,2,2,25,1,2,2,2,0,0,81774,79597,47168,45312,46263,47341,0,3667,0,1680,1848,1863,0
2342,140000,2,3,2,33,1,0,0,0,0,0,0,0,0,4647,250,4654,0,0,4647,5423,4404,0,0
2343,290000,1,2,1,50,0,0,0,0,0,0,88713,79214,81301,84033,86513,90056,3459,4000,5000,4000,5000,5000,0
2344,80000,1,5,1,29,0,0,0,0,0,0,80534,78179,79348,81099,80540,67069,3006,2641,2827,2671,2611,2417,0
2345,400000,1,2,1,34,0,0,0,0,0,0,372724,394443,398634,210628,203102,85374,28000,14547,8078,6500,5000,3012,0
2346,20000,1,3,3,46,0,0,0,0,0,0,20393,19908,20310,15617,219,1205,1425,20310,1020,219,1205,109,0
2347,360000,1,1,2,30,0,0,0,0,0,0,11487,307,400,589,956,1383,307,400,589,956,1383,448,0
2348,260000,2,2,2,25,0,0,0,0,0,0,16373,15249,15018,15520,3491,5651,5006,5000,5000,3491,3000,2000,1
2349,30000,1,1,2,28,1,2,2,0,0,0,10056,9815,7576,5746,3900,1944,2000,0,144,128,39,1944,0
2350,130000,1,2,2,27,0,0,0,0,0,0,131406,125858,118536,34394,66701,58437,5000,3572,3153,69200,2500,10000,1
2351,490000,1,1,1,41,0,0,0,0,0,0,95997,98047,100412,102736,105083,107334,3600,4000,4000,4000,4000,4000,0
2352,580000,1,1,1,42,0,0,0,0,0,0,264482,267508,255409,256321,250358,236608,9431,8842,7663,7814,7794,7887,0
2353,20000,1,2,1,34,0,0,2,0,0,0,12619,14896,14360,14921,15328,16474,2800,0,800,800,1400,1000,1
2354,180000,2,1,2,32,0,0,0,0,0,0,64008,3414,3844,5344,4000,10395,3414,1500,1500,0,10395,3600,0
2355,90000,2,1,2,26,0,0,0,0,0,0,1224,3120,1712,5000,0,4210,3128,1712,5000,0,4210,750,0
2356,90000,1,2,2,25,0,0,0,0,0,0,2908,1051,2422,1051,1051,83573,1052,2422,0,1051,83573,3098,0
2357,440000,2,1,1,54,2,0,0,0,0,0,276955,198150,183825,185971,189968,193799,8752,8200,6700,7000,6870,7000,1
2358,280000,2,2,1,52,0,0,0,0,0,0,50667,50400,50108,49425,48977,48459,2007,2007,1370,1407,1359,1381,0
2359,230000,1,1,2,29,0,0,0,0,0,0,121344,121415,25210,21433,18203,13931,6317,5516,2015,2014,2019,5536,0
2360,300000,1,2,2,35,0,0,0,0,0,0,276536,206885,169901,170540,152188,101485,26531,10017,9123,10259,5079,3816,0
2361,20000,2,2,1,41,0,2,0,0,0,0,6565,4460,1500,8745,5316,4058,0,1500,8745,0,0,1664,0
2362,80000,2,2,2,26,0,0,0,0,0,0,27041,27797,5958,11341,5259,4278,5879,1000,11360,486,478,0,0
2363,20000,1,2,2,24,8,7,6,5,4,3,24348,24025,23391,22757,21834,21200,0,0,0,0,0,0,0
2364,220000,1,1,2,34,0,0,0,0,0,0,17875,3431,-344,-344,-601,-601,3431,0,0,0,0,0,1
2365,210000,2,2,1,44,0,0,0,0,0,0,73487,75456,86171,87895,89022,90868,3748,13000,3081,3217,3312,3151,0
2366,130000,1,3,2,49,2,0,0,0,0,0,60273,61839,62370,63429,26779,27521,2536,1857,1681,971,1186,1698,1
2367,400000,1,1,1,66,0,0,0,0,0,0,258070,77910,61440,44590,12270,0,47000,1500,0,0,0,0,0
2368,120000,2,1,2,25,0,0,0,0,0,0,9642,12557,3938,1110,9848,3301,12557,3938,1110,9848,3301,0,0
2369,460000,2,2,1,33,0,0,0,0,0,0,128302,59254,52099,45512,39041,33571,2371,2008,1560,1457,1299,769,0
2370,230000,2,1,1,42,0,0,0,0,0,0,2915,4203,167,3351,1644,1733,4203,200,3351,1644,1733,4737,0
2371,210000,1,2,2,28,0,0,0,0,0,0,187992,193623,187501,167142,170910,174336,8500,8600,6500,6500,6300,7900,0
2372,30000,2,2,2,23,0,0,0,0,0,0,318,0,0,0,0,0,0,0,0,0,0,0,0
2373,50000,2,3,1,39,0,0,0,0,0,0,41250,40813,10695,8841,8140,8267,1501,1297,448,449,419,415,0
2374,250000,2,1,2,29,0,0,0,0,0,0,1181,1545,2319,1856,4356,7026,1545,1000,1500,2500,3000,1379,0
2375,50000,2,2,2,25,3,3,2,2,2,2,35592,36518,36822,37421,38424,39035,1800,1200,1500,1750,1390,0,1
2376,40000,1,2,1,38,2,2,2,2,2,2,33152,33623,34773,33917,36704,40404,1300,2000,0,3500,4471,0,1
2377,230000,1,2,1,35,0,0,2,0,0,0,28827,36326,35448,36551,37460,38831,8000,0,2000,1500,2000,1500,0
2378,210000,1,1,2,33,1,0,0,0,0,0,0,0,0,0,700,0,0,0,0,700,0,0,1
2379,60000,1,2,2,30,0,0,0,2,2,2,15145,16618,18475,17919,19167,18750,2000,2100,0,1500,0,1500,1
2380,500000,2,1,1,41,0,0,0,0,0,0,190730,194336,197284,199489,201484,204017,8501,8001,6701,6321,6401,6379,0
2381,110000,2,2,2,28,0,0,0,0,0,0,81449,83241,84960,86045,88060,93394,4000,4000,3400,3400,7000,3450,0
2382,400000,1,1,1,44,0,0,0,0,0,0,95719,96369,92336,91816,57477,66203,4652,3565,2731,10031,16027,25000,0
2383,280000,1,1,1,51,0,0,0,0,0,0,1323,445,393,294,223,13635,445,393,294,223,13635,16192,0
2384,60000,1,2,1,35,0,0,0,0,0,0,22226,18597,13801,8038,7340,-153,1292,2245,161,7340,0,20341,0
2385,100000,1,3,1,47,0,0,0,0,0,0,3933,2162,856,-1267,-363,-2389,1000,1000,0,5100,0,0,0
2386,230000,2,2,2,42,0,0,0,0,0,0,64489,58611,54463,53008,52835,40015,3100,5000,5000,10000,3000,5000,0
2387,80000,2,3,2,24,1,0,0,0,0,0,0,0,2455,2500,1307,1550,0,2455,2500,1307,1550,896,0
2388,110000,2,2,1,43,0,0,0,0,0,0,45021,45782,46187,47105,45253,46144,2100,1800,1638,1490,1957,2000,0
2389,390000,1,1,1,47,0,0,0,0,0,0,9361,-25,18401,13200,6385,7088,0,18426,34,31,7088,0,0
2390,150000,2,2,2,39,1,2,2,0,0,2,21019,19890,19271,19037,20448,19345,1602,0,1000,1709,0,1000,0
2391,180000,1,2,2,29,1,2,2,0,0,2,5265,5002,0,0,1378,978,0,0,0,1704,0,2690,1
2392,500000,1,1,2,32,1,0,0,0,0,0,-218,466,1267,155951,159749,167416,1000,1267,155000,6000,10000,8000,0
2393,50000,1,3,1,32,2,3,2,2,2,2,39589,40160,40796,41526,42209,44960,1500,1600,1700,1500,3600,0,1
2394,20000,2,3,2,49,0,0,2,0,0,0,8503,11352,10198,10400,1150,0,3008,0,600,1150,0,0,0
2395,130000,2,2,2,24,1,0,0,0,0,0,-10,-10,3362,-3,998,937,0,3372,0,1001,939,1013,0
2396,110000,2,3,1,27,0,0,0,0,0,0,61152,60833,61245,47316,47175,47141,2326,3000,1807,1698,1911,1808,0
2397,200000,1,2,1,29,0,0,0,2,2,2,45982,46328,47534,48367,49366,47539,2078,3900,1900,1904,12,5224,0
2398,50000,2,2,1,47,0,0,0,0,0,0,48991,43412,33995,29759,29766,29665,2000,1500,1050,1100,1100,1200,0
2399,130000,1,1,2,29,0,0,0,0,0,0,126974,122107,108542,89356,91024,89779,5988,4560,3300,3509,3500,3415,0
2400,260000,1,2,2,28,0,0,2,0,0,0,149814,184419,163036,159348,160198,104389,107000,0,5000,5000,6000,60000,0
2401,180000,1,2,1,30,0,0,0,0,0,0,220,4680,0,7500,4100,0,4686,0,7500,4100,0,4500,0
2402,330000,2,1,1,29,0,0,0,0,0,0,730,213,2368,3368,1377,0,213,2368,1000,190,0,0,0
2403,80000,2,2,2,29,1,2,2,2,2,2,54033,52595,56709,55201,69270,70582,0,5000,0,15000,2600,0,0
2404,320000,1,1,2,32,0,2,0,0,0,0,752,169,1940,0,0,0,0,1948,0,0,0,0,1
2405,20000,1,2,2,38,0,0,0,0,0,0,10462,3327,19305,17748,8269,1074,10287,19305,355,0,1074,0,0
2406,50000,2,3,2,43,2,2,7,7,7,7,2400,2400,2400,2400,2400,2400,0,0,0,0,0,0,1
2407,210000,2,3,1,40,0,0,0,0,0,0,201169,210942,214523,138786,140918,144099,16286,10011,5000,6000,6000,6000,0
2408,420000,1,2,2,31,2,2,0,0,2,0,239293,90568,88997,93971,92203,93059,0,3500,6600,0,4000,3000,1
2409,210000,2,2,2,35,0,0,0,0,0,0,2593,0,0,0,1849,12837,0,0,0,1849,12837,4201,0
2410,160000,2,2,1,42,0,0,0,0,0,0,35815,38023,40180,41318,42605,43857,3000,3000,2000,2000,2000,2000,0
2411,20000,2,1,2,25,0,0,0,0,0,0,17776,18886,19551,18964,19676,20116,1700,1300,662,1000,747,602,0
2412,360000,1,1,2,35,0,0,0,0,0,0,2010,2936,640,0,0,4750,2936,640,0,0,4750,1470,0
2413,30000,1,2,3,50,2,0,0,0,0,0,11479,12981,14450,14903,16500,18715,2000,2000,693,2000,2500,668,1
2414,50000,1,2,2,27,1,0,0,0,0,0,-697,48266,47194,48224,49416,50126,49900,1800,1700,1857,2474,469,0
2415,30000,1,2,1,38,1,0,0,0,0,0,0,2281,3666,2713,0,0,2281,3666,2713,0,0,0,1
2416,30000,2,2,2,24,0,0,0,0,0,0,28008,29549,30298,30046,29880,27039,2000,2000,900,1000,2000,0,0
2417,280000,2,2,2,24,0,0,0,0,0,0,1006,1853,2657,1416,2706,1229,1855,1422,7,2719,1235,3831,0
2418,30000,2,3,2,24,2,0,0,2,2,0,30279,30428,30485,31012,30402,30195,1500,2700,1300,0,1117,1353,1
2419,20000,1,2,2,33,0,0,0,0,0,2,12518,12889,9638,8878,6474,2771,1300,1000,1000,500,0,0,0
2420,300000,2,1,1,51,0,0,0,0,0,0,108639,85818,90069,85008,83983,50257,4107,7346,65000,2500,2022,1800,0
2421,180000,2,1,2,35,0,3,2,0,0,2,1880,1702,1196,870,3028,2508,0,0,0,3028,0,326,0
2422,20000,2,2,1,24,4,3,2,2,2,2,16549,16002,16047,15492,16739,16320,0,600,0,1500,0,2000,1
2423,80000,2,3,1,39,0,0,0,0,0,0,4948,3804,0,0,1715,0,1000,0,0,1715,0,0,0
2424,20000,2,2,1,47,0,0,0,0,0,0,19553,18092,18175,19000,20000,0,1417,2000,3005,2000,0,0,0
2425,60000,1,1,2,29,0,0,0,0,0,0,31462,31499,16773,11568,9727,3832,6037,5084,6000,4000,3832,3065,0
2426,20000,1,2,2,22,0,0,2,2,2,0,18743,19879,18872,21178,20329,20853,3000,0,3000,0,1000,400,0
2427,30000,2,3,1,67,1,2,0,0,0,0,30734,28092,29112,29555,28536,29252,0,1800,1200,1083,1200,1250,0
2428,50000,1,1,2,33,1,2,2,0,0,2,26957,28230,27483,27728,29681,29053,2000,0,1000,2400,0,2400,1
2429,80000,1,1,1,47,0,0,0,0,0,0,49735,25144,7905,7905,20616,7727,25144,8000,0,20616,7727,6191,0
2430,170000,2,2,2,24,0,0,2,0,0,0,1166,4144,3889,4889,4139,430,3000,0,1000,0,1000,17342,1
2431,160000,1,1,1,36,0,0,0,0,0,0,816,316,316,316,316,316,316,316,316,316,316,316,1
2432,130000,1,1,2,27,1,2,2,2,0,0,60024,58104,54976,-3518,-1285,1601,4000,0,1580,1580,3202,0,0
2433,30000,2,2,1,34,2,2,2,2,0,0,31746,32743,32931,30727,29679,30088,1800,1100,0,1000,2327,0,1
2434,100000,2,1,2,36,1,0,0,0,0,0,0,780,0,0,0,0,780,0,0,7600,0,0,0
2435,120000,2,2,2,25,3,3,2,2,2,2,87057,84821,85194,76326,75122,75011,0,2700,2500,3200,2500,0,1
2436,150000,2,1,1,49,0,0,0,0,0,0,850,0,0,31106,0,1505,0,0,31106,0,1505,997,1
2437,100000,2,3,1,24,1,2,0,0,0,0,56341,54869,67965,73871,79707,85433,0,14130,7065,7065,7065,0,1
2438,30000,1,2,2,24,2,0,0,0,2,2,25851,26912,27535,29175,28625,30383,1779,1402,2042,0,2192,0,1
2439,160000,2,2,2,45,0,0,0,0,0,0,2057,2147,1945,1934,2045,1938,2147,1945,1934,2056,1938,2544,0
2440,120000,2,3,1,48,0,0,0,0,0,0,2468,7869,506,2097,758,2005,7890,506,2097,758,2005,360,0
2441,160000,2,1,2,40,0,0,0,0,0,0,67925,69771,73233,72328,74234,75500,3509,5824,0,2204,2000,0,0
2442,340000,2,1,1,35,1,0,0,0,0,0,-8,1722,1684,-15,-15,3016,1730,1692,0,0,3031,0,1
2443,240000,1,3,1,55,0,0,0,0,0,0,25631,27047,26654,28065,29503,32042,2500,2000,2000,2000,3000,2000,0
2444,30000,2,3,1,42,1,2,0,0,0,0,30607,29849,30653,28410,29068,30383,10,2000,2000,2000,2000,3000,0
2445,50000,1,2,1,54,0,0,0,2,0,0,47872,48802,50214,19321,19867,20384,2000,2456,0,1000,1000,1000,0
2446,200000,1,2,2,25,1,0,0,0,0,0,0,0,0,1517,48669,49635,0,0,1517,48000,1775,1992,1
2447,80000,2,2,2,44,0,0,0,0,0,0,17047,11885,8254,5144,15365,2250,1435,1350,5144,15365,2250,2690,0
2448,50000,2,2,2,41,2,2,2,2,2,2,5025,4805,46295,46885,47535,45994,0,42000,1600,1500,2000,2000,1
2449,130000,2,2,1,29,0,0,0,0,0,0,18157,16520,15709,13209,14166,14025,2000,1010,1003,2040,2000,1000,0
2450,290000,1,1,1,57,1,0,0,0,0,0,0,0,0,0,0,0,0,0,0,0,0,0,1
2451,30000,2,3,1,44,0,0,0,0,0,0,27631,29179,30146,26371,27567,30114,2000,1500,933,2000,3000,1000,1
2452,340000,1,3,1,40,0,0,0,0,0,0,77181,59873,60396,63720,65211,60053,5305,3000,5000,3000,5000,6000,0
2453,180000,2,1,2,28,0,0,0,0,0,0,651,1883,651,2688,1000,2253,1883,651,2688,20,2253,9816,0
2454,60000,2,1,2,23,0,0,2,0,0,0,59423,63347,61183,29052,29087,27296,5500,146,1500,1200,1500,1500,0
2455,390000,2,1,2,25,0,0,0,0,0,0,83514,79730,64171,58767,54224,51667,4013,4000,2100,2000,3000,1200,0
2456,460000,1,1,1,35,0,0,0,0,0,0,384919,393029,394483,338220,347753,356161,15045,16017,13000,15000,15025,7002,0
2457,500000,1,1,1,51,0,0,0,0,0,0,396402,395484,333041,294173,300616,266973,14034,15040,12018,15028,10038,10018,0
2458,30000,2,2,1,44,0,2,2,2,2,2,8347,9560,9258,11096,11165,10837,1500,0,2000,392,0,2000,0
2459,80000,2,2,2,25,1,2,2,2,2,2,28789,31026,31401,31986,32468,31794,2998,1183,1400,1139,0,1178,0
2460,250000,2,2,1,41,0,0,0,0,0,0,37137,51803,4997,0,0,0,51811,9544,0,0,0,0,0
2461,280000,2,1,2,26,0,0,0,0,0,0,146130,120750,105492,104061,105202,107143,5042,4000,4000,4000,4368,4000,0
2462,30000,2,2,2,26,2,2,2,2,2,2,25615,29849,31034,28071,29978,29365,5000,2000,0,2500,0,600,1
2463,30000,1,1,2,28,2,0,0,0,0,0,22329,23665,47968,24784,25784,2901,2000,1400,2000,1000,1000,1000,1
2464,20000,1,2,2,27,1,3,2,2,2,2,19443,18851,19248,18648,20040,19464,0,1000,0,2000,0,817,1
2465,380000,2,3,1,56,0,0,0,0,0,0,0,1349,5947,16735,6444,0,1349,5957,16735,6444,0,7699,1
2466,100000,2,3,1,29,4,3,2,0,0,0,175441,153992,132132,114431,116766,95961,0,0,0,2335,102075,0,1
2467,180000,1,2,2,32,0,0,0,0,0,0,1071,1671,1981,4241,4542,5261,1671,1981,4241,4542,5261,4731,1
2468,80000,2,1,2,25,0,0,0,0,0,0,3409,4489,5345,5454,5598,178,1144,1000,109,144,0,0,0
2469,220000,1,1,2,31,0,0,0,0,0,0,163148,158197,158956,157953,157098,157099,5725,5971,5846,5887,5802,5895,0
2470,170000,2,2,2,26,0,0,0,0,0,0,141476,143850,134502,122186,122506,117121,5113,4514,4376,4432,4142,3455,0
2471,140000,2,1,2,29,2,2,2,2,2,2,97905,100152,100772,101562,103214,88085,4700,3200,3500,3193,0,2304,1
2472,20000,1,1,2,29,2,2,3,2,2,2,10512,12044,11562,11080,11700,12357,2000,0,0,800,1000,500,1
2473,100000,2,3,1,38,0,0,0,0,0,0,62427,63922,65864,66578,69503,72346,2500,3000,2400,4000,4000,4000,0
2474,50000,2,3,1,47,0,0,0,0,0,0,32516,32774,33597,29105,26154,27699,1870,1693,1106,1473,3000,2507,0
2475,300000,2,2,2,30,0,0,0,0,2,0,2186,0,290,707,161,7705,0,290,1209,0,7705,3798,0
2476,30000,2,3,2,25,0,0,0,0,2,2,26769,27138,28122,29139,28534,30360,1500,1447,3000,0,2300,0,0
2477,50000,1,3,1,53,0,0,0,0,0,0,49696,50893,50532,19632,18573,17212,2000,2000,1000,763,626,3639,0
2478,160000,1,2,2,37,0,0,0,0,0,0,3090,52125,26325,29638,35474,38190,52165,5000,7000,8000,5000,1200,0
2479,80000,1,2,2,27,0,0,0,0,2,0,45920,47186,46882,49170,48269,49121,5013,5000,4000,0,2002,1692,0
2480,140000,2,2,1,28,0,0,0,0,0,0,132070,134766,106450,106422,104337,106886,6000,4000,4000,4000,4300,3600,0
2481,20000,1,2,2,23,1,2,0,0,0,0,19403,18541,19254,19456,19323,19265,0,1298,1000,692,766,998,1
2482,50000,1,3,1,51,0,0,0,0,0,0,17453,7802,22214,4985,6551,7117,8338,22232,4985,6551,5000,5000,0
2483,200000,2,1,2,34,1,0,0,0,2,2,0,0,0,347,197,2917,0,0,347,0,2720,0,1
2484,80000,2,2,1,23,0,0,0,0,0,0,780,0,390,390,390,540,0,390,390,390,540,390,1
2485,80000,2,2,2,27,1,2,2,0,0,0,81635,83465,81472,82332,84067,78510,3716,0,2989,3105,2973,2830,0
2486,210000,2,1,2,39,0,0,0,0,0,0,6000,0,2880,0,0,0,0,2880,0,0,0,0,0
2487,260000,1,2,1,28,0,0,0,0,0,0,26303,9408,5082,7732,1379,-8,5030,2025,7770,1385,0,1775,0
2488,200000,1,2,1,46,1,0,0,0,0,0,0,552,2523,2327,2308,0,552,2531,2327,2308,0,0,1
2489,110000,2,2,1,33,2,2,2,2,2,0,110327,112130,108533,112475,108976,108385,5332,0,7800,0,4428,3863,1
2490,10000,1,2,2,23,0,0,0,0,2,2,5857,6722,8305,9405,9100,13392,1117,1700,1230,0,761,0,0
2491,200000,1,1,2,30,0,0,2,0,0,2,91936,94698,77034,64886,71957,66658,7500,0,1500,10000,2000,0,0
2492,300000,1,1,2,31,0,0,0,0,0,0,360,360,360,360,980,360,360,360,360,980,360,3420,1
2493,360000,2,1,1,39,0,0,0,0,0,0,7001,1224,394,-6,-6,2199,1224,394,6,0,2205,401,0
2494,290000,2,2,1,32,0,0,0,0,0,0,78200,79726,80890,81615,75661,77012,3700,3600,3000,3000,3000,3000,0
2495,30000,1,3,1,26,1,2,0,0,0,0,30814,29551,24034,21155,18413,0,0,1500,1150,900,0,0,1
2496,300000,1,1,1,47,0,0,0,0,0,0,0,225,4019,4509,7155,5778,225,4019,3860,5000,5778,23978,0
2497,300000,2,1,2,28,0,0,0,0,0,0,986,2939,27754,10534,1954,2140,2964,27968,10597,1954,2140,390,0
2498,210000,2,3,2,45,0,0,0,0,0,0,316,312,2368,316,316,316,312,2376,316,316,316,8611,0
2499,50000,1,3,1,36,0,0,0,0,0,0,74969,76012,77330,70579,63751,56977,2846,2671,2396,2177,2146,2055,1
2500,340000,2,1,2,26,0,0,0,0,0,0,337871,311076,156674,129651,126192,94722,11208,5000,23809,4136,3600,3169,0
2501,330000,1,1,1,34,0,0,0,0,0,0,138009,141253,130567,128257,116988,105961,7015,7000,10007,6500,6600,9000,1
2502,220000,2,1,2,28,0,0,0,0,0,0,44109,32978,30415,28038,25669,16003,5000,13500,14000,13500,13500,15550,0
2503,100000,2,2,2,30,0,0,0,0,0,0,23939,23572,24148,0,0,0,1500,1011,0,0,0,0,0
2504,260000,1,1,2,30,0,0,0,0,0,0,399,399,399,399,399,399,399,399,399,399,399,399,1
2505,180000,1,2,2,30,0,0,0,0,0,0,440,30404,0,880,150,430,30404,0,880,150,430,747,0
2506,200000,1,2,1,44,0,0,2,0,0,0,780,390,1170,780,0,390,390,780,0,0,390,780,0
2507,110000,2,3,2,41,0,0,0,0,0,0,90599,60949,62235,63499,64877,66230,2213,2300,2300,2400,2431,8700,1
2508,20000,1,2,2,48,0,0,0,2,0,0,7186,9063,10909,10440,10803,11330,2000,2000,0,680,1000,0,1
2509,60000,1,1,2,25,0,0,0,0,0,0,13123,14403,16150,17870,19571,21235,1500,2000,2000,2000,2000,1000,0
2510,30000,1,3,1,28,2,2,2,2,2,4,23848,23873,24182,26022,27462,27531,700,1000,2550,2013,1108,0,1
2511,30000,2,1,2,24,2,2,2,0,0,0,31202,32801,30092,30148,30222,28949,2415,0,1045,915,1063,409,1
2512,420000,2,1,1,37,0,0,0,0,0,0,38386,316,9894,13811,12141,11820,316,9894,13811,12141,11820,38800,1
2513,340000,1,1,1,34,0,0,0,0,2,0,332,332,332,142202,139245,116431,332,332,142402,6,20032,3022,1
2514,270000,1,2,1,38,1,0,0,0,0,0,0,0,0,0,0,0,0,0,0,0,0,0,0
2515,360000,2,4,2,36,0,0,0,0,0,0,15019,1221,6909,5954,4160,1726,2074,7039,10,1,4,45197,0
2516,230000,2,1,2,25,0,0,0,0,0,0,736,645,855,0,590,0,645,855,0,590,0,299,0
2517,50000,2,2,1,33,0,0,0,0,0,0,47327,48765,49149,44073,40260,30222,2200,1518,1414,1432,1300,1102,0
2518,230000,2,1,2,28,0,0,0,0,0,0,-5,2148,2932,354,200,0,2153,2932,354,200,0,0,0
2519,200000,2,1,1,38,0,0,0,0,0,0,-3,687,2740,2044,1614,2066,690,2753,2054,1622,2076,578,0
2520,100000,2,2,2,24,0,0,0,0,0,0,101887,102069,100657,101565,101116,101764,4902,4507,3936,3982,4135,3676,0
2521,150000,2,2,1,47,0,0,0,0,0,0,153404,144960,148146,142279,139905,142833,6900,7200,5450,5265,5443,5350,0
2522,50000,1,3,2,28,0,0,0,0,0,0,46709,12889,50199,74405,38772,39438,1690,38000,1500,4000,2000,1500,0
2523,60000,1,2,2,29,0,0,0,0,0,0,34081,23215,30340,28368,28962,26589,2000,8565,969,1004,1000,900,0
2524,70000,2,2,2,30,0,0,0,2,0,0,10149,11454,9638,8761,8572,9274,2000,2000,0,1000,1000,4000,0
2525,20000,1,2,2,23,0,0,0,0,0,0,5044,3700,13181,12596,11699,2154,1011,13181,5,1033,1781,305,0
2526,50000,2,2,2,25,0,0,0,0,0,0,24408,25169,13368,14142,14911,15660,1300,1500,1000,1000,1000,1000,0
2527,500000,2,1,1,33,2,2,0,0,0,0,1569,1379,1800,0,0,4012,0,1800,0,0,4012,0,0
2528,390000,1,3,1,49,1,0,0,0,0,0,0,0,0,0,0,5112,0,0,0,0,5112,0,0
2529,90000,2,1,2,27,0,0,0,0,0,0,0,0,0,0,0,0,0,0,0,0,0,0,0
2530,10000,1,2,2,22,0,0,0,0,0,0,5748,3203,2162,2150,-440,0,1189,1025,3028,0,1000,0,0
2531,30000,1,2,2,24,0,0,0,0,0,0,390,390,780,780,0,0,390,780,0,0,0,0,1
2532,240000,1,3,1,35,1,0,0,0,0,0,-2,-2,-2,968,-2,-2,0,0,970,0,0,0,1
2533,180000,2,1,2,29,0,0,0,0,0,0,36567,26613,26941,27705,21955,0,1682,1400,1554,0,0,0,0
2534,70000,2,2,2,23,0,0,0,0,0,0,22658,31647,24487,25125,26651,26125,9397,1487,1039,2073,1045,1231,0
2535,50000,1,2,2,26,0,0,0,0,0,0,1530,750,1140,1530,750,1140,750,1140,1530,750,1140,1530,0
2536,20000,1,3,1,46,0,0,0,0,0,0,11325,12654,13659,13635,13922,14689,1519,1524,500,507,1000,500,0
2537,260000,2,2,1,36,0,0,0,0,0,0,200593,206178,208601,213025,214931,219001,8500,7000,7508,7500,7595,7000,1
2538,160000,1,2,1,26,0,0,0,0,0,0,0,0,0,0,0,0,0,0,0,0,0,0,1
2539,250000,2,1,1,42,0,0,0,0,0,0,25298,0,0,0,0,0,0,0,0,0,0,0,0
2540,20000,1,1,1,49,0,0,0,0,0,0,1044,0,5596,0,0,0,0,5596,0,0,0,0,0
2541,210000,1,3,1,37,0,0,0,0,0,0,2359,1519,1939,1939,1939,1520,1519,1939,1939,1939,1520,2358,0
2542,100000,2,1,1,35,2,0,0,2,2,2,47253,49489,53034,53568,54563,56013,3000,5000,2000,2000,2500,2300,1
2543,100000,1,1,2,28,0,0,0,0,0,0,72970,100360,91329,76840,77455,79472,30000,4094,2900,2850,3300,3123,0
2544,230000,2,2,1,34,0,0,0,0,0,0,2329,1894,2528,1865,1496,1873,1894,2532,1865,1496,1873,0,0
2545,20000,1,2,2,25,0,0,0,0,0,0,13896,12906,13983,10983,5400,0,2000,2500,2000,0,0,0,1
2546,40000,1,1,2,24,0,0,0,0,0,0,30096,30819,13816,10291,7441,7435,1300,2013,319,415,266,277,1
2547,100000,1,3,1,51,0,0,0,0,0,0,54530,37295,96251,36221,36424,37791,55000,100044,2000,2000,2000,3000,0
2548,20000,1,3,2,26,0,0,0,0,0,0,16514,17547,18541,19250,19805,20356,1306,1300,1000,1000,1258,590,0
2549,140000,1,2,2,32,0,0,0,0,0,0,31367,29652,30178,20989,17125,14739,1614,10018,2009,1003,1017,1012,0
2550,50000,1,3,2,23,2,2,2,0,0,0,44470,51192,48506,18524,19239,19283,7800,173,1000,1000,1000,1000,0
2551,30000,2,2,2,26,0,0,0,0,0,0,17341,-1030,29718,27417,28489,28427,485,31509,1500,1502,1500,3000,0
2552,80000,1,2,2,28,0,0,0,0,0,0,15268,5135,0,0,0,0,1315,0,0,0,0,0,0
2553,20000,2,3,1,31,0,0,0,0,0,0,15654,16425,17265,16647,12213,10998,1330,1170,500,420,397,221,1
2554,210000,2,1,2,26,0,0,0,0,0,0,9899,6000,4100,0,10790,7373,1008,1000,0,10790,7373,0,0
2555,220000,2,1,0,33,0,0,0,0,0,0,3378,1531,942,608,1738,277,1531,942,608,1738,277,492,0
2556,150000,2,1,1,30,0,0,0,0,0,0,40046,47317,48849,35920,37433,10791,7995,5849,1196,2000,1000,1000,0
2557,200000,1,1,2,28,0,0,0,0,0,0,508,10680,1190,527,4524,5522,10712,1194,527,4537,5538,3883,0
2558,200000,2,1,2,28,2,2,2,2,0,0,68398,73564,73548,44234,42599,46192,6900,1966,12,1604,5164,1104,1
2559,50000,1,2,2,39,0,0,0,0,0,0,26813,22999,17485,10588,8368,940,1708,1454,289,1508,1042,0,0
2560,80000,2,1,2,28,0,0,0,0,2,2,9782,11620,14415,16177,16582,16178,2001,3000,2000,800,0,600,0
2561,310000,2,1,2,32,0,0,0,0,0,0,20138,8267,65993,8543,1695,750,8267,66008,8543,1695,750,7350,1
2562,210000,1,1,2,29,0,0,0,0,2,0,140619,144410,148555,156733,153230,155159,7000,9000,11550,0,5389,5338,0
2563,140000,1,1,1,40,2,0,0,2,2,2,136785,137175,140773,133147,140350,136475,5051,12602,0,12000,0,5000,1
2564,20000,2,2,1,32,0,0,0,0,0,0,15498,16409,17291,17588,18034,18658,1600,1600,1000,1000,1500,700,0
2565,10000,2,1,2,23,1,0,0,0,0,0,0,0,0,0,0,0,0,0,0,0,0,0,0
2566,250000,2,1,2,30,0,0,2,0,0,0,5607,9416,3421,11521,20424,7467,10000,0,10000,10000,17771,322,0
2567,280000,1,1,2,31,1,0,0,0,0,0,0,3495,2783,2001,-339,-1180,3495,2783,0,0,0,0,0
2568,210000,1,2,1,48,0,0,0,0,0,0,8666,8666,17307,8666,8666,17303,8666,17307,173,8666,17303,173,0
2569,10000,1,2,2,54,0,0,2,2,0,0,5186,8225,8244,7963,8134,9995,3300,300,0,299,2000,0,0
2570,60000,2,3,1,59,0,0,0,0,0,0,59174,60922,61800,0,51301,52327,3298,3000,0,51301,2029,2083,0
2571,180000,2,1,2,38,0,0,0,0,0,0,184650,0,0,0,0,0,0,0,0,0,0,0,0
2572,10000,2,1,2,31,1,0,0,0,0,0,0,0,0,0,0,0,0,0,0,0,0,0,0
2573,200000,2,1,1,41,0,0,2,0,0,0,0,5932,5674,1484,4680,0,5932,0,0,4680,0,0,0
2574,120000,2,1,2,29,0,0,0,0,0,0,1171,644,-155,-155,745,542,1000,0,0,2530,542,922,0
2575,160000,2,2,1,28,0,0,0,0,0,0,54232,55456,56625,57757,59424,60631,2100,2100,2500,3000,2200,2200,0
2576,180000,1,1,1,48,0,0,0,0,0,0,167140,160707,162477,166861,171083,169365,8000,6000,7000,7000,7000,7000,0
2577,60000,2,3,1,42,0,0,0,0,0,0,58186,58364,59108,38827,39670,37503,2382,2373,1324,1402,1460,1045,0
2578,80000,1,2,1,27,0,0,0,0,0,0,73000,71338,47202,38133,39096,40510,5000,2000,1500,1500,2000,2000,0
2579,200000,1,1,2,27,0,0,0,0,0,0,9747,17230,198,875,1977,2052,10051,198,877,1982,2058,2939,0
2580,20000,2,3,2,22,1,2,0,0,2,2,18590,17838,18680,19788,22265,21629,0,1307,1580,3100,0,1000,1
2581,360000,2,2,2,31,0,0,0,0,0,0,17582,0,0,0,0,0,0,0,0,0,0,0,0
2582,140000,2,1,2,43,1,2,0,0,0,0,147560,142435,142096,136836,139417,141889,3,5000,5000,5100,10200,5000,0
2583,110000,2,3,1,46,0,0,2,2,0,0,94025,101460,102724,100188,102110,107014,8942,3800,0,3685,6580,4703,1
2584,360000,2,1,1,33,1,0,0,0,0,0,-200,-200,0,13467,17800,0,0,200,13467,5300,0,0,0
2585,30000,2,1,2,22,0,0,0,0,0,0,3963,6222,2936,588,0,0,6222,2936,0,0,0,0,0
2586,100000,1,2,2,25,0,0,0,0,0,0,76222,79564,49000,-1000,0,0,4700,1500,0,31000,0,0,0
2587,60000,1,3,2,34,0,0,0,0,0,0,35187,36236,37220,37963,38875,39184,1616,1600,1336,1500,1448,1157,1
2588,130000,2,1,2,32,1,0,0,0,0,0,0,0,3726,0,0,1300,0,3726,0,0,1300,5400,0
2589,240000,2,2,2,34,0,0,0,0,0,0,5516,4950,5232,6464,3820,11870,4950,5232,6464,3820,10000,2000,0
2590,210000,2,2,1,35,2,2,2,0,0,2,61189,62721,61115,62334,66196,64979,3100,0,2235,4870,0,2563,1
2591,360000,1,1,2,25,0,0,0,0,0,0,586,14074,5672,5084,3317,1646,14076,5672,0,0,1646,3875,0
2592,30000,2,2,2,22,1,2,2,0,0,0,22167,22474,18180,15900,0,0,1000,150,0,0,0,0,0
2593,480000,1,1,1,49,1,0,0,0,0,0,-220,38929,339176,33146,37337,33777,39149,344261,33312,37511,31383,10633,0
2594,90000,2,6,2,49,0,0,0,0,0,0,1722,0,0,0,0,0,0,0,0,0,0,11135,0
2595,50000,2,1,1,42,0,0,0,0,0,0,4908,7479,11902,13871,19466,8128,3000,5000,5000,7000,3000,2000,0
2596,20000,1,3,2,41,0,0,0,0,0,0,9186,9459,10102,10452,10907,10400,1200,1200,500,1000,600,0,0
2597,160000,2,2,2,27,0,0,0,0,0,0,490,-85,5215,4115,3921,3421,3085,5300,1000,22200,2000,149763,0
2598,90000,2,2,2,24,0,0,0,0,0,0,14520,14747,4753,5152,4664,4833,1240,1220,1000,500,800,1680,0
2599,300000,2,5,1,34,0,0,0,0,0,0,9474,0,0,0,0,0,0,0,0,0,0,0,0
2600,500000,1,1,1,43,0,0,0,0,0,0,640,600,1490,1822,1740,0,600,1490,1822,1740,0,1486,0
2601,130000,2,3,2,36,1,0,0,0,0,0,0,0,0,0,0,0,0,0,0,0,0,0,1
2602,250000,1,3,1,62,0,0,0,0,0,0,38924,38468,35930,40106,38214,28494,5000,5000,5000,3000,2000,10000,0
2603,10000,1,3,2,25,2,0,0,0,0,0,4693,5371,6327,6055,0,0,1300,1600,400,0,0,0,1
2604,340000,1,1,2,30,0,0,0,0,0,0,1933,2855,872,981,22936,8097,1000,872,981,22936,5000,5939,0
2605,60000,1,3,2,24,0,0,0,0,0,0,15527,16882,18190,27465,27643,27816,2000,2000,10000,991,1010,989,0
2606,50000,1,2,1,47,0,0,0,0,0,0,48308,48019,48647,26894,10875,15878,2200,2068,3048,418,12004,5001,0
2607,170000,1,2,2,34,0,0,2,0,0,0,7885,7190,6854,3142,5000,0,2336,0,0,5000,0,0,0
2608,490000,1,3,1,51,0,0,0,0,0,0,389,376,467,78,399,10,377,481,1,711,1,1,1
2609,20000,2,2,1,26,0,0,0,0,2,0,17679,16720,17705,19228,18804,19316,1300,1277,1800,0,1000,1000,1
2610,550000,1,2,1,47,0,0,0,0,0,0,68328,76797,55200,30000,0,0,10000,20000,5000,0,0,0,0
2611,340000,2,2,2,39,0,0,0,0,0,0,66623,61474,57160,58794,61231,62516,2500,2500,2500,3300,2200,3000,0
2612,10000,1,2,2,32,0,0,0,0,0,0,9576,9028,9644,9790,9990,0,1384,1000,196,200,0,0,0
2613,230000,2,2,2,25,0,0,0,0,0,0,0,0,13499,9078,11009,6172,0,13499,9117,11009,6172,869,0
2614,30000,1,2,1,39,1,2,0,0,0,0,29388,27850,28525,29091,28923,29553,0,1452,1018,1038,1100,964,0
2615,200000,2,2,2,42,0,0,0,0,0,0,73032,12928,88930,30000,67861,18929,12928,79365,30000,37861,18929,15004,0
2616,450000,2,1,1,37,0,0,0,0,0,0,13371,13480,5747,3339,9458,7231,4000,5747,3339,18916,7231,4972,0
2617,380000,1,3,1,44,0,0,0,0,0,0,329877,309781,295550,277650,264217,238368,12055,9837,9154,9042,8515,7745,1
2618,50000,2,2,1,31,2,0,0,0,0,0,29767,30206,27905,17174,17533,17240,1615,1670,605,626,654,567,1
2619,80000,2,1,2,27,0,0,0,0,0,0,23107,24674,25351,25981,26464,23714,5034,10000,1000,1000,1000,1000,0
2620,150000,2,2,1,42,1,0,0,0,0,0,0,0,0,11068,0,189,0,0,11068,0,189,3307,1
2621,50000,2,2,2,44,0,0,0,0,0,0,49006,49139,47608,3990,390,0,2000,1000,3600,390,0,4870,0
2622,210000,2,1,2,39,1,0,0,0,0,0,0,0,0,0,0,0,0,0,0,0,0,0,0
2623,100000,2,2,2,24,0,0,0,0,0,2,59712,61743,63714,65056,73062,71738,3000,3000,2400,9100,0,4000,0
2624,100000,1,2,2,38,0,0,0,0,0,0,25994,27173,44285,45433,3952,3723,1994,19462,3000,302,3723,15462,0
2625,500000,1,1,1,45,0,0,0,0,0,0,3136,2345,8471,7234,5828,1906,2002,7505,145,33,1150,300,0
2626,30000,2,3,1,58,0,0,0,0,0,0,9819,10873,9646,9995,10371,5139,1230,1100,419,600,500,500,0
2627,50000,1,2,2,46,0,0,0,0,0,0,53541,29308,20274,19945,20472,21000,31483,1408,3000,1000,869,5000,0
2628,50000,2,2,2,23,0,0,0,0,0,0,0,0,0,0,0,0,0,0,0,0,0,0,0
2629,420000,2,2,1,36,0,0,0,0,0,0,3663,4338,3400,2535,3216,4652,4338,3400,2535,3216,2652,2500,0
2630,30000,2,2,1,32,2,2,0,0,0,0,28156,27422,28335,20946,15525,7422,0,1542,1024,1000,7422,281,1
2631,240000,1,1,2,32,0,0,0,0,0,0,240790,224497,213580,191771,166239,146584,6892,7866,5602,6118,6023,27064,0
2632,80000,2,3,1,55,0,0,0,0,0,0,69116,64325,59653,55159,56277,57347,2500,2000,2000,2000,2000,2000,0
2633,330000,1,1,2,45,0,0,0,0,0,0,265362,246735,248541,231534,230309,235992,7500,8001,7000,7000,8000,8000,1
2634,50000,1,2,1,30,1,2,2,0,0,0,49371,50092,49029,25313,26006,27217,1800,240,1000,1100,1800,1500,1
2635,200000,2,1,1,42,0,0,0,0,0,0,0,0,0,0,0,0,0,0,0,0,0,665,1
2636,210000,2,1,1,34,1,0,0,0,2,0,-300,-716,416,1132,566,416,0,1548,1132,0,416,416,0
2637,130000,1,2,2,31,1,2,2,2,0,0,70722,69040,70912,63626,59200,38263,0,4130,43,2000,1368,1418,0
2638,390000,1,1,2,28,0,0,0,0,0,0,10439,25143,35165,44543,45631,45793,15007,10529,10000,1773,2000,1592,0
2639,100000,1,3,1,40,0,0,0,0,0,0,12878,7702,2377,0,0,0,2000,2377,40000,0,0,0,0
2640,140000,2,1,1,33,0,0,0,0,0,0,85314,87042,90165,91318,94847,35773,4000,5000,2000,4000,5000,6000,0
2641,80000,2,3,1,35,2,2,2,2,2,0,70002,71389,73788,74463,72834,74190,3100,4204,2790,0,3043,2625,1
2642,50000,2,3,1,42,1,3,4,3,2,0,44498,46740,45718,44696,43848,44718,3240,0,0,0,1600,1845,1
2643,50000,1,2,2,25,0,0,0,0,0,3,21316,23038,24720,26370,29332,28574,2375,2375,2375,3547,0,0,0
2644,360000,1,1,1,39,1,0,0,0,0,0,0,0,0,0,691,7020,0,0,0,691,7020,0,0
2645,170000,2,2,1,49,1,2,0,0,0,0,153322,149027,150920,145689,33588,0,0,6320,5045,1000,0,0,1
2646,50000,1,2,2,41,0,0,0,0,0,0,48152,45974,44792,18649,16260,18745,2043,3000,14000,545,5000,308,0
2647,310000,2,1,2,25,2,0,0,0,0,0,266270,273719,235796,188031,170898,68369,11677,8406,6000,5074,3000,3000,1
2648,210000,1,1,2,31,0,0,0,0,0,0,326,326,326,326,326,326,326,326,326,326,326,133,1
2649,140000,1,2,1,37,0,0,0,0,0,0,90186,74504,72358,48081,45543,26788,2805,2877,1360,1400,1026,1200,0
2650,150000,2,1,2,37,0,0,0,0,0,0,127111,106956,106129,106531,107062,109938,3878,3794,3783,3892,4662,3500,0
2651,170000,1,1,1,40,0,0,0,0,0,0,2000,2210,3000,2000,5000,3000,2210,3000,2000,5000,0,4000,1
2652,260000,2,1,2,25,0,2,0,0,0,0,148,75,12117,9620,8690,11744,7,12117,2,0,3054,6972,1
2653,170000,2,1,2,26,0,0,0,0,2,0,99387,102141,103972,108405,102303,99767,5250,5100,7500,0,3900,3600,0
2654,310000,2,1,2,35,1,0,0,0,0,0,0,0,4488,4696,84522,86206,0,4488,264,80000,2950,3055,0
2655,50000,2,3,2,23,0,0,0,0,0,2,34364,34212,33886,32929,34549,33458,1861,2004,1324,3768,1,1141,0
2656,260000,2,1,1,35,2,2,0,0,0,0,1013,0,0,6895,3718,0,0,0,6895,0,0,0,1
2657,100000,1,1,2,27,0,0,2,2,2,2,36014,39321,39145,39494,39896,28256,4200,900,1400,900,6440,500,1
2658,40000,2,2,1,25,0,0,0,0,2,2,40633,40311,39380,41389,40628,41389,4300,2000,2938,0,3700,0,0
2659,180000,2,1,1,46,1,2,2,2,2,2,82505,86302,84020,97554,95878,112141,6000,0,15000,0,18000,0,0
2660,50000,1,3,1,41,2,2,2,0,0,0,26184,29261,28444,28878,27655,24480,3500,0,1100,1100,2000,1000,0
2661,200000,1,1,2,29,0,0,0,0,0,0,4810,0,726,726,495,1402,0,726,0,495,1562,1420,1
2662,320000,2,2,1,53,0,0,0,0,0,0,33589,34608,38544,44486,52319,51764,3000,6000,8000,10000,1900,2000,0
2663,220000,2,1,2,45,0,0,0,0,0,0,4624,2874,1210,632,15243,5471,2888,1216,640,15251,5472,4045,0
2664,180000,1,2,1,46,0,0,0,0,0,0,60005,41223,49108,50016,45956,52926,3000,10000,3000,5000,15000,0,0
2665,50000,2,2,2,36,0,0,0,0,0,2,94228,47635,42361,19574,20295,19439,2000,1500,1000,1800,0,1000,1
2666,50000,2,2,2,22,0,0,0,0,0,0,29637,30805,30336,13378,-1022,29857,1826,1200,268,0,31448,792,0
2667,150000,2,1,2,32,0,0,0,0,0,0,83275,84220,77956,77682,52300,56223,3006,3000,2000,222,11170,5000,0
2668,120000,2,1,1,38,0,0,2,0,0,0,6856,17329,2047,8568,8814,17180,19600,0,14150,9000,17000,0,0
2669,30000,1,2,2,34,0,0,0,0,0,0,29302,30052,29349,29476,30014,29785,1530,1416,1142,1102,1106,3450,0
2670,10000,1,5,1,43,0,0,0,0,0,0,17560,9829,3604,0,0,0,2537,1000,0,0,0,0,1
2671,380000,1,1,2,34,0,0,0,0,0,0,34869,6305,5736,900,16915,936,6336,5766,904,16915,940,0,0
2672,320000,2,1,1,38,1,0,0,0,0,0,0,0,0,0,0,0,0,0,0,0,0,0,1
2673,30000,2,2,2,41,0,0,0,0,0,2,1448,1261,630,240,690,150,1261,630,0,840,0,780,0
2674,470000,1,2,2,29,0,0,0,0,0,0,72830,49502,47771,52979,119678,94721,4003,4003,8003,70003,5030,6003,0
2675,80000,2,3,1,40,0,0,0,0,0,0,75768,78069,79196,25722,26261,26784,3500,2934,897,929,935,984,0
2676,20000,1,2,1,60,0,0,2,0,0,0,8570,10651,9944,10142,9591,10400,2620,0,500,380,1000,0,0
2677,120000,1,1,1,51,0,0,2,0,0,0,125702,130461,131281,128594,117561,116732,8300,4500,4260,4595,4311,4280,0
2678,150000,2,1,2,37,1,0,0,0,0,0,0,0,584,596,596,0,0,584,12,0,0,0,0
2679,200000,2,2,2,43,0,0,0,0,0,0,180680,184436,188181,190775,196449,192085,8155,8302,7225,10153,6987,5262,0
2680,20000,1,2,2,40,0,0,0,0,0,0,45429,47961,49562,4410,0,0,2819,2420,88,0,0,0,0
2681,170000,2,3,1,36,0,0,0,0,0,0,85780,80568,79823,79335,79506,80252,2906,3002,3000,3000,3500,3000,0
2682,150000,2,1,2,34,0,0,0,0,0,0,900,0,0,740,740,545,0,0,740,0,545,550,0
2683,160000,1,2,2,30,0,0,0,0,0,0,632,0,632,316,0,316,0,632,316,0,316,316,0
2684,280000,2,1,2,32,0,0,0,0,0,0,45536,11509,2110,2121,6789,14959,11509,5000,2121,6789,14959,16067,0
2685,60000,1,1,1,42,2,0,0,0,0,2,39986,41036,42449,43243,48537,47606,2000,2100,1800,6000,0,2000,1
2686,100000,1,3,1,44,0,0,0,0,0,0,39649,43608,46899,47447,48035,40484,5000,5000,1554,1595,1686,1200,0
2687,360000,1,2,2,48,0,0,0,0,0,0,68032,63174,44536,80570,8333,8325,4500,3000,50000,8400,8325,12967,0
2688,500000,2,1,1,44,0,0,0,0,0,0,71921,367979,294969,189612,128459,167105,368199,6486,234,90,167116,372495,0
2689,290000,2,1,2,30,0,0,0,0,0,0,284239,284692,230891,232778,235004,226959,11000,10000,8000,10000,8000,7500,1
2690,160000,2,1,2,31,0,0,0,0,0,0,0,0,0,150,150,150,0,0,150,150,150,178,0
2691,50000,1,2,1,47,0,0,0,0,0,0,22923,23264,23879,23960,24067,24253,1400,1400,850,871,974,962,0
2692,250000,2,2,1,35,0,0,0,0,0,0,27107,36565,39711,47523,52726,57649,10000,10000,10000,6000,6000,5000,0
2693,350000,1,1,1,42,0,0,0,0,0,0,3800,3138,4150,3750,1362,8210,3138,4160,3750,2272,8210,9731,0
2694,100000,2,2,1,22,0,0,0,0,0,0,99415,101507,99511,99813,95816,96884,4600,3478,3461,3461,3684,3510,0
2695,30000,1,2,2,33,1,2,0,0,0,0,31956,30425,30615,29304,28996,28970,0,1753,1200,1041,1194,1100,0
2696,450000,2,1,1,36,1,0,0,0,0,0,0,2500,2500,0,0,0,2500,2500,0,0,0,0,0
2697,20000,2,3,2,40,0,0,0,0,0,0,9755,894,5625,9625,12625,0,894,5000,4000,3000,0,0,0
2698,30000,2,3,2,26,0,0,0,0,0,0,28063,29304,28047,26840,28271,28134,1700,1407,1200,2000,2000,1000,0
2699,150000,2,3,2,47,0,0,0,2,0,0,103226,64671,64293,58024,59230,54638,2627,4123,0,1304,1338,376,0
2700,30000,1,2,1,36,1,3,2,0,0,0,22327,21696,21054,21315,21623,22261,0,0,908,800,1000,1809,0
2701,10000,1,3,2,23,0,0,0,0,0,0,6001,4308,3421,3615,4402,5173,2000,1500,400,1000,1000,500,0
2702,50000,2,3,2,47,0,0,0,0,2,0,17569,18592,19621,21748,21262,21682,1613,1642,2769,0,923,950,0
2703,50000,2,1,2,22,0,0,0,0,0,0,4124,1070,0,1217,3766,381,1070,0,1217,3766,381,1980,0
2704,130000,2,2,2,23,2,2,2,0,0,0,6271,6871,7599,9459,10303,11128,1500,1000,2000,1000,1000,1000,0
2705,50000,2,3,2,22,0,0,0,0,0,0,47066,45132,47756,28275,28082,28846,2300,3862,2000,1100,1500,1100,0
2706,180000,2,2,2,25,0,0,0,0,0,0,177633,139415,136942,114632,117808,120302,5203,30023,10024,10000,4458,5000,0
2707,30000,1,2,1,47,2,2,2,0,0,0,24081,29818,28966,26902,25426,26799,6155,0,1030,1049,5000,482,1
2708,60000,2,2,2,24,0,0,0,0,0,0,29717,28208,21372,18746,16745,16544,2076,1500,1500,689,2000,2983,0
2709,200000,1,1,2,26,0,0,0,0,0,0,16811,21290,20207,23858,33236,33337,5023,4007,5001,10020,5073,5064,0
2710,30000,2,3,2,23,0,0,0,0,0,0,18292,18450,390,390,780,780,1000,390,390,780,0,0,0
2711,320000,2,2,2,36,0,0,0,0,0,0,262613,164486,169691,188527,145676,135254,10043,15005,21640,5004,11628,20020,0
2712,360000,2,1,1,37,0,2,2,0,0,0,1605,1448,0,0,0,0,14,0,0,0,0,0,0
2713,60000,2,1,1,39,0,0,2,0,0,0,56045,59524,58563,56831,53628,34490,5000,2000,1000,3000,8000,0,0
2714,50000,2,2,2,28,0,0,0,0,0,0,13733,5570,2698,4640,6554,8434,2037,2698,2000,2000,2000,2000,0
2715,30000,1,2,2,35,2,2,2,2,2,2,27143,28211,28654,27897,29587,30152,1800,1200,0,2300,1200,0,0
2716,50000,2,2,1,31,1,2,0,0,0,0,34644,33669,19124,18117,18496,18880,0,1597,649,671,691,700,0
2717,70000,2,1,2,24,0,0,0,0,0,0,42105,35575,32772,29766,29286,29404,1614,2042,2002,1052,1055,1063,0
2718,310000,1,1,2,44,1,0,0,0,0,0,-42,7281,0,0,0,0,7323,0,0,0,0,0,0
2719,170000,2,2,2,39,0,0,0,0,0,0,2860,15643,1104,190,4786,2714,15643,1108,191,4786,2714,7714,0
2720,150000,1,1,1,49,0,0,0,0,0,0,111348,109115,102598,3039,-309,-309,6000,4044,309,0,0,0,0
2721,120000,2,1,2,30,0,0,0,0,0,0,3333,0,3333,0,984,984,0,3333,0,984,984,984,0
2722,100000,2,1,2,33,0,0,0,0,0,0,75374,44796,47294,38712,39304,40479,2000,5000,1521,1595,2000,2716,0
2723,140000,1,1,2,41,2,2,2,0,0,0,138379,143684,139902,142729,142406,142694,9000,0,6800,40000,5600,5900,1
2724,180000,2,3,1,47,0,0,0,0,0,0,14525,13828,10394,17562,8495,5090,1347,5000,10026,5000,785,5000,0
2725,20000,2,3,1,51,0,0,0,0,0,0,19684,11580,780,780,0,0,1000,780,0,0,0,0,0
2726,80000,2,2,2,25,1,0,0,0,0,0,0,0,0,0,0,0,0,0,0,0,0,0,0
2727,200000,2,2,1,39,0,0,0,0,0,0,178665,133266,95836,85635,66137,30410,3677,2441,1854,1567,5000,1953,0
2728,200000,1,2,2,27,0,0,2,0,0,0,25334,26203,25652,25162,24995,23901,2204,1004,1004,1013,2018,4,0
2729,30000,1,3,1,42,0,0,2,0,0,2,14617,20350,18456,4190,13702,13247,6000,28,5000,13702,0,10000,0
2730,250000,2,2,2,40,0,0,0,0,0,0,0,1069,-320,-320,1680,4058,1069,320,0,2000,4058,3000,0
2731,50000,1,3,2,30,1,2,3,2,2,2,31217,33423,32600,31777,33966,34759,3000,0,0,2700,1500,0,0
2732,250000,1,1,2,31,0,0,0,0,0,0,-23,3102,4438,3416,-4,1404,3125,4455,3417,0,1408,1717,1
2733,140000,2,1,2,25,0,0,0,0,0,0,23409,24725,26006,26771,28179,29746,2000,2000,1500,2000,2200,2000,0
2734,170000,2,2,2,31,2,0,0,0,0,0,520,1316,6779,3416,2941,3518,1339,6779,2000,97,1002,1018,0
2735,240000,2,2,2,47,0,0,0,0,0,0,316,21359,2762,10264,316,9801,21359,2762,10318,316,17677,31600,0
2736,140000,2,1,1,37,0,0,0,0,0,0,135134,139178,139900,109665,108129,108067,6703,6120,4015,4042,4057,4012,0
2737,50000,2,2,1,28,0,0,0,0,0,0,50998,51103,50262,20304,20319,20330,2209,1726,710,724,733,712,0
2738,240000,2,2,1,47,1,2,2,2,2,2,124425,131943,133457,134749,132651,140600,10839,5000,4800,0,10000,5200,1
2739,420000,2,2,1,57,0,0,0,0,0,0,666,2629,4352,1440,1486,2290,2629,4360,2064,1486,2290,1290,0
2740,220000,1,1,1,53,0,0,0,0,0,0,1136,642,1582,1109,3319,2113,642,1582,1109,3319,2113,5410,0
2741,70000,2,2,1,28,0,0,0,0,0,0,44230,44348,28978,17008,13780,14593,1747,1272,1212,1000,1020,800,0
2742,90000,1,2,2,28,0,0,0,0,0,0,55779,51886,52495,47727,44404,35768,2100,2166,1400,1534,1300,665,0
2743,220000,2,1,1,40,0,0,0,0,0,0,0,0,0,0,0,0,0,0,0,0,0,12096,0
2744,200000,2,1,2,27,0,0,0,0,0,0,9314,6020,4817,2098,2280,4778,2020,2817,1098,1280,3778,3098,0
2745,240000,1,3,1,55,0,0,0,0,0,0,229254,232693,189095,190481,194215,198313,8737,7506,6501,6501,7001,17001,0
2746,310000,2,3,2,28,0,0,0,0,0,0,19610,14746,28216,4245,3500,396,10000,28216,4245,3500,396,396,0
2747,80000,2,2,1,34,2,2,2,0,0,0,76142,80627,76776,61884,55501,54840,6611,1,3000,2504,2000,2200,1
2748,290000,2,2,1,38,0,0,0,0,0,0,144160,147451,150617,153351,156213,158938,6000,6010,5600,5700,5700,6000,0
2749,260000,1,2,1,43,0,0,0,0,0,0,175247,164173,152724,153527,153375,105491,8500,5950,4000,3000,6000,30588,1
2750,120000,1,1,1,43,1,0,0,0,0,0,0,0,0,0,0,0,0,0,0,0,0,0,1
2751,260000,2,1,1,32,0,0,2,0,0,0,598,2268,2268,1732,718,165,2268,0,1732,718,165,3735,0
2752,360000,2,2,2,39,0,2,2,0,0,0,655,655,0,0,0,0,0,0,0,0,0,0,0
2753,30000,2,3,1,36,0,0,0,0,0,0,7963,9152,10282,10180,10394,9614,1321,1451,349,362,343,356,1
2754,30000,2,2,2,22,0,0,0,2,0,0,27444,29000,29886,28392,22612,22750,2000,1800,0,1000,1000,0,1
2755,20000,1,1,2,22,0,0,0,0,0,0,3281,4325,5341,5751,6500,7386,1100,1100,500,1000,1000,1000,0
2756,240000,2,2,2,25,0,0,0,0,0,0,175764,178600,182639,186275,190337,193961,6500,7000,6680,7070,6954,14870,0
2757,200000,1,2,1,31,7,6,5,4,3,2,254266,240966,228663,217600,208432,200057,0,328,0,0,600,2500,1
2758,70000,1,2,2,38,0,0,2,0,0,0,27000,31809,29776,30148,29918,29399,5600,0,1500,1057,2000,1035,0
2759,200000,2,1,2,23,0,0,0,0,0,0,488,878,488,488,0,1915,878,488,488,0,1915,100,0
2760,150000,2,1,2,31,0,0,0,0,0,0,18395,-2390,10042,129691,88173,63034,312,20132,129665,127,315,0,0
2761,160000,2,2,1,35,0,0,0,0,0,0,17742,12939,7035,4596,4635,2744,2000,1000,500,1000,1000,2000,0
2762,180000,2,1,2,30,0,0,0,0,0,0,113647,52992,38394,30332,110824,99661,3000,3170,2000,100000,5000,4000,0
2763,190000,1,2,1,39,0,0,0,0,0,0,144414,145572,142816,145463,147475,149853,7000,6000,6000,5500,6000,5500,0
2764,20000,2,2,1,22,0,0,0,0,0,0,15749,16221,19836,14354,10962,9274,1500,5000,500,500,246,500,0
2765,150000,1,1,2,27,0,0,0,0,0,0,82494,83044,84752,84743,78987,65590,3100,3500,3000,5000,3000,2500,0
2766,310000,1,2,1,35,0,0,0,0,0,0,7589,9463,12296,15083,17840,20376,2000,3000,3000,3000,3000,3003,0
2767,180000,2,2,1,36,0,0,0,0,0,0,98736,96566,81166,72463,72189,70712,6025,5000,6800,5000,5000,5000,0
2768,80000,2,2,2,24,0,0,0,0,0,0,81908,83597,157646,79061,79834,81257,5501,3450,3000,3059,2915,2758,1
2769,350000,2,2,1,41,0,0,0,0,0,0,85339,84393,86793,84406,73976,75497,5000,5016,5000,3000,3000,4000,0
2770,50000,2,2,1,47,0,0,0,0,0,0,32547,33481,26775,0,0,0,1582,1800,0,0,0,0,0
2771,90000,2,2,2,23,2,0,0,0,0,0,87669,86653,57819,30895,14543,9329,3499,3000,3000,10000,2000,10000,0
2772,220000,1,2,1,35,0,0,0,0,0,0,112460,29300,8500,0,8500,8535,8500,8500,0,8500,8535,177000,0
2773,50000,2,1,2,25,2,3,2,2,2,2,43870,42891,43582,44561,45592,46495,0,1700,2000,1900,1800,0,1
2774,90000,1,3,1,46,0,2,0,0,0,0,1651,390,390,390,1848,930,0,390,1950,1848,1710,0,0
2775,400000,2,2,1,30,0,0,0,0,0,0,161226,139481,17939,10315,22728,11493,5000,17939,12845,22728,11493,10703,0
2776,210000,2,3,1,40,0,0,0,0,0,0,2309,4791,4909,6588,9074,8651,4791,1909,2588,3074,3651,6349,0
2777,180000,2,2,1,39,2,2,2,2,2,0,177113,180628,176137,183007,179505,105229,7800,0,11700,0,3775,7000,1
2778,500000,1,1,1,55,0,0,0,0,0,0,3925,11200,25509,9857,8945,9985,11253,25585,3,18,5034,5031,0
2779,260000,2,2,1,39,2,0,0,2,0,0,228443,233958,252615,186443,190345,193739,10698,24799,0,7035,7078,7221,1
2780,180000,2,2,2,26,0,0,0,0,0,0,7149,12946,16163,13142,9800,4857,5946,3663,3159,3000,4857,6240,0
2781,180000,2,2,1,34,0,0,0,0,0,0,8000,0,0,0,600,0,0,0,0,600,0,0,1
2782,30000,2,1,2,24,0,0,0,0,0,0,22236,23574,24583,24915,25280,25791,1696,1705,1037,915,929,1097,0
2783,360000,2,1,2,33,0,0,0,0,0,0,31482,31805,18203,13122,11547,10949,5119,5007,5002,5005,5024,4543,0
2784,280000,2,1,1,47,0,2,2,0,0,0,2002,1311,0,430,430,-550,0,0,430,0,550,1304,0
2785,100000,2,1,2,27,1,2,0,0,0,0,53213,50842,48205,47324,45723,46708,6,2031,1800,2000,1900,2000,1
2786,50000,2,2,1,49,0,0,0,0,0,0,49467,41877,20082,5329,3990,2088,1472,1000,107,3990,2088,1470,0
2787,20000,1,3,1,31,0,0,0,0,0,0,17557,18739,19473,17136,0,0,1466,1200,343,0,0,0,0
2788,80000,2,3,2,27,0,0,0,0,0,0,1672,0,1672,836,0,2902,0,1672,836,0,2902,836,1
2789,110000,2,2,2,36,1,0,0,0,0,0,0,780,0,0,0,0,780,0,0,0,0,0,0
2790,50000,1,1,3,25,1,0,2,0,0,0,6300,3395,3180,1831,1868,3300,9195,0,1831,37,3300,289,1
2791,50000,2,2,1,50,0,0,0,0,0,0,48119,48318,21750,4387,4392,9493,1554,1028,4387,4392,9493,492,1
2792,20000,1,1,2,33,0,0,0,2,0,0,16117,17130,18655,17687,18023,18169,1285,2200,0,1000,1000,500,0
2793,200000,2,3,1,41,0,0,0,0,0,0,98184,103228,119034,0,0,0,5143,19034,0,0,0,0,0
2794,250000,2,2,2,44,1,0,0,0,0,0,0,664,62791,48598,50078,36050,664,65791,2000,2100,2000,0,0
2795,150000,2,1,1,33,1,0,0,0,0,0,0,0,0,0,0,0,0,0,0,0,0,0,1
2796,50000,1,1,2,23,1,0,0,0,0,0,0,0,0,0,0,0,0,0,0,0,0,0,1
2797,200000,2,1,1,38,0,0,2,2,2,0,1779,1354,250,7250,2639,10207,1354,0,7000,0,10500,3500,0
2798,220000,1,2,1,38,0,0,0,0,0,0,147048,137560,131090,121259,117003,116902,6364,5892,5000,4369,4178,5000,0
2799,60000,2,2,1,36,0,0,0,0,0,0,0,2426,3367,2898,11768,3983,2426,3367,2898,11768,3983,0,0
2800,100000,1,2,2,43,0,0,0,0,0,0,47730,47525,47184,46836,46529,47070,1808,1728,1641,1673,1689,1754,0
2801,20000,1,3,3,46,0,0,0,0,0,0,15523,17264,18325,15680,0,0,2000,1500,500,0,0,0,0
2802,140000,1,2,2,28,1,3,4,3,2,0,82265,86127,84107,82362,74000,60977,5747,0,0,0,2600,2800,1
2803,50000,1,2,1,46,0,0,0,0,0,0,48677,39756,30000,0,0,0,2000,3000,0,0,0,0,1
2804,50000,1,1,2,28,0,0,0,0,0,0,28639,29482,30455,28955,25959,26144,2100,2000,1000,600,3000,0,0
2805,120000,2,2,1,30,0,0,0,0,0,0,686,686,686,1372,686,836,686,686,1372,0,836,686,0
2806,120000,2,1,1,39,1,0,0,0,0,0,0,0,0,0,915,0,0,0,0,915,0,0,0
2807,30000,1,2,2,38,0,0,0,0,0,0,28637,28711,29138,28852,28487,27788,2002,2002,1503,2006,2005,3000,0
2808,180000,2,1,2,26,1,0,0,0,0,0,0,0,0,0,298,7550,0,0,0,298,7550,0,0
2809,500000,1,1,1,46,0,0,0,0,0,0,53049,66623,70194,68618,67300,1825,16018,10000,4,333,1831,597,0
2810,420000,1,1,1,44,0,0,0,0,0,0,337792,293987,294203,300314,258484,274817,12011,6472,6711,5170,189740,6656,0
2811,20000,2,2,1,45,0,0,0,0,2,0,14296,15321,16333,17434,17013,17500,1262,1274,1375,0,771,805,0
2812,50000,2,2,2,24,0,0,0,0,0,0,39083,40150,41181,41996,43021,45700,1700,1700,1501,1700,3400,0,1
2813,260000,2,2,2,30,0,0,0,0,0,0,19674,17810,19753,21550,21032,19979,2000,3000,3000,3000,3000,3000,0
2814,50000,1,2,2,27,0,0,0,0,0,0,47481,36112,31992,33361,100,0,1910,1790,79,100,1200,0,0
2815,50000,2,1,2,26,0,0,0,0,0,0,750,0,3116,302,0,5778,0,3116,302,0,5778,200,0
2816,50000,2,2,2,49,0,0,0,0,0,0,43342,44441,45390,46310,47262,48219,2100,2000,1113,1143,1159,1381,0
2817,100000,1,2,1,49,0,0,0,0,0,0,69896,71360,72820,74264,75821,77410,2588,2644,2656,2752,2850,2965,0
2818,50000,2,1,2,24,4,3,2,2,2,2,38965,38063,38838,39598,40313,41293,0,1700,1700,1500,1800,1700,1
2819,180000,2,1,2,27,0,0,0,0,0,0,174546,175121,150710,135981,136064,137343,8269,6606,5000,4900,4900,4900,0
2820,240000,2,1,1,38,1,0,0,0,0,0,0,0,0,0,0,0,0,100000,0,0,0,0,0
2821,30000,1,2,1,38,2,0,0,0,0,0,28484,29242,30037,29682,0,0,1905,1700,1108,0,0,0,0
2822,30000,2,3,1,60,0,3,2,0,0,3,5867,5621,4090,2829,2108,1801,0,0,0,1801,0,0,1
2823,270000,2,1,1,45,0,0,0,0,0,0,96175,88092,78574,70330,61355,52969,3626,2700,3180,2300,2800,2009,0
2824,30000,2,3,1,57,0,0,0,0,0,0,347,1353,78,135,68,193,1353,78,135,68,423,140,1
2825,200000,2,2,1,31,0,0,0,0,0,0,1319,4997,3635,130,1209,938,4997,3650,130,1209,938,105,1
2826,40000,2,2,1,29,0,0,0,0,0,0,8801,9544,0,0,0,7922,1000,0,0,0,7922,158,1
2827,360000,2,1,1,31,0,0,0,0,0,0,0,18540,9007,9500,8675,6573,18540,10000,10000,9000,6600,32810,0
2828,150000,2,3,1,57,0,0,0,0,0,0,5483,9136,17348,6456,12256,8156,9136,17348,6456,12256,8156,5256,0
2829,80000,2,2,2,24,0,0,0,0,0,2,9933,11111,9998,8950,9415,5700,1370,1233,261,549,400,0,1
2830,300000,2,1,1,32,1,0,0,0,0,0,-227,44791,-649,129798,558,522,45018,0,130447,560,524,6776,0
2831,220000,1,2,1,32,0,0,0,0,0,0,202010,103124,105226,107476,109746,111920,3746,3820,4000,4000,4000,4500,0
2832,110000,2,2,1,42,0,0,0,0,0,0,776,776,776,776,926,776,776,776,776,926,776,776,0
2833,50000,1,1,2,30,0,0,0,0,0,0,11787,9720,8613,5173,5593,0,1300,1034,0,1200,0,0,0
2834,50000,2,3,2,60,0,0,0,0,0,0,31164,32384,27553,28101,28690,28467,1756,1445,993,1029,1054,977,0
2835,230000,2,1,1,37,0,0,0,0,0,0,400,20123,20590,20029,17198,5177,20123,1256,1000,1000,500,801,0
2836,50000,1,1,1,27,2,2,2,2,0,0,43333,46308,47250,46192,46997,48221,4000,2000,0,1700,2000,3600,1
2837,240000,2,2,3,39,0,0,0,0,0,0,171907,171394,68907,70164,70672,69581,7200,3000,3000,2509,3000,2500,0
2838,130000,2,1,2,26,0,0,0,0,0,0,20054,1298,6712,-884,-6332,-9333,1298,6730,900,5448,0,25000,0
2839,160000,2,1,2,34,0,0,0,0,0,0,43729,43535,40799,41255,31766,32570,2045,1809,1265,1154,1333,1313,0
2840,210000,2,1,2,31,0,0,0,0,0,0,121697,120133,118496,116033,114617,108328,5000,5000,4036,5000,4000,4000,0
2841,210000,2,2,2,32,0,0,0,0,0,0,1952,2787,6316,6504,326,89599,1526,4000,514,326,89599,3292,0
2842,330000,1,1,2,47,0,0,0,0,0,0,240063,242040,160008,160084,159453,159354,9500,5591,5500,6000,6000,6000,0
2843,110000,2,2,1,51,0,0,0,2,2,2,10141,11472,12973,12468,13763,13989,1500,2000,0,1500,600,0,0
2844,120000,2,2,2,28,1,2,2,2,2,2,108993,111266,112056,112819,111298,113290,5500,4100,4087,400,4000,8932,0
2845,100000,2,1,2,29,0,0,0,0,0,0,5466,5652,9690,5286,8191,11272,5652,9690,6916,8191,6412,0,0
2846,210000,2,2,2,34,0,0,0,0,0,0,63672,57299,59336,61349,63366,65155,2200,3000,3000,3000,3000,3500,0
2847,350000,2,1,2,31,0,0,0,0,0,2,181550,177978,164481,198545,232543,165288,10000,20000,100048,60000,0,5000,0
2848,180000,2,2,2,25,0,0,0,0,0,0,141836,140792,144021,146539,149286,151900,5124,6000,5300,5500,5500,6000,0
2849,150000,2,1,2,28,0,0,0,0,0,0,66296,61916,39614,39863,26379,22081,3000,3005,5000,3000,5000,1000,0
2850,50000,1,1,3,37,1,2,0,0,0,0,49457,47080,45833,45310,6313,5009,0,1200,1000,126,1000,0,0
2851,230000,2,3,1,47,0,0,0,0,0,0,5482,15900,1678,0,764,0,15900,1678,0,764,0,1321,0
2852,30000,2,2,1,39,2,2,0,0,0,2,9884,9586,10318,10522,11354,11022,0,1200,375,1000,0,1000,1
2853,90000,2,2,1,24,2,2,2,2,2,2,86643,87249,86858,86373,85875,82150,3881,3000,2800,1500,2299,2500,1
2854,390000,2,2,1,24,0,0,0,0,0,0,16406,16966,15428,13465,40736,39532,1500,1500,1000,30000,2000,3000,0
2855,50000,2,2,2,25,2,2,2,2,2,2,15679,16228,17796,17213,18432,18981,1100,2150,0,1500,1000,0,1
2856,320000,1,2,1,39,0,0,0,0,0,0,51058,34619,18079,18077,1792,18344,1240,1403,18084,1801,18352,2072,0
2857,20000,1,2,2,34,0,0,0,0,0,0,15907,17142,17844,18009,17356,17200,1498,1200,365,347,344,0,0
2858,200000,2,2,1,41,0,0,0,0,0,0,42292,43764,44030,48466,49183,46919,3000,2000,5000,2000,3000,3000,0
2859,500000,1,1,1,40,0,0,0,0,0,0,5255,721,17252,7388,6069,0,721,17252,7421,6069,0,0,1
2860,190000,2,2,2,28,1,0,0,0,0,0,0,0,0,0,0,0,0,0,0,0,0,828,0
2861,70000,2,1,2,25,2,0,0,0,0,0,5730,7625,9484,11317,13125,14742,2000,2000,2000,2000,2000,2000,1
2862,220000,2,1,2,35,0,0,0,0,0,0,8304,11526,1270,0,1121,500,11526,1282,0,1121,500,0,1
2863,50000,1,2,2,28,0,0,0,0,2,0,28864,30090,31282,33350,32682,33385,2000,2000,2900,0,1400,1600,0
2864,50000,1,2,1,37,0,0,0,0,0,0,15175,16505,17516,17926,18487,19029,1579,1590,1000,1000,1000,1200,0
2865,50000,2,2,1,46,2,2,2,2,2,2,28390,29639,30854,30062,32705,33519,2000,2000,0,3300,1500,0,0
2866,70000,1,1,1,42,0,0,0,0,0,0,70730,58103,68197,50756,50843,46727,3500,15000,3000,2000,1840,1798,0
2867,80000,2,1,2,26,0,0,0,0,0,0,66982,66130,67489,68535,66835,64962,2986,3056,2787,2745,2564,2926,0
2868,50000,1,3,2,41,0,0,0,0,0,0,45487,45548,46076,19092,18227,18285,1858,1685,659,658,656,651,0
2869,150000,2,1,2,27,0,0,0,0,0,0,1345,0,0,0,0,0,0,0,0,0,0,24948,0
2870,300000,2,1,1,36,0,0,0,0,0,0,540,1283,843,0,444,0,1283,843,0,444,0,0,0
2871,50000,2,1,2,25,0,0,0,0,0,0,10973,12092,13386,13663,14440,15150,1300,1500,500,1000,1000,1000,0
2872,170000,2,2,1,42,0,0,0,0,0,0,4600,6519,7360,2437,2881,2659,2000,1000,2437,3103,2659,2659,0
2873,350000,1,1,2,37,0,0,0,0,0,0,316,316,316,466,466,316,316,316,466,466,316,316,0
2874,470000,2,2,2,33,0,0,0,0,0,0,43353,47682,46429,43405,42796,44171,5000,2600,1500,1500,2000,1500,0
2875,20000,1,2,2,25,0,0,0,0,0,0,13610,14160,15200,14800,17800,10000,1360,1400,0,3000,200,0,0
2876,140000,2,2,2,26,1,0,0,0,0,0,0,811,1633,1666,1700,0,811,1000,33,34,0,0,0
2877,60000,2,2,2,23,1,2,2,0,0,0,45014,45698,39068,51205,54520,55964,1774,0,12858,4166,2350,3300,0
2878,160000,2,2,2,23,0,0,2,2,0,0,122339,137278,136572,95115,96847,101443,18518,3358,0,3200,8000,4366,0
2879,150000,2,1,2,26,0,0,0,0,0,0,101569,103688,107321,106614,108805,111012,3756,5350,2562,2629,2669,2739,0
2880,20000,2,1,2,23,0,0,0,0,0,0,292,780,0,593,0,0,780,0,593,0,0,0,0
2881,210000,1,1,2,35,0,0,0,0,0,0,6808,4954,8739,5420,4450,4064,4960,8747,8,4450,4064,3870,0
2882,50000,1,2,2,23,0,0,0,0,0,0,3352,18685,15868,11348,7822,7357,18685,1105,500,500,500,1000,0
2883,210000,2,1,2,31,0,0,0,0,0,0,15332,10000,19875,57751,25456,10625,10000,19875,50000,15456,10625,213,0
2884,280000,1,1,1,44,0,0,0,0,0,0,593,1763,53669,4707,22014,3415,1777,53934,4726,22102,12,1301,0
2885,300000,1,2,2,36,0,0,0,0,0,0,15536,17923,27007,360,257,21140,10000,10140,360,257,21346,360,0
2886,230000,2,3,1,37,0,0,0,0,0,0,228342,189966,142377,143828,143698,143342,6100,7000,5356,5400,5200,5500,0
2887,250000,1,2,1,47,0,0,0,0,0,0,8996,18069,7966,3470,3128,2966,18069,7966,3470,3128,2966,3419,0
2888,500000,2,1,1,36,0,0,0,0,0,0,24170,8051,77908,50297,43679,49749,8091,78192,65,33766,37945,37947,0
2889,50000,2,2,1,48,0,0,0,0,0,0,12592,12899,7313,8036,3949,26984,2017,2000,1200,100,26984,5000,0
2890,50000,1,3,2,46,0,0,0,0,0,0,5942,5444,2464,2521,-1,167,1056,1000,57,0,168,1002,0
2891,150000,2,2,1,36,0,0,0,0,0,0,296846,301634,314201,84135,90500,0,7143,13700,15000,7500,0,0,0
2892,180000,2,1,2,53,1,0,0,0,0,0,0,41300,41300,0,3270,41300,41300,41300,0,3270,41300,0,0
2893,450000,1,2,2,37,0,0,0,0,0,0,136655,146400,156049,164076,170885,177483,13492,13641,12168,9650,9650,9650,0
2894,70000,2,2,3,24,1,2,0,0,0,0,4177,2657,2752,1048,462,830,0,1500,0,0,1123,0,0
2895,110000,1,3,1,40,0,0,0,0,0,0,93357,94938,79368,74778,75996,77423,4100,2612,2666,2700,2659,2694,0
2896,200000,1,1,1,43,1,2,0,0,0,0,203393,198272,120005,121023,128387,130960,0,5812,4500,9352,4700,5000,1
2897,210000,2,2,2,37,1,0,0,0,0,0,0,0,0,0,0,0,0,0,0,0,0,0,0
2898,320000,1,1,2,36,0,0,0,0,0,0,146201,129311,112151,84218,76058,24068,5465,3137,52,2384,25094,30011,0
2899,20000,1,1,2,37,0,0,0,0,0,0,66599,67259,69521,16970,17326,17688,2317,2579,606,628,649,623,1
2900,130000,2,2,2,29,0,0,2,0,0,0,1110,1170,780,390,0,780,1170,0,0,0,780,0,0
2901,20000,1,1,1,29,0,0,0,0,0,0,16961,16365,9342,556,19967,1742,2000,1139,556,20191,1742,0,0
2902,210000,1,1,1,39,0,0,2,2,0,2,3391,775,450,125,800,325,1000,0,0,1000,0,650,0
2903,30000,2,2,2,33,0,0,0,0,0,0,25498,26149,26716,26918,27089,26277,1451,1408,1000,964,1136,716,1
2904,60000,2,3,1,36,1,2,2,0,0,0,47987,48716,47632,48738,49601,52773,1788,0,1894,1801,3997,0,1
2905,110000,1,2,1,49,0,0,0,0,0,0,75565,64833,48586,48430,48150,48271,4009,5000,2000,2000,2000,1800,0
2906,130000,1,1,2,32,0,0,0,0,0,0,32236,41510,-1523,-1523,-1523,48477,10000,0,0,0,50000,5000,0
2907,500000,2,1,2,38,0,0,0,0,0,0,74615,74399,68761,70260,70143,68506,4010,6720,5000,5000,4000,5000,0
2908,500000,1,2,1,38,0,0,0,0,0,0,499231,511629,-311,6391,420,7619,22600,501,6892,421,7695,8679,1
2909,100000,1,2,2,35,0,2,2,0,0,2,8102,10252,5607,59265,62554,55392,2500,0,59265,4100,2500,0,1
2910,220000,1,1,2,25,0,0,0,0,0,2,29664,5995,8419,6523,508,370,1018,8424,20,878,1,3046,0
2911,50000,1,2,2,40,0,0,0,0,0,0,40561,97214,48890,8694,8876,9052,18280,2284,311,322,323,334,0
2912,500000,1,1,1,49,0,0,0,0,0,0,1320,1320,1320,1320,1320,1320,1320,1320,1320,1320,1320,1320,0
2913,50000,2,1,2,29,0,0,0,0,0,0,2459,2471,6015,5625,3056,2439,2471,6015,0,3056,2439,3026,1
2914,200000,2,1,1,45,0,0,0,0,0,0,1417,12643,3977,0,2500,199,12660,3977,0,2500,199,2944,0
2915,320000,2,2,2,50,0,0,0,0,0,0,5714,7870,342,-6,1252,0,3000,342,2,1500,0,10701,0
2916,450000,1,2,2,29,1,2,0,0,0,0,16524,12624,11239,10569,3868,5000,676,1204,264,19,5000,0,0
2917,20000,1,3,2,26,8,7,6,5,4,3,43340,42619,35381,31539,27409,23567,0,0,0,0,0,300,0
2918,310000,2,2,1,44,0,0,0,0,0,0,500,0,0,0,0,0,0,0,0,0,0,0,0
2919,120000,2,2,2,23,0,0,0,0,0,0,100727,96551,69676,44879,43532,44467,4324,3234,1448,1400,1400,1400,1
2920,200000,2,2,1,48,0,0,0,0,0,0,354304,303188,153179,156229,159708,163051,8000,5600,5600,6000,6000,7200,0
2921,50000,1,3,1,53,0,0,0,0,0,0,49466,50544,25381,9652,9464,9248,2442,1669,330,1342,330,430,0
2922,130000,1,3,1,48,0,0,0,0,0,0,100522,102650,0,0,0,6163,4650,0,0,0,6163,66564,0
2923,50000,2,2,2,23,0,0,0,0,0,0,25421,26704,26952,15673,13903,27775,2000,1000,3400,1500,25298,3961,0
2924,130000,1,2,2,26,0,0,0,2,2,0,16435,17166,19478,19862,19403,21070,1300,2600,1000,0,2000,2000,1
2925,50000,2,2,2,42,0,0,0,0,0,0,50221,49664,49611,2190,19769,19335,2215,1462,248,20787,21402,522,0
2926,30000,1,2,2,32,2,0,0,0,0,0,17287,14493,17240,19934,22441,24899,3000,3000,3000,3000,3000,0,0
2927,30000,2,2,1,34,2,2,2,2,2,2,24014,25891,27385,27834,28241,28130,2274,2217,1200,1000,500,2000,1
2928,160000,1,1,2,34,0,0,0,0,0,0,390,390,390,520,540,390,390,390,520,560,390,0,1
2929,50000,1,1,2,27,0,0,0,0,2,0,43341,44442,45408,48279,47406,48553,1800,1729,3600,0,2055,2100,0
2930,80000,2,2,2,28,0,0,0,0,0,0,18112,8857,69841,59075,58998,61038,10084,79200,2108,2200,3006,2523,0
2931,60000,2,2,2,25,0,0,0,0,0,0,50269,47809,42769,38855,38768,38846,4749,1621,1400,1395,1500,1795,0
2932,230000,2,1,2,27,1,2,0,0,0,0,46628,45253,10507,6742,4387,1670,0,1000,135,4387,1670,2798,0
2933,390000,2,1,2,30,0,0,0,0,0,0,86124,89129,90294,92243,94186,97562,4300,3437,3346,3475,5000,10005,0
2934,110000,2,2,1,28,0,0,0,0,0,0,3242,4095,4296,5043,5194,6110,1300,1054,1000,1000,1000,1500,0
2935,50000,1,1,2,24,1,0,0,0,0,0,0,0,0,0,0,181,0,0,0,0,181,1685,0
2936,20000,2,2,1,35,1,2,2,0,0,0,22382,20650,-15000,-15000,-15000,-15000,0,0,0,0,0,0,1
2937,100000,1,2,2,29,0,0,0,0,0,0,65324,11860,0,0,0,0,2106,0,0,0,0,0,0
2938,70000,2,3,1,33,0,0,0,0,0,0,32405,22484,23169,23337,18265,18001,10580,8009,10004,5000,5000,5000,0
2939,150000,1,2,1,31,2,2,0,0,0,0,156286,148841,134757,85874,84665,78130,57,6203,2819,3109,2842,3024,0
2940,390000,1,1,2,31,0,0,0,0,0,0,19469,17227,17400,19180,20036,4071,2227,2400,2180,1036,2071,3291,0
2941,50000,1,2,1,22,0,0,0,0,0,0,47559,50463,49094,1884,19792,19809,3690,2500,942,19792,727,792,0
2942,90000,1,2,2,26,2,2,0,2,0,0,121368,102385,91591,66033,70654,121966,0,95800,0,6000,3000,3000,0
2943,290000,2,2,2,30,0,0,0,0,0,0,288994,296230,158127,234456,236813,211237,12549,7003,234456,9500,7592,7626,1
2944,20000,1,2,2,24,0,0,2,0,0,0,19401,20610,19682,19593,20001,19466,3232,0,815,858,832,560,0
2945,90000,2,1,2,28,0,0,2,2,2,2,87916,87459,88183,91204,89687,91060,5800,5400,5804,0,6700,0,1
2946,260000,1,3,2,48,0,0,0,0,0,0,266762,268508,266858,194413,189687,162473,11500,10000,5731,5654,5275,4000,0
2947,90000,2,2,2,26,0,0,0,0,0,0,92472,92518,91504,91706,91801,91753,4600,4100,3900,4000,3700,3700,0
2948,100000,2,2,2,27,3,2,0,0,0,0,104489,101123,101600,17046,1075,1442,0,4384,341,1075,1442,1396,1
2949,150000,2,1,2,31,0,0,0,0,0,0,126419,128887,134208,139551,134321,104513,7000,12440,10000,5000,5000,10000,0
2950,60000,2,2,1,46,0,0,0,0,0,0,60987,60832,50469,40564,40601,40467,2145,1612,1404,1442,1445,1389,0
2951,80000,1,2,1,42,2,0,0,0,0,0,80586,77960,79804,75299,76933,78953,3000,3200,3000,3400,3300,3500,0
2952,80000,2,2,1,24,0,0,0,0,0,0,15621,3760,1368,0,1421,0,3768,1368,0,1421,0,0,0
2953,30000,2,2,1,26,1,2,0,0,0,0,30349,29580,30121,12787,6840,2250,0,1200,256,137,45,0,0
2954,20000,1,2,1,38,0,0,0,0,0,0,2638,3016,3274,7028,1839,2985,3016,3282,7055,1839,2985,4988,0
2955,50000,1,2,2,24,0,0,0,0,0,0,34500,0,0,0,0,0,0,0,0,0,0,0,0
2956,250000,2,1,2,37,0,0,0,0,0,0,43971,32009,13346,9163,8338,17793,1007,13346,9163,8338,18618,1763,0
2957,50000,2,1,2,22,0,0,0,0,0,0,41940,41811,35920,19987,18971,18654,1748,1253,2504,1004,1509,4495,1
2958,120000,2,3,2,32,0,0,0,0,0,2,5152,4529,890,890,3040,1000,1015,890,890,3040,0,1580,0
2959,20000,2,2,1,36,1,0,0,0,0,0,-25,-25,-25,-25,-25,-25,0,0,0,0,0,0,0
2960,280000,2,3,2,33,0,0,0,0,0,0,2186,2186,2184,2542,2186,2109,2196,2194,2554,2196,2119,17555,0
2961,50000,2,1,1,35,0,0,0,0,0,0,46532,46624,45438,39527,7997,462,3000,1200,9,500,462,1500,0
2962,360000,1,3,2,49,0,0,0,0,0,0,348,7963,198840,390,390,390,8047,200222,1044,390,390,343,0
2963,100000,1,1,2,32,0,0,0,0,2,0,671,671,671,1642,821,671,671,671,1642,0,671,671,1
2964,140000,2,3,1,42,2,2,2,2,2,0,47556,48802,47722,50411,49473,50649,2300,0,3800,0,2000,2000,0
2965,170000,2,2,1,33,0,0,0,0,0,0,172382,173101,171158,121399,118539,121276,6558,6316,3828,3569,3959,3997,0
2966,50000,2,2,1,33,0,0,0,0,0,0,25658,26539,27507,28299,12012,8923,1700,2080,3000,1000,1000,1000,0
2967,50000,1,3,1,46,0,0,0,0,0,0,49083,27822,28702,29119,29240,28664,1463,1733,1150,1480,1200,3135,0
2968,120000,1,2,1,47,0,0,0,0,0,0,2486,151,2853,2896,1149,1758,260,5753,1153,3,1759,4084,1
2969,170000,2,2,2,38,0,0,0,0,2,2,86401,88991,91571,94045,97965,101176,3991,4071,4000,5600,5000,4000,0
2970,380000,1,2,1,43,0,0,0,0,0,0,195221,188328,192624,149860,59256,61039,8000,8263,7127,4000,3000,2500,0
2971,400000,2,3,1,37,0,0,0,0,0,0,76917,79075,81864,83747,85487,88315,4000,4000,3000,3000,4000,4000,0
2972,50000,2,1,2,30,0,0,0,0,0,0,30145,26212,17354,18157,18952,14036,5000,2000,1000,1000,1000,1000,0
2973,440000,2,2,1,42,1,0,0,0,0,0,22597,7288,5683,-20,-20,9881,7324,5683,20,0,9901,121971,0
2974,30000,2,2,1,24,2,2,2,2,2,2,150,150,150,150,150,300,0,0,0,0,150,0,0
2975,470000,1,1,1,39,0,0,0,0,0,0,5572,3595,22816,2360,4206,5527,3595,22816,2360,4356,5527,6420,0
2976,180000,2,3,1,40,0,0,0,0,0,0,1903,0,0,3155,1173,1021,0,0,3155,1173,1021,0,0
2977,110000,1,3,2,32,0,0,0,0,0,0,34000,223,0,0,0,0,223,0,0,0,0,0,1
2978,300000,1,1,2,25,0,0,0,0,0,0,76918,41773,31180,19507,18169,18533,4103,1427,600,1200,2500,18000,0
2979,120000,2,1,2,31,0,0,0,0,0,0,325,325,325,325,325,1866,325,325,325,325,1866,325,0
2980,220000,1,1,2,33,0,0,0,0,0,0,3233,2106,666,1064,707,9213,2108,1332,1064,707,9325,1500,0
2981,50000,1,1,2,27,0,0,0,0,0,0,50459,36307,27713,3807,2746,625,1600,3071,500,2800,900,100,0
2982,100000,1,2,1,43,1,0,0,0,0,0,0,0,0,0,551,551,0,0,0,551,0,0,0
2983,170000,2,1,2,30,0,0,0,0,0,0,3733,1958,5956,1836,3959,1285,1958,5956,1842,3959,1285,0,0
2984,360000,2,1,2,37,0,0,0,0,0,0,3355,5865,3300,6290,8220,28410,5865,3300,6290,8220,28410,4845,0
2985,180000,2,2,2,43,0,0,0,0,0,0,4819,5240,999,495,1776,79785,1010,1003,496,1781,81032,3600,0
2986,120000,1,2,2,27,0,0,0,0,0,0,33474,29029,26523,20554,19348,17439,1789,2037,659,802,640,513,0
2987,210000,1,3,2,32,0,0,0,0,0,0,1649,1000,0,1761,675,752,1000,0,1761,675,752,1104,0
2988,60000,1,2,1,56,0,0,0,0,0,0,28842,30371,31556,32345,33663,34945,2000,2000,1315,2000,2000,2000,1
2989,130000,1,2,1,40,0,0,0,0,0,0,20733,14261,22242,18265,21546,32411,7261,12272,10265,11546,12411,10000,0
2990,50000,2,3,1,36,0,0,0,0,0,0,3781,1710,25967,17227,15714,15876,1710,25000,754,600,800,1900,0
2991,50000,2,3,1,52,1,2,0,0,2,2,30505,29731,31062,33231,33736,33042,0,1831,3000,1182,0,1228,1
2992,100000,2,1,1,33,0,0,0,0,0,0,3976,0,0,0,0,0,0,0,0,0,0,402,1
2993,150000,2,3,1,43,0,0,0,0,0,0,90606,93496,94196,91550,89586,88300,4348,3229,3150,3348,3244,8778,0
2994,240000,1,2,1,38,2,0,0,0,0,0,6848,836,2508,1672,836,563,836,2508,0,0,563,1090,1
2995,120000,1,2,3,38,0,0,0,0,0,0,7787,3495,1706,-4,-4,-4,3505,1711,0,0,0,0,0
2996,80000,2,2,1,32,0,0,0,0,0,0,199,199,199,199,0,22109,199,199,199,0,22109,45352,1
2997,210000,2,2,1,27,2,2,0,0,0,0,174134,167095,161573,122362,116243,108414,16,6800,3800,5134,4000,4000,1
2998,80000,2,2,2,37,0,2,0,0,0,0,1118,1102,10512,19529,27167,30878,0,10512,9529,8167,5000,6220,0
2999,50000,2,2,1,38,0,0,2,0,0,0,20838,23204,22538,22864,23495,24100,3000,0,1000,1000,1000,1000,1
3000,50000,2,2,3,52,0,0,0,0,0,0,50671,50525,38240,18443,20065,20296,1844,1292,804,5717,823,1299,0
3001,330000,2,1,2,34,0,0,0,0,0,0,1406,1467,2599,17064,70464,-6053,1488,2599,17064,70464,0,232972,0
3002,230000,1,3,2,28,0,0,0,0,0,0,152966,65722,11666,18844,34983,53935,65722,20000,18844,34983,408,14574,0
3003,30000,1,3,1,44,4,3,2,2,0,0,7221,6962,6700,0,0,0,0,0,0,0,0,0,1
3004,50000,1,1,1,41,2,0,0,0,0,0,39159,40194,41209,42125,43443,44476,1669,1684,1600,2000,1753,1696,1
3005,220000,1,1,2,37,2,2,0,0,0,0,185955,181587,186054,188465,192758,196493,0,9000,7000,7500,7100,7500,0
3006,270000,2,1,2,27,0,0,0,0,0,0,11306,11263,13021,4144,2291,36491,1500,2000,2000,1000,37500,1000,0
3007,160000,1,1,1,44,0,0,0,0,0,0,156400,157923,158746,153208,154163,155344,7200,8000,5510,5800,6000,5500,0
3008,10000,2,2,1,24,1,2,2,2,2,2,3892,3686,5064,4837,5208,5475,0,1600,0,600,500,0,0
3009,20000,1,2,2,25,0,0,0,0,0,0,15006,16166,17160,16760,16760,0,1406,1400,0,0,0,0,0
3010,30000,1,3,2,25,2,2,2,0,0,2,22440,24168,23481,23950,25659,25098,2390,0,859,2097,0,1092,1
3011,210000,2,2,2,32,0,0,0,2,0,0,85965,88586,94412,92195,92491,94369,4000,7500,0,3000,5000,5000,0
3012,250000,2,2,1,50,0,0,2,0,0,0,116256,122392,118668,95735,96509,97089,11500,0,3543,3700,3547,3165,0
3013,50000,1,2,2,28,0,0,0,0,0,0,23244,24364,25454,26030,26609,27662,1500,1500,1000,1000,1500,1100,0
3014,180000,2,1,2,28,0,0,0,0,0,0,584,1133,572,803,916,1189,1133,572,803,916,1189,375,0
3015,200000,1,1,2,35,0,0,0,0,0,0,7429,24325,40258,15103,14079,20878,24325,40265,15159,14079,20878,26716,0
3016,350000,1,1,1,38,0,0,0,0,0,0,16459,4120,44164,35233,884,9924,941,44743,0,884,9924,10824,1
3017,20000,1,1,2,22,0,0,0,0,0,0,18093,18543,18911,19000,19397,19941,1300,1611,700,704,867,597,0
3018,30000,1,3,2,36,0,0,0,0,0,0,30328,29999,0,0,0,0,1768,0,0,0,0,0,1
3019,20000,1,1,1,34,2,0,0,2,2,2,6099,7559,8989,8436,12016,11404,2000,2000,0,4000,0,4000,0
3020,140000,2,3,2,59,2,0,0,0,0,0,62042,63445,63729,63751,65421,68070,3000,2000,2000,2000,3000,3000,1
3021,30000,1,3,1,44,2,2,2,0,0,0,18659,22544,21889,22721,23401,25000,4500,0,1500,1200,2000,3000,1
3022,180000,2,1,2,30,0,0,0,0,0,0,15743,9814,9161,8252,0,0,1205,9402,0,0,0,0,0
3023,20000,2,2,2,25,0,0,0,0,0,3,8011,9041,10903,11622,13280,12778,1320,2181,900,2000,0,0,0
3024,100000,2,3,1,36,2,2,2,2,2,2,53530,55081,55581,59253,61145,62181,3000,2000,4600,3000,2200,2500,1
3025,100000,2,3,1,36,0,0,2,0,0,2,101972,115335,112016,112906,120101,138819,16608,0,4233,9200,21000,4000,1
3026,20000,1,2,1,45,0,0,0,0,0,0,0,0,0,0,0,0,0,0,0,0,0,19409,0
3027,350000,1,1,1,31,0,0,0,2,0,0,18685,21057,23291,22812,27418,20203,3000,3000,0,5000,5000,5000,1
3028,80000,2,2,1,32,0,0,0,0,0,0,80237,69568,64469,54020,55852,44286,3000,2500,2000,3000,2000,1500,0
3029,120000,2,3,1,49,0,0,0,0,0,0,44244,44075,44823,44683,45537,50293,2000,3000,2000,3000,7000,3000,0
3030,210000,2,2,2,30,0,0,0,0,0,0,1654,33257,34395,35321,36249,37047,32000,2000,1500,1500,1400,1600,0
3031,120000,1,1,1,37,0,0,0,0,0,0,32050,3872,52150,2740,4626,802,3872,52150,2740,4626,802,0,0
3032,20000,1,2,2,22,0,0,2,0,0,0,8134,9992,10526,11049,11865,12665,2000,1000,1000,1000,1000,8100,0
3033,200000,1,3,2,25,0,0,0,0,0,0,848,753,547,-2,2040,0,753,547,2,2042,0,0,0
3034,50000,2,2,2,54,0,4,3,2,3,2,1126,1113,1092,1415,1115,569,0,0,323,0,0,1188,0
3035,170000,1,2,1,37,0,0,0,0,0,0,5635,6321,102108,2120,2873,0,6321,102108,2120,2873,0,870,0
3036,450000,1,1,1,37,1,0,0,0,0,0,0,245,0,0,0,0,245,0,0,0,0,0,0
3037,300000,1,1,2,34,0,0,0,0,0,0,396,396,396,0,792,68095,396,396,0,792,68095,1700,0
3038,300000,1,1,2,36,0,0,0,0,0,0,295433,301521,308038,306154,295664,290329,13000,13116,11000,11000,12000,9300,0
3039,280000,1,2,1,37,0,0,0,0,0,0,2035,11009,9360,7480,4402,3646,11009,9370,7486,4402,3646,6059,0
3040,170000,1,1,2,39,0,0,0,0,0,0,171160,187853,171095,137986,141319,139463,13000,6154,15000,6000,7000,5000,0
3041,60000,1,1,1,38,2,0,0,0,2,2,30013,31226,32396,34657,35456,34736,2000,2000,2800,1500,0,1500,1
3042,50000,1,2,2,29,0,0,0,0,0,0,23469,23110,22792,20861,19116,15286,1437,1236,649,831,568,226,0
3043,380000,1,2,1,38,0,0,0,0,0,0,0,0,990,2086,0,4069,0,990,2086,0,4069,10000,0
3044,70000,2,1,1,40,2,0,0,2,2,2,45251,42685,45674,44639,47624,48592,1800,3700,0,3707,1900,0,1
3045,430000,1,1,1,48,0,0,0,0,0,0,4469,52213,46935,0,46987,882,52226,46935,0,46987,882,0,0
3046,180000,1,1,1,38,0,0,0,0,0,0,326,326,326,326,326,326,326,326,326,326,326,326,0
3047,330000,2,2,1,41,1,2,2,2,2,2,289884,283863,301265,306752,313710,309446,0,22200,12000,12000,978,23500,0
3048,250000,2,1,2,26,0,0,0,0,0,0,7374,0,0,0,2546,0,0,0,0,2546,0,0,0
3049,480000,2,1,1,38,0,0,0,0,0,0,384150,392013,361178,305024,289379,295768,15000,16000,12008,11000,11000,11000,0
3050,210000,1,2,2,37,0,0,0,2,0,0,1890,3037,2429,823,1089,1451,3037,1200,0,1089,1201,1031,0
3051,160000,1,2,2,26,0,0,0,0,0,0,25060,24306,17671,22121,40835,37471,8026,7804,7730,67296,1340,1280,0
3052,390000,1,5,2,29,1,2,0,0,0,0,407399,397464,395333,367400,304990,304303,0,14414,14411,76000,15000,13000,0
3053,280000,1,1,1,44,1,0,0,0,0,0,-136,-496,-856,-1216,-1576,4266,360,360,360,317,6252,8,0
3054,50000,1,2,1,33,0,0,0,0,0,0,390,390,0,780,0,0,390,0,780,0,0,0,0
3055,350000,1,1,1,60,1,0,0,0,0,0,0,1150,4576,0,0,1206,1150,4576,0,0,1206,0,1
3056,230000,2,1,2,40,0,0,0,0,0,0,360,0,0,0,0,0,0,0,0,0,0,0,0
3057,200000,1,3,0,36,0,0,0,0,0,0,5644,82620,14129,41359,9140,0,89187,14178,41359,9140,0,0,0
3058,30000,1,2,2,47,0,0,0,0,0,0,29596,29625,29523,29494,29464,29891,1600,1500,1500,1500,2000,2301,0
3059,50000,1,2,1,37,0,0,0,0,0,0,4719,22449,6640,5410,9570,1500,22530,6640,5410,9570,1500,0,0
3060,180000,1,1,2,26,0,0,0,0,0,0,24464,25332,11991,4394,200,200,1573,3007,4394,200,200,200,0
3061,150000,2,3,1,45,0,0,0,0,0,0,141415,144592,147635,129507,132219,134869,5457,5661,4636,4800,4850,5000,1
3062,70000,1,1,2,27,0,0,0,0,0,2,39449,39742,40618,28782,30281,29175,2100,2000,1200,2590,0,1000,0
3063,150000,1,2,2,26,0,0,0,0,0,0,10111,9847,10870,12189,12836,13828,1158,1181,1500,836,1200,2000,0
3064,50000,1,3,2,25,1,2,2,0,0,2,43685,44694,43673,44659,49512,48454,2000,0,2000,6000,300,3000,0
3065,430000,2,2,1,42,0,0,0,0,0,0,89395,90052,90604,91200,92134,92834,3243,3200,3185,3500,3500,3420,0
3066,70000,1,1,2,25,0,2,2,2,2,0,3635,4529,4308,4859,4638,4911,1100,0,624,0,500,1000,1
3067,20000,1,3,2,36,1,0,0,0,0,0,0,832,0,832,1486,0,832,0,832,1486,0,1248,0
3068,310000,2,1,1,33,0,0,0,0,0,0,115,894,0,0,0,0,894,0,0,0,0,0,1
3069,160000,2,2,1,23,0,0,0,0,0,0,96814,69870,68984,55559,44705,28223,10008,20014,1894,6425,2204,62529,0
3070,30000,1,3,2,38,1,2,0,0,0,0,30771,29975,27541,27785,28839,29412,0,2000,1000,1500,1052,591,0
3071,480000,2,3,1,39,0,0,0,0,0,0,51303,74639,67306,19895,23650,12616,73428,20496,34,23682,29,10565,0
3072,180000,2,1,2,28,0,0,0,2,0,0,99307,104403,110366,101550,98615,49730,6700,10605,0,4751,1754,0,1
3073,210000,1,2,1,40,0,0,0,0,0,0,5130,15266,11423,9329,12329,10039,15266,2500,1200,3000,1077,2104,0
3074,360000,1,1,2,30,0,0,0,0,0,0,312,312,312,312,251,-61,313,313,313,252,1,95971,1
3075,180000,1,3,2,31,2,2,0,0,0,0,36864,35587,35989,36013,36164,31637,0,1800,1230,1200,1350,2310,0
3076,200000,2,1,2,29,1,2,0,0,2,2,16198,14320,15439,14757,14275,13680,0,5000,1000,0,2000,0,0
3077,50000,1,3,2,22,0,0,0,0,0,0,48423,44450,956,976,1976,2939,2150,956,20,1000,1000,1000,1
3078,240000,1,2,1,48,0,0,0,0,0,0,3972,783,0,0,3853,29252,783,0,0,3853,29252,16747,1
3079,180000,2,1,2,29,0,0,0,0,0,0,35619,22745,12200,9531,10131,0,1745,1200,1531,3500,0,0,0
3080,80000,2,3,1,33,0,0,0,0,0,0,325,107,1107,1338,0,0,107,1000,1338,0,0,1080,0
3081,50000,2,3,1,32,0,0,0,0,0,0,42740,44744,47539,17360,17928,19619,3000,4000,1000,1000,2000,1000,0
3082,280000,2,2,1,36,0,0,0,0,0,0,101803,100836,96333,97475,100652,1823,5005,7066,10000,5000,1823,4225,0
3083,70000,2,1,2,29,0,0,0,0,0,0,43462,41845,40476,43687,43858,48127,3000,3000,7000,10000,15000,1000,0
3084,400000,1,1,2,36,0,0,0,0,0,0,6233,11152,-1,376,0,0,11219,0,377,0,0,1759,0
3085,210000,2,3,1,45,0,0,0,0,0,0,430,430,430,430,430,430,430,430,430,430,430,10798,0
3086,80000,1,3,2,33,0,0,0,0,0,0,55424,56598,57724,58892,61991,63224,2068,2081,2113,5000,2264,2342,0
3087,30000,2,2,2,24,2,2,7,7,7,7,300,300,300,300,300,300,0,0,0,0,0,0,0
3088,310000,1,2,2,29,2,2,2,0,2,0,400,400,400,20334,19050,21573,0,0,20334,0,21573,0,0
3089,360000,2,3,2,27,1,0,0,0,0,0,0,0,0,0,0,0,0,0,0,0,0,0,0
3090,200000,1,2,2,28,0,0,0,0,0,0,29804,30892,25355,21666,15404,11559,20044,10198,15083,15450,11593,18784,0
3091,50000,1,2,1,33,0,0,0,0,0,0,50431,45619,33610,19221,18925,19608,1823,1500,1000,1000,1000,1000,0
3092,320000,2,2,1,41,0,0,0,0,0,0,49846,53811,38717,35409,35036,35939,5000,2000,2000,3000,3000,1500,0
3093,60000,1,2,2,27,0,0,0,2,2,0,23439,26042,29182,29906,29292,29729,3300,3900,1500,0,1074,1200,0
3094,230000,2,1,2,30,2,2,2,2,2,2,216409,221419,224753,228022,232724,260472,10000,8500,8500,8500,32000,200,0
3095,150000,2,1,1,44,0,0,0,0,0,0,1843,1367,0,0,0,0,1367,0,0,0,0,0,1
3096,360000,2,1,1,39,0,0,0,0,0,0,165,853,165,300,0,1790,853,165,300,0,1790,0,0
3097,50000,1,1,2,34,0,0,0,0,0,0,20613,28018,22744,18484,16378,13352,10000,10000,1500,3000,2803,5000,0
3098,280000,2,1,1,37,0,0,0,0,0,0,3915,6686,3719,11013,21011,29459,6691,85,11045,21012,29460,10284,0
3099,50000,2,3,1,50,0,0,0,0,0,0,38499,39216,15554,8704,8904,4687,1743,1021,200,200,100,0,0
3100,500000,1,1,1,32,0,0,0,0,0,0,15491,22984,20700,19805,23802,23085,12992,2009,5000,5000,2000,7000,0
3101,400000,2,3,1,41,0,0,0,0,0,0,18487,12366,13010,12620,17945,20030,2620,1000,0,13945,7116,1280,1
3102,280000,1,2,2,28,0,0,0,0,0,0,1799,1768,1848,-8,1601,-3,1782,1857,0,1609,3,1077,0
3103,360000,2,2,2,41,0,0,0,0,0,0,158277,203726,293675,196475,2475,0,50000,100000,0,0,0,0,0
3104,260000,2,1,2,29,1,0,0,0,0,0,15502,16832,16832,16332,16332,-334,18000,16666,16666,16666,0,17000,1
3105,330000,1,1,1,42,0,0,0,0,0,0,241191,114291,113296,35048,36491,37252,10000,5449,5000,2000,2000,5000,0
3106,350000,2,2,1,33,0,0,0,0,0,0,-7438,144562,147437,135043,137980,138908,152000,6000,5000,4000,4017,5000,0
3107,500000,2,2,1,39,0,0,0,0,0,0,36550,18752,22376,39018,4233,397,18795,22398,39041,4233,397,28337,0
3108,440000,2,1,1,35,0,0,0,0,0,0,128808,133340,133075,109705,111202,116169,10000,5000,5000,7126,10000,10000,0
3109,260000,1,2,2,28,0,0,0,0,0,0,234867,237497,215343,205576,207688,198955,10500,9150,7500,8000,7500,7100,0
3110,500000,1,3,1,48,0,0,0,0,2,0,36875,26031,32389,32830,17191,72198,1192,32382,2011,0,72198,10000,0
3111,100000,1,2,1,35,0,0,0,0,0,0,81415,80759,79755,81209,60720,74375,4000,3000,3004,2278,15000,3000,0
3112,70000,1,3,1,47,0,0,0,0,0,0,67670,62529,59024,26008,28210,18296,2730,2490,1000,5746,2000,143,0
3113,440000,1,1,2,43,0,0,0,0,0,0,58108,51013,48337,49532,53714,56818,2400,3000,2000,5000,4000,4000,0
3114,220000,2,1,1,44,0,0,0,0,0,0,208858,212640,216062,209288,202578,195567,7611,7484,7109,6969,6661,6426,0
3115,160000,2,1,1,32,0,0,0,0,0,0,3189,3203,3421,2750,2750,5224,3248,3421,2750,2750,5224,2313,0
3116,200000,1,2,1,46,0,2,0,0,2,0,7340,5980,4486,9790,4944,4696,0,4486,10000,0,4696,4696,0
3117,30000,2,2,2,25,0,0,0,0,0,0,24458,29022,28230,22204,21954,22606,5000,1518,529,535,750,347,0
3118,110000,2,1,2,27,0,0,0,0,0,0,113461,112026,111792,111936,112030,111975,4251,4218,4167,4238,4181,4246,0
3119,60000,2,2,1,43,0,0,0,0,0,0,57033,58994,59732,36914,37684,38613,2880,2473,1322,1366,1554,1369,0
3120,260000,1,1,2,28,0,0,0,0,0,0,76996,11515,13392,22209,54807,62534,11515,13419,22209,54807,62534,37935,0
3121,110000,1,2,1,36,0,0,0,0,0,0,109361,102505,103834,76491,77245,78049,3940,3256,2696,2780,2900,3000,0
3122,260000,1,3,1,44,0,0,0,0,0,0,257987,260104,253488,145630,148720,139633,7100,135546,4500,4590,4501,4795,0
3123,280000,2,1,2,32,0,0,0,0,0,0,157480,155362,156387,159584,163009,161769,6400,6100,5600,5805,7007,5400,0
3124,210000,1,1,2,30,0,0,0,0,0,0,462,562,1864,932,932,1014,1032,2234,0,932,1014,1000,0
3125,80000,2,2,1,37,0,0,0,0,0,0,5744,33115,34131,34809,35539,36271,33115,1568,1246,1291,1324,728,0
3126,200000,2,1,2,37,0,0,0,0,0,0,75360,57589,54711,44396,25948,14505,2050,15000,6003,845,290,12715,0
3127,100000,2,2,2,33,2,2,0,0,0,0,74763,73010,74198,74964,76655,78328,0,3000,2000,2000,2000,2000,0
3128,210000,1,2,1,42,0,0,0,0,0,0,9377,9534,9850,9905,8540,8785,9540,9856,9905,8540,8785,3080,0
3129,140000,2,2,2,35,1,2,0,0,0,0,148305,141907,141940,113028,112667,112318,0,7000,3923,4000,4100,4788,0
3130,180000,1,1,2,29,0,0,0,0,2,2,93962,95955,98354,105327,107500,105614,3500,4000,8600,4000,0,8100,0
3131,240000,2,2,2,34,0,0,0,0,0,0,122810,114408,97395,83314,73292,59270,10066,7255,3035,3030,3018,2012,0
3132,150000,2,1,2,24,0,0,0,0,0,0,4857,1729,49200,50000,0,50000,1733,49200,1000,0,50000,0,0
3133,80000,1,2,1,54,0,0,0,0,0,0,105365,108702,108486,94119,18809,40619,5030,2698,2172,376,40619,25311,1
3134,210000,2,2,1,37,0,0,0,0,0,0,22908,32513,6192,2885,8419,2810,32513,9,8,8444,3118,0,1
3135,180000,2,1,2,28,0,0,0,0,0,0,12595,18704,24410,29184,7325,326,7000,7000,7000,5000,326,7276,0
3136,100000,2,1,2,26,0,0,0,0,0,0,96353,99710,102093,97701,99322,98787,4900,5000,4000,3800,3710,4100,0
3137,20000,1,1,2,28,0,0,0,0,0,0,17359,16828,17723,18733,12249,19910,2700,4150,1500,577,8000,300,0
3138,140000,1,2,2,34,0,0,0,0,0,0,128312,119084,62922,60196,58935,58654,5000,2200,2300,2300,2100,2000,0
3139,200000,1,3,2,40,0,0,0,0,0,0,390,1799,390,390,418,1604,1799,390,390,418,1604,0,0
3140,80000,1,2,2,25,0,0,0,0,0,0,77142,45209,46410,43053,44387,43780,2000,2000,2000,2000,2000,2000,0
3141,20000,2,2,2,49,1,2,2,2,0,0,18718,18132,19530,18950,16510,19386,0,3000,0,1000,3000,2000,1
3142,80000,2,2,2,24,0,0,0,0,0,0,0,0,0,0,0,0,0,0,0,0,0,400,0
3143,170000,2,1,1,41,0,0,0,0,0,0,165602,138507,136176,61000,59477,44218,80000,4742,2022,2076,1776,10433,0
3144,70000,2,2,1,41,2,2,2,2,2,2,50241,51145,50022,53390,54579,55722,2000,0,4200,2200,2200,2200,1
3145,90000,2,3,1,40,0,0,0,0,0,0,3569,7319,7608,1720,45000,0,7385,7608,1720,45000,15000,1543,0
3146,30000,1,2,2,30,0,0,0,0,0,0,22221,23248,24260,24743,25261,25763,1391,1403,886,917,922,955,0
3147,50000,1,1,2,25,0,0,0,0,0,0,2543,14335,566,5243,0,0,14439,566,5243,0,0,1380,0
3148,50000,2,2,2,21,0,0,0,0,0,0,390,1499,780,797,1166,0,1499,780,797,1166,0,0,1
3149,260000,2,1,2,39,0,0,0,0,0,0,231024,208119,213219,202106,208890,215455,10000,10000,8000,10000,10000,20000,0
3150,360000,2,1,1,33,0,0,0,0,0,0,50067,17607,41262,8882,17348,29216,17607,41285,8882,17348,29216,4043,0
3151,500000,2,3,2,52,0,0,0,0,0,0,0,0,0,0,0,0,0,0,0,0,0,0,1
3152,160000,1,3,1,46,2,2,0,0,0,0,168501,160421,157661,73322,57835,41842,0,6322,2275,2343,3069,77005,0
3153,460000,2,1,2,39,0,0,0,0,0,0,89095,93634,111899,199682,177073,175979,6000,20000,90000,9000,10000,10000,0
3154,20000,2,2,2,26,2,0,0,0,0,0,19366,19297,20023,19625,15188,0,1800,1500,500,500,0,0,1
3155,360000,1,2,2,25,1,0,2,0,0,0,0,1647,1488,490,1697,789,1647,5,2,1705,792,0,0
3156,300000,2,1,1,38,0,0,0,0,0,0,1008,228,0,0,0,0,228,0,0,888,0,0,0
3157,70000,2,2,1,28,1,3,2,2,2,0,29836,30856,30658,31850,31207,32037,1800,600,2000,0,1500,1500,1
3158,50000,2,1,2,26,0,0,0,0,0,0,26808,44361,32088,20100,15117,18501,30040,2037,592,5003,5012,2023,0
3159,150000,2,3,1,51,0,0,0,0,0,0,113647,117322,119935,124913,128108,131382,5001,4000,6006,5000,5008,0,0
3160,390000,1,2,1,42,0,0,0,0,0,0,1565,1733,2472,2626,989,4647,1733,2492,2637,992,4667,277,0
3161,280000,1,1,2,37,0,0,0,0,0,0,251486,245307,218043,196016,195307,168946,9352,8077,7171,8014,6235,4445,0
3162,50000,2,3,1,28,0,0,0,0,0,0,3377,4256,4207,694,238,0,1000,4207,694,238,0,0,0
3163,280000,2,1,2,38,1,0,0,0,0,0,0,0,3898,1460,18901,0,0,3898,1460,18901,0,0,1
3164,50000,2,2,1,41,1,0,0,0,0,0,0,0,0,0,0,0,0,0,0,0,0,0,0
3165,50000,1,1,2,32,0,0,0,2,0,0,13185,5070,6815,6068,7798,8511,1255,2000,0,2000,1000,500,0
3166,150000,2,1,2,28,0,0,0,0,0,0,0,0,0,0,0,0,0,0,0,0,0,0,0
3167,120000,2,1,2,31,1,0,0,0,0,0,0,1730,2457,2192,2655,0,1730,2459,0,2655,0,0,1
3168,360000,2,2,3,37,0,0,0,0,0,0,10764,8874,3501,328,0,770,1052,1002,328,0,770,11309,0
3169,20000,1,2,2,33,0,0,0,0,0,0,3010,1603,19980,19983,20066,19855,1272,19288,681,917,1000,889,0
3170,50000,2,3,1,46,0,0,0,0,0,0,48797,49115,47991,0,0,0,2000,1018,0,0,0,0,0
3171,20000,2,1,2,23,1,2,2,2,0,0,10407,10096,11926,11440,12596,13533,0,2000,0,1500,1300,0,1
3172,90000,1,2,1,35,0,0,0,0,0,0,90467,88834,89791,53096,52340,27660,4000,5000,3100,1700,1421,319,1
3173,230000,1,2,1,35,0,0,0,0,0,0,176853,180639,180117,179717,124117,182717,10000,5000,0,5000,189600,10000,0
3174,20000,1,2,2,22,0,2,0,0,0,2,17990,17413,18608,19138,20690,20174,0,1502,822,2000,0,220,0
3175,100000,2,2,2,23,0,0,0,0,0,0,45756,9187,5408,12920,9656,4737,9187,5408,12920,9656,4737,4513,0
3176,270000,1,2,2,26,0,0,0,0,0,0,214277,199757,198551,201945,203636,205104,10000,7500,8000,7409,7869,10035,0
3177,160000,1,2,2,28,0,0,0,0,0,0,1390,550,550,550,550,550,550,550,550,550,550,550,0
3178,80000,2,2,2,29,0,0,0,0,0,0,46724,35074,32812,25930,26414,27128,2000,2000,1100,1000,1100,1000,0
3179,10000,1,1,2,24,2,0,0,0,0,2,7554,8287,9580,9267,10096,9415,1500,2000,700,1500,0,1000,1
3180,500000,2,2,1,27,0,0,0,0,0,0,11354,9983,13570,10000,10000,10000,9983,13587,10000,10000,10000,25304,0
3181,90000,2,1,1,43,0,0,2,0,0,0,16139,7199,4367,7660,21175,4009,4367,9,7660,21175,4009,7452,0
3182,150000,2,3,1,59,0,0,0,0,0,0,11067,12367,10557,9974,11507,1926,12405,10557,9974,11507,1926,5512,0
3183,50000,1,3,1,49,0,0,0,0,0,0,2522,1173,-88,2912,390,390,1173,0,3000,0,0,780,0
3184,260000,1,3,1,48,0,0,0,0,0,0,200716,203751,205530,-170000,171696,174151,8812,9158,0,497000,10000,7000,0
3185,50000,2,2,2,22,0,0,0,0,0,0,836,10214,10057,9221,8808,3861,10214,2000,0,423,3861,3665,0
3186,30000,1,1,2,28,0,2,2,0,0,0,1190,2107,1098,1098,1248,982,1098,0,0,982,150,0,1
3187,70000,1,2,2,26,2,2,2,2,0,0,46599,45578,48505,47427,48447,45145,0,4000,0,2000,1700,3000,0
3188,360000,1,1,1,52,1,0,0,0,0,0,0,0,0,0,0,0,0,0,0,0,0,0,1
3189,430000,2,1,2,39,0,0,0,0,0,0,673,4549,7566,987,4870,975,4576,7642,990,4889,981,317,0
3190,50000,2,2,2,23,0,0,0,0,0,0,1291,2075,2895,2698,2500,2296,1100,1181,300,300,300,250,0
3191,150000,2,5,2,26,0,0,2,0,0,0,22683,24349,2130,2130,32,-780,2219,0,0,0,0,0,0
3192,70000,2,2,2,23,1,2,0,0,2,2,17461,16892,18013,19315,19859,19390,0,1400,1600,1000,0,1000,1
3193,150000,2,1,2,25,0,0,0,0,0,0,42437,35082,19538,13277,3200,0,2265,2538,277,200,0,0,0
3194,110000,1,3,1,38,0,0,0,0,0,0,14084,11129,9316,7681,8897,11729,2500,2500,1000,1500,3000,500,0
3195,20000,2,1,2,38,0,0,0,3,2,2,3527,4556,5867,5495,5126,5899,1241,1700,0,0,1000,0,1
3196,20000,1,3,2,39,0,0,0,0,2,2,7824,9000,9867,11929,12091,12245,1307,1174,2236,500,500,0,0
3197,50000,1,1,2,31,0,0,0,0,0,0,11479,12002,3508,339,1655,679,12002,3508,339,1655,679,1600,0
3198,10000,1,1,2,33,0,0,0,0,0,0,8417,6281,8567,10046,10063,10132,1700,4700,2502,1500,3000,0,0
3199,20000,1,2,2,24,0,0,2,0,0,0,15703,19775,19096,19612,20164,19771,4663,0,1000,1000,5000,0,0
3200,180000,1,2,2,34,1,0,0,0,0,0,149172,100466,98458,89384,88315,84320,4600,4207,3500,4000,5000,602,1
3201,60000,2,2,1,26,0,0,2,0,0,0,60597,61332,58787,58472,57777,60985,5504,0,2304,2261,4600,2100,1
3202,20000,1,1,1,30,1,2,2,2,2,0,6885,8627,8340,10044,9739,10571,2000,0,1855,0,1000,397,1
3203,70000,2,1,2,25,0,0,0,0,0,0,71106,67954,68976,49145,49688,47780,3292,3290,1706,1759,1729,1717,0
3204,60000,2,2,1,38,0,0,0,0,0,0,48399,48241,36162,36560,40855,885,1764,1400,5000,5000,885,1721,0
3205,200000,1,1,2,28,0,0,0,0,0,0,3330,2665,115323,21547,4056,3180,2686,115916,21722,4076,3196,17660,0
3206,200000,1,1,2,34,1,0,0,0,0,0,-1730,-1730,1111,1111,-29,-3789,0,3000,0,0,0,0,1
3207,300000,2,1,1,37,0,0,0,0,0,0,3144,5688,2297,3115,3172,1589,5734,2018,3138,3187,1597,2394,0
3208,390000,1,1,2,34,0,0,0,0,0,0,13006,522,1790,7957,3044,27603,524,1790,7957,3044,27603,11219,0
3209,80000,2,2,1,23,0,0,0,0,0,0,72364,64105,45867,29713,30270,27912,2756,1366,1000,1023,1093,700,0
3210,100000,2,1,2,25,0,0,0,0,0,0,12660,5000,0,6272,10135,11958,5000,0,6272,4000,2000,0,0
3211,230000,1,3,2,30,1,2,2,3,2,2,213894,218966,238075,233210,233833,190628,10040,28341,0,6508,187,5000,0
3212,40000,2,3,1,49,1,0,0,0,0,0,0,0,0,0,0,150,0,0,0,0,150,159,0
3213,180000,2,2,1,25,0,0,0,0,0,0,33322,29500,28418,16084,14210,711,1900,1864,600,600,711,2576,0
3214,420000,1,2,2,28,0,0,0,0,0,0,22872,23309,24612,25400,26333,27887,1700,2000,1500,1500,2000,1567,0
3215,20000,1,2,1,59,0,0,0,0,0,0,2946,0,1473,240,390,1320,0,1473,240,540,1320,0,0
3216,340000,2,2,1,31,0,0,0,0,0,0,33639,37373,40990,42415,38367,37940,5000,5000,3000,2000,2000,3000,0
3217,20000,2,1,2,25,2,2,2,2,2,2,9317,18576,18219,17095,19748,18722,10000,800,0,3500,0,1000,1
3218,320000,1,3,2,52,0,0,0,0,0,0,31858,33562,35119,36886,38756,40543,5000,5000,5000,5000,5000,5000,0
3219,360000,1,1,1,39,0,0,0,0,0,0,0,0,0,0,0,0,0,0,0,0,0,0,0
3220,100000,2,1,2,29,0,0,0,0,0,0,33330,36282,38673,43014,48300,57497,3500,3000,5000,6000,10000,0,0
3221,310000,2,1,2,36,0,0,0,0,0,0,0,298887,0,0,0,0,298887,0,0,0,0,199417,0
3222,140000,2,2,2,24,0,0,0,0,0,0,35806,36823,36285,36683,37150,41210,3000,1580,1294,1355,5000,5000,0
3223,200000,1,2,2,33,1,2,2,2,0,0,98990,96566,103019,100464,102844,105505,0,9000,0,4000,4500,4000,0
3224,30000,2,2,2,28,0,0,0,0,0,0,1743,0,0,2779,0,0,0,0,2779,0,0,0,1
3225,130000,2,3,1,25,0,0,0,0,0,0,132110,133734,129299,131871,132168,129779,6359,4505,4530,4798,4600,4655,0
3226,20000,2,3,1,44,0,0,2,0,0,0,17095,19112,17980,18780,0,0,3000,0,1000,1000,0,0,0
3227,120000,2,5,1,57,0,0,0,0,0,0,116497,109247,98109,74387,75237,78967,5000,5007,5000,5000,5000,5000,0
3228,190000,2,1,2,32,0,0,0,0,0,0,8010,922,3200,15010,4575,7279,922,3208,15010,4575,7279,0,0
3229,50000,2,2,1,26,0,0,0,0,0,0,43721,42060,42332,37872,35748,33631,2228,2500,1660,1457,1300,1340,0
3230,130000,2,5,2,27,0,0,0,0,0,0,107599,109902,112635,114472,117556,116090,4030,4600,4200,5000,5000,21932,0
3231,220000,2,2,1,48,0,0,0,0,0,0,28132,30362,31387,32559,35019,37422,2700,1534,1700,3000,3000,3000,1
3232,200000,2,2,1,29,0,0,0,0,0,0,70422,67991,56909,56841,51245,42268,3500,2472,1683,1755,1658,3579,0
3233,50000,2,3,1,59,0,0,0,0,0,0,37201,27863,27712,28433,21449,20688,1503,1352,1073,1077,900,1000,0
3234,30000,2,2,1,26,2,2,2,2,2,2,30954,30670,29856,30584,27883,29334,2074,0,2304,0,2400,0,0
3235,200000,2,2,1,33,1,0,0,0,0,0,0,0,0,0,0,0,0,0,0,0,0,0,0
3236,400000,2,3,1,50,2,0,0,0,0,0,5523,8033,0,550,0,0,8037,0,550,0,0,0,1
3237,120000,2,1,1,41,0,0,0,0,0,0,118847,113190,114113,111593,112533,111672,5000,6000,5000,5000,5000,5000,0
3238,60000,2,2,1,38,0,0,0,0,0,0,45972,49874,47329,35587,36193,29978,5000,5000,5000,5000,5000,15000,0
3239,150000,2,1,2,25,0,0,0,0,0,0,3167,13680,12848,8445,6868,1310,13879,4000,0,0,1310,0,0
3240,240000,2,2,1,44,0,0,0,2,2,3,16925,1411,1696,1437,2714,2202,1411,1200,0,1479,0,0,0
3241,130000,1,2,2,29,0,0,0,0,0,0,3594,0,0,0,0,0,0,0,0,0,0,0,0
3242,200000,1,3,1,40,2,0,0,2,2,2,91368,92989,99704,101169,103401,109831,4000,8300,4000,4000,8300,0,1
3243,240000,2,2,1,56,2,2,0,0,0,0,2500,0,0,0,0,0,0,0,0,0,0,0,1
3244,30000,2,1,2,22,0,0,2,0,0,0,14885,16579,17498,25032,25626,27191,1939,1500,8213,1000,2000,3200,1
3245,50000,2,2,1,26,0,0,0,0,0,0,44335,44626,40928,29367,29156,27337,2126,2104,990,1200,1654,897,0
3246,30000,1,2,2,26,2,0,0,0,2,2,13660,14708,17725,20320,19480,19222,1269,3286,2881,1,632,1,0
3247,310000,1,1,1,33,0,0,0,0,0,0,0,0,0,0,0,0,0,0,0,0,0,0,0
3248,120000,2,2,2,28,2,2,2,2,0,0,111840,114252,115306,112404,114269,116332,5300,3600,0,3400,3500,4494,1
3249,290000,2,2,1,34,0,0,0,0,0,0,16196,17220,18231,18593,18986,19967,1292,1303,665,692,1300,636,0
3250,50000,1,2,2,45,0,0,0,0,0,0,45911,47521,48599,7476,7792,4122,2350,2421,298,468,1649,1500,0
3251,130000,2,1,2,27,0,0,0,0,0,0,86883,99516,77188,78304,79941,81648,40000,3400,3000,3052,3190,3300,0
3252,50000,1,5,1,30,0,0,0,0,0,0,47311,44136,17865,6431,6939,4509,2900,1035,500,508,410,0,0
3253,210000,2,2,1,33,0,0,0,0,0,0,98,1090,0,0,580,500,1120,0,0,580,500,0,0
3254,50000,1,3,1,47,1,3,2,0,0,0,4759,4540,4284,2946,1473,1473,0,0,0,0,1473,1473,1
3255,10000,2,2,2,40,0,0,0,0,0,0,6160,6787,7377,7127,6931,6660,1123,1103,243,296,280,16,0
3256,10000,1,3,2,22,0,0,0,0,0,0,5757,6706,7715,7873,8742,9551,1200,1128,286,1000,955,0,0
3257,80000,2,2,2,24,2,2,3,2,3,2,75444,80025,78129,82581,81053,79133,6400,0,6300,0,0,5000,1
3258,360000,1,2,1,65,1,0,0,0,0,0,0,0,0,0,0,0,0,0,0,0,0,0,1
3259,530000,1,1,2,32,0,0,0,0,0,0,12451,24095,15688,24511,12144,34963,24120,15791,12808,8090,34110,90231,0
3260,20000,1,2,2,46,0,0,0,0,0,0,20376,19927,19907,19349,17484,-1216,2000,1500,607,1360,1300,20538,0
3261,170000,1,2,1,42,0,0,0,0,0,0,131629,131374,129544,131937,132958,134525,5300,5100,5000,4700,5000,4800,0
3262,220000,2,2,1,33,0,0,0,0,0,2,16090,4991,-1350,18150,350,200,4991,0,20000,350,0,16115,0
3263,180000,1,3,1,40,0,0,0,0,0,0,991,991,1316,325,1657,325,991,1316,0,1657,325,325,0
3264,440000,2,1,1,37,0,0,0,0,0,0,5302,13333,686,-414,2736,12586,13333,1383,0,3150,13000,5500,0
3265,20000,1,2,1,62,2,0,0,0,0,0,17870,18740,19343,19402,11731,0,1462,1367,682,627,0,0,1
3266,400000,2,2,2,39,1,0,0,0,0,0,0,0,0,0,0,0,0,0,0,0,0,0,1
3267,130000,1,2,2,27,0,0,0,0,0,0,44826,40650,0,0,0,0,1092,0,0,0,0,0,0
3268,420000,1,1,2,29,0,0,0,0,0,0,194505,144086,144169,122453,120509,119783,5479,5502,4193,5006,4503,4003,0
3269,80000,2,2,1,34,0,0,0,0,0,0,78688,80539,76681,34197,27398,28646,4000,2333,3032,28298,2000,2000,0
3270,20000,2,2,1,45,0,0,0,0,0,0,18569,40278,18760,18662,0,0,2500,3000,1000,0,0,0,0
3271,320000,2,2,2,29,1,2,0,0,3,2,93070,90725,92697,106221,104313,103251,0,3500,15100,11,3129,11,1
3272,160000,1,1,1,40,0,0,0,0,0,0,27563,28350,25186,36100,21707,7928,5002,5000,14400,10000,4000,0,0
3273,50000,2,2,2,23,0,0,0,0,0,2,48725,51175,50115,33814,34423,31988,4987,1661,2000,3000,0,3213,0
3274,50000,1,2,2,35,0,0,0,0,0,0,14536,10827,9594,7309,1277,3310,2000,2000,2000,1277,3294,0,0
3275,70000,2,2,1,43,0,0,0,0,0,0,71037,71880,71927,71370,71003,71411,3352,3400,2900,2900,2900,2558,0
3276,20000,1,3,2,59,1,2,2,4,3,2,19074,18482,20329,19616,19303,1013,0,2300,0,0,0,2821,1
3277,160000,2,2,2,24,0,0,0,0,0,0,157389,158475,162309,162462,160085,158236,6800,6500,6000,6200,6200,6000,0
3278,130000,2,1,2,33,1,0,0,0,0,0,0,0,0,0,0,0,0,0,0,0,0,0,1
3279,20000,2,1,2,23,0,0,3,2,2,0,16918,20627,19985,19702,18395,18763,4000,1,651,0,655,653,0
3280,170000,2,2,1,48,0,0,0,0,0,0,18727,64028,107946,13608,110667,6878,66513,108323,13608,112876,3998,1118,0
3281,300000,2,1,2,39,0,0,0,0,0,0,729,0,236,766,227,0,0,236,800,227,0,0,0
3282,160000,2,1,2,31,0,0,0,0,0,0,1672,4411,500,0,0,0,4411,504,0,0,0,0,0
3283,110000,2,3,1,52,1,0,0,0,0,0,0,0,1000,0,0,0,0,1000,0,0,0,0,0
3284,230000,2,1,2,27,0,0,0,0,0,0,92167,92799,94328,96203,98474,98835,3340,3401,3420,3797,3476,2818,0
3285,60000,2,2,2,21,0,0,0,0,0,0,40969,32724,24975,25475,26010,26183,1859,1410,910,939,1000,1000,0
3286,280000,1,1,1,35,0,0,0,0,2,0,146368,244092,210226,177595,153181,145852,101585,90762,50119,282,50436,54184,0
3287,180000,2,1,2,47,1,0,0,0,0,0,-6,-6,1251,0,0,679,0,1257,0,0,679,421,0
3288,30000,2,1,1,30,2,2,2,3,2,2,12109,12917,13909,13394,13036,15019,1300,1500,0,0,2200,0,1
3289,50000,2,2,2,28,0,0,0,0,0,0,48010,40668,30361,22266,18469,21551,5000,2000,5000,6560,10000,13694,0
3290,270000,2,2,1,41,0,2,0,0,0,0,832,416,832,416,566,416,0,832,0,566,416,416,0
3291,80000,2,2,2,24,0,0,0,0,0,0,2346,0,0,0,0,0,0,0,0,0,0,0,1
3292,120000,1,1,2,31,2,0,0,2,0,0,25719,29961,32451,31630,34115,36551,5000,3000,0,3000,3000,4000,1
3293,120000,1,3,1,53,0,0,0,0,0,0,291,291,0,582,291,0,291,0,582,291,0,582,0
3294,30000,1,1,2,23,0,0,0,0,0,0,29025,28331,29792,30106,30318,28985,1507,5538,1030,1500,1500,1500,0
3295,380000,1,1,2,36,0,0,0,0,0,0,68943,75024,61114,60586,55489,55702,8000,5000,2500,5000,4000,4000,0
3296,80000,2,2,1,37,2,2,2,0,0,0,80508,81731,78772,76818,70319,-1560,3100,0,2000,3000,0,75003,1
3297,20000,2,2,2,26,0,0,0,0,0,0,17938,18798,19347,8007,4890,0,1456,1005,160,98,0,0,0
3298,160000,1,3,1,34,0,0,0,0,0,2,2947,4593,6057,6519,7130,6578,2000,2000,1000,1000,0,2000,0
3299,230000,2,2,2,26,0,0,0,4,3,2,8328,0,600,600,300,150,0,600,0,0,0,686,1
3300,370000,1,2,2,39,2,0,0,0,0,0,334394,337272,340152,345904,322168,272461,14005,12004,12362,12006,9555,11005,1
3301,30000,2,3,1,41,1,2,0,0,2,0,29717,28569,29168,30566,29229,26260,0,2000,2200,0,1100,1100,0
3302,20000,2,2,2,24,0,0,0,0,0,0,20073,19940,19441,18680,19071,19217,1319,1291,656,679,784,376,0
3303,20000,1,2,2,23,1,3,2,2,0,0,17529,16967,17176,16605,17185,18340,0,780,0,1000,1600,1000,1
3304,470000,1,2,1,52,0,0,0,0,0,0,84672,86821,88892,90944,93739,96428,5000,5000,5000,5000,5000,5000,0
3305,220000,2,2,2,29,0,0,0,0,0,0,36106,33494,29518,29569,28587,21201,3000,3000,6000,5000,1136,10000,1
3306,80000,1,3,2,32,0,0,0,0,0,0,78887,69433,48198,49182,49939,50626,2569,2000,2000,1770,2002,2008,0
3307,180000,2,2,1,33,0,0,0,0,0,0,0,0,0,0,653,0,0,0,0,653,0,0,0
3308,100000,2,2,2,39,0,0,0,0,0,0,24110,10497,20159,7053,0,1120,2000,20159,500,0,1120,1909,0
3309,10000,2,2,2,21,0,0,0,0,0,0,7888,8987,9604,9800,10000,0,1383,1000,196,200,1000,0,0
3310,280000,2,2,1,51,0,0,0,0,0,0,2477,3470,0,0,0,0,3470,0,0,0,0,1715,0
3311,110000,2,1,1,31,2,2,2,0,0,0,107507,108067,83164,79428,80235,79412,7960,0,3000,3000,3100,3000,1
3312,210000,2,1,2,27,0,0,0,0,0,0,135066,121769,97575,93763,95790,92855,5600,4000,3220,3400,3252,3400,0
3313,200000,2,1,1,36,0,0,0,0,0,0,10317,5755,8587,7782,6987,7662,5788,8587,5314,5000,5000,6000,0
3314,260000,1,1,2,27,0,0,0,0,0,0,868,1317,1757,31741,3842,2450,1320,1770,31744,1,2606,291,0
3315,600000,1,1,2,36,0,0,0,0,0,0,-1,-1,1095,899,598,-2,0,1096,4,601,0,492,0
3316,330000,1,2,1,47,0,0,0,0,0,0,19540,23240,166722,215506,138371,21757,25487,166744,60057,560,17921,201134,0
3317,500000,2,1,2,31,0,0,0,0,0,0,258257,247282,197247,188044,210940,201108,25239,18011,13014,45049,20102,89442,0
3318,200000,1,1,3,29,0,0,0,0,0,0,7505,5894,3002,1715,2604,-1,5919,3017,1720,2611,0,380,0
3319,200000,1,2,1,36,2,0,0,0,0,0,7300,3238,2655,2200,0,0,3238,2655,0,0,0,1966,1
3320,210000,2,2,2,27,0,0,0,0,0,2,5353,280,4609,4703,6324,1621,280,4609,94,1621,0,32,0
3321,500000,2,1,1,46,0,0,0,0,0,0,3982,3700,12953,9019,4236,-31,3718,13023,9070,4257,0,0,0
3322,10000,2,2,1,44,0,0,0,0,0,0,4125,5275,0,0,0,0,1275,0,0,0,0,0,0
3323,160000,2,1,2,24,0,0,0,0,0,0,37000,0,0,0,0,0,0,0,0,0,0,0,0
3324,50000,2,3,1,42,0,0,0,0,0,0,50906,48888,47037,12187,9962,10015,2009,1180,1000,1000,348,1000,0
3325,130000,1,2,2,33,1,2,2,0,0,0,130565,131878,115173,108310,112083,81362,5012,0,4000,5000,4000,2106,0
3326,140000,2,1,2,28,0,0,0,0,0,0,138036,140922,144072,142381,142807,141635,6600,7000,5300,6000,5500,5500,1
3327,80000,2,2,2,45,0,0,0,0,0,0,83150,-8000,0,0,0,0,0,8000,0,0,0,0,0
3328,500000,2,1,2,31,0,0,0,0,0,0,17496,1001,15782,29251,20095,77684,2000,5000,37223,0,80583,10155,1
3329,500000,2,2,1,39,0,0,0,0,0,0,146700,126765,107965,89339,67854,54918,4585,3789,3942,2433,10000,762,0
3330,320000,2,2,1,35,0,0,0,2,0,0,4050,4914,6630,6393,9721,10584,1073,1789,0,3425,1000,3425,0
3331,50000,1,2,2,29,1,2,0,0,0,0,49612,48546,49157,49890,48941,49940,0,1900,1333,0,999,0,0
3332,120000,2,2,2,40,0,0,0,0,0,0,4180,5100,0,0,0,0,1000,0,0,0,0,0,0
3333,500000,1,1,1,59,0,0,0,0,0,0,0,0,994,3342,1240,700,0,994,3342,1240,700,2250,1
3334,290000,2,2,1,42,0,0,0,0,0,0,-132,18364,2417,4583,1402,3227,18496,2429,4598,7,3227,1,0
3335,280000,1,1,1,50,0,0,0,0,0,0,19378,347,4197,3755,0,0,348,4399,18,0,0,0,0
3336,30000,2,3,1,41,0,0,0,0,0,0,39230,37737,36619,34752,33229,32211,1618,2000,1500,1500,2000,1248,1
3337,80000,1,1,2,31,1,2,2,2,2,2,21004,20384,22231,21576,23229,22708,0,2500,0,2000,0,1000,1
3338,50000,1,2,2,24,0,0,0,2,0,0,48136,72898,36103,29384,29356,29089,3700,5396,6,1003,1449,1022,0
3339,10000,1,3,2,24,1,2,2,2,2,2,7826,8745,8440,9229,8969,8819,1200,0,900,0,2000,0,0
3340,550000,1,1,1,49,0,0,0,0,0,0,42141,1515,1488,18334,-114,-114,1522,1495,18426,0,0,22670,1
3341,60000,1,2,2,41,0,0,0,0,0,0,14895,6750,5784,5246,3760,11411,6750,5784,5246,3760,11411,7435,0
3342,140000,2,2,1,28,0,0,0,0,0,0,5925,7729,0,150,1550,98426,2000,0,150,1550,106155,3500,0
3343,50000,2,2,2,28,0,0,0,0,0,0,46096,25370,26331,24749,25269,26847,1442,1403,1000,919,2000,1000,0
3344,300000,2,2,1,27,0,0,0,0,0,0,286321,283547,578971,293063,296677,230338,20000,12003,10524,11238,8814,9463,1
3345,30000,2,3,1,29,2,2,2,2,2,0,26836,28894,30571,31011,30389,30115,2500,2670,2000,0,1000,1000,1
3346,50000,2,2,2,25,1,0,0,0,0,0,0,0,0,0,0,0,0,0,0,0,0,7700,1
3347,250000,2,2,1,33,2,2,0,0,0,0,2500,0,0,0,0,0,0,0,0,0,0,0,1
3348,60000,1,1,2,39,0,0,0,0,0,0,54978,56144,57251,58543,58345,59757,2050,2053,2219,2200,2394,1890,0
3349,80000,1,3,2,44,2,0,0,0,2,2,57076,58358,58992,62696,64148,62965,2800,2200,4700,2600,0,4400,0
3350,480000,1,1,2,33,1,0,0,0,0,0,-897,-897,-897,-897,-897,-897,0,0,0,0,0,0,0
3351,30000,1,2,1,44,1,3,2,2,2,2,23171,22523,21863,23296,22783,24310,0,0,1800,0,1910,780,1
3352,10000,2,2,2,25,0,0,0,0,0,0,9150,9206,10051,9850,8214,8054,1185,1030,1000,1000,2000,2000,0
3353,410000,2,1,2,41,0,0,0,0,0,0,0,0,0,150,150,1929,0,0,150,150,1929,136869,0
3354,100000,1,1,1,33,0,0,2,2,2,2,38219,42604,44607,45576,46495,47182,5000,3000,2000,1800,1600,2000,0
3355,200000,1,3,1,41,0,0,0,0,0,0,84573,76348,50776,51018,25982,10170,2544,1433,3224,775,5000,2000,0
3356,380000,2,2,1,48,0,0,0,0,0,0,363191,373421,363343,290371,289600,288256,15504,14000,12500,12000,11000,14000,0
3357,100000,1,2,2,27,0,0,0,0,2,0,41298,42448,44368,48652,47885,48850,2000,2500,4900,0,1763,2000,0
3358,50000,2,3,1,27,0,0,0,2,0,0,37651,38498,40644,39731,35657,27014,1754,2900,0,1265,832,500,1
3359,130000,2,2,1,28,0,0,0,0,0,2,107216,91888,83975,76842,78093,67557,4000,4000,8000,6000,0,2500,1
3360,120000,1,2,2,34,0,0,0,0,0,2,131773,58259,54699,54832,53693,48731,3000,1944,5000,3692,0,2000,0
3361,150000,2,2,1,42,0,0,0,0,0,2,139172,141401,137320,138016,144084,136604,6022,5022,5100,10500,0,10000,0
3362,310000,2,1,1,39,0,0,0,0,0,2,1989,4566,5329,5724,1518,1336,4566,5433,5724,1336,0,3167,0
3363,110000,2,2,2,51,0,0,0,0,0,0,150000,0,0,3007,857,55973,0,0,3007,857,100000,1000,0
3364,420000,1,2,1,37,0,0,0,0,0,0,415257,411624,388363,390003,398229,409615,16850,15522,14000,14500,18007,12733,1
3365,140000,1,2,1,28,0,0,0,2,0,0,6007,7332,7983,3277,2964,4791,7340,7983,0,2964,4800,2353,1
3366,500000,2,1,1,37,1,0,0,0,0,0,0,0,0,0,0,0,0,0,0,0,0,0,1
3367,260000,2,2,2,26,0,0,2,2,0,0,258364,279322,282092,255409,257913,262004,45446,9000,0,9394,9628,8539,0
3368,90000,2,2,1,48,0,0,0,0,0,0,316,316,316,316,316,316,316,316,316,316,316,316,1
3369,90000,2,2,2,41,0,0,0,0,0,0,48276,47820,46602,47141,16114,15825,2281,1219,1164,556,595,480,0
3370,20000,1,3,2,35,0,3,2,0,0,0,8918,8634,8280,11500,9000,0,0,0,4000,7000,0,0,0
3371,30000,1,2,2,36,0,0,0,0,0,0,36124,35538,34359,32450,30633,30628,2500,2215,1156,1200,3000,3000,1
3372,140000,2,2,1,36,0,0,0,0,0,0,45849,46909,47928,48731,49793,50812,2100,2100,1900,2000,2000,2100,0
3373,340000,2,2,2,32,0,0,0,0,0,0,80174,82761,83636,85282,87070,88828,3871,3136,3014,3123,3168,4855,0
3374,120000,2,1,2,31,0,0,0,0,0,0,-66,-33,-33,-33,-33,-33,0,0,0,0,0,0,0
3375,420000,1,1,1,34,0,0,0,0,0,0,18037,9944,3254,-16,-16,-16,3048,3016,0,0,0,3262,0
3376,100000,1,3,1,48,0,0,0,0,0,0,6345,0,0,0,0,0,0,0,0,0,0,0,0
3377,350000,2,2,2,37,0,0,0,0,0,0,128146,117713,51961,46207,35052,12536,4052,1700,1500,2000,500,2000,0
3378,50000,1,2,1,26,0,0,0,0,0,0,48992,49689,31368,9454,6020,5000,1769,1003,189,120,100,3710,0
3379,30000,2,1,2,28,2,2,4,4,4,4,37,37,37,37,37,37,0,0,0,0,0,0,0
3380,360000,2,1,2,29,0,0,0,0,0,0,1766,4500,14697,10687,1968,1272,4534,14697,0,2141,1272,24078,0
3381,20000,2,3,2,23,0,0,0,0,0,0,17432,1165,19325,19311,18430,400,1165,19325,386,369,400,5125,0
3382,400000,2,2,2,38,0,0,0,0,0,0,2988,3983,3417,3267,186,1200,1222,1000,1200,186,1200,0,0
3383,170000,1,3,1,45,0,0,0,0,0,0,40441,40937,34090,34894,36829,37727,5000,2000,2000,3000,2000,2000,0
3384,110000,2,2,1,36,1,2,0,0,2,2,10448,10144,14516,19396,9298,14116,0,5000,5000,0,5000,0,1
3385,200000,2,2,1,37,0,0,0,0,0,0,390,31638,770,2108,0,0,31638,770,2118,0,0,0,1
3386,200000,2,1,1,32,0,0,0,0,0,0,6540,17288,3009,20311,15643,5696,17301,3009,26257,15643,5696,12149,0
3387,360000,1,1,2,29,0,0,0,0,0,0,5143,2092,1864,969,2500,0,6159,1870,969,2500,0,0,0
3388,500000,1,1,1,37,0,0,0,0,0,0,1961,1188,-150,150,6805,0,1188,0,300,6805,0,0,0
3389,20000,1,2,2,22,0,0,0,0,0,0,18462,16699,19674,19258,9546,12051,1510,3875,759,10000,19126,1946,0
3390,270000,1,3,1,32,3,2,0,0,0,0,150616,146262,149449,150893,153878,157324,0,7100,5500,6000,6000,5100,0
3391,20000,1,2,2,44,1,2,0,0,0,0,6535,6285,7672,8390,9101,9796,0,1500,1000,1000,1000,1000,1
3392,350000,2,1,1,43,0,0,0,0,0,0,0,0,0,0,0,1146,0,0,0,0,1146,54269,0
3393,150000,2,2,1,26,0,0,0,0,0,0,115786,123423,5250,0,0,0,10000,5250,0,0,0,0,0
3394,260000,2,1,2,30,0,0,0,0,0,0,83138,93416,84117,28683,3154,13603,14038,5018,10000,3154,13603,9189,0
3395,90000,1,1,2,33,0,0,2,0,0,2,1650,721,421,2754,309,159,721,0,2833,1000,0,2000,0
3396,310000,2,2,1,32,0,0,0,0,0,0,162530,155831,96835,89223,80462,73899,6100,4252,5000,2780,4881,3000,0
3397,210000,2,1,2,43,1,0,0,0,0,0,-3309,177952,167125,139784,142662,145725,184212,5482,3493,3590,3815,3876,0
3398,40000,2,2,1,45,1,2,0,0,0,0,11402,10928,11940,12241,12544,12835,0,1200,500,500,500,500,1
3399,80000,2,2,1,25,1,0,0,0,0,0,0,0,0,0,13369,0,0,0,0,13369,0,0,0
3400,50000,1,3,2,22,0,0,0,0,0,0,6673,5054,2340,1990,1377,1080,1056,1000,40,1377,1080,382,1
3401,370000,2,1,1,46,0,0,0,0,0,0,26555,1572,166229,168601,171018,600,1572,166235,3372,4018,600,600,0
3402,130000,1,2,2,28,0,0,0,0,0,0,113613,112867,92617,94896,92347,94323,5847,3413,3872,3465,3627,5000,0
3403,710000,2,2,1,40,0,0,0,0,2,0,5200,0,0,1004,854,8626,0,0,1004,0,8000,5000,1
3404,180000,2,3,2,24,1,0,0,0,0,0,0,35300,1000,0,0,1245,35300,1000,0,0,1245,0,0
3405,80000,2,2,1,30,0,0,0,0,0,2,42755,45053,46104,48327,53549,52457,3000,1800,3000,6000,2900,2000,0
3406,560000,2,1,2,32,0,0,0,0,0,0,68199,31211,23991,15488,12579,11400,1548,1446,14720,427,1000,300,0
3407,170000,2,1,2,26,0,0,0,0,0,0,47642,40779,34570,33153,24969,22893,4000,2006,1000,1000,1000,1000,0
3408,30000,2,3,1,63,0,0,0,0,0,0,8866,5884,11146,7779,8092,1565,5884,11146,0,8092,1565,2620,0
3409,430000,2,1,2,30,0,0,0,0,0,0,2202,7172,4705,2029,41581,25984,7232,4723,2035,41784,26108,37216,0
3410,500000,2,2,1,37,0,0,0,0,0,0,7325,355,355,1204,2378,6344,355,355,1204,2378,6344,14889,0
3411,10000,1,2,2,26,0,0,0,0,0,0,7606,7030,8454,9454,5784,0,2000,2000,1000,0,0,0,1
3412,130000,2,1,2,25,0,0,0,0,0,0,5279,7887,10116,9110,6500,5874,4000,4000,2500,236,1700,74,0
3413,160000,2,2,2,50,0,0,0,0,0,0,3,3,3,3,13333,0,13333,13333,13333,26663,0,11913,0
3414,150000,1,1,2,33,1,2,2,2,0,0,88590,85800,91242,88399,89629,94637,0,7400,0,3300,7000,0,1
3415,340000,2,2,1,43,0,0,0,0,0,0,33245,249,27476,0,0,24272,249,27477,0,0,24272,11008,0
3416,200000,2,2,1,37,0,0,0,0,0,0,184144,189158,190569,191730,171269,151550,8017,8000,8000,9000,7000,6000,0
3417,130000,1,2,2,37,0,0,0,0,0,0,125780,128768,130112,129785,121609,123586,6500,5000,5000,5000,6000,5000,0
3418,320000,2,3,1,30,0,0,0,0,0,0,49889,51151,48449,48948,49967,36697,2825,2961,1600,1579,1692,1068,0
3419,50000,1,3,1,54,2,0,0,0,0,0,55518,52931,55122,33975,18827,19222,3000,4000,53083,1268,708,664,0
3420,360000,1,1,1,46,0,0,0,0,0,0,2171,1063,91502,100125,84773,76951,1068,91679,45086,2223,2091,9890,0
3421,420000,2,2,2,29,0,0,0,0,0,0,408568,418589,426336,84732,64614,3068,18000,18691,5027,3000,3068,175056,0
3422,110000,1,1,2,30,1,2,0,0,0,0,2932,2373,2373,1475,3102,3151,0,2373,1475,4000,3000,2373,0
3423,80000,1,2,2,35,0,0,0,0,0,0,26994,28659,57803,27562,28224,28867,2000,30000,1000,1000,1000,1500,0
3424,60000,2,3,1,43,0,0,0,0,0,0,60283,61227,60385,30368,29667,30159,3000,1700,1135,1100,1500,1200,1
3425,60000,1,2,2,24,0,0,0,0,0,0,47757,26340,16532,15782,17782,9450,1468,2000,0,2000,0,0,0
3426,210000,1,2,2,26,0,0,0,0,0,0,186109,168198,97223,202134,102844,39995,5929,3272,4362,5040,3195,105,0
3427,360000,2,1,1,46,0,0,0,0,0,0,42094,10594,31532,46342,56571,65268,10600,30000,20000,15000,10000,10000,0
3428,20000,1,2,2,48,0,0,2,0,0,0,6111,10479,10167,10695,11365,12170,4500,0,1000,1000,1000,1000,0
3429,150000,2,1,2,42,1,0,0,0,0,0,-874,-874,-874,-874,-874,4126,0,0,0,0,5000,0,0
3430,310000,1,3,2,30,0,0,0,0,0,0,-44,-44,8915,-35,7028,-116,0,8959,0,7063,0,23240,0
3431,240000,2,2,1,40,0,0,0,0,0,2,3571,2298,2632,904,5559,2748,2309,2637,2,5567,8,2730,1
3432,160000,2,3,1,55,0,0,0,0,0,0,4144,2016,3384,1449,5542,7314,2016,3399,1449,5590,7314,1579,0
3433,240000,2,1,2,40,0,2,2,0,0,0,1841,764,-13,-13,687,-44,2,0,0,700,0,0,0
3434,20000,1,1,2,22,0,0,0,0,0,0,14677,16625,17924,18674,15452,15882,3004,3006,3007,489,2110,2201,0
3435,190000,1,1,1,55,0,0,0,0,0,0,390,390,390,390,6026,7410,390,390,390,6026,7410,390,1
3436,280000,2,2,1,40,1,0,0,0,0,0,-10,-10,-10,-10,-10,-10,0,0,0,0,0,0,0
3437,80000,1,2,3,58,0,0,0,0,0,0,3719,4444,0,0,0,0,1000,0,0,0,0,0,0
3438,290000,2,3,1,49,0,0,0,0,0,0,169004,166920,153092,3804,155233,148003,7600,7521,3804,160897,5198,6000,0
3439,200000,2,1,1,34,0,0,0,0,0,0,3987,1631,21698,12657,11349,9006,1631,21698,12657,569,3000,25000,0
3440,320000,1,1,1,50,0,0,0,0,0,0,6426,-4,816,30026,49154,1299,0,824,31144,25664,2610,1833,0
3441,350000,2,2,2,27,0,0,0,0,0,0,16022,17059,17772,18127,18536,19224,1600,1300,650,700,1000,750,0
3442,110000,1,1,2,33,0,0,2,2,2,2,39768,44333,43320,48236,49195,48253,5548,0,5651,1876,0,2000,0
3443,300000,2,2,1,37,1,0,0,0,0,0,0,0,0,363,0,944,0,0,363,0,944,2000,1
3444,500000,2,1,1,44,1,0,0,0,0,0,706,1108,380,-270,2305,2733,1242,380,22,2575,3009,6026,0
3445,120000,2,1,2,35,0,0,0,0,0,0,500,2483,250,1579,223,421,2483,252,1579,223,421,8228,0
3446,80000,2,3,3,31,0,0,0,0,0,0,5154,5390,6276,1322,500,175,1124,1010,1322,500,175,1331,0
3447,200000,2,2,2,33,0,0,0,0,0,0,198878,195883,190282,164492,165076,166008,7700,7527,4900,5100,5300,4610,1
3448,150000,2,1,2,26,0,0,0,0,0,0,1551,2961,4175,1707,4492,6149,2990,4175,1707,4492,6149,34672,1
3449,150000,2,1,2,40,0,0,0,0,0,0,145074,152179,149313,129768,136084,30312,11000,6000,40000,42000,34880,201277,0
3450,210000,1,2,1,42,1,0,0,0,0,0,652,0,326,321,1435,8480,0,326,326,1440,8521,9592,0
3451,150000,1,2,2,36,0,0,0,0,0,0,5382,0,0,0,0,0,0,0,0,0,0,0,1
3452,50000,2,1,2,26,0,0,2,0,0,0,39052,44416,43407,44382,45672,46758,6000,0,2000,2000,2000,2000,0
3453,80000,1,2,1,33,0,0,0,0,0,0,79537,76226,49645,50235,47014,47575,2359,1745,1725,1704,1730,1677,0
3454,50000,1,2,1,34,0,0,0,0,0,0,2522,0,2522,1261,1261,1428,0,2522,0,1261,1428,1261,0
3455,20000,2,2,1,50,2,0,0,0,0,0,17393,18119,19413,19704,19563,20391,1315,2401,900,709,1548,0,0
3456,50000,1,2,1,37,0,0,0,0,0,0,27516,28871,29500,28914,29529,29319,2000,1435,1149,1197,1009,990,0
3457,50000,1,1,2,29,1,2,2,2,2,2,14497,13975,25731,26112,26548,25970,0,12000,1100,1000,0,2500,0
3458,280000,1,2,1,46,1,2,2,2,2,2,188894,194489,197722,192140,203913,200564,10101,8000,0,15000,0,7053,1
3459,230000,1,2,1,51,0,0,0,0,0,0,197993,84076,77766,70066,62865,55311,2965,3500,2600,2500,1901,2370,0
3460,230000,1,2,2,30,0,0,2,0,0,0,38651,45681,44652,48540,52477,56506,8000,0,4970,4907,4936,5024,1
3461,80000,2,3,1,37,0,0,0,0,0,0,63185,62209,61991,30597,30794,30684,5021,10036,3000,2000,2000,2000,0
3462,60000,2,2,3,35,0,0,2,0,0,0,12695,15453,13420,15211,14395,16141,3000,0,2000,1000,2000,1000,0
3463,200000,1,2,1,37,0,0,0,0,0,0,199669,204168,202381,172574,171795,170960,9300,7851,6400,6500,6537,6200,0
3464,30000,2,3,2,22,0,0,0,0,0,0,-854,29393,27390,2390,780,24310,33404,1000,2390,0,48620,156,0
3465,340000,2,1,2,34,0,0,0,0,0,0,32488,42449,30042,28987,13104,59204,42552,30084,29033,13120,59273,1241,0
3466,250000,2,2,1,40,0,0,0,0,0,0,4843,2942,1054,1708,3014,3037,2942,1057,1708,3014,3037,4974,0
3467,200000,1,1,1,52,0,0,0,0,0,0,1015,932,1453,821,1123,878,934,1461,823,1126,880,926,0
3468,150000,1,1,2,39,0,0,0,0,0,0,146736,149030,148258,106114,105951,78487,7027,6000,3220,3600,2670,2618,0
3469,100000,2,3,1,53,1,0,0,0,0,0,0,0,0,0,0,0,0,0,0,0,0,0,0
3470,220000,2,2,1,41,0,0,0,0,0,0,126532,90013,91191,86139,83743,78555,4500,4006,3000,3000,3000,6000,0
3471,140000,1,1,2,32,1,0,0,0,0,0,-4,-680,1824,1508,300,-206,0,3000,0,0,0,2000,1
3472,40000,1,1,1,28,0,0,2,0,0,0,10371,11895,11228,2475,5341,6255,2567,0,2475,5341,1500,0,1
3473,200000,2,2,2,30,0,0,0,0,0,0,185070,182566,178604,181878,182444,185250,7022,6501,6500,6504,7008,8009,0
3474,520000,2,1,2,35,0,0,0,0,0,0,60912,56728,55758,57911,54152,43108,7000,5000,5004,5000,5000,5031,0
3475,30000,2,2,1,22,0,0,0,0,0,0,16534,17213,17723,17431,17882,17694,2002,1553,1002,2002,1000,542,0
3476,20000,1,2,2,28,0,0,0,0,0,0,17973,17835,18795,18252,17589,17480,1318,1278,635,802,350,0,0
3477,50000,1,2,2,40,0,0,0,0,0,0,14633,12921,13957,16703,17052,17391,1218,1254,3000,617,621,643,1
3478,300000,2,3,2,29,0,0,0,0,0,0,143568,147715,149506,-4394,-4394,-4394,7951,6890,0,0,0,0,0
3479,500000,2,1,2,36,0,0,0,0,0,0,10935,4079,3943,3338,1224,31022,4081,4283,3338,1224,31022,1088,0
3480,490000,2,2,2,27,0,0,0,0,0,0,222705,191752,195022,196099,201289,86703,5011,5217,5000,5340,94762,5026,0
3481,200000,1,1,2,27,0,0,0,0,0,0,630,825,1890,1260,630,630,825,1890,0,0,630,1030,0
3482,40000,2,1,2,23,2,2,2,0,0,0,19827,20709,21070,21420,23066,23683,1500,1000,1000,2000,1000,894,1
3483,150000,2,1,2,28,0,0,0,0,0,0,3752,2730,500,2727,712,0,2730,500,2727,712,0,0,0
3484,50000,1,1,1,29,0,0,0,0,0,0,48310,49690,40697,16751,17093,13191,2300,1400,335,342,4000,200,1
3485,100000,1,2,2,27,0,0,0,0,0,0,99668,100181,99156,80234,80090,79494,4850,3740,2798,2865,3020,2377,0
3486,50000,2,3,1,42,2,2,2,0,0,2,44961,48164,38684,41034,43597,42743,4000,0,3000,3228,0,4000,1
3487,130000,2,2,2,25,0,0,0,0,0,0,390,390,36659,23150,27376,33104,780,36659,5000,5000,7000,5000,0
3488,70000,2,1,2,27,0,0,0,0,0,0,157,157,157,157,307,507,157,157,157,307,507,357,0
3489,30000,2,1,1,30,0,0,0,0,0,2,28289,29537,29378,22692,24169,23782,2013,1440,800,1800,108,1130,0
3490,50000,1,1,2,28,0,0,0,0,0,0,31170,20413,13738,6326,1452,1612,2005,1206,1000,600,500,1000,0
3491,80000,1,1,1,45,0,0,0,0,0,0,1473,1473,24770,3366,1473,44314,1473,24770,3366,1473,44314,4000,1
3492,220000,2,1,2,30,0,0,0,0,0,0,72546,74618,62379,37137,-669,14069,5206,30176,10258,14000,15070,6029,0
3493,200000,1,2,1,45,0,0,0,0,0,0,200378,162374,154234,143953,147834,147373,6061,7048,5016,10294,5136,5225,0
3494,120000,2,2,2,24,0,0,0,0,0,0,11296,12200,11761,6761,7189,1087,1400,1000,0,1000,1087,801,0
3495,100000,2,2,2,25,2,2,2,0,0,0,98499,101051,98503,98949,48552,49545,5000,0,3900,1801,1800,2000,0
3496,100000,2,3,1,59,1,0,0,0,0,0,0,7240,7702,1550,12079,35920,7240,1000,1558,12079,35920,0,0
3497,50000,2,1,2,23,0,0,0,0,0,0,50025,22656,19610,17801,18078,18137,1626,1581,1000,900,700,1000,0
3498,240000,1,2,1,37,0,0,0,0,0,0,2208,5652,34351,22241,8472,500,5665,35000,8877,500,0,21257,0
3499,60000,1,1,2,28,0,0,0,0,0,2,2295,5293,13421,9900,310,160,6000,10000,900,310,0,3400,0
3500,260000,2,2,1,34,0,0,0,0,0,0,8214,2149,3065,750,0,0,2151,3065,750,0,0,377,1
3501,30000,2,3,1,56,2,2,2,2,2,2,17643,18564,17969,20645,21666,21170,1500,0,3000,1500,0,1900,1
3502,440000,2,3,1,40,0,0,0,0,0,0,54408,57901,61914,65863,69792,73346,5000,5000,5000,5000,5000,5000,0
3503,360000,2,2,2,30,0,0,0,0,0,0,132250,132655,135959,139796,143642,147418,5000,5000,5000,5000,5000,5000,0
3504,50000,2,1,2,26,0,0,0,0,0,0,5310,34105,34536,0,0,0,29000,1000,0,0,0,0,1
3505,270000,1,1,1,50,0,0,0,0,0,0,316,316,316,5772,316,316,316,316,5772,316,316,5174,0
3506,150000,2,1,2,27,0,0,0,0,0,0,30585,30138,0,0,0,0,6000,0,0,0,0,0,0
3507,200000,1,3,2,26,0,0,0,0,0,0,8355,8355,8355,8355,8355,8355,8355,8355,8355,8355,8355,8285,0
3508,50000,2,2,1,36,0,0,0,0,0,0,44510,42564,38181,30805,28252,28783,3000,3000,3000,2000,2000,5000,0
3509,210000,2,1,2,33,0,2,2,0,0,0,970,2273,1303,5385,1814,0,1303,3,5387,1814,0,0,0
3510,50000,2,2,2,27,2,2,2,2,0,0,47760,45064,45744,43123,42343,43020,0,3400,0,1528,3038,0,1
3511,50000,1,2,2,24,0,0,0,0,0,0,19839,20231,20142,19920,19722,20437,1328,1315,703,723,1050,668,0
3512,440000,1,1,2,29,0,0,0,0,0,0,26430,23509,278956,274859,99618,103884,1249,279048,10758,5000,5080,2515,0
3513,60000,2,1,2,28,2,2,2,2,2,2,43662,42682,45603,44569,47452,46536,0,3628,0,3600,0,4000,1
3514,70000,2,2,1,41,0,0,0,0,0,0,6017,8798,3810,2790,0,4513,3000,1500,0,0,4513,0,0
3515,290000,2,2,2,25,0,0,0,0,0,0,71559,66658,68627,61578,59274,61314,2500,3000,3000,3000,3000,3000,0
3516,140000,1,2,2,29,0,0,0,0,0,0,487,487,2010,0,0,0,487,2010,0,0,0,299,0
3517,310000,2,2,2,33,0,0,0,0,0,0,110786,115540,117674,108103,114721,105624,6555,6000,3272,15874,4182,15694,0
3518,450000,2,1,2,36,1,0,0,0,0,0,-44,10223,200,0,0,0,10267,200,0,0,0,0,0
3519,360000,1,1,1,34,0,0,0,0,0,0,997,1267,3935,2437,2797,256,1270,3946,2444,2805,258,1,0
3520,550000,2,2,1,34,0,0,0,0,0,0,383973,380082,389694,342198,344808,347188,15000,20000,20000,12000,12000,13000,0
3521,180000,1,1,1,44,1,0,0,0,0,0,0,0,0,0,0,0,0,0,0,0,0,4003,0
3522,140000,1,2,1,37,0,0,0,0,0,0,34661,5309,51293,56740,59455,57532,5334,50006,9460,9461,2507,10007,0
3523,50000,1,1,2,33,0,0,0,0,0,0,17094,17779,19275,18829,15913,7561,2000,3000,1000,1000,1000,2115,0
3524,200000,2,2,1,30,0,0,0,0,0,0,0,0,441,653,500,600,0,441,653,500,600,751,0
3525,60000,1,2,1,39,0,0,0,0,0,0,54282,49541,46074,39917,39382,39799,2128,1608,1391,1410,1580,1548,0
3526,140000,1,1,2,28,0,0,0,0,0,0,3234,4324,5477,4490,1500,-51183,4340,5491,2013,1510,18,89898,0
3527,70000,1,2,1,42,0,0,0,0,0,0,70293,69199,66398,66282,67580,67273,3300,2600,2600,3000,2600,2600,0
3528,20000,2,2,1,50,1,2,2,2,3,2,7973,9686,9382,10821,10361,10046,2000,0,1600,0,0,1500,0
3529,100000,2,2,1,24,0,0,0,0,0,0,68963,64880,60536,55708,51724,48671,3000,2700,2000,1900,1700,1794,0
3530,360000,1,1,2,33,1,0,0,0,0,0,0,0,0,0,0,0,0,0,0,0,0,0,0
3531,100000,2,3,1,24,0,0,0,0,0,0,440,470,470,470,0,0,500,470,470,0,0,0,0
3532,160000,2,3,2,41,0,2,2,0,0,0,26736,29052,28328,29099,29724,30624,3000,0,1200,1200,1500,2000,0
3533,160000,2,2,2,27,0,0,0,0,0,0,163418,164211,165587,161950,161680,164031,6200,7600,6100,5900,6300,7500,0
3534,130000,1,2,2,26,0,0,0,0,0,0,296,1299,-1,500,0,936,1003,0,501,0,936,1002,1
3535,100000,2,3,1,40,0,0,0,0,0,0,48923,48404,46266,45405,44723,42934,2084,1973,1708,1728,1621,1359,0
3536,90000,1,1,1,35,0,0,2,2,2,2,15952,18780,19177,18574,19721,19254,3100,1000,0,1600,0,800,1
3537,80000,1,2,2,23,2,0,0,0,0,0,8613,12438,15212,15657,17404,19103,4000,3000,1000,2000,2000,2836,0
3538,220000,2,2,1,28,5,6,5,4,3,2,216435,219973,215959,210438,207114,210491,8355,1000,0,0,6800,97,1
3539,260000,2,1,1,39,0,0,0,0,0,0,5912,3768,1444,2402,2040,3172,3786,1451,2424,2050,3187,1972,1
3540,30000,1,3,1,45,2,2,2,3,5,4,25161,24476,28721,31262,30217,29158,0,5000,3300,0,0,0,1
3541,100000,2,2,1,40,1,2,2,0,0,0,4535,3546,-2106,8538,390,150,0,0,10644,0,150,780,1
3542,80000,1,2,2,39,0,0,0,0,0,0,55084,51265,47950,48869,49445,49979,3012,2100,2001,2001,2000,1782,0
3543,20000,2,2,2,31,0,0,0,0,0,0,5526,5561,2935,5909,0,0,1032,2938,6039,0,0,0,0
3544,140000,1,1,1,41,0,0,0,0,0,0,19853,22525,25141,29701,34197,38615,3000,3000,5000,5000,5000,3000,0
3545,30000,2,1,2,25,1,0,0,0,0,0,0,0,0,0,0,0,0,0,0,0,0,0,1
3546,90000,1,2,1,39,0,0,0,0,0,0,20612,21956,23280,23812,24377,24821,1676,2000,1220,1100,1000,1100,0
3547,150000,2,2,2,23,0,0,0,0,0,0,59555,59684,59501,59075,59171,53557,2812,2599,2143,2208,2112,5000,0
3548,250000,1,3,1,28,0,0,0,0,0,0,191305,90497,92278,93354,95309,97411,3899,3913,3186,3301,3525,3095,0
3549,20000,2,2,1,37,1,2,2,0,0,0,19911,20797,20085,20126,20469,20655,1500,0,500,650,600,0,1
3550,50000,1,2,1,28,0,0,0,0,0,0,20914,29303,2515,7885,14493,2113,10087,2522,7951,14493,2120,3027,0
3551,100000,1,2,1,31,3,2,0,0,0,0,2000,1000,3000,2000,1000,1150,0,3000,0,0,1150,0,1
3552,500000,1,1,1,46,0,0,0,0,0,0,3580,18785,10742,37171,6192,31453,18785,10742,37171,6192,31453,12333,0
3553,50000,2,2,1,36,2,0,0,0,0,0,47357,49260,50556,12557,9959,11361,3000,3266,600,1672,20000,1000,0
3554,40000,2,1,2,27,0,0,0,0,0,0,32228,38904,4235,87230,72647,65070,8040,4235,87230,3000,10000,4317,0
3555,80000,2,2,1,35,0,0,2,0,0,2,75530,79324,76090,75892,77310,80752,7000,0,3000,4000,5000,0,0
3556,100000,1,1,1,35,0,0,0,0,0,0,45124,46168,47160,98775,49513,53433,1730,1722,3214,2119,5064,0,0
3557,180000,1,1,2,29,0,0,0,0,0,0,1073,3191,10693,11285,13863,5646,3206,10696,1291,3877,11077,700,0
3558,90000,2,3,1,53,0,0,0,0,0,0,87235,88338,78994,50095,48987,49519,4000,2602,2000,3000,2000,5000,0
3559,10000,2,2,2,23,0,0,0,0,0,0,1082,2731,757,876,3551,0,2731,757,876,3551,0,13460,0
3560,200000,2,1,2,33,0,0,0,0,0,0,165,145,-20,446,165,0,145,0,631,0,0,165,0
3561,80000,1,3,1,57,2,2,2,2,2,2,7431,9895,9937,9629,10571,10749,2600,350,0,1100,500,1300,1
3562,90000,1,2,2,33,2,2,2,2,2,2,62011,63426,64288,65236,66639,67893,3000,2500,2600,2600,2500,2800,1
3563,80000,2,2,1,42,0,0,0,0,0,0,30900,0,0,0,0,0,0,0,0,0,0,0,1
3564,90000,2,2,2,24,2,2,2,0,0,0,124457,118666,105806,98257,91442,66762,6600,0,2915,3154,2977,90000,1
3565,80000,2,2,1,46,0,0,0,0,0,0,2350,2350,4700,2350,2350,2350,2350,4700,0,2350,2350,350,0
3566,140000,1,1,2,27,0,0,0,0,0,0,832,0,825,409,521,416,0,825,0,528,416,1059,1
3567,480000,1,2,1,39,0,0,0,0,0,0,398380,394515,393648,330221,296004,279768,20091,25370,15203,12013,12013,10135,0
3568,230000,1,1,1,39,1,2,2,2,2,0,276758,282285,269849,255954,235290,203223,12000,10000,8300,0,8006,6270,0
3569,70000,1,1,2,27,0,3,2,0,0,0,4168,3942,1929,2870,1435,3047,0,0,1980,0,3047,0,1
3570,200000,2,1,2,39,0,0,0,0,0,0,126082,127734,125205,113304,114667,110138,6216,4371,4037,6613,4055,3575,0
3571,180000,2,1,2,35,0,0,0,0,0,0,66376,67033,68862,71970,69843,67219,5000,4000,5000,3000,2700,3000,0
3572,190000,1,3,1,37,0,0,0,0,0,0,181295,178857,181463,178984,175131,170136,8019,8008,6700,6800,6324,6120,0
3573,20000,2,2,1,24,1,2,0,0,2,2,18817,18227,19632,20298,20337,19863,0,1720,1754,893,0,400,0
3574,10000,1,1,2,24,0,0,2,0,0,0,7680,10160,9844,9554,9515,9700,2616,0,400,499,500,900,1
3575,80000,2,1,1,45,0,0,0,0,0,0,81133,81466,80822,79207,79652,81165,3502,3000,4000,3100,3000,3000,0
3576,60000,1,3,2,28,2,2,2,2,2,2,53567,59629,60943,60716,58458,49529,6950,3250,1767,0,3654,0,0
3577,500000,2,1,2,37,0,0,0,0,0,0,4168,19169,22893,52002,16521,-38,19169,22893,53198,0,0,12000,0
3578,50000,1,3,2,42,0,0,2,2,2,0,550,1974,1250,1400,700,550,1974,0,700,0,550,1100,1
3579,360000,2,1,2,28,1,0,0,0,0,0,0,420,0,742,0,0,420,0,742,0,0,198,0
3580,10000,2,3,1,56,0,0,2,2,2,0,7324,9808,9501,10029,9730,9974,2609,0,830,0,400,500,0
3581,300000,1,1,1,54,0,0,0,0,0,0,206,555,0,718,468,366,555,0,718,468,366,0,1
3582,70000,1,2,1,48,0,0,0,0,0,0,8439,7606,8638,1230,390,890,1188,2000,1230,390,890,215,0
3583,250000,2,2,1,32,0,0,0,0,0,0,39936,16666,16998,17504,0,0,8666,16998,17504,0,0,0,0
3584,10000,1,3,1,51,2,2,2,2,0,0,3577,6012,6066,5820,6026,7680,2500,300,0,300,1774,284,1
3585,140000,2,3,1,28,0,0,0,0,0,0,25184,27742,30129,21477,26097,24767,5000,3011,5000,5000,3000,5000,0
3586,100000,2,2,1,40,1,0,0,0,0,0,0,0,0,0,0,0,0,0,0,0,0,0,0
3587,110000,2,1,1,31,1,0,0,0,0,0,0,0,638,225,225,0,0,638,225,0,0,0,0
3588,210000,1,2,1,38,0,0,0,0,0,0,291,291,291,291,291,291,291,291,291,291,291,1451,0
3589,210000,2,1,1,40,0,0,0,0,0,0,14472,680,0,0,0,0,680,0,0,0,0,0,0
3590,70000,2,2,2,26,3,2,2,2,2,2,49201,48134,52431,52479,53345,52333,0,5100,2000,2000,0,4046,1
3591,20000,1,2,1,47,0,0,0,0,0,0,15166,15014,16024,16345,17579,18750,1257,1267,588,1500,1500,0,0
3592,220000,1,1,2,31,0,0,0,0,0,0,4935,3796,5227,2291,4739,1640,3796,5227,2293,4739,1640,3012,0
3593,20000,2,3,3,51,2,0,0,0,0,2,18355,17165,17676,18300,20278,20192,1600,1500,900,3600,393,0,1
3594,80000,1,1,1,28,2,2,2,0,0,0,56272,58756,59587,60997,62856,66897,4000,2400,3000,3000,5100,0,0
3595,500000,2,2,1,42,0,0,0,0,0,0,506787,487049,478965,401635,423136,422271,21000,17414,12000,30000,18000,11000,1
3596,210000,1,3,2,66,0,0,0,0,0,0,209396,136809,139411,138991,140886,143721,6510,6450,5103,5500,5307,5011,0
3597,80000,1,2,2,27,2,0,0,0,0,0,76896,78663,78692,56032,57248,58515,3613,3100,2000,2100,2200,2041,1
3598,50000,2,2,1,37,2,2,2,0,0,0,40994,43594,38222,13026,13268,13497,5500,0,580,600,600,600,0
3599,240000,1,1,1,35,1,0,0,0,0,0,0,11901,5736,1000,650,7574,11901,5758,0,150,7424,0,0
3600,150000,2,2,2,23,0,0,0,0,0,2,198,4824,1276,4830,10251,5706,4848,1282,4854,10251,0,7328,0
3601,210000,2,2,1,49,1,0,0,0,0,0,0,0,0,0,0,0,0,0,0,0,0,0,0
3602,360000,2,2,2,28,1,0,0,0,0,0,0,0,0,0,0,0,0,0,0,0,0,0,1
3603,230000,2,4,1,29,0,0,0,0,0,0,70069,64375,65691,67150,68398,69917,3000,2386,2553,2483,2657,3000,0
3604,500000,1,1,2,35,1,0,0,0,0,0,-453,1168,1215,6461,2567,735,2336,1215,6461,2567,1470,11605,0
3605,150000,2,2,1,34,0,0,0,0,0,0,50523,46054,46191,45564,45840,47077,1763,2500,2000,2000,2000,2100,0
3606,30000,2,2,2,31,1,2,0,0,2,3,27254,26531,27857,29685,31260,30468,0,1772,2600,2200,0,0,1
3607,470000,1,1,1,57,0,0,0,0,0,0,83852,85008,83882,66207,65549,60805,3477,4100,2022,2100,2156,1740,0
3608,200000,1,1,1,59,0,0,0,2,2,2,27119,28081,30299,29516,31378,31914,1700,3000,0,2500,1200,0,0
3609,470000,1,1,2,35,0,0,0,0,0,0,211775,218246,218615,221365,137387,201955,9883,6000,6194,30364,100018,4817,0
3610,310000,1,1,2,32,0,0,0,0,0,0,53340,85711,69195,59169,12056,10032,69220,3095,5000,2000,10058,23219,0
3611,210000,2,1,2,28,0,0,0,0,0,0,204191,204530,185587,136410,140051,142976,9000,9007,5254,6000,5500,5000,0
3612,500000,2,2,1,41,0,0,0,0,0,0,24433,187206,10894,29161,28238,33272,187206,10909,29161,28238,33272,175357,0
3613,80000,2,2,2,27,0,0,0,0,2,2,72991,75134,76083,81183,79906,75294,3320,2800,6400,2870,0,3150,0
3614,20000,1,3,2,38,0,0,0,0,0,0,11805,12186,9331,6927,12457,8900,1400,1023,0,12469,598,1,1
3615,150000,1,3,2,32,1,0,0,0,0,0,3706,40093,65063,69046,60619,61096,40093,30000,10000,10030,5000,5000,0
3616,390000,1,3,1,39,0,0,0,0,0,0,475934,308108,205228,185134,181949,136559,59324,6093,5411,6025,5000,3617,0
3617,10000,1,1,2,29,0,0,0,0,0,0,10208,8598,7100,9305,9805,5720,1500,1000,4000,500,2500,0,0
3618,390000,2,3,1,46,0,0,0,0,0,0,14315,7097,6548,8976,909,17682,7097,6548,8976,909,17682,12710,0
3619,210000,1,3,1,41,0,0,2,0,0,0,390,1732,1170,780,390,69438,1732,0,0,0,69438,3750,1
3620,350000,2,1,1,33,0,0,0,0,0,0,16414,693,693,1144,-4618,-8026,693,0,1144,4279,0,0,1
3621,150000,2,1,2,35,0,0,0,0,0,0,3299,596,978,1178,1007,2075,599,982,1007,5,2075,2669,0
3622,210000,2,2,1,36,0,0,0,0,0,0,54717,55522,54929,55696,54773,51616,2017,1900,1900,1925,1845,1886,0
3623,100000,1,1,1,55,0,0,0,0,0,0,18135,31498,17158,18758,17168,0,2000,4000,2000,3000,0,0,0
3624,210000,1,1,2,36,0,0,0,0,0,0,210463,109132,47182,37067,24511,22634,5187,2043,1552,2013,3002,3003,1
3625,290000,2,2,1,48,0,0,0,0,0,0,31386,31394,1369,15010,3280,0,31401,1369,15010,3280,0,3357,0
3626,330000,1,2,1,50,1,0,0,0,0,0,-13,2750,-27,5344,16566,995,2763,0,5371,16648,1000,997,1
3627,50000,1,2,2,37,0,0,0,0,0,0,50701,50462,50218,20141,20072,19493,2202,2083,697,711,717,674,0
3628,80000,1,3,2,27,0,0,0,0,0,0,47163,86021,44400,23954,24574,24772,1821,3600,1000,1000,1000,1000,0
3629,340000,1,2,1,35,0,0,0,0,0,0,39229,40747,41930,43397,44710,46143,2000,2000,2000,2000,2000,2000,0
3630,120000,1,3,1,38,0,0,0,0,0,0,40538,41870,58882,59862,51172,52533,1988,18000,1857,1723,2075,1500,0
3631,30000,2,2,2,22,0,0,0,0,0,0,3158,5547,3312,3145,3022,3247,5572,3321,3154,3031,3339,2921,0
3632,260000,2,1,2,35,0,0,0,0,0,0,20556,25256,50175,46516,42815,39004,9581,30000,1590,1472,1317,1314,0
3633,50000,1,2,1,64,0,0,0,0,0,0,48369,44762,17403,17907,19000,18055,2384,5461,2872,1093,19055,2239,0
3634,420000,2,3,2,25,1,2,0,0,0,0,72874,71035,57503,56467,53995,55304,0,2000,1892,1979,2226,23011,1
3635,130000,2,2,1,28,0,0,0,0,0,0,71983,71514,73274,3541,3333,3333,4000,7000,3600,3333,3333,3110,0
3636,270000,2,2,1,30,0,0,0,0,0,0,62599,59368,57856,49804,47310,42812,5000,5000,5000,5000,5240,5000,0
3637,50000,1,3,2,30,0,0,0,0,2,0,6615,7640,8649,9302,9008,9188,1135,1144,797,0,329,490,0
3638,20000,1,2,1,34,0,0,0,0,0,0,17179,17815,9519,10469,14272,15033,1300,1500,1415,4000,1000,1000,1
3639,140000,2,2,1,34,0,0,0,0,0,0,132541,136186,139418,140962,137819,137094,7000,7000,5300,5300,10100,5400,0
3640,100000,2,2,1,35,0,0,0,0,0,0,106229,98217,42482,43326,44235,45498,3000,1707,1551,1607,2000,2000,0
3641,50000,1,3,2,41,2,2,2,2,3,2,29368,28612,31623,33393,32587,31914,0,3500,2589,0,0,1332,0
3642,500000,1,1,2,37,0,0,0,0,0,0,27181,12525,7218,2183,6371,5208,7254,2208,11,6402,5234,2899,0
3643,80000,1,2,1,35,0,0,0,0,0,0,78507,80327,80125,28345,28938,29665,3085,2969,1007,1042,1200,1501,0
3644,220000,2,2,1,34,0,0,0,0,0,0,51565,15683,1381,3300,2452,2728,15683,1381,3300,2452,2728,0,1
3645,30000,1,2,1,34,2,0,0,0,0,2,27358,25652,26723,27104,28616,29102,1750,1800,1118,2100,1100,0,0
3646,240000,1,2,2,26,0,0,0,0,0,0,161766,166147,169882,173246,177112,187951,7000,6500,6183,6640,14000,0,0
3647,220000,1,3,1,41,0,0,0,0,0,0,10804,34407,14510,7229,12806,35433,34415,14565,7229,12806,35433,11405,0
3648,320000,1,2,1,32,0,0,0,0,0,0,6443,443,-1327,28484,47711,34755,451,0,29811,20000,2386,462,0
3649,230000,2,2,1,36,0,0,0,2,0,2,52689,0,150,150,921,771,0,150,0,921,0,51362,0
3650,20000,1,3,2,44,0,2,0,0,0,0,780,390,390,390,390,0,0,390,390,390,0,780,0
3651,280000,2,2,1,34,0,0,0,0,0,0,82691,75867,76835,70722,60694,62032,3500,3200,2500,2400,2500,2500,0
3652,110000,1,2,1,44,0,0,0,0,0,0,111188,109512,108727,107381,106831,108305,6010,5507,4500,4502,4200,4500,0
3653,180000,2,2,1,26,0,0,0,0,0,0,186248,178001,145248,58142,22312,7340,18000,5044,6506,500,500,2000,0
3654,100000,1,3,1,51,0,0,0,0,0,0,93970,93752,92293,92434,95478,40514,3799,3269,3407,5024,5056,5135,0
3655,80000,1,2,1,37,0,0,0,0,0,0,43311,16348,9360,6295,14844,29065,5377,9383,6295,10018,21939,5002,0
3656,260000,2,3,2,30,0,0,0,0,0,0,1264,6894,2917,-70,2300,2784,6894,2917,0,2784,5568,1714,0
3657,110000,2,2,2,25,2,2,2,2,2,0,111483,114125,114087,113879,112268,107423,5900,3500,3400,0,4000,4000,0
3658,150000,2,2,1,31,0,0,0,0,0,0,104014,108229,109374,111279,125353,126913,5500,4005,3241,15500,4000,3568,0
3659,180000,2,2,2,35,0,0,0,0,0,0,15288,4194,1300,0,4689,4689,4194,1300,0,4689,0,1582,0
3660,230000,2,2,1,28,0,0,0,0,0,0,53542,79186,49984,35526,24540,16038,36000,1222,7510,491,6600,0,0
3661,500000,2,1,2,27,0,0,0,0,0,0,73798,74781,75559,76426,56197,42998,4794,5560,2426,3521,1641,913,0
3662,300000,1,2,2,30,0,0,0,0,0,0,1485,-9,11970,10292,10116,829,0,11979,206,10,4,11591,0
3663,180000,2,2,2,31,0,0,0,0,0,0,326,326,326,326,76465,79695,326,326,326,76465,5000,5000,0
3664,30000,2,2,2,24,2,2,3,3,3,3,1050,1050,1050,1050,1050,1050,0,0,0,0,0,0,1
3665,110000,2,3,2,29,1,2,2,2,2,0,6467,6920,6242,6712,871,16391,1114,0,1000,0,16391,832,0
3666,100000,2,2,1,28,0,0,0,0,0,0,36428,48850,20904,13955,14573,16084,6000,5000,1000,4000,5000,8000,0
3667,390000,1,1,2,31,0,0,0,0,0,0,381453,375926,363787,291427,260026,178599,15024,30002,15052,10507,25001,25082,0
3668,180000,2,6,1,35,0,0,0,0,0,0,29197,30719,31500,31939,0,0,2000,1400,639,0,0,0,0
3669,300000,2,3,1,37,1,2,2,0,0,0,5975,5312,1896,1523,2559,2881,1905,5,1527,2569,2889,2074,0
3670,260000,2,1,2,36,0,0,0,0,0,0,7740,1445,782,790,849,12319,1445,782,790,849,12319,7575,0
3671,360000,2,2,2,29,1,0,0,0,0,0,0,0,0,0,0,0,0,0,0,0,0,0,0
3672,80000,2,2,2,26,0,0,0,0,0,0,509,437,3586,2248,2222,4822,525,3519,2201,2203,8389,8048,0
3673,100000,2,1,2,26,0,0,0,0,0,0,26273,-73,-73,-73,-73,-73,0,0,0,0,0,0,1
3674,20000,1,3,1,47,2,2,2,2,2,0,14328,17196,17418,17608,17187,17528,3114,800,770,0,776,549,1
3675,210000,2,1,2,33,0,0,0,0,0,0,27042,0,188,16464,13947,0,0,188,16476,0,0,0,0
3676,10000,2,2,1,25,0,0,0,0,0,2,6991,8008,9018,9198,9896,9703,1126,1136,316,833,100,292,0
3677,150000,1,1,2,26,0,0,0,0,0,0,360,360,360,16133,22309,22377,360,360,16133,7000,796,819,0
3678,360000,1,3,1,37,0,0,0,0,0,0,390,390,390,390,390,390,390,390,390,390,390,780,0
3679,80000,2,2,2,42,0,0,0,0,0,0,16959,17910,14919,15375,-150,-150,1235,1369,825,0,0,0,0
3680,130000,2,1,2,29,0,0,0,0,0,0,13194,9403,15383,9189,8499,1738,9403,10007,184,170,1738,5256,0
3681,30000,1,1,2,36,0,0,0,0,0,0,9934,10305,1394,1594,566,0,1000,1000,200,0,0,0,0
3682,430000,2,2,1,30,2,0,0,0,0,0,332721,277080,219739,210142,179350,130328,10896,8123,7522,7003,4700,5000,1
3683,20000,2,2,2,23,0,0,0,0,0,2,16641,17969,18635,-1542,19909,19417,1602,1268,0,21451,0,652,0
3684,50000,1,2,2,32,0,0,0,0,0,0,50342,44659,40893,-45,-45,0,8025,5023,0,0,5250,0,0
3685,140000,2,2,1,26,0,0,0,0,0,0,129996,132004,127275,48724,48875,49667,7000,5000,2000,2000,2000,2000,0
3686,200000,1,1,2,32,0,0,0,0,0,0,11494,9085,5455,26975,8734,10756,9139,5481,27110,29889,10809,2648,0
3687,80000,1,2,1,28,2,2,2,2,2,0,65499,63882,67741,69355,65139,60345,0,5000,3200,7,2309,3862,0
3688,50000,2,2,2,23,0,0,0,0,0,0,12630,11999,12990,12793,12686,12980,1211,1202,452,460,504,394,1
3689,280000,2,2,2,27,1,2,0,0,0,0,297192,284462,283374,238039,234017,145132,0,11143,7300,6024,6000,3500,0
3690,710000,1,2,1,51,1,0,0,0,0,0,0,0,0,0,0,0,0,0,0,0,0,0,0
3691,180000,1,1,2,29,1,0,0,0,0,0,0,100000,0,7632,0,6071,100000,0,7632,0,6071,0,0
3692,500000,1,1,2,39,0,0,0,0,0,0,12106,12559,18993,50199,22879,16070,13351,18997,50933,24652,18060,3306,0
3693,360000,1,2,2,33,1,0,0,0,0,0,0,0,0,0,0,0,0,0,0,0,0,0,1
3694,50000,1,1,2,29,0,0,0,2,0,0,20258,22932,22265,23896,26514,28073,3000,0,2000,3000,2000,1500,0
3695,80000,1,2,2,27,2,0,0,0,0,0,62824,63883,57722,116742,72204,79105,2178,2674,2200,14710,8000,3005,1
3696,50000,2,2,1,44,0,0,2,0,0,0,43596,46320,43976,44287,38113,30778,5000,0,2500,1500,2000,1000,0
3697,50000,2,2,2,23,0,0,0,0,0,0,13717,13822,9847,5892,6413,6915,2008,1106,1000,1000,1000,1000,0
3698,150000,1,1,2,33,0,2,0,0,0,0,1532,1000,1430,810,786,447,0,1430,810,786,447,2215,0
3699,360000,1,2,2,28,1,0,0,0,0,0,0,0,0,0,0,0,0,0,0,0,0,0,1
3700,50000,2,2,1,32,0,0,0,0,0,0,49547,49740,50275,20089,19964,19918,2100,2097,1289,712,713,1000,0
3701,50000,2,1,3,48,0,0,0,0,0,0,83400,80000,4990,3596,1386,4775,1600,4990,13616,1310,4789,1345,0
3702,200000,2,1,2,29,0,0,0,0,0,0,9344,723,723,1038,2035,3664,723,723,1038,2035,3664,723,0
3703,80000,1,1,2,29,1,0,0,0,0,0,-54,36656,5114,0,0,0,36710,5114,0,0,0,0,0
3704,140000,2,2,1,46,0,0,0,0,0,0,390,390,390,390,390,390,390,390,390,390,390,780,0
3705,20000,2,1,3,22,0,0,0,0,0,0,14993,16244,18300,18100,-1900,0,1800,2800,0,0,1900,0,1
3706,80000,2,3,2,34,1,0,0,0,0,0,0,0,0,0,0,0,0,0,0,0,0,0,0
3707,110000,1,2,1,30,0,0,0,0,0,0,107372,109156,111795,54358,58499,61445,5000,5000,3000,5000,6000,3000,0
3708,140000,2,1,2,27,0,0,0,0,0,0,143536,141849,131491,94362,85863,83974,5341,4000,3500,3000,13000,2300,0
3709,300000,2,1,2,31,0,0,0,0,0,0,32608,39029,38177,54867,66276,78169,20018,6028,25030,20023,20000,10000,0
3710,50000,2,2,2,29,0,0,0,0,0,0,47411,19817,15688,0,0,0,1300,1210,0,0,0,0,1
3711,180000,2,5,1,39,0,0,0,0,0,0,84484,79099,77640,78369,80010,83683,3007,2804,2802,2901,5000,80000,0
3712,290000,2,2,1,39,0,0,0,0,0,0,212943,216910,213931,212770,211098,202491,16923,7714,7283,7407,10000,6000,0
3713,60000,2,2,1,36,1,0,0,0,0,2,0,0,0,0,982,832,0,0,0,982,0,1500,0
3714,100000,2,2,1,38,1,2,0,0,2,0,12893,12447,14967,16773,16427,19053,0,3000,2000,0,3000,2000,0
3715,30000,1,2,1,41,0,0,0,0,0,0,29866,30900,0,0,0,0,1900,0,0,0,0,0,0
3716,220000,2,3,2,27,2,2,2,3,2,0,150739,153827,156531,154721,150627,154034,7000,7000,2300,0,5600,4500,0
3717,230000,2,2,2,30,0,0,0,0,0,0,0,0,0,0,0,0,0,0,0,0,0,0,0
3718,30000,2,1,2,29,1,0,0,0,0,0,0,0,0,0,0,4443,0,0,0,0,4443,890,0
3719,20000,2,2,1,47,0,0,0,0,0,0,1343,1547,1539,1066,18187,18212,1547,1539,1066,18660,771,1000,0
3720,50000,1,2,2,30,0,0,2,2,0,0,780,780,780,0,390,1320,780,0,0,390,1320,0,0
3721,80000,2,2,1,46,1,0,0,0,0,0,0,0,0,0,0,650,0,0,0,0,650,0,1
3722,90000,1,1,2,29,0,0,2,0,0,0,24802,27551,20559,17228,6531,8411,3200,0,1000,1000,2000,0,0
3723,80000,1,1,2,31,0,0,0,0,0,0,19824,5000,19037,12344,26344,1011,5000,19037,0,14000,0,3949,0
3724,50000,2,3,2,23,2,0,0,0,0,0,37350,39740,40779,41793,42916,44199,3000,2000,2000,1800,2000,2000,1
3725,50000,2,2,2,29,0,0,0,0,0,0,5520,0,0,0,0,0,0,0,0,0,0,0,0
3726,20000,1,3,2,53,2,2,0,0,0,0,19369,3888,3167,-129,9703,9871,3900,3179,773,9832,10084,4380,0
3727,250000,2,1,1,38,0,0,0,0,0,0,532,1106,771,625,1099,326,1106,771,625,1099,326,326,0
3728,120000,2,2,2,24,0,0,0,0,0,0,889,1742,1077,902,1077,1271,1742,1077,902,1077,1271,1595,0
3729,110000,2,2,2,28,1,2,0,0,0,2,112597,107799,108464,110737,114581,111219,0,4000,4000,8500,0,4000,1
3730,160000,1,1,2,33,0,0,0,0,0,0,100,0,0,0,0,0,0,0,0,0,0,0,0
3731,80000,2,3,1,52,2,0,0,0,0,0,82198,80531,42334,39137,39074,40103,3543,1139,40003,2000,2100,24,0
3732,410000,1,2,1,36,0,0,0,0,0,0,41116,38144,31177,27185,13818,8477,5071,3041,3096,3845,212,3,0
3733,100000,2,2,1,43,0,0,0,0,0,0,21293,70962,9217,1845,41194,40325,70973,9226,1845,41194,2920,1374,0
3734,750000,2,2,1,43,0,0,0,0,0,0,72495,99628,74635,63749,85067,83208,99664,74640,63758,85072,83215,124063,0
3735,30000,1,2,2,47,0,0,0,0,0,0,29554,28893,29537,30087,17534,15145,1895,1539,1089,718,400,5000,0
3736,80000,1,2,2,33,1,2,0,0,0,0,19073,16106,57525,54990,52458,54093,3895,50000,2000,2000,2344,1235,0
3737,430000,2,1,2,31,0,0,0,0,0,0,10226,5671,52983,70672,52378,56360,5873,52983,35002,10203,7500,10000,0
3738,480000,1,1,1,44,0,0,0,0,0,0,350110,316685,312615,316685,302248,311651,14082,15023,15098,10008,15045,20164,0
3739,360000,2,3,1,29,1,0,0,0,0,0,0,0,0,0,0,0,0,0,0,0,0,0,1
3740,150000,2,1,1,37,0,0,0,0,0,0,26416,18915,16047,17633,0,0,2497,16047,18776,0,0,0,0
3741,130000,1,1,2,28,0,0,0,0,0,0,89418,83196,75028,65086,60346,52272,4000,2338,2000,2018,2000,1700,0
3742,40000,1,2,1,47,1,2,2,3,2,0,37611,36726,40985,40085,39354,40322,0,4898,0,0,1800,3000,0
3743,280000,2,1,1,34,0,0,0,0,0,0,11584,12211,10247,10247,6170,11170,7011,3000,0,123,5000,0,1
3744,40000,1,2,1,45,2,2,2,2,2,0,33547,36991,35965,37246,36781,20650,4000,0,2000,0,1200,0,0
3745,120000,2,1,2,26,0,0,0,0,0,0,10415,7172,110688,100552,89147,88388,5771,120055,5073,3508,3707,3016,0
3746,290000,1,1,1,39,0,0,0,0,0,0,1757,3555,2256,2830,1682,1235,3579,2262,2830,1682,1235,1280,0
3747,250000,1,3,1,39,0,0,0,0,0,0,1976,3314,0,800,3576,0,3318,0,800,3576,0,0,0
3748,200000,1,1,1,43,0,0,0,0,0,0,1144,2480,3372,1081,2384,6595,2506,3380,1085,2394,6601,29708,0
3749,80000,1,2,2,32,0,0,0,0,0,0,81115,77649,40630,23697,6557,32763,5000,1200,0,5000,37000,3000,0
3750,130000,2,2,2,27,0,0,0,0,0,0,18776,21458,22760,23215,23706,21951,3000,2000,778,811,2000,2865,0
3751,290000,2,2,1,37,0,0,0,0,0,0,1428,2741,4029,5451,6357,7246,1500,1500,1500,1000,1000,1000,1
3752,180000,2,1,2,29,0,0,0,0,0,0,1010,3070,307,0,0,0,3394,307,0,0,0,0,0
3753,360000,2,1,1,31,0,0,0,0,0,0,-5,-5,-5,4232,3189,7511,0,0,4237,16,7548,4105,0
3754,140000,2,2,1,37,0,0,0,0,2,0,316,586,5842,9422,8956,316,586,5842,8956,0,316,316,0
3755,350000,2,1,1,41,0,0,0,0,0,0,57956,15987,36582,8197,14494,54284,15987,36607,8243,14494,54284,6702,0
3756,260000,1,1,2,36,0,0,0,0,0,0,0,0,0,0,8867,763,0,0,0,8867,763,748,0
3757,40000,1,1,2,26,0,0,0,0,0,0,18338,20033,21687,22327,22816,23436,2000,2000,1000,1000,1000,1500,0
3758,180000,2,1,2,27,1,0,0,0,0,0,-200,-200,-200,-200,-200,-200,0,0,0,0,0,0,1
3759,80000,1,3,1,27,0,0,0,0,0,0,22381,11420,7021,6157,7606,3432,1500,3000,6157,1500,138,59,1
3760,500000,2,1,1,45,0,0,0,0,0,0,3852,2395,4730,4628,5127,3400,2403,4730,4628,5127,3400,1720,0
3761,80000,1,4,2,27,0,0,0,0,0,0,46089,4840,0,0,0,0,4840,0,0,0,0,0,0
3762,30000,1,3,1,57,0,0,0,0,0,0,20976,22332,23654,24952,26551,29598,2000,2000,2000,2000,4500,0,0
3763,220000,2,2,1,37,1,0,0,0,0,0,0,0,0,0,0,0,0,0,0,0,0,3422,0
3764,70000,2,2,2,22,0,0,0,0,0,0,68247,68263,22551,16008,0,13180,2120,1010,328,0,13180,2000,0
3765,510000,1,1,1,41,0,0,0,0,0,0,3196,16447,3317,10771,5552,2253,16447,3317,10771,5552,2253,96,0
3766,20000,2,2,2,22,0,0,0,0,0,0,18011,19389,17628,16694,19040,18631,2000,1494,2000,5000,2000,1094,0
3767,100000,2,2,1,40,2,2,2,2,2,2,47243,48294,49213,49827,51005,53142,2000,1900,1600,2000,3000,0,1
3768,340000,2,2,1,30,0,0,0,0,0,0,338272,339191,325675,285417,284834,284549,15000,15000,15000,12000,12500,11000,0
3769,180000,2,1,2,29,0,0,0,0,0,0,0,0,0,0,0,0,0,0,0,0,0,0,0
3770,290000,2,0,2,38,1,0,0,0,0,0,0,1437,3070,1406,2196,1481,1437,3078,1406,2196,1481,0,0
3771,80000,1,2,2,53,0,0,0,0,0,0,80577,78781,78363,48902,49996,-1719,3261,2342,1630,1759,0,52085,0
3772,280000,1,1,1,42,0,0,0,0,0,0,1751,22046,63729,55664,31014,28903,22909,64167,1113,32000,578,1768,0
3773,180000,2,1,2,40,0,0,0,0,0,0,0,0,0,0,11855,2520,0,0,0,11855,0,18066,0
3774,140000,2,1,1,66,1,0,0,0,0,2,0,0,0,0,825,675,0,0,0,825,0,23715,0
3775,500000,2,1,2,32,0,0,0,0,0,0,103880,39356,301441,37945,104491,35234,39560,302961,38139,104673,35387,177258,0
3776,230000,1,2,2,34,0,0,0,0,0,0,151778,152966,157188,158490,161456,164677,5556,7200,5820,6100,6500,5100,0
3777,250000,2,2,1,26,1,3,2,2,2,0,631,631,631,1231,1068,6816,0,0,600,0,6000,5000,1
3778,10000,1,2,2,24,0,0,0,2,0,0,5803,6849,8371,8090,8261,8773,1300,1800,0,450,800,0,0
3779,230000,1,1,1,39,0,0,0,0,0,0,220706,227741,183268,186989,159345,162695,11200,6200,6237,7000,6000,6100,0
3780,70000,1,1,2,29,0,0,0,0,0,0,63603,65513,59389,54064,58891,58347,7666,3800,1200,5000,4000,3000,0
3781,140000,2,1,1,39,0,0,0,0,0,0,4654,5525,5088,4480,2338,4250,5525,5088,4480,2338,4733,22566,0
3782,430000,2,1,1,48,0,0,0,0,0,0,9900,0,0,0,0,2299,0,0,0,0,2299,37980,0
3783,120000,2,1,2,28,0,0,2,0,0,0,200,1986,1117,425,-267,1451,1986,0,0,0,2210,0,1
3784,20000,2,2,2,25,0,0,0,0,0,0,16654,12801,14155,19975,19975,0,2000,2000,7000,0,0,0,0
3785,30000,1,1,2,32,0,0,2,0,0,0,29250,30496,29702,28839,29375,32729,3600,0,1500,1300,4000,0,0
3786,80000,1,3,2,43,7,6,5,4,3,2,81071,79283,76767,75393,74731,23207,0,0,0,0,0,2000,1
3787,400000,2,1,2,39,0,0,0,0,0,0,404924,359634,360270,325340,328627,329948,13521,12374,11643,11868,18000,15000,0
3788,200000,2,1,1,37,1,0,0,0,0,0,0,0,0,0,0,0,0,0,0,0,0,0,0
3789,30000,1,5,2,23,0,0,0,0,0,0,2700,899,-1581,28419,29016,30908,899,0,30000,1055,2376,0,0
3790,50000,2,2,2,46,1,2,0,0,0,0,50471,49399,50556,29759,30381,30440,0,2247,1054,1090,1261,1143,0
3791,250000,1,1,1,46,0,0,0,0,0,0,1197,-19,3121,2372,502,1979,0,3140,2387,504,1989,19150,1
3792,120000,1,1,2,28,0,0,0,0,0,0,8922,43070,47023,53576,57529,61392,35000,5000,8000,5000,5000,4000,1
3793,80000,1,3,1,45,1,0,0,0,0,0,-1213,35789,36751,390,390,390,38677,3000,0,390,390,1170,0
3794,430000,2,1,1,33,0,0,0,0,0,0,1837,373,1198,0,538,77543,373,1198,0,538,77543,584,0
3795,120000,2,1,2,24,0,0,0,0,0,0,75796,76004,67187,49924,33188,19826,3700,2023,2016,2000,1200,1000,0
3796,20000,2,2,2,22,0,0,0,0,0,0,20386,20033,28679,14768,18192,20372,1510,1300,1086,3677,2500,573,0
3797,20000,2,2,2,32,0,0,0,0,0,0,129106,127610,107828,102937,98525,77711,4420,3650,3120,3200,2900,2000,0
3798,80000,1,1,2,25,0,0,0,0,0,0,0,0,0,0,0,150,0,0,0,30000,150,657,0
3799,20000,2,2,2,44,0,0,0,0,0,0,7678,10475,-10,190,6160,402,3347,0,200,7018,6073,15000,0
3800,140000,2,2,2,27,1,0,0,0,0,0,0,0,0,0,0,0,0,0,0,0,0,0,0
3801,10000,2,2,2,22,0,0,0,0,0,0,14896,12011,7929,7693,6838,3486,7000,4000,207,229,70,0,0
3802,220000,2,3,2,34,0,0,0,0,0,0,99518,-482,-482,-482,18,4834,937,0,0,500,4816,3000,0
3803,60000,1,1,1,48,0,0,2,0,0,0,282,61573,32122,31423,2914,1470,62773,0,0,0,1470,58587,0
3804,80000,1,3,1,59,1,2,0,0,0,0,21723,21097,22140,18349,3540,0,0,2000,0,3540,0,0,0
3805,30000,1,2,2,25,0,0,0,0,0,0,29745,16309,5235,3122,11446,1914,2500,1517,2000,11446,1914,6699,1
3806,140000,2,2,1,27,1,2,2,0,0,0,139058,140243,132693,135638,132105,134851,4900,0,5200,5000,5100,4800,0
3807,20000,1,2,2,26,0,0,0,0,0,0,4491,5906,7298,8515,9869,11196,1500,1500,1500,1500,1500,1500,0
3808,100000,2,3,2,46,0,0,0,0,0,0,94657,81175,63464,45910,46996,42935,3000,2009,3000,2000,2000,1701,0
3809,220000,1,1,2,35,0,0,0,0,0,0,158882,164258,161778,165741,175823,29765,8000,5669,7599,14800,2303,2000,0
3810,80000,2,1,2,40,0,0,0,0,0,0,27432,27902,28447,23537,7613,3356,1833,1378,1328,195,269,56,0
3811,80000,2,3,2,46,0,0,0,0,0,0,76184,78306,79835,40499,41346,42348,3345,3344,1447,1497,1686,1509,0
3812,130000,1,2,2,28,2,2,0,0,0,0,70952,69264,70184,8518,11296,6514,0,3000,2000,3000,2000,0,1
3813,300000,2,1,1,33,1,0,0,0,0,0,0,0,0,0,0,0,0,0,0,0,0,0,0
3814,60000,2,2,1,42,0,0,0,0,0,0,58264,57923,58987,17350,17937,17298,3200,3000,800,1000,1000,1000,0
3815,360000,2,1,1,32,0,0,0,0,0,0,249,0,0,685,685,1530,0,0,685,0,845,53,0
3816,10000,1,2,2,24,0,0,0,0,0,0,12,12,12,12,12,12,0,0,0,0,0,1393,1
3817,50000,1,2,2,32,0,0,0,0,2,0,32813,34973,35603,37595,29818,24416,3000,1700,2600,0,10000,6000,1
3818,50000,1,2,1,48,0,0,0,0,0,0,42156,40584,33777,18815,17033,17450,4022,1347,1013,1000,700,1000,0
3819,200000,1,2,1,35,1,0,0,0,0,0,0,0,0,0,0,0,0,0,0,0,0,28027,0
3820,30000,2,2,2,24,1,2,2,0,0,0,15164,16607,17032,17448,18507,19046,2000,1000,1000,1500,1000,1000,1
3821,220000,1,1,1,42,0,0,2,2,0,0,3208,9134,8820,1502,4505,3766,6000,0,0,3003,31,4007,0
3822,200000,2,1,2,41,0,0,0,0,0,0,5954,10464,7165,6946,9776,2007,10464,7165,6966,9776,2007,1603,0
3823,80000,2,3,2,27,1,4,3,2,0,0,84718,82861,80581,51537,51381,48866,0,0,0,1790,1890,1740,1
3824,200000,1,2,1,39,0,0,0,0,0,0,15109,3139,12840,3950,7688,2241,3155,12848,3950,7690,2241,2795,0
3825,240000,2,1,1,34,0,2,0,0,0,0,652,326,326,326,326,326,0,326,326,326,326,711,1
3826,500000,2,2,2,28,0,0,0,0,0,0,72620,873,8596,6418,6243,1984,873,8596,275,300,1984,27014,0
3827,230000,1,3,1,38,0,0,0,0,0,0,6901,0,188,6498,44938,56015,0,188,6498,40000,12000,2500,0
3828,20000,1,3,2,22,0,0,0,0,0,0,11242,11070,11788,9607,9191,0,1282,1000,192,184,0,0,0
3829,50000,1,1,1,35,0,0,0,0,0,0,40730,41283,28134,29208,7778,9790,4069,1500,1500,0,5000,0,0
3830,100000,2,2,1,35,0,0,0,0,0,0,5830,6694,7855,8076,8297,9349,1118,1279,500,500,1349,1691,0
3831,230000,2,2,2,37,0,0,0,0,0,0,0,0,0,0,0,0,0,0,0,0,0,0,0
3832,60000,1,2,2,28,0,0,0,0,0,2,42243,37131,38136,38903,41483,40257,7773,1628,1395,3210,0,2000,0
3833,120000,2,3,1,48,0,2,0,0,0,0,3845,199,1823,3646,1823,1823,0,1823,3646,0,1823,1823,1
3834,130000,2,3,2,23,0,0,0,0,0,0,5719,15578,19887,11659,11735,8541,10000,5000,2000,2000,2000,1000,0
3835,50000,2,3,1,25,2,2,0,0,0,0,31097,30322,31142,29391,30099,28041,0,1833,1000,1000,10000,10000,1
3836,400000,2,1,2,30,0,0,0,0,0,0,14013,5422,15941,5776,5448,15435,5460,16020,5805,5475,5634,6182,0
3837,240000,2,2,2,27,0,0,0,2,0,0,4400,0,1129,1129,1971,2059,0,1129,0,1000,496,1000,1
3838,70000,1,3,2,53,0,0,0,0,0,0,9928,11259,12262,17046,17618,18321,1497,1500,5000,1000,1000,1000,0
3839,20000,2,1,2,22,0,0,0,0,0,0,28758,14780,18829,18401,3000,0,1423,5000,400,200,0,0,0
3840,50000,1,3,2,28,2,2,2,0,0,2,28129,29184,28421,28751,30685,30040,1800,0,1100,2400,0,1500,1
3841,240000,2,1,1,54,0,0,0,0,2,0,60381,64395,66323,70422,69170,71018,5000,3000,5200,0,3000,5400,0
3842,380000,1,1,2,31,0,0,0,0,0,0,167061,158903,275057,156348,153778,139177,6000,6010,5209,5000,5000,4000,0
3843,50000,1,2,2,24,0,0,0,0,0,0,5219,6475,7483,7709,7934,8242,1500,1274,500,500,440,450,0
3844,50000,2,2,2,33,0,0,0,0,0,0,12498,16264,17918,16072,17041,19028,4000,2000,1000,2000,2396,1000,0
3845,430000,2,1,2,33,0,0,0,0,2,2,40984,37873,34499,28300,24237,12860,10000,5000,10000,0,4000,10000,0
3846,60000,2,1,2,26,0,0,2,0,0,0,22921,23044,17660,13104,8722,17976,5000,0,0,174,13810,0,0
3847,30000,2,2,2,25,0,0,0,0,0,0,3638,4401,5297,4340,3105,5053,1130,1026,125,1500,2000,14,0
3848,170000,1,3,1,48,0,0,0,0,0,0,170845,171762,170464,127364,127024,125341,6800,7790,4587,4675,4525,4497,0
3849,70000,2,1,2,29,0,0,2,2,2,2,40783,44205,44784,43763,46646,47724,4100,1600,0,3600,2000,1900,0
3850,130000,2,2,2,28,0,0,0,0,0,0,390,7412,390,4134,540,390,7412,390,4134,540,390,2596,0
3851,50000,1,1,1,50,1,2,0,0,0,0,49252,44326,39689,29422,12856,0,1521,1345,2074,238,0,0,1
3852,20000,2,3,2,38,1,0,0,0,0,0,0,3796,5081,888,0,0,3796,5081,888,0,0,0,1
3853,50000,1,3,1,48,0,0,0,0,0,0,1058,1726,390,390,390,390,1726,390,390,390,390,390,1
3854,20000,1,3,2,28,2,0,0,0,2,0,14043,13266,14340,15301,14916,15515,1600,1600,1500,0,1000,500,0
3855,110000,2,2,2,32,0,0,0,0,0,0,2015,1403,2684,1149,715,1174,1403,2684,4,715,1174,3805,0
3856,90000,2,2,2,24,0,0,0,0,0,0,76453,49430,50169,49661,42831,27495,2500,2000,2000,3551,1500,1000,0
3857,180000,2,1,2,24,0,0,0,0,0,0,64800,66747,67227,68398,70409,71408,4000,2600,2000,3000,2025,4791,0
3858,50000,2,2,2,28,0,0,0,2,0,0,43747,44488,47342,46326,46358,45283,1746,3600,0,1666,1559,1551,0
3859,200000,1,2,1,36,1,0,0,0,0,0,-1,-1,296,299,278,4575,0,297,303,279,4597,0,0
3860,20000,2,1,1,32,2,2,2,2,2,2,11337,14372,11411,11653,7833,7945,6000,0,744,0,620,0,1
3861,50000,1,1,2,44,0,0,0,0,0,0,51671,50272,49293,47154,50069,50442,1928,1595,1526,13000,1569,2614,0
3862,170000,2,2,1,39,0,0,0,2,0,0,114007,117677,124636,121232,124199,129346,7000,10500,0,5000,11000,4500,1
3863,380000,1,1,1,48,0,0,0,0,0,0,356375,347165,318600,284972,285249,266406,40000,20000,20000,20000,10000,20000,0
3864,30000,1,2,2,39,1,2,2,0,0,0,1623,2441,3244,4034,4812,6210,1000,1000,1000,1000,1500,0,1
3865,30000,2,2,2,23,0,0,0,0,0,0,19594,20619,21631,22062,22707,23312,1346,1358,789,1000,981,1010,0
3866,160000,1,3,1,36,0,0,0,0,0,0,4030,6720,0,8484,2060,0,6720,0,8484,2064,0,798,0
3867,60000,2,3,1,39,2,0,0,2,0,0,29565,31123,34134,23552,24020,26615,3000,3638,0,1000,3000,0,1
3868,450000,2,1,2,31,2,0,0,0,0,0,1638,54490,112841,112603,90202,39564,54490,62841,2000,0,1000,27224,0
3869,80000,2,2,1,43,0,0,0,0,0,0,398,379,298,-300,-300,-300,381,607,0,0,0,598,1
3870,90000,2,1,2,26,1,2,2,0,0,2,23812,15616,11988,32658,30885,26639,0,1525,35011,3000,0,2000,0
3871,30000,1,2,1,33,1,0,0,0,0,0,0,0,0,0,0,0,0,0,0,0,0,0,1
3872,50000,1,2,2,25,2,0,0,0,0,0,48885,49133,48468,42840,30378,29706,2200,2500,2070,1266,2000,1068,1
3873,30000,1,3,1,49,2,2,2,2,2,2,26343,27127,26393,29646,30390,29755,1500,0,3712,1363,0,1141,0
3874,50000,1,3,1,52,1,2,0,0,0,0,32119,29498,26196,23806,16818,14438,0,6900,0,0,0,0,1
3875,320000,2,1,1,34,0,0,0,0,0,0,7417,7488,24003,10208,22215,7332,8000,25000,0,22500,32516,22000,0
3876,300000,2,2,1,43,0,0,0,0,0,0,1314,0,0,0,0,0,0,0,0,0,0,0,0
3877,390000,2,1,2,43,0,0,0,0,0,0,90294,87292,88335,89396,90769,91825,3200,3200,3200,3500,3300,4000,0
3878,50000,2,2,2,23,0,0,0,0,0,0,47662,41023,42162,6765,19286,9558,2000,2102,255,3000,191,0,0
3879,20000,1,2,1,26,2,2,3,3,3,3,1050,1050,1050,1050,1050,1050,0,0,0,0,0,0,1
3880,90000,1,2,2,52,0,0,0,0,0,0,87186,87526,88924,88735,87521,85699,3505,3962,2909,3107,3127,3032,0
3881,300000,1,3,2,51,0,0,0,0,0,0,18341,19847,6246,3872,11875,5290,19854,6279,3883,11883,5305,9998,0
3882,300000,2,4,2,32,0,0,0,0,0,0,54053,65235,64747,65150,-450,700,15235,1491,1303,0,2000,1400,0
3883,200000,1,1,1,34,0,0,0,0,0,0,5392,1938,4819,13074,2070,0,1938,4819,13074,0,0,790,0
3884,50000,1,2,2,24,0,0,0,0,0,0,33715,22824,17144,18104,19205,19014,6600,1900,1500,1500,1500,1500,0
3885,20000,1,2,2,24,0,0,2,0,0,0,390,780,390,780,780,0,780,0,780,0,0,0,1
3886,390000,1,1,2,35,0,0,0,0,0,0,30356,32910,78686,63021,41653,24679,33074,78772,1371,919,13770,183622,0
3887,70000,1,2,2,41,0,0,0,0,0,0,69866,63679,54762,38750,39924,37757,10000,5090,2000,2000,4000,2000,0
3888,300000,1,3,2,43,0,0,0,0,0,0,158741,155438,146043,142726,138849,137499,5823,5310,5302,5035,5118,4532,0
3889,140000,2,3,1,50,0,0,0,0,0,0,139153,141383,140700,137365,137209,138934,6006,5000,5000,5120,5200,4800,0
3890,200000,2,1,1,37,0,0,0,0,0,0,97821,97934,44716,42073,42867,33876,4220,2029,2073,2867,3876,2295,0
3891,80000,2,3,2,28,0,0,0,0,0,0,2147,612,2110,2298,1196,390,612,2110,2298,1196,390,0,0
3892,80000,2,3,1,45,0,0,0,0,0,0,80250,0,0,0,0,0,0,0,0,0,0,0,0
3893,170000,2,1,1,36,0,0,0,0,0,0,1218,2434,1537,2156,1898,2656,2434,1537,2156,1898,2656,1626,0
3894,50000,2,1,2,29,0,0,0,0,0,0,50187,51318,47091,41660,47368,49317,3000,23000,1120,6000,2675,0,0
3895,100000,1,2,2,27,0,0,0,0,0,0,82609,81989,82466,78234,75615,76849,3106,3000,2805,2739,3085,2958,0
3896,30000,2,2,2,22,0,0,2,0,0,0,1924,7096,2982,1732,3836,2461,7096,0,1732,3836,2461,3704,0
3897,30000,2,6,1,49,0,0,0,0,0,0,26305,27307,13294,14069,14518,15025,1500,1500,1000,676,900,900,0
3898,320000,2,2,1,36,0,0,0,0,0,0,73024,66537,58762,43112,67290,62132,2904,2973,1579,40020,3127,1206,0
3899,70000,2,2,2,25,0,0,2,0,0,0,41511,44525,43514,44489,45617,46702,4000,0,2000,2000,2000,3000,1
3900,50000,2,2,1,24,0,0,0,0,0,0,49387,50284,50639,48563,49628,48293,2000,1727,1846,1777,1665,1500,0
3901,130000,1,3,1,48,0,0,0,0,0,0,68629,57168,58103,58595,59822,55572,2187,2000,2000,2053,1964,3002,0
3902,50000,2,2,2,27,1,2,2,2,2,2,8951,8862,10061,9751,11585,11250,200,1500,0,2000,0,1600,1
3903,50000,1,2,1,33,0,0,0,0,0,0,16149,13662,14675,14967,15282,15585,1223,1236,528,548,550,569,0
3904,50000,1,2,2,30,0,0,2,0,0,0,2496,4533,4279,4592,0,0,2254,0,313,0,0,0,0
3905,160000,1,3,1,30,1,2,0,0,0,0,102867,82729,72583,60565,54651,48468,31,2609,2037,2010,2017,3012,0
3906,450000,1,2,1,46,0,0,0,0,0,0,130,1926,15671,18552,24222,32867,1926,15671,18574,24231,32885,9343,0
3907,380000,2,1,1,33,0,0,0,0,0,0,112926,108573,216399,213259,203377,185056,4677,130533,7609,12000,7000,6000,0
3908,30000,2,1,2,29,1,2,2,0,0,0,12517,13027,12421,6105,5083,0,1006,0,0,0,0,0,1
3909,50000,1,2,2,24,0,0,0,0,0,0,47530,46155,28650,19659,19802,19699,1537,1679,688,713,858,660,0
3910,220000,1,2,2,30,0,0,2,0,2,2,776,1552,776,221876,223986,204957,1552,0,221876,7500,4,10000,1
3911,50000,2,2,1,32,0,0,0,0,0,2,390,390,390,390,930,390,390,390,390,930,0,780,1
3912,90000,2,1,2,27,1,0,0,0,0,0,0,0,0,0,0,0,0,0,0,0,0,0,0
3913,80000,1,2,1,26,0,0,0,0,0,0,67692,63789,65771,28690,29137,29569,2763,3500,900,700,700,700,0
3914,390000,1,1,1,44,0,0,0,0,0,0,4197,4688,63661,60616,61357,2798,4711,63701,1214,1241,2812,46220,0
3915,140000,1,2,2,43,0,0,0,0,0,0,128947,106671,101362,87420,88774,81869,4039,7010,2359,7617,2760,2366,0
3916,360000,2,2,1,32,0,0,0,0,0,0,101403,2389,11996,0,67372,66666,2389,11996,0,67372,66666,66666,0
3917,50000,1,3,2,26,2,0,0,0,0,0,50951,49139,46802,47622,48686,47459,2500,2100,1900,2000,1746,1890,1
3918,260000,1,1,1,37,0,0,0,0,0,0,244736,249018,253704,255353,175022,130299,10000,10000,5000,5000,5000,3200,1
3919,180000,2,3,1,43,0,0,0,0,0,0,1207,60267,61424,61039,64260,64618,60267,3000,2154,5000,3000,3000,1
3920,360000,1,1,2,26,1,0,0,0,0,0,-1917,-1917,-1917,-1917,-1917,18083,0,0,0,0,20000,1000,0
3921,230000,2,1,2,35,0,0,0,0,0,0,2630,0,0,0,0,0,0,0,0,0,0,0,1
3922,130000,1,1,2,25,0,0,0,0,0,0,13350,6123,2565,8975,43663,23566,6141,2572,9010,42739,5583,384,0
3923,20000,2,3,1,42,0,0,0,0,0,0,17775,18974,18586,18957,19374,19583,1500,1285,656,699,2000,1286,0
3924,200000,2,3,1,41,0,0,0,0,0,0,-140,-70,-70,13968,6652,9696,0,0,14038,6684,9744,1046,0
3925,220000,2,2,1,35,0,0,0,0,0,0,100252,102510,107102,27361,29340,33933,3500,6000,3000,2340,5000,2000,0
3926,20000,1,1,2,25,0,0,0,0,0,0,8226,9281,10325,10378,7085,6542,1349,1393,446,390,422,2093,0
3927,20000,1,2,2,24,0,0,0,0,0,0,17697,18445,19382,18440,18826,17311,1634,1571,629,652,618,640,0
3928,240000,2,3,2,40,0,0,0,0,0,0,227819,222299,227281,195027,199186,203475,8200,8800,7000,7200,7500,7800,1
3929,480000,2,1,1,50,0,0,0,0,0,0,14638,11940,12318,6295,5284,6220,11956,12331,6295,5284,6220,9104,0
3930,50000,2,2,1,29,0,0,0,0,0,0,26052,27631,29128,29707,28825,29022,2000,2000,2500,1033,1053,1034,0
3931,100000,1,2,1,40,0,0,0,0,0,0,37596,23808,0,0,0,0,1000,0,0,0,0,0,0
3932,120000,2,1,2,34,0,0,0,2,2,2,105356,107588,115372,112027,119702,121650,3931,9600,0,9500,4100,0,1
3933,230000,2,1,1,27,0,0,0,0,0,0,104001,106155,111244,116300,121346,130318,4000,6000,6000,6000,10000,11058,0
3934,20000,1,2,1,32,0,0,0,0,0,0,16849,17618,18194,17759,18759,5340,1434,1400,355,1000,126,450,0
3935,50000,1,2,2,27,0,0,0,0,0,0,25140,23936,11107,1210,0,0,1252,1093,1210,0,0,0,0
3936,130000,2,1,1,32,2,2,2,2,2,2,114227,115922,117545,114168,121621,124168,5000,5000,0,9500,4700,0,0
3937,150000,2,1,1,38,0,0,0,0,0,0,1736,0,0,0,0,0,0,0,0,0,0,0,0
3938,60000,2,1,2,30,1,2,2,2,2,2,41259,40715,43153,43845,44795,45710,400,3406,1700,1800,1800,0,0
3939,260000,1,2,2,44,0,0,0,0,0,0,36048,37157,38040,33882,34589,35397,1688,1571,1213,1253,1381,1166,0
3940,500000,1,2,1,40,0,0,0,0,0,0,30415,31645,32556,36642,-8,-8,2006,3000,5080,8,0,0,0
3941,270000,2,2,1,34,0,0,0,0,0,0,74813,75221,73293,72213,74734,76089,3000,4000,4000,5000,4000,5000,0
3942,410000,2,1,2,34,1,0,0,0,0,0,0,13621,0,0,0,666,13621,0,0,0,666,0,1
3943,60000,2,2,2,29,2,0,0,2,0,0,2469,59068,61284,58698,58033,57539,59068,4898,0,2300,2200,2110,0
3944,200000,2,1,1,31,0,0,0,0,0,0,261,6229,5815,851,2029,1997,6229,5815,854,2029,1997,10342,0
3945,50000,1,3,3,45,0,0,0,0,0,0,780,0,390,2300,1910,780,0,390,4300,0,0,0,0
3946,500000,2,1,2,35,0,0,0,0,0,0,-73,-73,-73,-73,-73,-73,0,0,0,0,0,0,1
3947,150000,2,1,1,35,0,0,0,0,0,0,329,-31,3189,0,150,880,0,3220,0,150,880,0,0
3948,170000,1,3,1,44,1,0,0,0,0,0,0,0,0,0,0,0,0,0,0,0,0,0,0
3949,50000,2,2,2,25,0,0,0,0,0,2,51461,51179,50628,50154,53936,51459,2000,1771,1770,6038,0,2112,0
3950,130000,1,2,1,42,0,0,0,0,0,0,1048,1048,1048,1048,390,390,1048,1048,1048,390,390,390,0
3951,120000,1,3,1,30,2,2,2,0,0,2,122246,124010,120459,121749,81046,79608,6000,0,5020,6100,0,2800,0
3952,70000,1,1,2,28,0,0,0,0,0,0,9214,10560,12071,12866,14644,16230,1500,2000,1000,2000,2000,3000,0
3953,320000,2,2,1,44,0,0,0,0,0,0,3493,12444,46163,1373,6064,2145,12498,46185,1387,6094,2155,1273,0
3954,110000,2,2,1,37,0,0,0,0,0,0,79646,110818,107558,80437,79727,81001,50000,3500,10000,3000,3000,3000,0
3955,420000,2,1,2,30,0,0,0,0,0,0,34567,36416,7406,0,12150,150,10000,2056,0,12150,150,399,0
3956,240000,2,2,1,49,0,0,0,0,0,0,18045,17401,47608,12279,75882,90611,17409,47622,12279,75882,90611,61411,0
3957,380000,1,1,2,33,0,0,0,0,0,0,70591,76715,80080,81162,89571,96627,10000,5000,5000,10000,10000,10000,0
3958,20000,2,2,2,22,0,0,0,0,0,0,17356,18205,10140,10345,7552,8001,1274,1119,324,278,579,170,0
3959,50000,2,1,2,42,0,0,2,2,2,2,35539,38246,37332,39702,38932,41770,3600,0,3000,0,3500,3387,1
3960,20000,1,3,2,23,0,2,0,0,0,0,780,390,380,390,0,780,0,380,400,0,780,0,0
3961,20000,2,2,2,31,0,0,0,0,0,3,16659,17688,18788,19177,21109,20474,1600,1700,1000,2400,0,0,0
3962,240000,2,1,2,28,0,0,0,0,0,0,237633,200572,189615,197092,201528,197155,7065,6002,10002,7030,6275,8088,0
3963,340000,2,2,1,57,1,0,0,0,0,0,-8,-8,-8,-8,1595,-5,0,0,0,1603,0,0,1
3964,90000,2,2,2,23,2,2,2,2,2,2,18168,17593,19492,18884,21410,21841,0,2500,0,3000,930,0,1
3965,50000,2,2,1,56,0,0,0,0,0,0,31276,29179,26482,16770,15529,16266,1556,1247,1770,700,1000,1129,0
3966,210000,2,2,1,33,0,0,0,0,0,0,137009,121126,101951,96329,84224,81570,20000,15011,10000,10000,5000,10001,0
3967,60000,2,2,2,25,0,0,2,6,5,4,44331,48590,59129,57663,56225,54759,5000,12000,0,0,0,0,0
3968,50000,1,2,1,53,0,0,2,2,0,0,12291,14295,9714,9047,8983,9289,3300,1000,0,1000,1000,1423,0
3969,50000,2,1,2,26,1,0,0,0,0,0,0,1950,2576,12576,22397,15944,1950,2576,10000,10000,685,612,0
3970,90000,2,2,2,26,0,0,0,0,0,0,21854,23036,24100,25000,25000,26254,1536,1600,1500,0,1254,1214,0
3971,250000,1,1,1,31,0,0,0,0,0,0,3759,17694,14505,4757,11357,6679,8873,14548,4771,11491,6896,890,0
3972,290000,1,3,1,47,2,0,0,0,0,0,255412,217382,250549,31370,-4020,107239,5130,4647,949,4391,146216,60686,1
3973,240000,1,2,2,35,0,0,0,0,0,0,8602,18703,643,11455,1326,663,18718,646,11478,1329,3,1322,0
3974,360000,1,1,2,29,0,0,0,0,0,0,1360,7995,-7,3651,2085,1102,8035,0,3658,10,1107,584,0
3975,340000,1,1,2,36,0,0,0,0,0,0,11951,16332,20391,22104,26361,34333,5000,5012,5000,5006,10010,10000,0
3976,290000,2,1,2,48,0,0,0,0,0,0,74864,36317,34491,29657,9134,2383,1411,1200,593,200,5637,0,0
3977,50000,2,2,2,25,2,0,0,0,0,0,48690,49347,16002,6120,3910,299,1692,1033,122,78,299,9292,0
3978,310000,2,2,1,41,0,0,0,0,0,0,530,7233,4158,8408,542,2314,7233,4318,8408,542,2314,648,0
3979,10000,1,2,2,22,0,0,0,0,0,0,9358,7926,9310,9500,9700,10000,1216,2800,190,200,300,0,0
3980,260000,2,1,2,31,0,0,0,0,0,0,181679,187642,190152,186696,188632,190948,8900,7200,6800,7100,7200,6500,0
3981,180000,2,3,2,26,0,0,0,0,0,0,71702,66234,57253,53736,46213,39701,2950,2200,2000,5000,2000,2300,1
3982,20000,1,3,2,26,0,0,0,0,0,0,96,780,0,0,0,0,1560,0,0,0,0,0,0
3983,360000,2,1,2,28,0,0,0,0,0,0,2400,2500,0,0,0,0,2500,0,0,0,0,0,0
3984,80000,2,1,1,30,0,0,0,0,0,2,65622,67265,67382,51958,55196,54235,3300,2100,2000,4000,0,3000,0
3985,450000,2,2,1,44,0,0,0,0,0,0,10716,12254,12815,17782,9074,8490,8000,5000,7000,3000,2000,1626,0
3986,30000,2,2,2,22,0,0,0,0,0,0,30190,28985,28724,29357,30188,26316,1532,2169,1000,1200,2000,1500,1
3987,500000,1,1,1,39,0,0,0,0,0,0,26501,21340,11003,1848,1116,927,1261,5901,46,1121,947,201323,0
3988,210000,2,1,1,34,0,0,0,0,0,0,146756,150057,153238,156384,160056,163188,5500,5510,5500,6000,6000,6000,0
3989,300000,1,3,2,64,0,0,0,0,0,0,1068,1168,1005,1372,1610,1355,1168,1005,1372,1610,1355,1426,0
3990,100000,1,4,1,52,0,0,0,0,0,0,90939,83090,63145,56962,52385,22543,3467,2000,1476,4992,808,1000,1
3991,240000,1,1,1,47,1,2,2,2,2,2,138103,134976,137251,144457,147604,145071,500,6000,11000,5600,0,11077,1
3992,50000,2,2,2,56,0,0,0,0,0,0,30121,31295,19100,18900,0,3900,2295,19100,0,0,3900,0,0
3993,20000,1,2,2,22,3,2,2,3,2,2,17710,17137,19830,19240,18419,20126,0,3000,0,0,2000,0,1
3994,110000,2,2,2,23,0,0,0,0,0,0,1877,2507,1320,1270,63697,51866,1000,1000,100,63697,2427,2050,1
3995,200000,1,1,3,43,0,0,0,0,0,0,9873,-709,10291,0,582,291,0,11000,0,873,0,291,0
3996,220000,1,3,2,33,1,0,0,0,0,0,-117,487,2879,4483,6087,-273,1000,3000,2000,2000,0,2000,0
3997,50000,2,2,2,43,0,0,0,0,0,0,9784,11578,7384,13479,6734,6801,2303,2095,500,1000,500,500,1
3998,60000,1,2,2,26,0,0,0,0,0,0,40171,37274,30203,30809,33323,33190,1491,2000,1092,3000,1353,2000,0
3999,20000,2,1,2,23,2,2,2,2,2,2,9736,12759,12459,12957,13104,12744,3500,200,1000,500,0,1000,1
4000,170000,1,2,2,39,0,0,0,0,0,2,2429,8054,4380,316,6131,5612,8077,4380,0,6131,0,3000,1
4001,30000,2,1,2,29,2,0,0,0,2,0,2030,1533,3897,6978,4081,3686,1533,3897,4081,0,155,96,0
4002,160000,2,1,1,29,0,0,0,0,0,0,1778,0,0,150,150,989,0,0,150,150,989,0,1
4003,200000,1,1,1,35,0,0,0,0,0,0,199891,198608,115177,116226,139737,187728,8500,6000,4000,25000,50000,70000,1
4004,120000,1,3,2,25,0,0,2,0,0,0,81129,72699,39909,18334,7382,19801,7504,29,10004,6,19824,18129,0
4005,230000,2,1,1,38,0,0,0,0,0,0,12907,316,1156,316,316,316,316,1156,316,316,316,316,0
4006,20000,2,3,1,42,0,0,0,0,0,0,10665,637,11869,7312,1868,1470,637,11869,7314,2274,1470,2200,0
4007,10000,1,3,2,46,2,2,3,3,3,3,1050,1050,1050,1050,1050,1050,0,0,0,0,0,0,1
4008,100000,2,3,2,24,1,0,0,0,0,0,0,0,0,0,2483,0,0,0,0,2483,0,80,0
4009,130000,2,2,2,24,1,0,0,0,0,0,0,0,0,0,0,0,0,0,0,0,0,0,0
4010,50000,1,2,2,47,0,0,0,0,0,0,91481,47099,47486,24769,23029,23495,3956,1365,848,1000,1000,1000,0
4011,140000,2,3,2,31,0,0,0,0,0,0,92636,94641,96667,98883,79972,81642,3500,3600,3900,3000,3000,3200,0
4012,50000,1,2,2,49,0,0,0,0,0,0,47864,99572,50396,9430,9638,9801,3473,2294,328,350,323,312,0
4013,360000,1,1,2,29,0,0,0,0,0,0,3206,2347,3770,3466,1630,2931,2358,3788,3483,1638,2946,16950,0
4014,20000,2,2,2,22,4,3,2,2,2,2,19529,18937,18335,19530,19076,20444,0,0,1500,0,1700,0,1
4015,110000,2,2,2,33,0,0,0,0,0,0,107028,106818,108730,112035,48492,43413,4000,3783,6488,4850,2000,6446,0
4016,100000,1,2,2,33,5,4,3,2,2,2,90822,88562,86256,87150,85636,91007,0,0,3200,0,6803,6950,1
4017,260000,2,1,1,39,0,0,0,0,0,0,256557,188370,186778,184132,189947,89016,6726,6637,7784,10000,3500,3434,0
4018,50000,2,1,2,23,0,0,0,0,0,0,46750,45985,26675,16948,16303,18019,1505,2000,592,604,2000,2000,0
4019,360000,2,2,1,39,1,0,0,0,0,0,0,0,0,0,0,0,0,0,0,0,0,0,1
4020,30000,2,2,1,27,2,2,2,2,2,2,27896,26835,28690,27633,29184,28776,0,2659,0,2309,1087,0,1
4021,50000,1,2,2,23,0,0,0,0,0,0,49798,50795,50150,9658,10011,9345,2193,2040,330,492,332,500,0
4022,270000,2,2,2,31,0,0,0,0,0,0,0,0,0,0,0,0,0,0,0,0,0,0,0
4023,250000,2,1,1,44,0,0,0,0,0,0,4976,5417,7948,1797,1580,12573,5417,7948,1797,1580,12573,4338,0
4024,250000,1,1,2,48,0,0,0,0,0,0,5241,2738,2360,6976,3701,2872,2754,2377,7006,11,2981,0,0
4025,120000,2,2,1,24,1,0,0,0,0,0,0,0,0,0,4629,5551,0,0,0,4629,1000,1915,0
4026,250000,2,3,2,36,0,0,0,0,0,0,44242,58876,73068,102311,75543,88283,25000,24000,30000,25000,30000,25000,0
4027,260000,2,2,2,29,0,0,0,0,0,0,1267,553,0,202,11990,3359,553,0,202,11990,3359,1035,0
4028,240000,1,2,1,39,2,0,0,0,0,0,234661,234364,235982,239281,244329,249130,10200,10200,8725,9068,9068,15000,0
4029,60000,2,2,2,27,0,0,0,0,0,0,18224,19928,20939,21291,21734,22184,2000,1648,1000,936,962,3013,0
4030,250000,2,1,1,40,0,0,0,0,0,0,326,326,652,326,326,326,326,652,0,326,326,326,1
4031,100000,2,2,2,26,0,0,0,0,0,0,98542,82569,87486,84536,76008,69865,3326,8003,2745,2689,2896,2731,0
4032,150000,2,1,2,35,1,0,0,0,0,0,0,1070,-240,-240,-240,390,1070,0,0,0,1170,390,0
4033,170000,2,1,1,45,0,0,0,0,0,0,165243,156688,151405,127090,126388,126399,7067,6443,4617,4711,4673,4603,0
4034,710000,2,1,2,32,0,0,0,0,0,0,28585,31719,34854,35774,35524,35047,3561,3696,1616,3024,5011,2011,0
4035,20000,1,2,1,50,0,0,0,0,2,0,6620,7556,8570,10020,9715,10153,1200,1300,1600,0,600,600,0
4036,360000,2,2,2,36,0,0,0,0,0,0,83412,77205,16250,13600,12640,0,3700,1123,500,640,0,0,0
4037,150000,2,3,1,60,1,0,0,0,0,0,0,0,0,0,0,0,0,0,0,0,0,0,1
4038,150000,2,3,1,49,0,0,0,0,0,0,3114,23946,7838,7642,8009,10800,23979,7838,7642,367,10800,5068,0
4039,50000,1,3,2,58,0,0,0,0,0,0,7556,7312,6959,5813,3985,3169,1140,1048,163,135,151,2000,0
4040,140000,2,3,1,38,2,2,0,0,2,2,122283,118913,120435,139795,142950,140505,0,5000,21500,5500,0,5000,0
4041,250000,1,1,1,42,1,0,0,0,0,0,-8,-8,1632,-88,17451,43978,0,1640,0,17539,44197,1758,0
4042,20000,1,2,2,36,0,0,2,2,3,2,11423,13976,13455,15227,14699,14313,2749,0,2000,0,0,1230,0
4043,360000,2,2,1,42,0,0,0,0,0,0,2333,6295,0,0,1070,0,6295,0,0,1070,0,0,0
4044,160000,2,2,1,34,0,0,0,0,0,0,2734,0,625,406,338,0,0,625,406,338,0,0,1
4045,180000,2,2,1,30,0,0,0,0,0,0,27225,28245,26743,28943,30943,0,1765,1000,2200,2000,0,0,0
4046,50000,1,2,2,23,0,0,0,0,0,0,28569,27693,20401,17510,18038,16145,1400,1600,600,771,1000,305,0
4047,50000,1,2,2,45,0,0,0,2,0,0,19834,19387,22574,20483,20121,20191,1340,5000,0,729,793,642,0
4048,220000,2,1,1,60,2,2,2,2,2,0,19024,20424,19798,21468,20986,22469,2000,0,2000,0,2000,2000,1
4049,150000,1,2,1,39,0,0,0,2,2,2,76415,78836,87265,85084,93323,91783,4150,10575,0,9717,0,3300,1
4050,160000,1,2,1,40,0,0,0,0,0,0,1672,2927,0,0,0,0,2941,0,0,0,0,0,0
4051,160000,2,3,2,30,0,0,0,0,0,0,1055,2579,1155,3334,1055,8824,2579,1155,3334,0,8824,1055,0
4052,200000,2,2,1,29,0,0,0,0,0,0,73700,73624,73928,72060,72393,72969,3304,3815,3004,3006,4012,3012,0
4053,190000,1,1,2,32,0,0,2,0,0,0,5484,6192,4988,3440,3341,3228,2450,0,200,1000,1000,1000,0
4054,50000,2,2,1,32,0,0,0,0,0,0,47445,37395,9858,8536,9674,9591,1697,1118,285,299,1110,40207,1
4055,50000,1,2,2,24,0,0,0,0,0,0,390,390,390,780,390,390,390,390,780,0,390,0,0
4056,140000,2,2,2,35,0,0,0,0,0,0,88394,90252,92775,93606,95301,96653,3280,4270,3500,3606,3500,3550,0
4057,60000,2,2,2,26,0,0,0,0,2,2,48867,49979,51316,54046,55036,53985,2200,2470,4200,2000,0,6200,0
4058,10000,2,3,1,24,0,0,0,0,0,0,8283,8754,9436,5856,6059,5999,1500,1246,210,298,120,0,0
4059,400000,1,1,2,28,1,0,2,0,0,0,-1320,5773,3944,87146,90818,96316,9952,10,87170,10013,10008,20039,0
4060,500000,2,1,2,44,0,0,0,0,0,0,380502,295489,206296,354521,358009,394932,10481,12042,160042,46043,53181,15071,0
4061,320000,2,2,2,24,0,0,0,0,0,0,44500,51257,54659,35196,71244,35299,51334,54726,103,71404,35448,47699,0
4062,240000,1,1,1,50,0,0,0,0,0,0,2115,0,0,0,0,0,0,0,0,0,0,0,0
4063,110000,2,3,1,44,0,0,0,0,0,0,128341,131227,133490,135888,137708,78581,4861,4300,3500,3500,2564,2300,0
4064,240000,1,1,2,29,1,0,0,0,0,0,0,0,0,0,0,0,0,0,0,0,0,0,1
4065,50000,2,3,2,31,2,2,2,0,0,0,26411,28902,28139,28697,35084,29983,3231,0,1026,1063,1397,6212,1
4066,100000,2,3,2,46,2,0,2,0,0,0,216,964,964,365,0,0,964,0,0,0,0,301,0
4067,50000,1,1,2,25,0,0,0,0,0,0,25045,15180,6964,7604,2173,6586,15522,6964,7604,2173,6586,11890,0
4068,50000,1,3,2,24,0,0,0,0,0,0,25437,25873,0,100,0,0,2000,0,100,0,0,0,1
4069,50000,1,2,1,43,0,0,0,0,2,0,1040,4254,6955,9486,9191,12524,4254,2962,5191,0,3500,3000,1
4070,150000,2,2,2,30,0,0,2,2,2,2,63150,68125,66432,73312,72015,76521,6000,0,8023,0,5700,0,0
4071,200000,2,2,1,37,0,0,0,0,0,0,4157,601,432,1602,3017,937,606,432,1602,3017,937,1275,0
4072,80000,2,2,2,28,0,0,0,0,0,0,47234,48147,45958,43437,41444,35501,3000,2007,1361,1512,2000,476,0
4073,360000,1,1,1,35,0,0,0,0,0,0,11936,21865,3366,5210,13308,7089,21983,4567,5236,13373,7123,5510,0
4074,120000,1,2,2,49,0,0,0,0,0,0,38878,39917,32048,29131,30288,30192,2000,2000,2000,3000,3000,5000,0
4075,230000,1,1,2,28,0,0,2,0,0,0,70966,70366,66633,56055,22935,17354,5606,1050,1634,3000,3203,1000,0
4076,60000,2,2,1,34,0,0,0,0,0,0,54316,55575,15158,15450,15933,16095,2770,1275,544,3923,575,596,1
4077,90000,1,2,1,37,1,2,2,2,2,0,9549,9257,11983,12065,11731,11809,0,3200,572,0,422,437,0
4078,50000,1,2,2,29,3,2,2,0,0,0,49747,51075,43662,18115,17300,17947,2500,14,2000,1000,1500,1500,1
4079,240000,1,2,1,31,0,0,0,0,0,0,1051,475,1051,671,291,671,475,1051,671,291,671,671,0
4080,230000,2,2,1,42,0,0,0,0,0,0,6946,120,8794,2095,129,303,500,16000,9100,7400,7500,8100,0
4081,80000,2,1,2,23,0,0,0,0,0,0,23998,17442,15948,17118,9883,8689,3150,2000,6000,500,304,500,0
4082,400000,2,1,2,28,0,0,0,0,0,0,3299,6930,2375,1211,6661,517,6978,2387,1127,6694,519,593,0
4083,120000,1,1,1,45,0,0,0,0,0,2,117775,117106,118207,116885,123040,120546,5700,6000,5000,10000,0,4500,0
4084,250000,1,1,1,39,1,0,0,0,0,0,0,93,5354,167,908,0,93,5354,167,908,0,0,0
4085,30000,2,1,2,24,1,2,0,0,2,2,29846,28941,18643,19005,12751,10891,0,4000,600,0,2500,419,0
4086,150000,2,1,1,54,0,0,0,0,0,0,152059,150510,152228,141778,142694,145622,7100,5800,5300,5200,5300,5600,0
4087,310000,1,3,2,37,2,2,0,0,0,0,207995,211176,214160,220579,227036,321979,8000,8000,10000,10000,100000,0,0
4088,150000,1,2,2,34,0,0,0,0,0,0,135587,138473,141297,144605,148420,150500,4000,4000,4500,5000,3500,0,0
4089,80000,2,1,2,29,0,0,0,0,0,0,11040,5830,4136,0,0,150,1500,2000,0,0,150,419,0
4090,200000,2,1,1,37,1,0,0,0,0,0,0,0,0,0,0,0,0,0,0,0,0,0,1
4091,50000,1,2,2,24,0,0,0,0,0,0,35166,29045,15188,7582,7741,7958,1300,1106,1500,281,346,159,0
4092,190000,1,2,1,23,0,0,0,0,0,0,223483,183900,182911,156432,152708,133584,11837,6070,5136,5183,5237,4396,1
4093,50000,1,2,2,33,2,0,0,2,2,2,30773,33275,41329,5392,5722,4501,4000,9000,0,1000,0,1000,0
4094,100000,1,2,2,31,1,2,2,2,3,2,24377,25167,24541,27304,26669,26172,1400,0,3100,0,0,2000,1
4095,150000,1,1,1,33,0,0,0,0,0,0,144761,146271,128105,130555,133985,136151,6005,5005,5005,6005,5005,5005,0
4096,80000,1,2,2,43,0,0,0,2,2,2,19260,16902,15173,10493,10313,6687,1270,1874,0,3313,0,291,0
4097,200000,1,2,1,30,1,0,0,0,0,0,736,736,736,736,736,316,736,736,736,736,316,1156,0
4098,120000,2,3,2,46,0,0,0,0,0,0,116697,108828,101417,89852,91503,89571,4200,4715,3200,3010,3772,3464,0
4099,60000,2,2,1,49,2,0,0,0,2,0,61093,57227,32091,32792,31277,29512,1739,1791,2378,0,1092,3554,1
4100,450000,2,6,1,51,0,0,0,0,0,0,144396,150396,396,396,396,546,6396,396,396,396,546,396,0
4101,120000,1,1,2,32,0,0,0,0,0,0,890,390,390,1480,0,6477,390,390,1480,0,6477,0,1
4102,130000,1,2,1,43,0,0,0,0,0,0,0,0,0,96963,99004,101833,0,0,96963,3554,4435,3304,0
4103,240000,2,1,2,36,0,0,2,0,0,2,5367,6959,6649,5149,13750,5777,6959,15,0,7013,0,726,1
4104,90000,2,2,2,26,0,0,0,0,0,0,11181,11237,9442,5318,11928,15558,3194,8823,0,7000,6660,10000,0
4105,210000,1,2,2,25,2,0,0,0,2,0,7474,8625,3511,4950,4727,5494,1500,1500,1500,0,1000,1000,1
4106,90000,2,2,2,23,0,0,0,0,0,0,803,16983,18644,12718,12984,13247,16983,2000,500,424,431,1000,0
4107,420000,2,1,1,40,0,0,0,0,0,0,1794,7748,2950,17827,23711,63784,7786,2965,18048,23831,64101,30731,0
4108,290000,1,1,1,63,0,0,0,0,0,2,183800,187658,193030,195356,207180,211614,6820,8500,7020,15000,8000,0,1
4109,390000,1,1,2,29,0,0,2,0,0,0,43062,47142,46088,47016,48332,62205,5100,0,2000,2071,15000,2300,0
4110,230000,1,1,2,32,0,0,0,0,0,0,489,0,1257,0,1169,641,0,1257,0,1169,641,0,0
4111,90000,2,2,1,29,0,0,0,0,0,0,13770,14024,9232,4173,4408,5846,1522,3010,1500,1500,1500,2000,0
4112,280000,2,2,1,45,1,0,0,0,0,0,0,0,3288,0,0,0,0,3288,0,0,0,2942,0
4113,280000,2,1,2,28,0,0,0,0,0,0,21670,15767,15288,4923,19616,5191,15846,15364,9948,19693,5216,488,0
4114,30000,2,3,1,25,0,0,0,0,2,0,0,20249,3765,29393,26408,27653,20657,1000,26408,0,1653,823,0
4115,20000,1,2,1,38,0,0,0,0,0,0,18596,19245,19744,14999,15121,19283,1342,1231,524,741,5000,1000,0
4116,180000,2,1,1,43,0,0,0,0,0,0,36484,24049,89271,1946,11859,506,24049,91272,162,11859,506,1304,0
4117,70000,2,3,2,26,0,0,0,0,0,0,7139,8361,10030,11578,13408,12302,1500,2000,2000,2000,1000,2000,1
4118,230000,2,2,1,34,0,0,0,0,0,0,2007,3220,6163,2765,2050,1197,3229,6191,2782,2055,1200,1710,0
4119,50000,1,2,2,36,0,0,2,0,0,0,17003,18157,17301,16486,17681,17825,3000,1000,1000,2000,1000,2000,0
4120,250000,1,2,1,47,0,0,0,0,0,0,10735,19147,4192,5947,5453,0,19269,4192,5966,5453,0,0,0
4121,140000,1,1,1,47,0,0,0,0,0,0,109259,108015,107209,106353,100653,99546,5400,5211,4000,4000,4000,3600,0
4122,140000,2,2,1,41,0,0,0,0,2,0,43616,44710,45661,50880,49934,51106,2100,2000,6000,0,2000,4200,0
4123,130000,2,1,2,25,0,0,0,0,0,0,1088,1521,6042,1085,947,495,1521,6044,1619,947,495,0,0
4124,120000,2,2,1,40,0,0,0,0,0,0,73900,0,0,3663,3663,0,0,0,3663,0,0,0,0
4125,60000,2,2,2,43,1,2,0,0,3,2,44193,43205,47476,54735,53584,54703,0,5000,8100,0,2150,0,1
4126,80000,2,3,2,32,0,0,0,0,0,0,77385,79038,80899,79387,81593,80254,2900,3200,3000,3500,3100,6200,0
4127,240000,2,1,1,41,0,0,0,0,0,0,4420,16829,4745,2430,7792,33196,16920,4774,2442,7829,33361,1076,0
4128,50000,1,3,1,32,0,0,0,0,0,0,46727,47973,48990,49261,0,0,2000,2005,1745,0,0,0,1
4129,270000,2,1,2,33,0,0,0,0,0,0,12091,0,6743,338,0,432,0,6743,338,0,432,3042,0
4130,170000,2,1,1,52,0,0,2,0,0,0,2939,5447,416,7509,6387,1516,3000,5,7509,6387,1666,3023,0
4131,50000,1,2,1,51,0,0,0,0,0,0,42462,43684,42256,6501,6638,7027,1928,1200,300,242,500,500,1
4132,230000,2,5,1,29,0,0,0,0,0,0,123436,127873,129832,133273,139818,65649,7000,6000,6000,10000,30000,3044,0
4133,390000,2,1,2,26,0,0,0,0,0,0,5044,1248,199466,200701,210885,213137,1248,201925,6195,30000,8000,8000,0
4134,200000,2,2,1,39,0,0,2,0,0,0,151955,158956,149765,131741,134488,137240,9201,5000,4500,4600,4700,5319,1
4135,500000,2,2,1,27,0,0,0,0,0,0,174725,178556,182274,185523,183530,187150,6630,6831,6500,6500,6500,5900,0
4136,30000,2,1,2,25,3,2,0,0,0,0,14190,12900,11006,5584,5268,4112,0,2046,0,0,0,915,1
4137,450000,2,1,2,33,0,0,0,0,0,0,30627,3693,6696,2461,4192,4378,4008,6696,5000,4192,4378,71100,0
4138,50000,1,2,2,25,0,0,0,0,0,0,11014,11092,692,1184,24119,24027,1402,694,1186,34029,1002,1023,0
4139,50000,2,1,2,26,0,0,0,0,0,0,48150,47684,47528,48525,45790,46764,1797,2113,2500,1742,1817,2000,0
4140,220000,1,1,2,48,0,0,0,2,0,0,115294,117945,130365,126780,129570,133553,6000,16000,0,5000,6300,3000,0
4141,30000,2,2,2,33,0,0,0,0,0,0,29965,28048,29775,27736,26956,28142,2000,3000,3000,2000,2000,2000,0
4142,50000,2,3,1,42,3,2,2,0,0,0,34542,30557,29577,29529,28276,28768,1000,1000,1000,1000,1000,1000,0
4143,50000,1,2,1,31,0,0,0,0,0,0,48469,48872,49429,49144,50032,50519,2138,2095,1711,1771,1900,3510,0
4144,30000,2,2,2,24,2,0,0,0,0,0,28510,28481,28045,27259,0,0,2000,1200,0,0,0,0,1
4145,200000,2,1,2,42,0,0,2,0,0,0,660,1320,660,1320,1320,1710,1320,0,1320,1320,1710,27077,1
4146,50000,2,2,1,46,1,2,2,2,2,2,43244,42276,45235,45816,44970,47649,0,4000,1600,0,3400,0,1
4147,80000,2,2,2,26,0,0,0,0,0,0,47788,45221,46830,48429,52142,56060,4000,3000,3000,5000,5000,5000,0
4148,20000,1,3,1,26,3,2,3,2,0,0,10135,11926,11448,10970,11636,12442,2100,0,0,1000,1000,0,1
4149,70000,2,2,1,44,0,0,0,0,0,0,68687,69531,71271,70712,50793,50605,2545,2918,6329,1996,1977,1975,0
4150,130000,1,3,1,44,0,0,0,0,0,0,15722,0,0,0,0,0,0,0,0,0,0,0,0
4151,200000,1,3,1,34,0,0,0,0,0,0,192910,199344,186878,140743,129806,121623,10000,10000,6000,10000,10000,5000,0
4152,320000,2,1,1,34,0,0,0,0,0,0,11317,2612,1265,3031,13001,8807,2617,1265,3031,13001,8807,4003,0
4153,170000,2,1,2,27,0,0,0,0,0,0,61785,17848,14000,124208,122955,116191,3848,4000,124208,5000,5000,5000,0
4154,280000,2,1,2,30,0,0,0,0,0,0,8527,13219,10132,29142,20644,1647,13244,10157,29187,20669,3003,3250,0
4155,10000,2,2,2,34,0,0,0,0,0,0,8014,9170,9180,8300,0,0,1300,1000,1166,0,0,0,0
4156,200000,1,1,1,35,1,2,0,0,0,0,204441,198879,202466,168015,169799,171981,0,8555,10000,6500,7103,6000,0
4157,70000,1,2,2,27,0,0,0,0,0,0,63298,65785,65353,84184,47686,49276,4100,2400,2500,1800,2400,4800,0
4158,230000,2,1,2,45,0,0,0,0,0,0,204625,205816,205294,194263,212257,206084,15006,15026,15000,20000,15030,15030,0
4159,150000,2,1,2,40,0,0,0,0,0,0,800,2400,0,0,1000,0,2400,0,0,1000,0,0,0
4160,320000,2,1,1,29,0,0,0,0,0,0,95322,98787,97996,27996,1712,-216,5000,2000,2000,2000,0,10000,0
4161,50000,1,1,2,25,4,4,4,4,3,2,35906,37038,38151,37264,36396,35659,2000,2000,0,0,0,3001,0
4162,200000,2,2,1,44,1,2,2,2,0,0,2667,2478,6406,6216,5258,7002,0,4000,14,2000,2000,2000,1
4163,200000,1,2,1,39,0,0,0,0,0,0,326,326,326,326,326,326,326,326,326,326,326,326,1
4164,160000,2,2,2,29,0,0,0,0,0,0,2248,-2,4903,5525,-10,-10,0,4905,5525,10,0,5685,0
4165,380000,1,1,2,42,0,0,0,2,0,0,1837,4791,6697,2700,1218,1533,3000,2000,0,1218,700,500,0
4166,50000,1,2,1,51,0,0,0,2,2,6,11583,16051,25725,25017,34385,33248,5000,10000,0,10000,0,10000,1
4167,500000,2,2,1,51,0,0,0,0,0,0,8864,1462,18653,45391,1460,580,1462,18661,45402,1460,580,1588,0
4168,150000,1,3,1,34,0,0,0,0,0,0,38808,39879,40589,41551,42420,43105,2000,1674,1636,1690,1544,1751,0
4169,90000,1,2,2,33,0,0,0,0,0,0,56291,58385,60412,61710,63020,64274,3000,3000,2300,2300,2300,2379,1
4170,60000,1,2,3,46,0,0,2,2,2,2,24677,26963,28210,27473,29176,28242,3000,2000,0,2289,0,1500,1
4171,140000,1,1,2,27,0,0,0,0,0,0,13497,15680,3400,3218,16478,4078,15688,4000,3218,17000,4500,4448,0
4172,220000,2,1,2,40,0,0,0,0,0,0,13654,12312,23031,7229,3942,2132,12312,23031,7234,3942,2132,5809,0
4173,450000,1,3,2,41,0,0,0,0,0,0,262138,242290,221480,201670,181345,160000,10027,8517,7020,6821,6027,5010,0
4174,200000,1,2,1,48,0,0,0,0,0,0,205150,0,0,0,0,0,0,0,0,0,0,0,0
4175,140000,2,1,2,34,0,0,2,0,0,0,30996,33690,33430,32768,29701,24377,3200,1500,1800,2000,2000,1000,1
4176,290000,2,1,1,46,0,0,0,0,0,0,6615,8494,10336,15127,19685,29275,2000,2000,5000,5000,10000,5000,1
4177,260000,1,1,2,34,0,0,0,0,0,0,87281,96870,115398,146597,159844,145729,15000,20084,50029,20139,15147,12025,0
4178,60000,2,1,2,27,0,0,0,0,0,0,61015,58160,51237,29999,28972,29444,3016,5011,1005,1000,14000,3104,0
4179,280000,1,1,2,31,0,0,0,0,0,0,12740,17239,14496,16185,8962,8756,17352,14575,16266,9007,8800,20947,0
4180,310000,2,3,1,40,0,0,0,0,0,0,69569,71437,71464,72299,50967,51153,3366,2400,2212,1985,2422,1407,0
4181,80000,2,3,1,50,0,0,0,0,0,0,6627,9503,11966,14493,20328,23506,3000,3000,3000,8000,3506,3000,0
4182,150000,2,1,2,33,0,0,0,0,0,0,74033,237,1420,1141,1067,1128,237,1426,1141,1067,1200,1150,0
4183,80000,1,2,2,28,0,0,0,0,0,0,49302,35916,25528,26034,26615,28173,1412,1425,931,1000,2000,2000,0
4184,480000,2,2,1,45,0,0,0,0,0,0,1223,22308,6070,5924,547,1308,22313,6083,5924,547,1308,1480,1
4185,350000,2,2,1,34,1,2,0,0,0,0,23589,22585,23263,23755,23900,25016,0,1700,1500,1000,2000,1500,0
4186,230000,1,1,2,30,1,0,0,0,0,0,0,0,0,0,625,514,0,0,0,625,514,3,0
4187,180000,1,3,2,46,0,0,0,0,0,0,109114,71952,16765,14611,16209,25653,2835,1500,1000,2000,10000,20000,0
4188,50000,1,2,1,32,0,0,0,0,0,0,50764,50428,49564,21002,20230,19462,2200,1500,1500,2000,1700,2000,1
4189,310000,2,2,1,43,1,2,2,2,2,2,266629,270414,264482,280240,285805,272059,9500,0,20000,10000,0,9755,1
4190,10000,1,1,1,41,0,0,3,2,2,2,6859,9751,9451,9169,10056,8559,3000,0,0,1002,0,500,0
4191,280000,1,1,2,25,0,0,0,0,0,0,9895,7402,7701,8951,6916,8790,3011,3007,3019,2004,3044,93462,0
4192,50000,1,2,2,52,0,0,0,0,0,0,50557,49214,50156,20186,17966,19659,2283,2225,1008,757,2601,700,1
4193,50000,2,2,2,51,2,0,0,2,2,2,10728,11751,13247,12737,13732,13362,1504,2000,0,1200,0,494,1
4194,10000,2,1,2,22,1,3,2,2,2,2,8352,8078,7800,8672,8388,9248,0,0,1000,0,1000,0,0
4195,290000,1,1,1,43,0,0,0,0,0,0,294475,295310,290951,237255,241778,236917,12021,11212,8503,9047,9003,10014,0
4196,240000,1,1,2,33,1,0,0,0,0,0,0,0,0,0,0,41300,0,0,0,0,41300,868,0
4197,100000,2,2,2,26,1,2,0,0,0,0,48006,46561,46764,48298,49137,49576,0,2200,3000,2000,1800,2000,1
4198,160000,2,2,2,25,0,0,0,0,0,0,21570,7501,10703,12448,2129,24461,7545,10841,12448,2141,24603,16897,0
4199,230000,1,2,1,46,0,0,0,0,0,0,170354,131022,108061,87461,69221,57462,7200,3348,2510,5000,3500,6500,0
4200,230000,2,2,1,46,0,0,0,0,0,0,0,0,0,0,0,0,0,0,0,0,0,83,0
4201,300000,2,3,1,41,1,0,0,0,0,0,0,1018,685,1144,0,67,1018,687,1144,0,67,0,0
4202,500000,1,3,2,32,0,0,2,0,0,0,211508,183713,158759,119566,123098,132355,10070,3066,13366,20898,20155,16101,0
4203,200000,1,1,2,29,0,0,0,0,0,2,1124,1206,1292,1778,2064,1000,1000,1000,1400,1200,0,1203,0
4204,210000,2,1,2,44,0,0,0,0,0,0,125615,77485,79668,92326,30500,25265,5000,4000,3402,2013,1026,1000,0
4205,50000,2,2,2,23,0,0,0,0,0,0,373,-17,4230,1243,1904,0,0,4247,1243,1094,0,0,0
4206,130000,1,2,2,25,0,0,2,2,2,0,112561,119435,105382,49643,46812,45914,12421,0,7000,0,2000,1822,0
4207,90000,2,2,1,37,0,0,0,0,0,0,2522,0,1261,1261,1261,1261,0,1261,1261,1261,1261,390,0
4208,80000,2,3,1,36,0,0,0,0,0,0,5587,6906,1470,1720,2890,7678,6906,1470,1720,2890,7678,1730,0
4209,30000,1,3,2,23,2,2,2,2,2,2,10732,20501,20831,21231,20589,31018,10000,1000,1000,0,13000,0,0
4210,480000,2,2,2,30,1,0,0,0,0,0,0,0,0,0,330982,355339,0,0,0,330982,30000,13174,0
4211,80000,2,3,1,41,0,0,0,0,0,0,54074,50967,29143,33520,19060,14275,10000,10000,5000,3000,3000,5000,0
4212,90000,2,2,2,24,0,0,0,0,0,0,36179,36137,28400,28982,29782,24389,1953,2000,29982,800,1516,60615,0
4213,70000,1,2,1,31,1,2,2,2,2,2,32945,32133,35089,34225,36663,35921,0,3500,0,3000,0,3000,0
4214,50000,1,3,2,31,0,0,0,2,0,0,5458,7208,17221,16738,17106,15415,2000,10600,0,700,3000,4200,0
4215,110000,2,3,1,39,0,0,0,0,0,0,73064,70373,71730,73208,75095,72530,3900,3200,2600,3000,3100,3100,0
4216,120000,1,2,2,30,0,0,0,0,0,0,100802,104378,106651,108362,96168,99399,5200,5500,5000,5000,5000,5000,0
4217,180000,1,2,2,24,0,0,0,0,0,2,2294,1290,2109,600,476,326,1296,2120,901,476,0,326,0
4218,50000,1,2,2,33,1,2,2,2,2,2,40159,41323,40364,42781,41966,48865,2100,0,3400,0,7800,0,1
4219,150000,2,1,1,29,0,0,0,0,0,0,2565,3648,5586,5586,3672,1160,3648,5586,0,426,4040,2320,0
4220,340000,2,1,2,30,1,0,0,0,0,0,0,0,0,0,0,0,0,0,0,0,0,0,0
4221,300000,2,2,2,33,0,0,0,0,0,0,351232,298709,268531,157953,161183,163942,9198,7668,4429,4821,4684,3152,0
4222,150000,2,1,1,36,0,0,0,0,0,2,123160,134948,130982,125296,122664,112055,20000,6100,4000,5500,3002,7000,1
4223,30000,1,1,2,38,2,0,0,0,0,0,69707,71904,62630,57406,46231,73262,4000,5000,8000,1460,40000,10000,0
4224,50000,1,2,2,52,0,0,0,0,0,0,47595,28491,3642,12291,16674,17331,8080,15012,10000,8000,2000,2000,0
4225,100000,1,1,1,42,0,2,0,0,0,0,2206,1016,452,1016,1096,2202,0,452,1580,1096,2122,0,1
4226,270000,2,2,1,35,0,0,0,0,0,0,165,165,165,165,0,601,165,165,165,0,601,928,0
4227,320000,1,1,1,43,0,0,0,0,0,0,3274,86251,14857,12157,8690,4166,86682,14871,260,43,4186,904,1
4228,160000,1,2,2,26,0,0,0,0,0,0,1236,1234,4888,4187,8995,9731,1234,4890,1010,8998,2005,3669,0
4229,300000,2,1,2,26,0,0,0,0,0,0,10545,10421,15196,19406,23260,15423,3000,5000,5000,4000,5000,5000,0
4230,30000,2,2,1,49,0,0,0,2,0,0,2273,2127,2552,1992,1583,1320,2000,1300,0,0,150,0,1
4231,290000,1,3,1,41,0,0,0,0,0,0,-4,-4,798,-2,494,-6,0,802,0,496,0,1292,0
4232,180000,2,2,1,49,0,0,0,0,0,0,106,3166,106,59,-47,347,3166,106,59,47,570,106,0
4233,150000,1,1,1,57,0,0,0,0,0,0,153664,137074,86466,2120,143701,146318,22000,2509,2120,143701,6000,5200,0
4234,60000,2,2,1,30,0,0,0,0,0,0,54379,55029,54422,19843,19095,19495,2269,1385,1000,693,717,661,0
4235,260000,2,1,2,33,0,0,0,0,0,0,6475,2500,500,210,210,-90,2500,500,210,0,0,0,0
4236,150000,1,2,1,32,0,0,0,0,0,0,143706,140120,138520,139329,142149,111435,6010,5007,5016,10101,5006,4015,1
4237,230000,1,3,1,55,0,0,0,0,0,0,214423,214585,170063,176893,183699,188700,10000,10000,10000,10000,10000,9000,0
4238,250000,2,1,2,29,1,0,0,0,0,0,0,0,0,0,0,0,0,0,0,0,0,0,0
4239,70000,2,2,1,29,0,0,0,0,0,0,1929,2948,3960,4038,4123,4264,1054,1066,144,150,210,500,0
4240,360000,1,3,1,44,0,0,0,0,0,0,1982,-18,3746,-4,906,850,0,3764,0,910,854,1131,1
4241,200000,1,1,1,34,0,0,0,0,0,0,5879,5884,5171,4598,-95,-2175,5884,5171,4598,0,0,0,0
4242,30000,2,1,2,30,0,0,0,0,0,0,27851,29490,29200,29400,50000,0,2100,1500,600,600,0,0,0
4243,20000,1,2,1,30,0,0,0,0,0,0,1473,1473,390,390,390,0,1473,390,390,390,0,780,0
4244,80000,1,3,2,66,0,0,0,0,0,0,58592,52465,16937,15159,12195,0,2912,3000,3000,3000,0,0,0
4245,260000,2,1,2,32,0,0,0,0,0,0,-34,6846,1479,173,6326,369,6880,1486,174,6357,370,2500,0
4246,210000,2,2,1,35,0,0,0,0,0,0,64740,66692,68579,70036,71706,73162,3000,3000,2600,2800,2800,2900,0
4247,50000,1,3,1,35,0,0,2,0,0,2,35214,37305,34789,8671,9550,8741,3900,2,500,1000,0,500,0
4248,140000,1,1,2,26,0,0,0,0,0,0,66526,65667,67571,26968,-4082,-4082,3990,4000,2000,0,0,0,0
4249,90000,1,3,1,42,2,2,2,3,3,3,48674,49895,52570,53614,54534,53374,2300,4116,2500,2052,0,0,0
4250,20000,1,2,1,31,0,0,0,0,0,0,35651,20160,20080,19680,19680,0,4960,1400,0,0,0,0,0
4251,360000,1,1,1,44,0,0,0,0,0,0,165,165,165,165,165,165,165,165,165,165,165,165,0
4252,580000,2,2,1,57,0,0,0,0,0,0,20498,2290,4968,4481,5574,14240,2290,4968,4485,5583,14242,9986,0
4253,180000,1,2,2,39,0,0,2,0,0,0,29478,32342,31523,32989,33679,34350,3353,0,2000,1222,1231,2704,0
4254,60000,1,2,1,51,0,0,0,0,0,0,60557,58563,27436,29752,30351,28871,3040,3000,3000,4000,2000,3000,0
4255,60000,2,2,1,25,0,0,0,0,0,0,39831,33147,32239,30110,30465,30510,4500,4500,2000,1301,1128,1023,0
4256,50000,1,2,2,30,0,0,0,0,0,0,50995,50882,32777,32081,29598,29648,2500,1500,1226,1059,2000,1138,0
4257,100000,2,2,1,39,0,0,0,0,0,0,200,200,200,2795,94722,96638,200,200,2795,92485,2519,2961,0
4258,380000,1,1,1,46,0,0,0,0,0,0,141102,84229,28749,14258,7594,190628,5034,2071,29,72,190710,30052,0
4259,310000,2,1,1,37,0,0,0,0,0,0,325,4373,26863,7443,4221,8172,4373,26863,7443,0,8172,31362,0
4260,50000,1,2,2,37,1,2,0,0,0,0,28731,27985,29000,29731,30400,33427,0,1482,1213,1300,3703,0,1
4261,20000,1,2,2,33,0,0,0,0,0,0,16128,17441,18589,18607,19892,24338,2000,2000,2001,2001,100,4737,0
4262,30000,2,2,2,50,0,0,2,0,0,0,27284,29001,28201,28763,29383,28987,4664,0,994,1047,1412,756,0
4263,50000,2,2,2,32,1,2,0,0,0,3,32814,32004,33017,33868,38151,37253,0,1550,1400,5000,0,0,1
4264,30000,2,3,3,52,1,2,2,2,0,0,10033,6486,7064,2890,2500,3280,0,3192,0,2500,3280,0,1
4265,490000,1,1,1,42,0,0,0,0,0,0,497657,498379,498646,436116,438700,436436,18260,18529,15000,15500,15620,15420,0
4266,500000,2,1,2,34,0,0,0,0,0,0,218570,218978,218778,236377,225650,15233,18978,18778,36377,10650,15233,0,0
4267,80000,1,3,2,27,0,0,0,0,0,0,13165,2100,0,0,0,0,2100,0,0,0,0,0,0
4268,200000,1,2,1,33,0,0,0,0,0,0,205150,0,0,0,0,0,0,0,0,0,0,0,0
4269,360000,1,1,2,29,0,0,0,0,0,0,205119,209680,213527,174907,126309,97746,8270,8423,6753,5139,5000,4000,0
4270,30000,1,2,1,39,0,0,0,0,0,0,29493,30346,28777,27962,26306,28994,2006,1500,3000,3000,9000,2000,1
4271,170000,2,1,1,36,0,0,0,0,0,0,46113,48241,50255,51410,52429,53554,3182,3000,1990,2000,2000,3000,0
4272,10000,1,2,2,21,0,0,0,0,0,0,6703,8422,9205,9393,4176,0,2000,1000,188,2538,0,0,0
4273,230000,2,2,1,52,1,0,0,0,0,0,0,0,0,0,0,0,0,0,0,0,0,0,0
4274,200000,1,1,1,49,0,0,0,0,0,0,416,416,0,832,416,416,416,0,1248,0,416,416,1
4275,160000,2,1,2,35,0,0,0,0,0,0,61089,53073,46508,42835,46169,40482,1965,1972,1509,4000,3000,4000,0
4276,270000,1,2,1,34,2,0,0,0,0,0,275572,277585,232661,150298,134808,129645,10332,10000,18021,8026,6011,5000,1
4277,80000,1,2,2,28,0,0,0,0,0,0,57798,50910,49940,49460,50687,50288,2050,1780,1800,2000,2000,2000,0
4278,360000,2,1,2,29,0,0,0,0,0,0,1146,2500,0,0,0,0,2500,0,0,0,0,0,1
4279,140000,2,2,2,27,0,0,0,0,0,0,111820,104189,100638,93092,94663,96257,3817,4500,3500,3600,3700,3500,0
4280,80000,2,3,2,43,0,0,0,0,0,0,76594,78254,78401,49496,50562,45682,3100,3100,1669,1759,1700,3001,0
4281,200000,2,1,2,25,0,0,0,0,0,0,1698,2751,3665,4665,6665,150,1086,1000,1000,2000,150,776,0
4282,80000,2,1,2,25,0,0,0,0,0,0,390,390,390,390,390,390,390,390,390,390,390,390,0
4283,390000,1,1,1,35,0,0,0,0,0,0,28804,43996,47532,49414,51380,50661,20000,5006,5006,5008,3004,3006,0
4284,80000,2,2,2,31,0,0,0,0,0,0,1019,8479,9947,10671,11923,12050,8479,2000,2000,2000,2000,1000,1
4285,80000,2,3,1,44,0,0,0,0,0,0,40821,42443,42573,43386,13513,13781,2281,1411,1224,491,493,662,1
4286,20000,1,2,1,31,1,2,0,0,0,0,21635,19749,19469,19856,19147,20369,0,1303,690,851,1700,0,1
4287,30000,2,3,2,22,0,0,0,0,0,0,28579,26683,25591,16337,19690,19986,2006,2041,2001,4004,2006,2000,0
4288,60000,1,5,2,23,0,0,0,0,0,0,5363,262,-144,450,202,196,1000,0,1000,0,400,300,0
4289,100000,2,2,2,25,0,0,0,0,0,0,59219,60464,61956,63228,64561,66025,2197,2500,2300,2350,2540,4920,0
4290,100000,1,2,1,52,0,0,0,0,0,0,81382,72937,65480,66777,68176,69547,4611,4000,2387,2472,2502,2544,0
4291,40000,2,3,1,48,0,0,0,0,0,0,69282,36108,37112,37695,38580,0,3500,1750,1300,1409,0,0,0
4292,120000,2,1,2,30,0,0,0,0,0,0,316,316,316,316,316,7516,316,316,316,316,7516,316,0
4293,20000,2,3,1,56,0,0,0,0,0,0,12685,13634,12115,12356,12623,13905,1188,1201,442,466,1500,421,0
4294,310000,2,2,2,26,0,0,0,0,0,0,87717,93707,83632,81133,75499,73540,9156,2782,4013,2688,2651,2652,0
4295,50000,1,2,2,23,1,2,0,0,0,0,19203,17242,18245,18454,18685,19271,0,1299,807,678,897,800,1
4296,500000,1,2,1,49,1,2,0,0,0,0,9502,9206,11000,13000,0,0,0,2000,2000,0,0,0,0
4297,290000,1,3,1,40,0,0,0,0,0,2,151996,155371,157605,133904,128276,130419,7800,7549,10000,15000,5000,0,0
4298,30000,1,2,2,34,0,0,0,0,0,0,19101,17444,12676,9171,5928,7746,1653,1110,0,109,7849,0,0
4299,100000,2,1,2,23,0,0,0,0,0,0,850,0,8472,8472,1768,0,0,8472,0,0,0,9038,0
4300,360000,2,1,2,31,0,0,0,0,0,0,8288,21865,44440,3904,0,0,21888,44640,3904,0,0,0,0
4301,20000,1,3,1,51,0,0,0,0,0,0,2300,0,0,0,0,0,0,0,0,0,0,0,1
4302,150000,2,2,1,37,1,2,2,0,0,0,108784,110405,106317,30906,31457,32134,4800,0,1240,1200,1200,1300,1
4303,360000,2,1,1,31,0,0,2,0,0,0,3680,9995,3225,4230,6113,8745,13517,0,4230,6113,8745,6324,0
4304,490000,2,2,1,30,0,0,0,0,0,0,26088,24092,24488,16995,-1527,62491,2003,2041,1092,4,64895,3003,0
4305,40000,2,2,1,44,0,0,0,0,0,0,11770,4719,922,4665,4059,5588,4740,922,4665,4059,5588,7000,0
4306,100000,2,3,1,36,0,0,0,0,0,0,1490,0,210,0,90,90,0,210,0,90,0,0,0
4307,20000,2,2,2,24,0,0,0,0,0,0,14367,16130,18136,18258,19478,19866,2001,2600,701,1500,705,1000,0
4308,500000,2,2,1,32,0,0,0,0,0,0,37664,9689,9487,12641,14778,10665,3000,1000,6000,4000,3000,23000,0
4309,50000,1,2,2,28,0,0,0,0,0,0,49703,50237,26924,27458,28036,28772,1761,1448,982,1020,1200,1155,0
4310,260000,1,1,2,34,0,0,0,0,0,0,324,826,326,326,326,476,828,326,326,326,476,326,0
4311,140000,2,2,1,49,0,0,0,0,0,0,2457,0,0,0,0,579,0,0,0,0,579,1968,0
4312,260000,1,1,2,49,0,0,0,0,0,0,316,316,4866,316,316,4843,316,4866,316,316,4843,316,0
4313,200000,2,1,2,32,0,0,0,0,0,0,3450,12113,16152,19443,19189,13947,12174,16239,19446,529,400,277,0
4314,50000,2,2,2,28,0,0,0,0,0,0,47132,22104,983,23594,7428,29039,1651,984,23001,5001,30001,8599,0
4315,200000,2,1,2,32,1,0,0,0,0,0,0,2300,15093,0,0,0,2300,15093,0,0,0,0,0
4316,20000,2,2,2,26,0,0,0,0,0,0,6690,8628,8515,6584,3403,3748,2600,1500,1500,1000,402,0,0
4317,10000,1,3,2,24,0,0,0,0,0,0,4050,5426,6743,8544,9858,1303,2000,2000,2000,2000,1000,0,0
4318,30000,1,2,2,34,0,0,0,0,0,0,28014,29248,29254,19837,14793,404,1694,1200,8697,2000,1000,2759,0
4319,170000,2,3,1,40,0,0,0,0,0,0,73784,73815,53032,29086,93786,92728,3663,3426,1317,93276,3197,3185,0
4320,50000,2,3,1,45,0,0,0,0,0,0,4410,4055,0,0,6553,19653,4050,0,0,6553,13100,0,0
4321,420000,2,1,2,34,0,0,0,0,0,0,13207,6184,6692,1039,1039,1503,6222,9723,1045,1042,1509,9215,1
4322,70000,2,2,1,30,0,0,0,0,0,0,8432,9596,10637,11965,12178,13962,1300,1200,1507,1000,2000,1000,0
4323,300000,2,2,1,31,0,0,0,0,0,0,316,316,17597,15257,9482,10716,316,17597,2000,2690,2000,316,0
4324,500000,1,2,2,31,2,2,2,0,0,0,533142,504834,413844,305875,46420,14540,3089,14000,14000,1500,14000,2000,0
4325,20000,2,2,2,49,0,0,0,3,2,2,15945,16971,19796,19188,18740,20219,1288,3113,0,0,1800,663,0
4326,280000,2,1,2,30,0,0,0,0,0,0,161001,136271,131048,119654,115808,115116,5000,6000,4000,4000,5000,5270,0
4327,150000,1,1,1,41,0,0,0,0,0,0,390,390,390,15080,780,0,390,390,15080,0,0,0,0
4328,180000,1,2,1,35,0,0,0,0,0,0,1099,1099,1099,1099,0,1099,1099,1099,1099,0,1099,0,0
4329,50000,1,1,2,25,0,0,0,0,0,0,50401,46275,0,0,0,0,5000,0,0,0,0,0,0
4330,150000,2,2,2,24,1,0,0,0,0,0,0,0,3230,1085,10000,0,0,3230,1085,10000,0,0,0
4331,30000,1,2,2,26,1,4,3,2,2,4,24386,23744,23090,22436,26886,30858,0,0,0,5000,5000,0,0
4332,250000,1,1,1,37,0,0,0,0,0,0,-207,-207,-207,-207,11361,700,0,0,0,11568,700,0,0
4333,300000,2,3,1,39,0,0,2,2,2,2,37672,40743,41226,40263,42788,41947,4000,1446,0,3179,0,3462,0
4334,80000,1,2,1,30,0,0,0,0,0,0,110692,105273,103223,97871,38640,14734,3500,4000,2600,3000,19707,50000,0
4335,50000,2,3,1,58,0,0,0,0,0,0,50019,18458,19318,15949,14986,19401,1400,1229,687,2000,5000,1000,0
4336,120000,1,3,1,36,0,0,0,0,0,0,326,326,326,326,652,326,326,326,326,652,0,290,0
4337,330000,2,2,1,39,8,7,6,5,4,3,377779,372355,365250,358145,352121,346216,0,0,0,0,0,0,1
4338,140000,2,2,3,30,0,0,0,0,0,0,107060,104629,98453,96149,96500,96550,4598,4333,3381,3637,3645,3440,0
4339,150000,2,2,1,50,3,2,0,0,0,0,3227,3029,3964,0,0,2322,0,1000,0,0,2322,0,0
4340,330000,1,1,1,57,0,0,0,0,0,0,3166,-206,3429,0,0,749,552,5726,0,0,749,799,0
4341,380000,2,1,1,34,2,2,2,2,2,2,322199,331518,337703,343612,351089,358401,16001,13150,13000,13150,13300,13000,0
4342,50000,1,2,1,32,0,0,0,0,0,0,46253,46117,46919,17459,17825,18193,1998,3000,625,647,664,649,0
4343,120000,2,1,2,26,0,0,0,0,0,0,104546,105326,111987,112652,114337,115105,4000,10000,4000,5000,4200,4500,0
4344,150000,2,2,1,37,0,0,0,0,0,0,135211,142398,121570,130780,130780,0,10109,10000,10000,10000,20000,16100,0
4345,130000,2,2,1,38,0,0,0,0,0,0,127626,128136,88423,90235,92154,85510,5400,3100,3100,3200,3000,3100,0
4346,160000,2,2,2,27,0,0,0,0,0,0,78592,80240,39835,41150,0,0,3700,1700,2000,0,0,0,0
4347,30000,2,3,1,44,0,0,2,0,0,0,1072,5122,4440,4050,3660,3660,4440,0,0,0,0,0,0
4348,370000,1,2,1,33,1,0,0,0,2,2,0,0,0,361,211,3659,0,0,422,0,3448,0,0
4349,180000,2,1,1,51,0,0,0,0,0,0,513,396,396,396,396,396,396,396,396,396,396,792,0
4350,50000,1,2,1,54,2,2,0,0,0,0,48580,47112,30246,26953,27249,27521,0,1500,1000,986,986,996,0
4351,170000,2,1,2,34,0,0,0,0,0,0,326,326,326,326,476,476,326,326,326,476,476,326,1
4352,60000,2,2,1,25,0,0,2,0,0,0,34733,37460,36558,37945,38782,39582,3600,0,2000,1600,1600,1340,1
4353,20000,1,2,2,34,0,0,0,0,0,0,13936,8643,1973,17711,13747,13901,8735,1973,17711,2000,5000,5000,0
4354,20000,1,2,2,23,1,2,2,2,2,0,16332,18111,18325,18391,14235,18955,2500,1000,600,0,5000,1300,1
4355,50000,2,1,2,25,0,0,0,0,2,2,35427,36307,36989,38559,39958,38313,2000,2000,3000,3000,0,3090,0
4356,150000,2,3,2,52,0,0,0,0,0,0,5678,3608,694,-6,2266,1601,1010,696,0,2272,1605,3027,0
4357,170000,2,2,1,34,0,0,0,0,0,0,166851,107434,99487,49017,48812,0,5000,5000,3000,3000,0,1219,0
4358,30000,2,2,1,43,0,0,0,0,2,2,27862,29106,29784,29884,27833,29459,2000,1500,2000,0,3000,0,0
4359,50000,2,1,2,25,1,0,0,0,0,0,0,0,0,0,0,550,0,0,0,0,550,0,1
4360,100000,1,2,2,25,0,0,0,0,0,0,416,416,0,416,416,1850,416,0,832,416,1850,0,0
4361,500000,1,1,1,53,0,0,0,0,0,0,107782,10961,11525,3228,9146,2430,11016,11602,3244,9191,2442,7992,0
4362,180000,1,1,2,35,0,0,0,0,0,0,326,326,10726,24104,326,326,326,10726,24104,326,326,326,0
4363,280000,1,1,2,33,0,0,0,0,0,0,640,-160,32060,3901,1276,-2,0,32220,3920,1282,2,3446,0
4364,50000,2,2,2,27,0,0,0,0,0,0,1500,0,0,0,1075,4249,0,0,0,1075,4307,0,0
4365,360000,2,2,1,49,0,0,0,0,0,0,338321,329178,320709,310208,289883,279709,12323,22023,12023,10023,10823,7523,0
4366,170000,1,1,1,44,0,0,0,0,0,0,6569,29039,1716,2442,14605,2895,29069,1721,2442,14605,2895,9608,0
4367,90000,1,2,1,36,4,3,2,0,0,0,62737,61413,59823,29526,25903,26563,0,0,1300,1000,1000,1500,1
4368,50000,2,2,1,25,0,0,0,0,0,0,49772,50261,50630,30192,30297,28541,2082,1726,1013,1061,1135,886,0
4369,20000,1,1,1,24,0,0,0,0,0,0,625,702,316,316,316,316,709,316,316,316,316,316,1
4370,220000,2,2,1,34,0,0,0,0,0,0,109815,91363,93091,91706,91748,93261,3634,3566,3394,3659,3700,3183,0
4371,200000,2,4,2,25,0,0,0,0,0,0,2017,0,381,1060,429,0,0,381,1060,429,0,398,0
4372,70000,2,1,2,29,0,0,0,0,0,0,66648,66638,57404,33045,30137,21832,3000,5137,968,2500,6000,5000,0
4373,400000,2,1,1,28,0,0,0,0,0,0,181178,86663,62200,38000,150,193,4000,2000,1000,150,193,3690,1
4374,90000,2,1,1,36,0,0,0,0,0,0,9999,0,0,0,0,1980,0,0,0,0,1980,0,0
4375,50000,2,3,2,54,4,4,3,2,2,0,51300,50222,49097,50036,49145,47639,0,0,2000,0,1900,2000,1
4376,60000,1,3,1,31,1,2,0,0,0,0,69311,60059,54851,38863,39135,39049,0,2293,1367,1407,1410,1400,1
4377,50000,2,3,1,47,1,0,0,0,0,0,0,0,0,0,0,0,0,0,0,0,0,0,0
4378,100000,1,1,1,52,1,2,2,2,0,0,21509,20877,24122,23440,28843,31353,0,3600,0,6000,3000,0,1
4379,180000,2,2,1,34,2,2,2,2,2,2,95008,97088,98093,99578,101828,103986,4500,3500,4000,4000,4000,4000,1
4380,210000,2,1,1,42,1,0,0,0,0,0,0,0,0,0,0,0,0,0,0,0,0,35910,0
4381,430000,2,1,1,35,0,0,0,0,0,0,3642,492,0,925,12151,39673,492,0,925,12151,29000,30000,0
4382,20000,2,2,1,41,0,0,0,0,0,0,2468,1077,1140,0,7014,7696,1087,1140,0,7014,800,0,0
4383,40000,2,2,1,51,0,0,0,0,0,0,144397,147924,26974,22710,37977,39347,3988,2014,799,32001,2000,1000,1
4384,180000,2,1,2,27,0,0,0,0,0,0,12275,6491,37424,0,5758,18091,6491,37433,0,5758,18000,1000,0
4385,140000,2,1,2,28,0,0,0,0,0,2,13159,39243,41831,45893,10186,4887,30000,7000,8000,5000,0,9579,0
4386,30000,2,3,2,45,0,0,0,0,0,0,28611,23312,19590,18447,15525,0,1352,1290,4150,15525,0,0,0
4387,210000,1,1,1,36,0,0,0,0,0,0,102245,103640,792,396,0,546,5000,792,396,0,546,396,0
4388,90000,1,2,1,35,8,7,6,5,4,3,112662,111077,108539,106001,103816,101878,0,0,0,0,0,0,1
4389,160000,2,1,1,29,0,0,0,0,0,0,50989,25227,26666,839,26516,-150,1695,28800,839,26500,0,0,0
4390,130000,2,2,2,27,1,0,0,0,0,0,-191,191,2898,4728,5149,5561,382,2898,1900,500,500,1000,0
4391,10000,2,2,2,21,0,0,0,0,0,0,8660,9756,8560,780,0,0,1800,1300,800,0,1900,0,1
4392,170000,1,2,1,39,0,0,0,0,0,0,143339,125864,112300,110371,113685,98489,20000,6000,5000,5000,3000,2000,0
4393,20000,1,2,2,29,0,0,0,0,0,0,15760,17092,17781,17289,17710,18217,1593,1282,700,700,800,500,0
4394,50000,2,1,2,29,0,0,0,0,0,0,38242,28797,16068,16387,16882,17350,1799,2000,582,754,893,943,0
4395,360000,1,1,1,59,0,0,0,0,0,0,17154,4536,4500,71028,5019,28028,5095,5048,72133,25,28168,18758,0
4396,50000,2,1,2,23,0,0,0,0,0,0,1413,-60,550,390,0,780,0,1000,230,0,780,0,0
4397,80000,2,1,2,25,0,0,2,0,0,0,390,5640,390,780,390,390,5250,0,780,0,390,390,0
4398,160000,1,1,2,32,0,0,0,0,0,0,5315,8145,2480,1920,2192,8187,8300,2480,1920,2192,8187,552,0
4399,380000,1,1,1,37,0,0,0,0,0,0,173252,113001,74275,47723,67463,36751,10069,12712,10000,20000,16751,29000,0
4400,220000,2,1,2,32,0,0,0,0,0,0,33710,33702,31682,33407,35128,37826,8959,1300,2000,2000,3000,20000,0
4401,50000,1,3,2,54,0,0,0,0,0,0,0,0,0,0,0,0,0,0,0,0,0,0,0
4402,140000,2,2,2,50,0,0,0,0,0,2,95310,97902,100214,102496,108405,106649,4000,3800,3800,7600,0,4000,0
4403,270000,1,1,2,48,2,0,0,0,0,0,56376,56911,56758,26872,23660,12053,2680,1420,15,42,2476,0,0
4404,50000,1,2,2,26,0,0,0,0,0,0,51212,50165,19814,20210,20125,19010,2000,1296,692,709,698,1000,0
4405,100000,2,2,2,25,1,2,3,4,4,3,53111,55650,59730,61693,59186,57949,4000,5600,3500,0,0,0,1
4406,360000,1,2,2,28,0,0,0,0,0,0,9780,6672,11201,9718,8781,11846,6712,11244,9747,8806,11872,19035,0
4407,20000,1,2,2,39,0,0,0,0,0,0,19592,19401,19979,20107,19472,19719,1334,1302,694,707,835,772,0
4408,50000,1,2,2,27,0,0,0,0,0,0,50902,50716,49179,19747,19726,20140,2128,2300,1004,730,700,800,0
4409,360000,2,2,2,46,1,2,0,0,0,0,361863,343268,285707,271529,276759,279953,0,11426,9781,10370,13899,9952,0
4410,20000,2,2,1,50,1,0,0,0,0,0,-5,4995,2197,3047,4262,7163,5000,2200,6050,5000,3000,2000,0
4411,100000,1,3,2,42,0,0,0,0,0,0,70542,72400,74192,75660,77444,79154,3000,3000,2703,2998,3000,6100,0
4412,80000,1,1,2,27,0,0,0,0,0,0,76817,74554,43727,16307,1755,470,3000,1400,326,1755,0,39080,0
4413,140000,1,3,1,39,0,0,0,0,0,0,136918,128636,127237,94159,95794,89345,5000,5900,4000,3000,5000,3000,0
4414,390000,2,1,1,28,0,0,0,0,0,0,64440,67503,68566,65411,66597,57361,5000,5007,5000,5000,5000,2000,0
4415,350000,1,1,1,39,0,0,2,0,0,0,325,2770,2247,1930,80392,78638,2770,0,8,80408,3142,2720,0
4416,170000,1,2,1,48,0,0,0,0,0,0,390,390,780,780,0,0,390,780,0,0,0,0,0
4417,270000,2,3,1,37,1,0,0,0,0,0,265044,60052,68660,77184,85591,101945,73000,10000,10000,10000,20000,25000,0
4418,460000,2,3,1,42,0,0,0,0,0,0,43792,35047,35415,0,1619,3795,1600,1000,0,1619,3795,954,0
4419,200000,2,3,2,37,0,0,0,0,0,0,3938,8556,4846,807,2183,210,8576,4850,1047,2183,210,0,0
4420,450000,2,1,2,28,0,0,0,0,0,0,108,-58,14276,1346,1448,4005,0,14500,1346,1448,4005,166,0
4421,240000,1,1,1,47,0,0,0,0,0,0,207,99,0,0,0,0,99,0,0,0,0,0,0
4422,260000,2,1,2,29,0,0,0,0,0,0,1476,1476,1476,1476,20976,1476,1476,1476,1476,20976,1476,1476,0
4423,110000,2,2,1,34,0,0,0,0,0,0,24147,25750,27012,27762,32126,37779,2000,2000,1500,5000,6400,0,0
4424,50000,1,2,1,51,0,0,0,0,0,0,38434,39492,39394,33490,27316,0,1681,1583,1347,1183,0,0,0
4425,250000,2,3,3,49,1,2,2,0,0,0,260260,262132,240448,186817,185488,184091,13000,0,6672,7000,7000,9000,0
4426,380000,1,1,1,41,0,0,0,0,0,0,3907,13253,-4,-4,-4,-4,13345,0,0,0,0,0,1
4427,110000,2,2,1,28,0,0,0,0,0,0,41799,43152,44625,45579,46843,48062,2027,2500,2000,2000,2000,1600,0
4428,200000,2,1,1,44,0,0,0,0,0,0,26814,367,0,0,561,3854,368,0,0,561,3878,3,0
4429,500000,2,1,2,41,0,0,2,0,0,0,10386,34000,28854,92952,50089,2165,28854,0,70000,32000,2165,41242,0
4430,260000,2,2,1,35,0,0,0,0,2,0,70098,70972,77604,82681,81244,83268,2598,7835,6386,0,3795,4000,0
4431,270000,2,2,1,38,0,0,0,0,0,0,60654,59464,54715,51796,53256,59733,3000,3019,5000,5000,10000,10000,0
4432,150000,1,2,2,29,0,0,0,0,0,0,15453,18925,23590,27810,38000,0,4000,5003,5000,10190,0,0,0
4433,30000,2,3,3,42,3,3,2,2,2,2,27669,26955,27425,28179,28545,27942,0,1200,1500,1100,0,1000,0
4434,290000,2,1,2,46,0,0,0,0,0,0,289002,1332,21429,2228,156721,157203,1343,21542,2239,156733,7219,17512,0
4435,200000,1,2,2,30,0,0,0,0,0,0,326,326,326,326,326,802,326,326,326,326,802,0,0
4436,210000,2,1,2,35,0,0,0,0,0,0,552,-18,-18,-18,-18,-18,0,0,0,0,0,0,0
4437,100000,2,2,1,49,1,0,0,0,0,0,0,0,0,0,0,0,0,0,0,0,0,0,0
4438,50000,2,2,1,45,0,0,0,0,0,0,45390,46210,46549,20084,20264,19064,2321,1660,3000,1004,1003,627,0
4439,210000,2,3,2,56,0,0,0,0,0,0,27316,15316,15316,15623,11090,15316,15316,15316,15623,11090,10000,76826,0
4440,240000,1,2,1,44,0,0,0,0,0,0,-9095,-30000,-10608,2657,4245,3392,10000,13000,13265,3392,1000,0,0
4441,140000,2,2,2,25,0,0,0,0,2,0,33740,34154,21945,23581,23066,23531,1363,1952,2000,0,1000,1018,0
4442,50000,1,2,1,49,0,0,0,0,0,0,35623,12601,10527,10679,10734,11550,1168,1500,1000,1000,1000,1000,0
4443,360000,2,1,1,27,1,0,0,0,0,0,0,0,0,0,0,0,0,0,0,0,0,3220,1
4444,180000,1,2,1,47,0,0,0,0,0,0,84973,89989,94895,98738,127382,155470,6000,6000,5000,30000,30000,20000,0
4445,100000,1,2,2,36,8,7,6,5,4,3,110072,108478,105931,104554,102360,100413,0,0,1170,0,0,0,0
4446,90000,2,2,1,29,0,0,0,0,0,0,5618,6645,7635,8020,8403,9504,1125,1115,500,500,1252,154,0
4447,90000,2,1,1,37,0,0,0,0,0,0,1243,0,2366,-1438,-1438,66129,0,2366,1068,0,67567,2500,0
4448,90000,1,2,1,52,2,2,2,2,2,2,90603,92152,86671,91280,85868,91047,3900,0,6800,0,6500,0,0
4449,30000,1,3,2,25,0,0,0,0,0,0,780,0,390,749,390,0,0,390,749,390,0,805,1
4450,300000,1,2,2,29,0,0,0,0,0,0,49833,49831,51818,50244,49484,53472,5000,5000,5000,5000,5000,5000,0
4451,20000,1,3,1,36,0,0,0,0,0,0,18839,19919,20042,20204,19662,14218,1690,1203,755,701,600,115,0
4452,30000,2,1,2,25,0,0,0,0,0,0,8341,10039,11560,16611,18179,19712,2000,2000,5611,2000,2000,1500,1
4453,50000,2,1,2,27,0,0,0,0,0,0,12814,15588,17321,19026,20714,22210,3000,2000,2000,2000,2000,840,0
4454,50000,1,3,1,45,0,0,0,0,0,0,1189,0,0,0,0,0,300,0,0,0,0,0,0
4455,30000,2,1,2,22,0,0,0,2,3,2,8679,9570,11238,9453,9022,8237,1190,1858,800,0,0,500,1
4456,60000,2,1,2,28,1,2,0,0,0,0,47262,46226,47557,48464,49532,50552,0,2100,2000,2000,2000,3000,0
4457,200000,2,1,2,25,1,0,0,0,0,0,0,0,0,0,0,476,0,0,0,0,476,288,1
4458,450000,2,2,1,39,0,0,0,0,0,0,810,1810,0,0,0,0,1000,0,0,0,0,1040,0
4459,140000,2,2,1,32,0,0,0,0,0,0,129653,116582,112170,102931,100179,102417,5820,4920,3600,3700,3900,3602,0
4460,120000,2,2,1,47,0,0,0,0,0,0,112448,115646,115767,38070,39306,39200,6500,4300,1175,1658,784,0,0
4461,270000,2,2,2,45,0,0,0,0,0,0,7088,8139,8966,8294,3902,468,1173,1000,8294,3902,468,291,0
4462,130000,1,1,2,46,0,0,0,0,0,0,110766,114977,120976,40177,41529,43734,6000,9000,2000,2000,3000,4000,1
4463,50000,1,2,1,27,0,0,0,0,0,0,9837,3898,21682,20833,20289,19380,1010,21282,694,1000,700,400,0
4464,220000,2,2,1,52,0,0,0,0,0,0,20208,5183,3627,2963,2256,-119,5209,3649,2977,2267,0,0,0
4465,50000,1,2,1,26,0,0,0,0,0,0,28440,23228,21482,18029,18705,18698,1436,1162,2184,871,500,0,0
4466,20000,1,2,2,36,2,0,0,0,0,0,19597,35869,9066,309,3019,16496,1503,2036,309,3100,16890,500,0
4467,110000,1,3,1,54,0,0,0,0,0,0,105449,107957,82407,70562,70982,71609,4500,3786,2666,2900,3100,2856,0
4468,70000,2,1,2,36,0,0,0,0,0,0,75021,71101,73831,46898,48686,47171,2893,4231,8000,2500,1675,2000,0
4469,380000,2,3,1,38,0,0,0,0,0,0,380781,389354,373512,304594,305275,303402,16750,14100,11000,11000,11100,13500,0
4470,160000,1,4,2,26,0,0,0,0,0,0,2810,16175,8632,25234,21234,567,16261,8641,20012,62,1,0,0
4471,70000,1,3,0,35,2,2,2,2,2,2,47702,48839,49636,50517,51658,52758,2200,1900,2000,2100,2100,2000,0
4472,90000,2,2,2,29,0,0,0,0,0,0,18858,11056,3909,3506,4128,4254,11056,3916,3506,4128,4254,3438,0
4473,130000,1,3,3,52,0,0,0,0,0,0,106140,69025,58860,45207,41556,42455,3003,2000,2000,2000,1590,2000,1
4474,240000,2,1,2,26,1,0,0,0,0,0,-11,3919,-23,-23,7859,-2,3930,0,0,7882,0,805,0
4475,120000,1,3,1,32,2,2,2,2,2,2,67502,68842,69825,70891,72213,73786,3000,2700,2800,2600,2900,0,0
4476,240000,2,1,1,44,0,0,0,0,0,0,188307,179988,184976,188934,196884,199267,6600,8000,7000,11000,7181,7236,0
4477,300000,1,1,2,45,0,0,0,0,0,0,62296,64460,56439,53637,55981,58270,3000,3000,3000,3000,3000,3000,0
4478,100000,2,2,1,40,0,0,0,0,0,0,26702,26616,26704,27640,30035,33697,2008,2000,2000,3000,5000,3000,0
4479,200000,2,1,2,25,0,0,0,0,0,0,6096,2886,8264,7776,2814,2610,2886,9288,0,2814,2610,2828,0
4480,50000,1,2,1,39,0,0,0,0,0,0,39323,45625,38157,15966,15733,17703,7031,2013,3005,2007,5007,1003,0
4481,100000,2,1,1,40,1,0,0,0,2,2,-166,-482,-1114,880,414,1098,0,0,1994,0,1000,0,0
4482,500000,1,1,2,39,0,0,0,0,0,0,83528,-24702,23804,92715,6655,3966,472,113935,108041,33,3984,2122,0
4483,20000,1,5,2,50,0,0,0,0,0,0,19062,19242,14725,780,0,0,1333,1000,780,0,0,0,0
4484,280000,2,1,2,39,0,0,0,0,0,0,1726,325,2001,1364,1313,1242,350,2001,1400,1320,1300,1500,0
4485,160000,2,1,2,23,0,0,0,0,0,0,151246,155926,113767,50531,-10,-5,10517,20258,20157,0,0,3570,0
4486,30000,1,2,2,21,0,0,0,0,0,0,26587,25917,17072,15994,12017,5614,1385,1270,367,336,112,0,0
4487,50000,1,1,3,45,0,0,0,0,0,0,20408,16422,14388,18804,23460,27870,6000,5000,5000,5000,5000,5000,0
4488,20000,1,1,2,24,0,0,0,0,0,0,3808,4470,8176,7909,2948,1220,4515,8186,7913,3049,1624,3800,0
4489,140000,1,1,2,32,0,0,0,2,0,0,50890,59395,73225,56999,61050,67086,9395,15000,0,5000,7086,6505,0
4490,130000,1,3,2,27,0,0,0,0,0,0,89956,61868,63766,65839,67908,63530,2317,3000,3000,3000,5000,2305,0
4491,100000,2,2,2,23,0,0,0,0,0,0,13530,14564,15561,18306,20594,26368,1258,1255,3000,3000,7000,1225,0
4492,100000,1,2,2,25,0,0,0,0,0,0,86098,85014,86735,87321,82289,83850,3200,3155,3504,3001,3301,2839,0
4493,50000,1,2,2,26,2,2,2,2,2,2,32976,34154,33311,35246,34548,36910,2000,0,2800,0,3100,0,1
4494,360000,1,1,2,31,1,0,0,0,0,0,0,0,1650,0,0,1650,0,1650,0,0,1650,0,0
4495,10000,1,3,3,42,1,2,0,0,0,2,5674,5440,7968,8829,9685,9384,0,2800,1000,1000,0,1000,1
4496,50000,1,3,1,65,0,0,0,0,0,0,48341,47465,47942,48418,49530,28085,2068,1545,1171,1658,1321,0,0
4497,10000,1,2,2,24,2,0,0,0,0,0,223,3035,4810,7546,9260,10000,3000,2000,3000,2000,1000,0,0
4498,210000,1,1,1,38,1,0,0,0,0,0,-9,-9,1739,1739,475,475,0,1748,0,800,475,975,1
4499,320000,1,2,1,31,0,0,0,0,0,0,6927,10063,1876,396,11256,546,10063,1876,396,11256,546,396,0
4500,70000,2,2,2,23,0,0,0,0,0,0,39935,40973,41989,42823,43718,45203,1683,1699,1533,1585,2210,1875,0
4501,160000,2,2,2,24,0,0,0,0,0,0,52373,51839,39847,39114,39935,41269,1676,1940,1400,1451,2000,1533,1
4502,180000,1,2,1,36,0,0,0,0,0,0,4524,6435,6894,8292,21866,0,2000,1200,2000,21866,0,0,1
4503,70000,2,2,1,27,1,2,0,0,0,0,71570,68138,67682,50256,43353,44219,0,2705,2115,1583,1597,1500,1
4504,280000,2,2,2,30,0,0,0,0,0,0,1373,207,3516,2769,0,0,207,3516,0,0,0,0,0
4505,40000,1,1,2,29,1,0,0,0,0,0,0,0,0,0,0,0,0,0,0,0,0,0,0
4506,50000,2,3,2,51,2,2,2,2,0,0,33384,34554,35690,34817,36252,37645,2000,2000,0,2000,2000,2000,0
4507,80000,2,5,1,25,0,0,0,0,0,0,75296,74792,75825,77454,78862,73442,4000,3400,4000,3349,2784,3000,0
4508,30000,1,3,2,42,5,4,3,2,0,0,32755,31973,30937,29999,29214,29846,0,0,6,1054,1111,0,1
4509,20000,2,2,1,24,0,0,0,0,0,0,750,0,0,0,0,0,165,0,0,528,0,0,0
4510,130000,2,2,2,42,2,2,2,2,2,2,119378,121993,123503,124578,127434,130285,6000,5000,4600,5000,5100,4500,0
4511,10000,1,2,2,25,0,0,0,0,0,0,1261,1261,390,390,390,0,1261,390,390,390,0,780,0
4512,70000,2,1,2,25,0,0,0,0,0,0,68839,64027,61580,29435,26341,26949,3213,1659,2000,1107,1200,1100,0
4513,280000,1,1,2,34,0,0,0,0,0,0,212093,220586,214180,226277,216716,232367,18685,15038,23084,11001,20000,10000,0
4514,300000,1,1,1,34,0,0,0,0,0,0,66176,68108,70306,99217,142188,145013,3000,3500,30049,50000,5200,5000,0
4515,50000,2,2,1,40,0,0,0,0,0,0,47374,47517,42672,23665,20085,20263,2200,2500,5946,3000,7000,600,1
4516,230000,1,2,1,29,0,0,0,0,0,0,113736,99346,83649,46513,35306,36217,4028,3000,2000,2000,1500,2000,0
4517,80000,2,2,1,39,0,0,0,0,0,2,63368,67331,75973,70283,73491,66976,5000,10000,2550,5100,0,2700,0
4518,50000,1,1,2,38,0,0,0,0,0,0,390,390,390,390,390,5010,390,390,390,390,5010,390,1
4519,470000,2,2,2,40,0,0,0,0,0,0,277185,282983,290274,294508,300646,306652,10257,11982,10536,10879,10971,11326,0
4520,210000,1,2,2,39,0,0,0,0,0,0,33459,35911,40288,42605,43870,13750,3000,5000,3000,2000,1000,12000,0
4521,200000,2,1,2,32,0,0,0,0,0,0,146,-3,670,0,0,868,0,673,0,0,868,4,0
4522,50000,1,2,1,46,0,0,0,0,0,0,49566,49483,48495,28641,28846,29024,1968,1644,1013,1044,1045,1034,0
4523,300000,2,2,1,37,2,0,0,0,2,0,51893,53056,54176,60363,59973,60399,2000,2000,7100,0,2000,994,0
4524,500000,2,1,1,33,0,0,0,0,0,0,1110,1110,1416,1416,1416,1416,1110,1416,1416,1416,1416,5723,0
4525,150000,2,2,1,36,0,0,0,0,0,0,48020,50048,88831,1931,26265,0,8000,40146,1941,26396,0,0,0
4526,50000,1,2,2,25,0,0,0,0,0,0,11391,8081,16297,1000,0,0,1286,10048,1003,0,0,0,0
4527,270000,1,1,1,37,0,0,0,0,0,0,156346,159223,165480,76144,77944,76577,7000,9000,5000,3000,3000,3000,1
4528,60000,2,2,2,27,1,2,2,2,0,0,49099,49817,50406,47771,48803,52190,1800,1710,0,1800,4200,0,1
4529,200000,2,3,2,31,0,0,2,2,2,2,167358,175635,174261,179026,181658,185523,11000,3000,7001,5000,6200,10007,0
4530,50000,2,2,2,23,0,0,0,0,0,0,32822,20669,4510,2893,2000,2800,1150,1000,300,400,800,0,0
4531,140000,2,1,2,31,0,0,0,0,0,0,15953,24916,12174,3961,3070,2306,25148,12174,3961,3070,2306,450,1
4532,120000,2,2,2,25,0,0,0,0,0,0,5259,4290,5192,380,441,425,1290,1261,300,441,425,989,0
4533,20000,1,2,1,29,0,0,0,0,0,0,14275,15335,16223,15594,15920,15338,1297,1185,492,510,557,324,0
4534,210000,2,1,2,30,0,0,0,0,0,0,23375,21829,11057,26520,27894,18772,20000,12000,27000,30000,10000,21000,0
4535,70000,2,3,2,27,0,0,0,0,0,2,57879,54856,55972,56543,60179,59058,2600,2618,2100,4550,0,2340,0
4536,230000,1,2,2,37,1,0,0,0,0,0,0,0,0,0,0,0,0,0,0,0,0,0,1
4537,270000,2,2,1,33,0,0,0,0,0,0,2323,5430,1152,56891,4866,9334,5434,1152,56891,4866,9533,1993,0
4538,20000,1,1,2,56,1,0,0,0,0,2,0,0,17901,18217,20269,11180,0,17901,519,2210,0,0,0
4539,120000,2,1,2,30,0,0,0,0,0,0,326,326,326,326,326,326,326,326,326,326,326,326,0
4540,140000,2,1,2,24,0,0,0,0,0,0,4679,3146,0,2000,4716,7485,1000,0,2000,4716,7485,10254,0
4541,180000,2,2,2,33,0,0,0,0,0,0,153833,153648,145440,140057,132260,110427,7107,5002,4470,4620,4346,3800,0
4542,190000,1,1,1,36,0,0,0,0,0,0,1779,1288,1655,1213,344,221,1288,1655,1213,344,221,28160,0
4543,100000,2,2,2,29,2,2,2,2,2,2,80234,80369,83130,83961,85574,84039,2000,5001,3100,3100,0,6410,0
4544,50000,2,1,2,26,1,2,0,0,0,0,42207,42226,38859,39475,40187,40992,2200,1962,1562,1500,1474,2300,0
4545,150000,1,3,1,44,0,0,0,0,0,0,146277,127679,73323,74783,76360,77868,3952,2614,2631,2735,2740,2720,0
4546,250000,2,2,1,38,0,0,0,0,0,0,255571,250002,253610,234205,238892,252563,10605,9327,8362,9000,18244,0,0
4547,220000,2,1,1,24,2,3,2,2,2,0,184761,178939,183158,183890,179764,181627,0,10000,6300,0,6118,6097,1
4548,200000,1,3,2,28,0,0,0,0,0,0,54663,46147,44095,25454,17651,18994,11000,3000,3000,2000,3000,10000,0
4549,250000,2,2,1,44,0,0,0,0,0,0,47463,41059,35722,29492,23522,16815,3000,4000,3000,3000,2000,2000,0
4550,280000,2,1,2,32,0,0,0,0,0,0,202506,197855,239059,282518,248238,210267,10547,80004,68410,7767,6308,5437,0
4551,30000,1,3,1,64,2,2,2,0,0,0,13594,14078,14547,15304,16056,20196,1000,1000,1000,1000,4600,0,1
4552,80000,2,2,2,29,0,0,0,0,0,0,89061,31367,34848,69990,36711,38103,4000,4000,2000,4000,2000,2000,0
4553,380000,2,2,2,31,0,0,0,0,0,0,381530,385605,257188,145505,142529,229320,32640,18077,12005,10028,28888,25000,0
4554,350000,2,2,1,32,0,0,0,0,0,0,19637,239770,8111,198877,191248,183157,242247,8111,198748,7000,6509,7022,0
4555,160000,1,1,2,48,0,2,2,0,0,0,23037,22260,0,0,0,0,0,0,0,0,0,0,1
4556,70000,1,3,1,45,2,0,0,0,0,0,67505,61595,46920,47184,48058,48888,2600,2056,1700,2000,2000,2000,1
4557,150000,1,1,1,33,1,0,0,0,0,0,0,0,0,0,0,0,0,0,0,0,0,0,0
4558,160000,2,1,1,39,0,0,2,0,0,0,43583,50028,48928,49812,50855,52354,7500,0,2000,2000,2500,2100,0
4559,40000,1,2,2,27,0,0,2,0,0,0,26663,31589,31772,32146,33128,33923,5700,1000,1200,1500,1500,1900,1
4560,350000,2,2,2,30,0,0,0,2,0,0,245211,255975,269446,219615,217851,222158,15000,20000,0,10000,8352,9500,0
4561,50000,1,3,2,27,0,0,0,0,0,0,50577,46529,46791,47922,49482,0,2138,1400,3000,5000,0,0,1
4562,220000,2,1,1,38,0,0,0,0,0,0,4438,7211,9948,10528,12412,13745,3000,3000,1000,2000,1500,0,0
4563,200000,2,1,1,26,0,0,0,0,0,0,6666,6666,6666,6666,11862,12501,6666,6666,6666,11862,7501,1000,0
4564,390000,1,1,1,41,0,0,0,0,0,0,7445,14439,7391,948,4592,2777,10038,1036,952,4601,13,2229,0
4565,330000,1,1,2,32,0,0,0,0,0,0,28106,1323,-363,137,4094,607,2701,363,513,4107,607,0,0
4566,100000,1,1,1,60,0,0,0,0,0,0,101761,101801,101863,101729,98103,99521,3856,3919,3986,3865,3760,3863,1
4567,70000,2,2,1,58,0,0,0,0,0,0,138681,70341,23755,23835,25221,25780,3500,1508,588,1500,700,470,0
4568,240000,2,1,1,41,0,0,0,0,0,0,126395,129371,132218,136003,139798,142574,5000,5000,6000,6000,5098,5281,0
4569,30000,1,2,2,23,0,0,0,0,0,0,27275,26948,28183,25484,27062,28703,2000,2000,1400,2000,2100,2500,0
4570,30000,2,2,1,43,2,2,2,2,2,2,15246,17838,17272,18131,17711,19007,3141,0,1434,0,1581,1705,1
4571,160000,1,2,2,29,0,0,0,0,0,0,163982,161499,154469,121367,119910,117993,6150,5540,4205,4300,4500,4300,0
4572,120000,2,2,1,40,0,0,0,0,0,0,22462,15692,19312,13262,16923,16903,5000,10000,5000,7000,5000,10000,0
4573,10000,2,2,1,55,3,2,2,2,2,2,5358,6339,6111,7031,6780,7676,1200,0,1000,0,1000,0,1
4574,470000,1,1,2,33,0,0,0,0,0,0,72083,68136,69036,71466,67538,70400,5031,5500,5000,5000,4000,5000,0
4575,200000,2,2,2,26,0,0,2,0,0,0,3374,4053,2337,1904,548,1403,4053,0,1904,0,1403,0,1
4576,50000,1,4,2,22,0,0,0,0,0,0,6514,7513,9981,10442,10496,10933,1500,3000,1000,600,1000,404,0
4577,90000,2,1,2,29,1,0,0,0,0,0,0,194,0,0,0,0,194,0,0,0,0,217,0
4578,220000,2,1,1,35,0,0,0,0,0,0,288,392,-4,392,396,396,500,0,792,400,396,792,0
4579,40000,2,2,2,23,0,2,0,0,0,0,652,326,326,26370,24572,24918,0,326,26370,886,1075,830,1
4580,200000,1,3,1,50,1,2,2,2,2,2,177088,172365,175766,171377,163943,162195,0,6998,4558,5921,4526,5014,1
4581,120000,1,2,1,43,0,0,0,0,0,0,33131,33121,32222,32877,30587,25938,2000,1500,1000,1000,2000,1000,0
4582,210000,1,1,1,43,0,0,0,0,0,0,880,724,844,-36,-916,1030,724,1000,0,0,3000,670,1
4583,30000,2,2,2,22,0,3,2,0,0,2,31176,30408,29205,29090,30121,28013,0,0,1013,2400,0,1200,0
4584,110000,1,2,1,54,2,2,2,2,2,2,56839,58039,58792,59620,60819,62069,2700,2300,2400,2300,2400,0,1
4585,280000,1,2,1,35,0,0,0,0,0,0,278948,278433,277620,275495,270350,260554,10609,10470,10002,9948,9475,9239,0
4586,150000,2,1,1,31,1,0,0,0,0,0,0,0,0,0,0,0,0,0,0,0,0,0,0
4587,20000,1,3,2,49,0,0,0,0,0,0,15237,16030,17948,18647,19193,19721,1600,2500,1000,846,1000,593,0
4588,80000,1,2,2,25,0,0,0,0,0,0,29820,24513,19664,19258,20842,16386,2306,2000,1000,2000,1500,29651,0
4589,50000,1,2,1,43,2,0,0,0,0,0,30106,30566,30699,30038,29224,29346,1878,1641,1000,934,1109,960,1
4590,170000,1,1,2,36,0,0,0,0,0,0,92480,94089,97286,97196,97227,101272,4000,5000,3000,4000,8000,4000,0
4591,200000,1,1,1,45,1,0,0,0,0,0,0,479,0,0,0,0,479,0,0,0,0,0,1
4592,300000,1,1,2,38,0,0,0,0,0,0,390,390,390,374,284,1064,390,390,374,300,1170,1170,0
4593,100000,1,2,1,46,2,2,2,0,0,0,17497,18219,17629,18036,18446,18840,1300,0,700,700,700,800,1
4594,80000,1,1,2,28,1,2,0,0,0,0,5431,1961,1646,3266,380,1951,0,1700,2000,380,1951,1900,0
4595,30000,1,1,1,32,0,0,2,0,0,0,28401,31065,30031,29838,29651,1567,3434,0,597,593,31,0,1
4596,80000,2,1,1,35,0,0,0,0,0,0,27560,22441,19960,6199,5623,6880,1701,2000,2000,1000,2000,3000,0
4597,60000,1,1,2,30,0,0,0,0,0,0,264,264,264,264,264,264,264,264,264,264,264,0,1
4598,110000,2,2,2,24,0,0,0,0,0,0,94597,96263,61195,28154,24773,21620,4260,2310,1010,980,900,750,0
4599,10000,2,2,1,46,1,2,0,0,0,0,9841,9628,4060,4530,2140,1875,121,4060,4530,2140,1875,0,1
4600,290000,2,3,2,32,0,0,0,0,0,0,21981,24610,27009,26671,24826,22287,3000,3000,3000,3000,3000,3000,0
4601,30000,1,1,2,26,0,0,0,0,0,0,27172,27000,780,0,30525,0,1000,780,0,30525,0,0,0
4602,60000,1,2,2,45,0,0,0,0,0,0,59475,60423,59674,29411,27730,26638,2500,1509,1000,1000,2000,1500,0
4603,150000,1,3,1,49,0,0,0,0,0,0,4029,4048,2842,3910,4697,1719,4054,2866,4082,4697,1735,0,0
4604,750000,2,3,1,40,0,0,0,0,0,0,16372,15344,3329,38488,9777,66692,15420,3691,38679,9825,67024,76641,0
4605,30000,1,2,1,29,0,0,0,0,0,0,10721,25066,13817,14983,15525,0,2000,1500,1400,1000,0,0,0
4606,160000,2,2,2,51,0,0,0,0,0,0,6136,5932,4353,3746,5487,2702,5932,4353,3835,6934,3370,2276,0
4607,50000,2,2,1,31,0,0,0,0,0,0,50628,48748,46368,2443,6251,357,2350,3000,1000,6000,400,9844,1
4608,50000,2,1,2,42,0,0,0,0,0,2,1310,37073,7700,42038,42610,42096,37073,7700,42038,42096,587,9162,0
4609,160000,1,2,2,30,2,2,2,2,2,2,75406,76907,78047,79362,81089,82796,3300,3000,3200,3152,3200,3100,0
4610,150000,2,1,2,23,0,0,0,0,0,0,151669,152794,147323,112904,77642,78542,5900,5598,4440,2800,3000,3000,0
4611,30000,2,2,1,42,0,0,0,0,0,2,27276,30470,27699,28257,30695,30059,3671,1500,1018,2900,0,869,0
4612,350000,1,1,1,35,0,0,2,0,2,2,19734,5338,3042,2418,2233,7176,3000,0,2500,0,5000,0,0
4613,20000,2,1,2,24,0,0,0,0,0,0,18821,18714,18942,20179,20204,20239,2000,1300,1500,2500,1000,1000,0
4614,50000,1,2,2,39,0,0,0,0,0,0,47206,8464,9799,10054,9736,9955,1500,1500,400,344,371,314,0
4615,180000,1,3,1,27,0,0,0,0,0,0,12303,11757,11695,5891,753,21753,2000,1700,300,0,21000,1000,1
4616,30000,1,3,2,23,2,0,0,0,0,0,29144,30419,30097,25887,25707,0,2033,1420,0,92,0,0,1
4617,100000,1,2,1,52,0,0,0,0,0,0,55120,56636,58215,16809,24482,21849,2403,2875,1010,10844,1074,580,0
4618,20000,1,2,2,24,1,2,2,2,2,2,11893,12906,12902,12398,13297,12934,1500,500,0,1100,0,1500,0
4619,80000,1,1,2,29,0,0,0,0,0,0,73722,75323,64277,45455,42231,42804,3300,2500,1556,1600,1600,1600,0
4620,150000,1,2,1,43,0,0,0,0,0,0,89488,89951,86961,79284,74531,78359,5016,5050,3026,5000,5012,4057,0
4621,230000,2,1,2,30,0,0,0,0,0,0,754,-441,4410,0,711,5650,0,4851,0,711,5650,0,0
4622,50000,1,1,1,25,0,0,2,0,0,0,5472,5891,6595,8400,4041,4815,1500,1000,2000,1000,1000,2000,0
4623,210000,2,1,2,39,0,0,0,0,0,0,3962,1772,3608,1918,1429,2381,1777,3613,5,1433,2387,2857,0
4624,50000,1,2,3,41,0,0,0,0,0,0,52260,40893,81308,41463,40045,40845,1679,1640,1449,1454,1466,1526,0
4625,240000,2,2,1,37,0,0,0,0,0,0,1854,1346,3195,1932,7363,1546,1346,3195,0,7383,1546,4390,0
4626,500000,2,3,2,40,0,0,0,0,0,0,264961,237006,139311,128095,181304,219929,20078,30141,30000,60000,50000,30000,0
4627,210000,1,2,2,28,0,0,0,0,0,0,5373,6200,0,0,0,0,1000,0,0,0,0,0,0
4628,160000,2,2,1,40,0,0,0,0,0,0,0,0,0,0,0,0,0,0,0,0,0,200,0
4629,250000,2,1,2,48,1,0,0,0,0,0,0,0,0,0,0,0,0,0,0,0,0,0,1
4630,500000,2,1,2,46,0,0,0,0,0,0,20614,18050,15341,15985,1147,5492,5001,3007,8000,1147,5492,3000,0
4631,100000,1,2,1,35,1,2,2,2,2,2,59121,57604,62635,64994,63827,67839,0,6000,4000,0,5100,2200,1
4632,20000,2,2,2,26,0,0,0,0,0,0,16385,17518,19302,18818,19052,9097,1700,2484,1000,475,363,4000,0
4633,30000,2,2,1,30,0,0,0,0,0,0,14451,15525,0,0,0,0,1525,0,0,0,0,0,0
4634,50000,2,1,2,27,0,0,0,0,0,0,13301,1400,780,390,42958,44849,1400,780,390,42958,3500,0,0
4635,160000,1,2,2,27,0,0,2,2,0,0,109405,118110,119697,116284,119248,122228,12000,5000,0,5000,4958,36000,0
4636,50000,1,3,2,28,1,0,0,0,0,0,-9802,99,103,249,386,11504,10000,103,245,386,11504,2000,0
4637,90000,2,3,1,25,0,0,0,0,0,0,3363,174,1473,390,390,780,174,1473,780,0,780,0,1
4638,20000,1,2,2,28,0,0,0,0,0,0,11449,12811,11779,12379,12879,14879,1582,1400,1000,500,2000,500,0
4639,50000,1,1,1,44,0,0,0,0,0,0,35145,36275,37150,0,0,0,2000,1871,0,0,0,0,0
4640,230000,2,3,2,39,1,2,0,0,0,0,11391,10923,13554,12134,0,0,0,3200,0,0,0,0,0
4641,150000,1,2,2,31,3,2,2,0,0,2,76113,77728,75888,77017,77706,79274,3400,0,2960,3100,3000,2711,0
4642,50000,1,1,2,45,0,0,0,0,0,0,48719,49966,32538,20270,19992,20054,2212,2503,693,1000,1000,1000,0
4643,280000,2,1,2,36,0,0,0,0,0,0,27290,0,720,0,0,0,0,720,0,0,0,0,0
4644,500000,2,1,1,37,0,0,0,0,0,0,315816,267100,277636,287998,298343,308378,10000,15000,15000,15000,15000,15200,0
4645,90000,2,2,1,47,0,0,0,0,0,0,1887,43542,12148,880,10880,880,43542,12148,880,10880,880,1080,0
4646,360000,1,1,2,29,0,0,0,0,0,0,64606,44466,40165,20733,12525,7482,5135,20856,103,12587,7518,6412,0
4647,140000,1,2,2,50,0,0,0,0,0,0,98668,88727,27203,27209,-20006,-30177,4410,1804,14000,10968,0,82000,0
4648,140000,1,1,2,44,0,0,0,0,0,0,5287,5717,7146,5930,5280,5930,5717,7146,5930,5280,5930,0,0
4649,230000,2,1,2,44,1,0,0,0,0,0,0,0,0,0,0,0,0,0,0,0,0,0,1
4650,50000,2,2,2,25,0,0,2,0,0,0,39033,37002,21933,16137,16030,15373,6455,0,1500,3000,5000,5000,0
4651,130000,2,2,1,50,0,0,0,0,0,0,1504,1027,2172,836,836,0,1027,2172,836,836,0,2508,0
4652,330000,2,1,2,44,0,0,2,0,0,0,243621,259517,253863,257535,262753,268145,21400,0,9400,9542,9766,9786,1
4653,210000,1,1,2,30,0,0,0,0,0,0,4830,0,1000,15385,20302,25112,0,1000,15385,5302,5112,4213,0
4654,10000,2,1,1,27,2,0,0,0,0,2,4920,5937,6945,7088,8108,8264,1256,1264,407,1291,435,0,0
4655,50000,2,2,1,54,0,0,0,0,0,0,49320,49724,50218,18983,17435,17057,1925,2152,800,610,620,900,0
4656,100000,2,1,1,46,0,0,0,2,0,0,39245,41602,47885,46817,48400,51588,3000,7000,0,2500,4000,0,0
4657,70000,2,3,1,26,0,0,0,0,0,0,65763,38209,27874,28439,26590,29043,3000,2000,955,3000,3000,790,0
4658,50000,2,2,1,45,0,0,0,0,0,0,40650,42718,45047,45632,46535,47351,2850,3160,1740,1748,1650,3530,0
4659,170000,2,1,1,28,0,0,0,0,0,0,20302,14653,7234,9908,3205,60,3000,1000,5000,3205,60,0,0
4660,100000,2,2,1,50,2,2,2,2,2,2,44078,45077,47837,48678,48420,48888,2000,3841,1900,1900,1800,2000,1
4661,80000,1,1,1,36,0,0,0,0,0,0,60110,51784,50071,47099,41063,6408,2186,1491,1099,1243,6408,6825,0
4662,150000,1,3,2,27,0,0,0,0,0,0,77298,69832,66692,67518,64210,60747,3029,4000,2258,2500,2500,1624,0
4663,50000,2,3,2,23,0,0,0,0,0,0,26956,27596,28192,28356,28554,28718,1462,1448,1002,1032,1024,1028,0
4664,80000,1,2,1,34,1,0,0,0,0,0,0,0,862,41300,0,0,0,862,41300,0,0,10000,0
4665,120000,2,1,2,24,0,0,0,0,0,0,78304,79348,81881,82628,84404,86096,2900,3850,3000,3100,3088,3151,0
4666,470000,1,3,1,47,0,0,0,0,0,0,163529,129341,106390,82181,79402,72121,4700,30002,20000,40000,35000,40000,0
4667,80000,2,3,1,52,0,0,0,0,0,0,18100,6826,7582,8082,8082,8082,1244,1000,500,0,0,0,0
4668,60000,1,1,2,30,0,0,2,0,0,0,46307,51232,50109,50979,52998,54264,6000,0,2000,3000,2300,2000,0
4669,80000,1,2,2,42,0,0,0,0,0,0,75264,75919,78078,28868,29174,29444,3200,4613,1100,1500,1500,966,0
4670,50000,1,2,1,57,0,0,2,0,0,0,25551,22957,18027,13836,14966,13220,2733,759,500,6326,3259,2281,1
4671,500000,1,1,1,43,0,0,0,0,0,0,403800,404640,412082,417759,428608,421871,17000,16500,15000,19000,18032,5000,1
4672,110000,1,2,2,26,0,0,0,0,0,0,49732,46766,41796,44251,42921,37748,2300,2000,3000,3000,2000,10000,0
4673,80000,2,2,1,44,0,0,0,0,0,0,40769,41150,0,0,0,0,2150,0,0,0,0,0,0
4674,50000,1,2,2,27,2,2,2,2,2,2,48655,45570,44015,36724,45751,46497,460,5021,0,10000,2005,37,1
4675,400000,2,1,1,44,4,3,2,0,0,0,278863,275153,269528,269278,269278,1976,0,0,150,0,3355,5688,1
4676,90000,2,1,2,29,0,0,0,0,0,0,90749,90595,89059,88822,90978,89363,3481,5167,3300,3615,3217,3500,0
4677,150000,2,5,1,53,0,0,0,0,0,0,135903,137719,144913,135063,134417,134490,7474,14004,4876,4750,5090,4594,0
4678,360000,2,1,1,35,0,0,0,0,0,0,10621,0,0,0,150,137,0,0,0,150,137,0,0
4679,170000,1,3,1,29,0,0,0,0,0,0,165027,168990,172307,35234,32869,33862,7200,7500,1200,1200,1500,1300,0
4680,110000,1,3,2,37,2,0,0,0,2,0,103356,85352,55489,49958,50524,50361,2700,1827,5400,1473,2100,1848,1
4681,220000,2,1,2,29,0,0,0,0,0,0,224852,224416,173565,176156,175745,160362,10235,8000,7000,7000,7000,7000,0
4682,200000,2,2,1,36,0,0,0,0,0,0,198807,200616,202228,198794,203070,161002,10700,8000,7500,8200,10000,29000,0
4683,500000,2,1,2,47,0,0,0,0,0,0,0,3270,30760,143791,-200,-200,3270,30760,143791,0,0,0,0
4684,340000,1,1,1,48,0,0,0,0,0,0,321046,329563,335012,197797,201935,140812,13690,12693,6100,6300,5100,5400,0
4685,180000,2,2,2,32,1,0,0,0,0,0,0,0,0,0,0,0,0,0,0,0,0,0,0
4686,490000,1,1,2,44,0,0,0,0,0,0,2920,4040,3649,8343,6641,5779,4060,3659,8357,6660,5796,4736,0
4687,60000,2,2,2,26,0,0,0,0,0,0,56146,56929,55009,30181,41528,21069,2314,1459,914,1900,800,932,0
4688,250000,1,1,2,30,0,0,0,0,0,0,2729,2538,6244,1297,1763,1907,2543,6247,1300,1766,1912,1000,0
4689,20000,2,2,2,30,2,0,0,0,0,0,15997,17336,18345,18643,19094,19224,1600,1602,900,900,636,744,1
4690,170000,1,3,1,39,1,2,2,2,0,0,171062,166870,165156,161137,164501,166064,0,13000,0,6000,12400,5700,0
4691,160000,2,3,2,37,2,2,0,0,0,2,16626,16075,17490,20724,23952,23859,0,2000,3539,3566,446,3000,1
4692,80000,2,1,2,25,0,0,0,0,0,0,1672,0,0,0,0,0,0,0,0,0,0,0,0
4693,380000,2,1,1,36,0,0,0,0,0,0,8183,10554,5453,739,-8632,-11922,10617,5478,784,14,380,253,0
4694,70000,2,3,1,33,0,0,0,0,0,0,71230,65305,50178,29969,30081,29380,2500,3108,2000,1048,1095,940,1
4695,80000,1,1,2,29,0,0,0,0,0,0,78038,79183,81356,63039,64371,65650,3000,3500,3500,2500,2351,2441,0
4696,380000,1,2,1,58,0,0,0,0,0,0,369699,331755,303016,290019,294689,301491,12172,11095,11007,11000,12006,11000,0
4697,230000,2,1,2,24,0,0,0,0,0,0,14979,2480,1434,1420,9225,19013,2480,1434,1420,9225,10000,15000,0
4698,130000,1,2,2,28,2,2,2,0,0,0,134505,135624,129959,93360,90040,89873,6200,0,3500,3238,3216,3207,1
4699,160000,2,1,1,35,0,0,0,0,0,0,2851,0,0,0,0,0,0,0,0,0,0,0,0
4700,50000,2,3,1,42,0,0,0,0,0,0,44332,25913,19057,18788,18108,15256,8802,1500,2000,1000,2000,2000,0
4701,180000,1,1,1,45,2,2,2,0,0,0,106462,113728,98314,94552,92422,63022,10000,0,10000,3000,5000,4000,0
4702,220000,2,2,2,31,0,0,0,0,0,0,75451,78094,80680,81944,83963,85930,4000,4000,3000,3000,3000,3000,0
4703,200000,2,3,1,41,1,0,0,0,0,0,0,340,0,148,148,198,340,0,148,0,198,7296,1
4704,520000,1,3,1,41,2,2,0,0,0,0,435924,366194,330211,251920,256512,262474,0,12620,8758,9047,9959,10500,1
4705,30000,1,2,2,46,0,0,0,0,0,2,12485,13119,13716,13598,16256,16442,1221,1208,480,3650,600,0,1
4706,150000,2,2,3,41,1,0,0,0,0,0,0,0,0,3355,962,821,0,0,4026,962,821,380,0
4707,210000,2,2,1,32,0,0,0,0,0,0,733,737,737,407,737,407,737,737,407,737,407,1232,0
4708,50000,2,2,2,36,2,0,0,0,0,0,42380,40288,32631,29968,29092,29977,1901,1744,1027,1033,1345,1000,1
4709,20000,2,2,1,37,0,0,0,0,0,0,17843,18833,17830,18184,18565,19076,1280,1276,630,653,798,581,0
4710,290000,1,1,1,44,0,0,0,0,0,0,19213,33274,17495,1528,4176,189,33548,17732,1862,4188,189,7324,0
4711,50000,2,2,2,32,1,0,0,0,0,0,30382,45888,48599,-250,12122,3685,54608,7060,112,32132,11304,52681,0
4712,130000,2,3,1,42,0,0,0,0,0,0,127524,127839,128380,97713,96245,95779,5051,5101,3600,3501,3800,3412,0
4713,60000,1,2,2,24,0,0,0,0,0,0,54809,-827,1188,792,0,27248,0,2188,0,0,27248,1000,0
4714,20000,1,1,2,25,0,0,2,2,2,2,11394,14367,13844,14614,14733,14823,3600,0,1300,500,505,37,0
4715,160000,2,2,2,35,0,0,0,0,0,0,124459,130916,132179,135030,135656,135448,10000,5000,4854,10000,6000,4000,0
4716,250000,2,3,1,39,0,0,0,0,0,0,5086,14180,49453,10989,2975,4099,14180,49453,0,2975,4099,6470,0
4717,80000,1,3,1,38,0,0,0,0,0,0,19277,20060,20977,20695,18587,20767,1400,1306,1019,685,2500,0,0
4718,60000,2,2,1,33,0,0,0,0,0,0,54660,49907,44057,27510,28086,29119,1879,1500,1000,1019,1500,1000,0
4719,80000,1,2,2,30,0,0,0,0,0,0,13793,67840,61546,55294,40868,33420,63023,3010,3053,2013,2015,3019,1
4720,60000,1,2,2,25,2,2,2,0,0,0,60323,60729,56473,28603,22191,20750,2000,0,1135,1822,1500,1500,0
4721,410000,1,1,1,38,0,0,0,0,0,0,10867,2719,0,11900,478,387,2719,0,11900,478,387,0,0
4722,240000,2,1,2,34,0,0,0,0,0,0,14038,25558,26526,28082,29695,31223,12000,1500,1800,1860,1800,2000,0
4723,30000,1,3,2,46,3,2,0,0,0,0,13784,13277,13984,14350,14650,15156,0,1234,600,532,750,825,1
4724,200000,2,2,2,31,0,0,0,0,0,0,8350,4750,5134,245,56,167,2001,1001,501,201,501,501,0
4725,180000,2,2,1,46,1,2,0,0,0,0,35916,30711,27555,26574,23123,30680,1711,1300,7504,1123,13000,0,0
4726,100000,1,2,2,32,0,0,0,0,0,0,88550,91724,94799,97861,104634,92537,5000,5000,5000,9000,10000,5000,0
4727,50000,2,5,2,42,0,0,0,0,0,0,50806,48798,29003,28911,28601,29215,1545,1454,1019,1039,1091,1015,1
4728,60000,2,3,2,45,0,0,0,0,0,0,1876,1876,1876,1876,1876,1876,1876,1876,1876,1876,1876,1876,1
4729,50000,2,1,2,26,0,0,2,2,2,2,5800,8189,7909,9767,9466,11300,2500,0,2000,0,2000,400,1
4730,240000,2,1,1,34,0,0,0,0,0,0,597,6449,626,626,626,626,6507,626,626,626,626,626,0
4731,220000,2,1,2,29,0,0,0,0,0,0,47944,44914,46446,37604,15540,20330,5000,5008,7000,4000,5000,150,0
4732,40000,1,3,2,42,0,2,0,0,0,0,1978,1415,1748,832,416,1851,3,1749,0,0,1851,0,0
4733,80000,2,1,2,23,0,0,0,0,0,0,71487,55641,24987,-600,-600,-600,2157,1500,0,0,0,0,0
4734,320000,1,2,2,52,0,0,0,0,0,0,1122,5000,396,1176,396,396,5000,792,1176,396,396,39316,0
4735,420000,1,2,1,43,0,0,0,0,0,0,44670,60376,30099,66049,61043,62054,30253,20016,40015,30004,3000,3224,0
4736,500000,1,2,1,48,0,0,0,0,0,0,28352,35294,74846,37985,33050,22185,35465,75212,38169,33209,22289,22289,0
4737,290000,2,2,2,24,0,0,0,0,0,0,145341,136849,122627,115857,101472,98069,7000,6000,5024,5000,5000,10000,0
4738,190000,1,1,1,45,0,0,0,0,0,0,181814,172493,166982,155621,142439,133742,7035,6000,6000,10000,5000,5000,0
4739,100000,1,1,2,33,2,0,0,0,0,0,101329,103532,100485,101552,100752,100652,3900,6000,3900,4100,17000,3750,1
4740,230000,2,2,2,26,1,0,0,0,0,0,0,0,0,0,0,0,0,0,0,0,0,8618,0
4741,50000,1,2,1,36,1,3,2,0,0,2,19606,19017,18409,18823,20379,18720,0,0,1000,2000,0,1000,0
4742,210000,1,2,1,43,0,0,0,0,0,0,47025,45456,44048,15398,8657,3180,2300,1326,400,230,100,112136,0
4743,90000,2,2,2,24,1,0,0,0,0,0,0,0,0,0,0,0,0,0,0,0,0,0,1
4744,480000,1,3,1,56,0,0,0,0,0,0,103497,105310,107013,106039,108188,109691,5300,5300,4000,5000,4000,5200,0
4745,120000,1,1,2,41,1,0,0,0,0,0,-8,-208,-408,57392,58805,60200,0,0,58000,2000,2000,0,0
4746,160000,1,2,2,28,1,2,2,2,2,2,162761,164692,159948,161469,162129,154704,6000,14,12000,6000,0,11318,0
4747,110000,1,2,1,27,1,2,2,2,2,2,46657,48615,49519,48421,50644,51662,3000,2000,0,3000,2000,3000,0
4748,260000,2,2,1,60,1,0,0,0,0,0,-20,-20,2000,0,0,0,0,2020,0,0,0,0,0
4749,80000,1,1,2,24,0,0,0,2,0,0,2130,3100,173,173,3435,11962,1010,173,0,3438,10004,5500,0
4750,50000,1,2,1,58,0,0,0,0,0,0,1956,2060,4904,2056,2515,1464,2060,4904,2056,2515,1464,1515,0
4751,50000,2,2,1,45,0,0,0,0,0,0,35116,26171,25088,21090,21749,22386,1441,1500,756,1000,1000,829,1
4752,100000,2,2,2,29,0,0,0,0,0,0,75012,77784,73535,72067,59495,56850,4000,3105,4069,3000,2500,2000,0
4753,20000,1,3,1,56,1,2,0,0,2,2,8766,8481,13318,15096,14717,16159,0,5000,2000,0,2000,0,1
4754,260000,2,1,1,44,1,0,0,0,0,2,0,6500,0,0,2223,2056,6500,0,0,2223,0,60934,0
4755,680000,2,1,1,42,0,0,0,0,0,0,189514,188883,190076,181957,182226,177731,8000,9000,7000,7000,7000,7000,0
4756,50000,1,2,2,25,0,0,2,0,0,0,1789,50005,48731,46882,500,0,48731,0,2102,0,0,0,0
4757,170000,2,1,2,27,0,0,0,0,0,0,118801,108980,112125,109579,107030,101130,4000,5300,3800,3880,3500,3400,0
4758,210000,2,2,1,37,0,0,0,0,0,0,326,326,978,652,326,0,326,978,0,0,0,652,1
4759,500000,1,1,1,51,0,0,0,0,0,0,10063,10166,11579,68712,26476,8974,10395,11888,88612,26476,8974,11522,0
4760,180000,2,1,1,45,0,0,0,2,0,0,18472,20546,24956,24262,24782,26208,2690,5100,0,1058,2000,3000,0
4761,340000,2,2,1,37,1,0,0,0,0,0,-653,2094,1256,845,2149,696,3254,1256,845,2000,696,696,0
4762,160000,1,3,2,30,0,0,0,0,0,0,160388,175167,127848,96066,93974,40170,142159,3592,7317,2312,1637,1074,0
4763,30000,2,2,1,22,2,0,0,0,0,0,26846,27718,28067,28334,28984,14769,2000,1500,1000,800,728,1000,1
4764,230000,2,2,1,44,0,0,0,0,0,0,205938,209941,173679,92937,94552,76849,8476,6593,2966,3135,2956,2040,0
4765,30000,1,3,2,22,2,0,0,0,0,0,28328,29505,25362,19493,5765,0,1704,1250,390,115,0,0,0
4766,480000,1,2,2,33,0,0,0,0,0,0,57732,55379,71063,60155,66078,64958,55614,47003,30171,40282,115224,12973,0
4767,360000,1,1,1,44,0,0,0,0,0,0,16731,4840,-16,-16,3267,3438,4864,0,0,3283,3455,0,0
4768,500000,1,1,1,50,1,2,2,2,2,2,74850,76463,77611,78735,80430,82068,3400,3000,3000,3100,3110,0,1
4769,220000,1,1,1,37,0,0,0,0,0,2,17039,7113,9574,1727,4201,622,7540,9571,1739,4918,0,24037,0
4770,100000,2,1,2,29,3,2,0,0,2,0,87791,85548,85391,50605,49666,50689,0,2500,5864,0,2000,2000,1
4771,200000,2,2,2,31,1,0,0,0,0,0,0,0,0,1500,0,0,0,0,1500,0,0,0,0
4772,200000,1,1,2,40,0,0,0,0,0,0,193048,193926,198233,200350,200390,19959,6410,6342,4007,4008,19959,1000,0
4773,90000,2,2,2,23,0,0,0,0,0,0,91653,88619,90298,91343,90887,90858,4200,4100,3307,3405,3311,6204,0
4774,50000,1,2,2,24,0,0,0,0,0,0,27963,28715,29381,29140,25022,29608,2001,2001,1014,1006,7004,1003,0
4775,80000,2,2,1,42,2,2,2,2,2,2,45691,46662,47595,48312,49392,50426,2000,2000,1800,2000,2000,1900,1
4776,260000,2,1,1,48,0,0,0,0,0,0,8339,8333,0,0,0,0,5000,0,0,0,0,0,0
4777,80000,2,3,1,25,0,0,0,0,0,0,61943,61458,57045,50652,48476,49815,2215,1900,1800,1920,2300,1485,0
4778,20000,1,1,2,23,1,0,0,0,0,0,-348,-738,-738,-1518,-1518,-1518,0,0,0,0,0,0,1
4779,50000,1,2,2,53,1,0,0,0,0,0,0,3333,0,8796,6346,3600,3333,0,8796,1000,4000,0,0
4780,90000,2,1,2,29,0,0,0,0,0,0,92464,91709,92412,91297,91790,91377,3600,4331,3218,3613,3300,3519,0
4781,290000,1,2,1,30,0,0,0,0,0,0,351890,254163,250180,236027,221443,198031,11000,8607,8000,8525,8476,10000,0
4782,20000,2,3,1,30,0,0,0,0,0,0,18920,20030,21408,21974,22391,27189,1700,2000,1200,1000,12000,1000,0
4783,230000,2,1,2,36,1,0,0,0,0,0,0,0,0,0,0,0,0,0,0,0,0,0,0
4784,360000,2,2,2,34,1,0,0,0,0,0,0,1680,0,5950,6352,6563,1680,0,5950,500,317,1150,0
4785,50000,1,2,2,40,0,0,0,0,0,0,48331,49163,49754,19169,19480,19569,2300,2200,1000,1000,800,700,1
4786,80000,1,2,2,36,0,0,0,0,0,0,59223,26241,10387,74864,74305,0,1141,10725,74864,1486,0,0,0
4787,100000,2,2,2,56,0,0,2,0,0,0,97549,102864,98969,70352,68186,68538,9300,0,2500,2700,2700,2600,1
4788,390000,2,1,2,28,0,0,0,0,0,0,286888,291645,277888,175268,167781,147878,11000,11000,5600,5700,5600,3400,0
4789,120000,1,2,1,52,2,0,0,0,0,0,107269,106791,105262,46605,45590,46204,4449,2731,3000,5000,3000,3000,0
4790,20000,2,2,2,35,1,3,2,0,0,0,20971,20360,19583,19575,16624,0,0,0,392,332,0,0,0
4791,150000,2,2,2,24,2,2,2,0,0,0,63486,66741,744,5714,809,2315,4330,3,5762,813,2318,1616,1
4792,20000,1,2,1,38,0,0,2,0,0,0,16828,20192,19414,19606,0,0,20192,0,392,0,0,0,1
4793,20000,1,1,1,44,0,0,0,0,0,0,17974,32768,16057,14189,13265,12214,2000,1506,1000,800,1000,1000,0
4794,250000,1,1,2,44,0,0,0,0,0,0,98727,102134,106434,107673,109780,113961,5000,6000,4500,4000,6000,4500,0
4795,230000,2,2,2,25,0,0,0,0,0,0,19225,16375,11864,10004,62349,52791,2000,2000,5000,65349,2000,2000,0
4796,20000,1,3,1,40,0,0,0,0,0,0,20167,37198,17858,16400,14711,18691,1308,2466,555,583,4275,973,0
4797,80000,2,2,1,41,0,0,0,0,0,0,21709,22432,23693,24089,24832,25269,1378,1639,1089,1132,1000,1100,0
4798,310000,2,2,2,32,0,0,0,0,0,0,51007,50644,50109,49339,49177,48754,2200,2100,1700,2000,1800,2000,0
4799,480000,1,1,2,49,0,0,0,0,0,0,456668,424843,325772,320760,325841,331602,14706,15377,10481,11003,11303,11329,0
4800,20000,2,1,2,24,0,0,0,0,0,0,16199,0,187,-18,-18,-18,0,187,0,0,0,0,0
4801,50000,1,3,1,22,0,0,0,0,0,0,46450,47599,48456,44546,43256,13342,2200,2016,2009,2092,1020,1018,0
4802,190000,1,2,1,35,6,5,4,3,2,0,254951,237094,218603,202639,199480,188113,0,0,0,0,142000,7000,1
4803,50000,1,2,2,41,0,0,0,0,0,0,45284,43951,47169,19096,19652,18889,1844,4562,667,847,700,655,0
4804,50000,2,2,2,29,2,2,2,0,0,0,8281,8998,9695,11521,12331,13125,1000,1000,2000,1000,1000,1000,1
4805,50000,1,2,1,38,0,0,0,0,0,0,22619,19055,20161,20553,18933,18855,2000,2000,1000,1000,1000,2000,0
4806,300000,2,2,1,45,0,0,0,0,0,0,41051,70951,18911,15982,2665,57096,71277,19003,16050,2659,54394,52000,0
4807,60000,1,2,1,33,0,0,0,0,0,0,42246,38923,32532,27780,29280,39976,2008,3004,3003,2000,1064,2000,0
4808,260000,1,1,2,28,1,0,0,0,0,0,-1197,37785,3780,3202,3754,848,40000,3780,3202,4000,848,5795,0
4809,190000,1,1,2,27,1,0,0,0,0,0,-4370,82387,83701,85035,86482,88164,87998,3017,3029,3127,3433,3356,0
4810,500000,1,3,3,53,0,0,0,0,0,0,415022,421996,426103,125218,126650,114473,12602,11000,4711,6000,11000,10000,0
4811,300000,2,1,2,31,0,0,0,0,0,0,60700,33843,5045,10288,12565,6947,5000,5045,10288,5000,5000,10000,0
4812,50000,1,2,2,43,0,0,0,0,0,0,50665,50854,47862,20246,20321,20387,1940,1407,704,730,796,520,1
4813,50000,2,3,1,27,0,0,0,0,3,2,29321,30048,31396,35045,34203,34743,1503,1851,4500,0,1250,0,1
4814,130000,2,2,1,42,0,0,0,0,0,0,24565,22446,23245,27410,12085,9535,5000,2000,5000,3000,6000,2280,0
4815,80000,1,1,1,38,0,0,0,0,0,0,604,0,0,0,0,0,0,0,0,0,0,0,0
4816,50000,1,2,3,37,0,0,0,0,0,0,44828,43746,43122,43803,41425,42536,2005,2056,1737,1501,1797,1680,0
4817,50000,2,2,2,31,0,0,0,0,0,0,40019,20394,19597,17830,18397,19064,2006,1519,1000,1000,1000,1000,0
4818,120000,2,1,2,27,0,0,0,0,0,0,70835,59986,60779,62958,57763,53004,3000,2500,3000,2000,2000,2500,0
4819,220000,2,1,2,33,0,0,0,0,0,0,3217,11428,16838,22237,10684,4262,11435,16876,22237,10684,4262,6500,0
4820,50000,2,1,2,35,0,0,0,0,0,0,51505,50581,48280,46978,46657,48233,2500,2200,2000,2000,5000,2000,0
4821,90000,2,1,2,29,0,0,0,0,0,0,88254,89080,89613,89532,90362,94337,4200,4000,3307,3453,6730,0,0
4822,360000,2,2,2,43,0,0,0,0,0,0,0,0,0,0,0,0,0,0,0,0,0,84216,0
4823,280000,2,2,1,49,0,0,0,0,0,0,20650,0,0,4533,5533,65607,0,0,4533,1000,65607,2000,0
4824,270000,2,1,1,57,0,0,0,0,0,0,13559,736,316,5116,15884,10606,736,316,5116,15884,10606,1420,0
4825,200000,1,1,1,31,0,0,0,0,0,0,160292,119080,113723,109447,75423,22919,6036,4002,4005,3002,1002,1002,0
4826,80000,1,3,2,25,0,0,0,0,0,0,80493,78736,71663,57571,58485,59655,3035,3021,2300,2500,2300,2500,0
4827,60000,2,1,2,34,1,0,0,0,0,0,0,0,15798,0,0,11688,0,15798,0,0,11688,0,0
4828,60000,2,2,2,31,0,0,0,0,0,0,58173,59626,55775,28187,28978,27119,3400,2300,1200,1200,1500,1500,0
4829,90000,2,1,2,28,0,0,0,0,0,0,23940,92233,91308,53991,56032,51010,75000,5000,4300,2800,2800,3600,0
4830,10000,2,3,3,48,0,0,0,0,0,0,7065,8148,9199,9558,9136,9392,1200,1200,500,500,500,0,0
4831,140000,1,2,2,36,0,0,0,0,0,0,94586,92692,87696,80284,80086,81759,3519,3027,2905,3000,3000,3100,0
4832,280000,1,1,1,42,0,0,0,0,0,0,173092,160948,146106,97334,91671,81030,5853,4422,3138,2817,2927,2334,1
4833,140000,2,2,1,24,0,0,0,0,2,0,121241,67929,65536,67645,62839,53457,4000,4000,8000,0,5000,2000,0
4834,110000,1,3,1,52,0,0,0,0,0,0,13962,15219,15424,15479,15989,16276,1500,1545,600,750,700,2000,0
4835,120000,2,3,2,26,0,0,0,0,0,0,22492,-2018,-718,1282,81988,83665,1534,1300,2000,81899,3200,4000,0
4836,130000,2,2,1,39,0,0,0,0,0,0,131657,129859,128714,128962,131873,131482,5000,6208,4700,5000,5000,4800,0
4837,290000,1,2,1,48,0,0,0,0,0,0,224662,216134,163926,97524,35353,24481,10160,7147,5041,1581,3020,10000,0
4838,80000,1,2,1,33,0,0,0,0,0,0,22064,22338,23352,23301,23900,24965,1700,1700,1000,1500,2000,2000,0
4839,50000,2,2,2,22,2,2,2,2,2,2,15006,14475,16227,16662,16253,17982,0,2000,1000,0,2000,0,1
4840,450000,2,2,1,33,0,0,0,0,0,0,318,316,326,4007,0,0,316,326,4007,0,0,0,0
4841,50000,1,3,1,37,3,2,2,0,0,0,30411,31130,30308,28902,29215,28963,1500,0,1016,1046,1129,869,1
4842,170000,2,1,2,27,0,0,0,0,0,0,154189,149826,113019,60868,19458,90,5926,2672,10,0,90,4563,0
4843,210000,1,2,2,30,0,0,0,0,0,0,38967,48465,57928,60359,69782,83991,10000,10000,3000,10000,15000,326,0
4844,30000,2,2,2,23,2,0,0,0,0,0,21684,23018,24630,24813,25333,25911,2000,2000,888,920,1000,2000,0
4845,230000,1,1,2,33,0,0,0,0,0,0,57171,56150,57074,50670,50652,51267,2100,2300,2000,2000,2000,2000,0
4846,170000,1,2,2,34,0,0,0,0,0,0,2806,326,676,326,326,326,652,676,326,326,326,1722,1
4847,20000,2,2,2,22,0,0,0,0,0,0,17958,18499,19762,19807,19830,20347,1329,1592,637,700,827,357,0
4848,50000,1,3,1,54,1,2,2,0,0,2,49271,24982,25142,15498,16613,16197,1000,1000,1000,1366,0,1552,0
4849,100000,2,2,1,42,0,0,0,0,0,0,65917,67673,66292,67793,67182,66132,4000,3000,2500,3000,2500,2500,0
4850,140000,2,1,2,27,0,0,0,0,0,0,390,0,0,0,0,0,0,0,0,0,0,2943,0
4851,100000,2,1,2,30,0,0,0,0,0,0,90375,81572,71451,68530,66844,65820,3007,3200,3000,3500,2600,2500,0
4852,150000,2,1,1,37,1,0,2,2,0,0,0,1505,1333,0,0,1930,1505,0,0,0,1930,0,1
4853,60000,2,3,2,23,1,2,0,0,0,0,28831,28024,24215,6000,7568,7568,0,1050,0,1568,0,6729,1
4854,200000,1,3,1,33,0,0,0,0,0,0,199343,200070,200852,197426,196341,197787,10021,10036,7126,6508,6011,5537,1
4855,200000,2,1,2,27,0,0,0,0,0,0,11912,19196,11938,15972,17952,5925,14443,4938,5972,7952,2925,1718,0
4856,50000,2,1,2,35,0,0,0,0,0,0,48585,49134,50203,10042,20085,9578,2220,2289,483,350,334,400,1
4857,60000,1,2,2,32,0,0,0,0,0,0,51934,40855,37742,29450,8850,0,2000,2000,1400,200,600,0,0
4858,50000,2,3,1,32,1,2,2,2,0,0,45652,44646,47619,46455,47432,48442,0,4000,0,1432,3100,0,1
4859,140000,2,2,1,55,0,0,0,0,0,2,22662,23306,21048,22332,30228,316,2500,2500,2000,12988,2168,932,0
4860,640000,2,1,2,41,0,0,0,0,0,0,55645,56656,60185,59218,58963,58992,3000,5000,2300,2128,2125,2222,0
4861,210000,1,2,1,41,2,2,2,2,2,2,87705,90376,90687,91888,93852,95734,4800,2500,3900,3400,3400,3400,1
4862,60000,2,2,1,27,0,0,0,0,0,0,43757,29772,30710,28914,29823,28916,2000,2000,1500,1500,1500,1100,0
4863,80000,2,2,1,32,3,2,2,2,0,0,72385,72643,73462,71681,73375,74794,2000,2600,0,2850,2800,3000,1
4864,290000,2,1,1,37,0,0,0,0,0,0,3486,550,1922,550,550,3810,550,1922,550,550,3810,2927,1
4865,150000,2,1,2,28,1,0,0,0,0,0,0,0,0,0,0,0,0,0,0,0,0,0,0
4866,200000,2,2,2,40,0,0,0,0,0,0,99729,139201,155871,193666,216666,18871,59201,35000,54461,46666,18871,0,0
4867,130000,2,2,2,29,2,2,2,2,2,2,2880,4446,4833,4236,5178,4182,2000,1000,0,1000,0,1500,1
4868,490000,1,2,2,34,0,0,0,0,0,0,0,0,244033,224216,212123,214715,0,244033,15011,9003,9019,8000,0
4869,200000,1,2,1,40,0,0,0,0,0,0,9759,-241,-241,-241,-241,7817,0,0,0,0,8058,0,1
4870,210000,2,1,1,54,0,0,0,0,0,0,7771,7078,838,20372,36489,90261,7078,1295,20000,16489,60000,5000,0
4871,260000,2,1,2,29,0,0,0,0,0,0,3735,-8,4865,507,3787,1443,0,4873,507,3787,1443,0,1
4872,80000,1,2,1,42,0,0,0,0,0,0,48237,48594,49432,49043,47805,45626,2200,2005,2000,2000,2000,2000,0
4873,50000,1,3,1,53,0,0,0,0,0,0,41674,40012,31089,14638,13577,16333,1660,1612,652,1300,3000,2500,0
4874,210000,2,2,2,30,0,0,0,0,2,0,77637,80205,82549,89170,56683,10496,4400,4600,9086,0,1000,99100,0
4875,210000,2,2,3,52,0,0,0,0,0,0,815,815,815,910,58095,37684,815,815,910,58000,1500,2000,0
4876,40000,2,3,1,41,1,2,2,2,2,0,20057,20931,21780,23114,22606,22903,1500,1500,2000,0,822,1000,0
4877,110000,2,2,1,33,0,0,0,0,0,2,184406,169795,154733,138071,126242,123449,7400,6700,4700,7800,0,117880,0
4878,50000,1,1,2,49,0,0,0,0,0,0,25277,27209,23740,19448,19594,19762,3000,3014,684,1000,713,677,0
4879,80000,2,1,2,27,0,0,0,0,0,0,3199,1205,917,917,702,3099,1325,917,0,702,3099,0,0
4880,80000,2,1,2,37,0,0,0,0,0,0,6734,1990,4500,4640,3966,3410,1990,4500,4640,3966,3410,879,1
4881,250000,2,1,2,43,0,0,0,0,0,0,93163,96024,90901,69927,71403,69948,4409,3023,2600,2700,2801,2500,0
4882,100000,2,1,2,27,0,0,0,0,0,0,75296,76672,78343,79111,79993,81279,3000,3400,3000,3000,3000,3000,0
4883,50000,1,2,2,29,2,2,2,2,2,2,43205,46516,45468,48703,50774,49514,4000,0,4000,3000,0,3000,1
4884,150000,2,1,2,32,2,2,2,0,0,2,120800,123379,122881,123954,131543,134319,6000,3000,4600,9800,5100,5000,1
4885,70000,1,2,2,30,0,0,2,2,2,2,17526,20235,19612,22170,22612,22101,3000,0,2900,942,0,1000,1
4886,150000,1,1,2,29,0,0,0,0,0,0,249,0,0,12877,1558,225,0,0,12877,1558,225,0,0
4887,360000,2,1,2,31,0,0,0,0,0,0,1483,9386,2635,-227,-1763,-4303,9386,2643,227,1536,12975,19818,0
4888,90000,1,2,2,29,0,0,0,0,0,0,51864,53135,53759,56397,87349,55700,2098,1680,20000,5000,4833,2000,0
4889,160000,2,2,1,28,0,0,0,0,0,0,6031,7057,7912,8080,8250,8565,1280,1132,300,300,452,312,0
4890,70000,2,2,2,36,0,0,0,0,0,0,67864,59165,29314,28844,29443,30101,2044,1773,1181,1215,1297,1008,0
4891,360000,2,2,1,33,0,0,0,0,0,0,325839,300726,252603,253759,255424,253826,11083,8948,8727,9118,9026,8997,0
4892,420000,2,1,2,33,0,0,0,0,0,0,25718,0,0,0,1643,6800,0,0,0,1643,3400,403500,0
4893,50000,2,2,1,47,0,0,0,0,0,0,48888,47988,9757,8941,9893,6181,1900,1139,2000,1000,300,500,0
4894,160000,2,2,2,28,3,2,2,2,2,2,110819,107629,113902,115543,118353,116298,0,9600,5000,4800,0,3900,1
4895,100000,2,2,1,38,1,0,0,0,0,0,0,199,0,0,0,150,199,0,0,0,150,550,0
4896,240000,2,3,1,41,0,0,0,0,0,0,3973,3724,7448,3724,5814,10942,3724,7448,0,5814,8852,0,0
4897,390000,2,1,2,42,0,0,0,0,0,2,98262,94122,89672,83663,84449,75445,5003,5000,3200,9000,0,5000,0
4898,80000,2,2,1,37,0,0,0,0,0,0,57830,55107,51616,47843,48427,49101,2103,2023,1850,1800,1806,1516,0
4899,360000,2,1,2,29,0,0,0,0,0,0,25633,26897,26439,25932,28396,28611,2000,1289,1000,4000,2000,1000,1
4900,210000,2,2,1,34,0,0,0,0,0,0,3402,4774,375,3498,3517,4567,4774,375,3498,3517,4567,2488,0
4901,320000,2,1,2,28,1,0,0,0,0,0,0,0,1200,0,600,5937,0,1200,0,600,5937,470,1
4902,20000,2,3,1,50,0,0,2,0,0,0,8612,8862,8992,9452,10520,11320,2202,500,1000,2000,800,0,0
4903,180000,2,2,1,27,2,2,0,0,0,0,186895,167768,125879,119283,117515,109499,0,6000,3663,3700,3400,2771,1
4904,490000,1,2,1,50,0,0,0,0,0,0,205873,210880,215628,217883,223541,224889,10000,10000,10000,10000,8000,10000,0
4905,30000,2,2,2,22,0,0,0,0,2,0,25536,26635,27383,29061,28492,29850,1800,1500,2100,0,1800,1000,0
4906,290000,2,1,1,34,0,0,0,0,0,0,111,0,904,904,0,0,0,904,0,0,0,6397,0
4907,340000,2,2,1,46,0,0,0,0,0,0,0,0,0,0,0,0,0,0,0,0,0,0,0
4908,40000,2,2,1,43,0,0,0,0,0,0,220,960,960,960,1383,960,960,960,960,1383,960,960,0
4909,50000,1,2,2,23,0,0,0,0,0,0,-29,9881,10188,2277,18488,10263,9910,10294,2284,18546,11294,7752,0
4910,30000,1,2,2,30,2,0,0,0,2,2,21326,20425,20135,19529,17428,25227,1400,1700,1679,0,10000,0,1
4911,60000,2,1,2,34,2,0,0,0,0,0,493,240,823,683,240,998,240,823,0,240,998,223,0
4912,180000,1,5,2,29,1,0,0,0,0,0,92245,64364,5527,1600,2600,390,11400,1000,340,1000,390,390,0
4913,160000,1,3,1,57,0,0,0,0,0,0,390,390,390,390,390,390,390,390,390,390,390,390,0
4914,170000,1,1,1,33,1,2,0,0,0,0,9020,326,7788,104556,141077,138790,0,7788,100000,41077,5200,5600,0
4915,50000,1,2,1,42,2,0,0,0,0,0,12664,42985,15085,17245,17316,17297,2000,2000,17000,1000,1000,2955,0
4916,50000,1,2,1,45,0,0,0,0,2,0,8558,9886,10593,11358,11033,11402,1471,1178,943,0,553,600,0
4917,360000,2,1,1,32,0,0,0,0,0,0,0,0,0,0,0,0,0,0,0,0,0,0,0
4918,160000,2,2,1,35,2,2,2,2,2,2,131104,133828,135146,136520,139432,141971,6300,5000,5100,5252,5000,6000,1
4919,260000,2,1,2,39,0,0,0,0,0,0,107801,122955,117089,95975,62817,61221,30054,20057,5113,3040,20000,30007,0
4920,350000,2,1,2,31,2,0,0,0,0,2,20042,108444,280478,143142,160442,98479,100000,200000,0,135000,0,100000,0
4921,30000,2,2,2,26,0,0,0,2,0,0,27376,27639,27788,25484,25707,25797,1500,3608,0,1000,1100,2200,0
4922,180000,2,2,2,27,1,2,0,0,0,2,17207,16647,17657,17705,19043,18589,0,1590,638,1628,0,834,0
4923,230000,2,1,2,30,0,0,0,0,0,0,1219,283,1906,501,283,423,283,1906,501,283,423,283,0
4924,50000,2,1,2,29,1,0,0,0,0,0,0,0,0,0,0,0,0,0,0,0,0,0,0
4925,370000,1,2,1,38,2,0,0,0,0,0,376014,377594,355120,315740,322540,319195,16000,13217,12000,12000,12000,15000,1
4926,30000,1,2,1,42,0,0,0,2,0,0,24317,28401,30910,30155,30389,30418,4491,3000,0,1068,2257,0,0
4927,280000,1,1,2,31,1,0,2,2,0,0,0,3405,2973,0,962,3481,3405,0,0,962,3481,9,0
4928,210000,2,2,2,53,0,0,0,0,0,0,390,390,390,390,390,390,390,390,390,390,390,390,1
4929,150000,2,1,1,49,0,0,2,2,0,2,416,797,381,-35,1015,33,797,0,0,1050,0,2575,0
4930,170000,2,1,2,30,0,0,0,0,0,0,8404,16835,2200,7510,12510,19720,16835,2200,5510,5000,8100,0,0
4931,80000,1,2,2,28,0,0,0,0,0,0,73233,74853,76408,77435,79187,79696,3400,3400,2900,3045,6000,0,0
4932,30000,2,2,1,29,1,2,2,2,2,2,16609,16057,18089,17504,18727,18279,0,2300,0,1500,0,1500,1
4933,50000,1,2,2,38,0,0,0,0,0,0,51047,49761,50712,50441,50919,50604,1849,1800,1788,1993,2069,2500,0
4934,140000,2,2,2,24,0,0,0,0,0,0,38483,43627,35893,40883,16256,14354,10169,20000,15000,628,1392,1200,0
4935,30000,2,1,1,22,2,2,0,0,0,0,26505,25799,26762,24956,25654,26177,0,1710,1000,1100,1100,1000,0
4936,50000,1,2,1,45,0,0,0,0,0,0,42614,38426,38318,17331,14916,18459,10016,20070,3006,6002,5000,2500,0
4937,20000,1,1,2,24,0,0,0,0,0,0,390,390,390,780,0,0,390,390,780,0,0,0,0
4938,180000,1,1,1,37,0,0,0,0,0,0,15288,16534,18100,19900,-100,-100,1500,2000,2000,0,0,0,0
4939,30000,1,2,2,46,0,0,0,0,0,0,24794,25017,24117,23917,0,0,2000,1500,0,0,0,0,0
4940,210000,1,2,2,26,0,0,0,0,0,0,92083,88001,90533,93027,96524,100765,4000,4000,4000,5000,6000,23500,0
4941,30000,1,2,2,35,0,0,0,0,0,0,20180,21827,20723,19523,4294,3974,2000,2032,0,1000,3000,1000,0
4942,50000,2,2,2,31,0,0,0,0,0,0,20451,20426,19894,20294,20145,20175,1600,1600,1000,900,1000,1000,0
4943,270000,2,1,2,31,0,0,0,0,0,0,973,417,1593,913,1471,1302,592,1593,913,1471,1302,7107,0
4944,70000,2,2,2,25,0,0,0,0,0,0,22935,23963,24979,25665,26357,26768,1398,1414,1100,1104,1000,1155,0
4945,110000,1,2,2,32,0,0,0,0,0,0,2308,101780,50815,46147,39769,9353,101780,1501,1100,1000,2000,41644,0
4946,20000,2,1,2,24,0,0,0,0,0,0,3305,2296,14059,9140,1073,500,2296,14777,9140,1073,500,0,1
4947,150000,1,2,1,37,0,0,0,0,0,0,147891,149402,148152,150781,146446,149658,5004,4957,4208,4201,4837,3500,1
4948,420000,1,1,1,59,0,0,0,0,0,0,175795,160687,139704,100178,62967,49259,5300,4976,4899,3074,2023,3000,0
4949,20000,1,1,2,24,0,0,0,0,0,0,299,-1,-1,494,2284,490,0,0,495,2290,491,1695,0
4950,50000,1,2,2,51,0,0,0,0,0,0,50383,49073,31036,20061,19710,19687,2304,2224,19691,1000,725,1000,0
4951,170000,1,1,2,51,0,0,0,0,0,0,195038,189067,180389,137030,129222,122229,7509,5573,4309,4239,5142,2856,0
4952,20000,1,3,1,35,1,2,0,0,0,0,24122,23089,22422,20794,19914,7476,1300,1481,503,2019,233,100,0
4953,360000,2,3,2,36,0,0,0,0,0,0,2473,-27,-27,-27,-27,-27,0,0,0,0,0,0,1
4954,280000,2,1,2,34,0,2,2,0,0,0,8719,844,0,0,1000,0,0,0,0,1000,0,0,0
4955,340000,1,1,2,35,0,0,0,0,0,0,842,2865,-22,7569,797,1211,2873,0,7591,799,1214,18309,0
4956,180000,1,1,1,46,0,0,0,0,0,0,160580,171644,184650,0,0,0,13714,16500,0,0,0,0,1
4957,280000,1,1,2,33,0,0,0,0,0,0,8814,151643,153190,147589,149291,151357,151650,5546,6007,5507,6007,4184,1
4958,60000,1,1,2,27,0,0,0,0,2,0,14853,19589,27176,29712,29099,31601,5000,8000,3000,0,3000,3000,1
4959,150000,1,1,1,56,2,0,0,0,0,0,116928,87215,43045,40813,42164,43465,5006,3000,1452,5000,5000,2000,1
4960,300000,2,1,2,24,0,0,0,0,0,0,35040,35167,31333,35906,38963,40283,1518,1507,5406,3963,2283,900,0
4961,210000,2,1,1,34,0,0,0,0,0,0,200239,195025,165356,116351,95854,91173,9510,7000,10079,4500,3532,3500,0
4962,50000,1,1,2,29,0,0,0,0,0,0,27878,28908,29922,30517,31164,32677,1484,1498,1093,1139,2039,1800,0
4963,140000,2,1,2,30,0,0,0,0,0,0,282,282,282,282,454,610,282,282,282,454,610,454,0
4964,180000,2,1,2,42,0,0,0,0,0,0,4314,5495,54903,56458,58616,55032,2500,50000,3000,3000,2000,2500,0
4965,380000,1,3,1,44,0,0,0,0,0,0,40352,41385,42397,43243,45716,46629,1523,1535,1381,3000,1494,2000,0
4966,10000,2,2,2,22,0,0,0,0,0,0,7418,8080,780,780,0,0,1000,780,0,600,0,0,0
4967,50000,1,3,1,45,0,0,0,0,0,0,45982,41372,18059,18020,18028,17744,1421,1500,629,672,626,2000,0
4968,50000,2,2,2,22,0,0,0,0,0,0,50186,49061,43528,29606,30305,28895,1994,1500,1009,1124,1100,2000,1
4969,50000,2,1,2,25,0,0,0,0,0,0,8540,9875,11396,13190,14967,16551,1479,2000,2000,2000,2000,4060,0
4970,140000,2,2,1,37,0,0,0,0,0,0,10025,9787,8127,8850,9262,5789,2000,1000,2000,2000,1000,2000,0
4971,110000,1,2,2,36,0,0,0,0,0,0,109345,111980,111563,106625,48631,49724,4400,4200,4406,1800,1900,1900,0
4972,260000,1,2,1,63,0,0,0,0,0,0,3382,2403,1161,772,383,1661,2519,1201,1,1,1668,2507,0
4973,50000,2,2,2,26,0,0,0,0,0,0,49722,49052,49243,8760,8796,9176,2200,1325,490,300,500,500,0
4974,180000,2,1,2,30,3,2,0,0,0,0,1782,192,1291,1891,3914,26414,0,1291,600,2023,22500,32800,0
4975,150000,2,2,2,26,2,0,0,0,0,0,56956,58756,59945,60751,62120,63315,2716,2761,2400,2500,2400,1860,0
4976,80000,2,1,1,39,0,0,0,0,0,0,36444,33840,31768,28223,25557,18220,3015,4012,1013,2010,655,1007,0
4977,210000,2,1,2,31,0,0,0,0,0,0,0,0,0,0,0,0,0,0,0,0,0,0,0
4978,320000,1,1,1,44,0,0,0,0,0,0,7500,8500,7500,7500,7500,7500,8500,7500,7500,7500,7500,7500,0
4979,100000,2,2,1,36,0,0,0,0,0,0,92688,94925,96865,99196,101000,0,3000,2746,3156,3000,0,0,0
4980,100000,2,1,1,35,0,0,0,0,0,0,52708,15075,20035,4116,-110,3512,9967,20195,4228,0,3622,0,0
4981,50000,1,1,2,24,0,0,0,0,0,0,16277,14875,19195,13134,13398,13549,4006,6200,3000,2000,2000,2500,0
4982,240000,1,3,1,43,0,0,2,2,2,2,2690,2500,2500,2500,2500,0,2500,0,0,0,0,0,1
4983,300000,2,1,2,33,1,0,0,0,0,0,0,0,12351,6417,5245,12082,0,12351,0,5245,7000,0,0
4984,200000,2,1,2,30,0,0,0,0,0,0,199229,132458,59153,0,0,0,6101,3500,0,0,0,0,1
4985,270000,2,1,1,31,0,0,0,0,0,0,86716,88329,91247,91823,93164,95211,6000,6005,4000,4000,4000,5000,0
4986,150000,2,1,2,26,2,2,2,2,2,2,75373,76865,78214,76363,79893,48052,3300,3200,0,5137,0,2200,1
4987,260000,2,2,2,29,0,0,0,0,0,0,-5,-5,9571,7235,0,197,0,9576,29,0,197,568,0
4988,50000,2,2,2,24,0,0,0,0,0,0,26239,17824,17615,17956,18091,18259,1300,5869,1000,795,1000,1000,0
4989,130000,2,2,1,32,1,2,0,0,0,2,51559,50465,51531,52076,55432,56571,0,2500,2000,4200,2200,0,1
4990,80000,2,1,2,28,0,0,0,0,0,2,57776,7561,7793,7433,5962,4960,1200,1306,512,1000,0,110,0
4991,20000,1,1,2,32,0,0,0,3,2,0,11777,14851,17575,17063,15711,28600,3276,3000,3,7,2058,669,0
4992,410000,2,2,1,50,0,0,0,0,0,0,246659,248934,246011,240845,213767,214410,11000,10000,7500,8000,8000,7000,0
4993,80000,1,2,1,36,2,2,2,2,2,2,77054,81697,79347,81325,76550,78715,6900,0,5800,0,4000,2000,1
4994,160000,2,3,1,58,0,0,0,0,0,0,2034,68942,40194,942,942,942,68942,40194,942,942,942,942,0
4995,500000,2,1,2,40,0,0,0,0,0,0,15929,18155,-131,10527,61751,2926,18222,0,10658,61751,2926,13609,0
4996,20000,2,2,1,36,0,0,0,0,0,0,16320,18044,19003,19224,19050,19353,2000,1283,1003,1000,1002,1005,0
4997,180000,2,4,1,34,0,0,0,0,0,0,6892,6892,6892,6282,8282,0,6892,6892,6282,2000,0,0,0
4998,200000,2,2,1,45,0,0,0,0,0,0,193641,121830,122181,121888,66771,65495,4543,5000,4500,3100,3000,1300,1
4999,310000,1,3,1,44,0,0,0,0,0,0,238739,244629,250277,265764,271231,277427,10000,10000,20000,10000,11000,11000,0
5000,160000,1,1,2,40,0,0,0,0,0,0,1430,0,715,715,715,865,0,715,715,715,865,715,0
5001,170000,2,3,1,61,1,0,0,0,0,0,0,0,0,0,200,0,0,0,0,200,0,0,0
5002,500000,1,1,1,45,0,0,0,0,0,0,5307,6583,5650,4472,67798,65653,6616,5678,4495,67969,65814,38464,1
5003,140000,2,1,2,28,1,0,0,0,0,0,0,330,330,69,-261,-591,330,330,69,0,0,29953,0
5004,80000,2,3,1,48,0,0,0,0,0,0,44508,43709,52660,48532,44469,45068,1785,10000,1541,1610,1604,1485,0
5005,420000,2,2,2,28,0,0,0,0,0,0,27186,27759,21103,22217,23440,61084,5009,5006,5000,5000,61084,3000,0
5006,90000,2,3,0,24,0,0,0,0,0,0,3700,20833,23968,13574,6800,1830,20108,4000,13574,14,5,13162,0
5007,280000,2,1,2,31,0,0,0,0,0,0,326,326,0,326,652,0,326,0,326,652,0,652,0
5008,20000,1,3,1,44,0,0,2,3,2,2,11007,15010,15767,15223,14837,16083,4525,1300,0,0,1495,3198,0
5009,170000,2,2,1,31,0,0,0,0,0,0,63948,62090,63000,0,0,3300,5000,4000,0,0,3300,0,0
5010,30000,2,2,2,26,0,0,0,0,0,0,12479,10100,10923,10549,4747,4864,1233,1056,500,500,1000,2000,0
5011,20000,1,3,2,26,0,0,0,0,0,0,16320,0,0,0,0,0,0,0,0,0,0,0,0
5012,280000,2,1,1,49,0,0,0,0,0,0,4378,-324,-324,-324,-324,88036,2,322,0,0,88360,10045,1
5013,30000,2,3,2,40,1,2,2,2,2,2,53720,52268,49338,44430,40875,40272,0,3000,1000,2000,5000,0,0
5014,170000,2,1,1,38,0,0,0,0,0,0,5556,0,0,0,0,0,0,0,0,0,0,0,0
5015,290000,2,1,1,38,1,0,0,0,0,0,0,7023,9680,7860,7860,8142,7023,5000,3000,0,8142,0,0
5016,290000,2,1,2,24,1,0,0,0,0,0,0,0,0,2700,1350,1350,0,0,2700,0,1350,8334,0
5017,360000,2,2,2,33,0,0,0,0,0,0,5344,9852,5137,4912,1150,0,9860,8537,4912,0,0,9294,0
5018,190000,2,2,1,34,0,0,2,2,2,0,86730,93705,91317,96079,94428,100618,9310,0,7200,0,8000,4000,0
5019,90000,1,2,2,26,0,0,0,0,0,0,70182,-18,-18,-18,-18,-18,0,0,0,0,0,0,0
5020,20000,1,3,2,48,1,2,2,0,0,0,16434,17452,16879,17059,17263,17675,1577,0,757,628,700,2488,0
5021,290000,2,2,1,42,0,0,0,0,0,0,154753,122241,113434,115273,97040,89942,7000,6000,5000,5000,4000,3000,0
5022,460000,2,1,2,38,0,0,0,0,0,0,296815,283744,273414,250033,238734,226905,10279,10084,9025,9036,8526,7272,0
5023,230000,2,1,2,26,0,0,2,0,0,0,-10,1732,476,3157,340,769,2122,0,3157,0,769,1265,0
5024,170000,1,2,1,37,0,0,0,0,0,0,326,326,326,326,326,324,326,326,326,326,324,2,0
5025,180000,2,1,1,40,0,0,0,0,0,0,4236,6614,6216,3622,4095,6596,3016,3000,1622,4095,3000,2827,0
5026,20000,1,2,2,27,0,0,0,0,0,0,19331,18225,18418,19297,19000,19683,1209,19330,2303,1000,1000,1000,0
5027,50000,1,2,1,25,0,0,0,0,0,0,48213,47750,46153,45572,45412,44985,1800,1700,1585,2000,2000,1600,0
5028,200000,1,1,2,30,0,0,0,0,0,0,0,0,0,0,0,0,0,0,0,0,0,20271,0
5029,80000,2,3,1,53,0,0,0,0,0,0,0,0,0,0,0,0,0,0,0,0,0,0,0
5030,380000,1,1,1,53,0,0,0,0,0,0,4901,22010,2302,20798,16394,26002,22000,2300,9947,16400,18000,7400,0
5031,500000,1,1,1,40,0,0,0,0,0,0,11640,12831,11520,12486,11609,12660,12836,11525,12489,11614,12665,543,1
5032,170000,1,2,1,49,2,2,2,2,2,2,26991,30090,18104,19050,18783,8042,4019,0,1060,0,807,0,1
5033,20000,2,1,2,23,0,0,0,0,0,0,14605,14532,15700,16346,16837,18298,2000,2000,1000,1000,2000,2000,0
5034,320000,2,2,1,32,0,0,0,0,0,0,160832,164750,168370,169371,172868,150827,8000,8000,5500,6100,6000,5000,0
5035,50000,2,1,2,23,0,0,0,0,0,0,48064,49362,48038,8760,9646,7747,2091,1310,1000,1000,277,296,1
5036,400000,1,2,1,45,0,0,2,0,0,2,337135,373869,366338,374255,409777,527566,44000,0,14000,42000,126000,18000,0
5037,320000,2,1,2,33,0,0,2,0,0,0,368,10038,8434,7061,1289,365,10550,0,0,0,365,12110,0
5038,200000,1,1,2,28,0,0,0,0,0,0,220343,214375,201917,161221,162438,157415,7000,8016,5000,12000,6000,7000,0
5039,20000,1,1,2,28,0,0,0,0,0,0,7381,2769,3503,4809,5732,8632,3000,3010,6000,1000,3000,0,1
5040,230000,2,3,2,42,1,0,0,0,0,0,0,0,324,0,2600,3007,0,324,0,2600,3407,200,1
5041,130000,2,1,2,29,0,0,0,0,0,0,280,1954,304,978,652,326,2038,311,1000,0,0,326,1
5042,310000,1,1,2,28,0,0,0,0,0,0,272588,169978,156699,131276,118837,119402,9978,6699,11276,9695,19402,6270,1
5043,50000,2,3,2,58,0,0,0,0,0,0,24885,26250,26955,27647,28149,28940,1772,1447,1139,1100,1262,1009,0
5044,90000,1,3,2,45,0,0,0,0,0,0,86519,88925,56116,48430,49585,50443,4100,2500,52285,2000,2100,5000,0
5045,260000,2,3,1,42,0,0,0,0,0,0,56437,57929,59369,63215,64087,130579,3000,3000,5400,5000,2222,2337,0
5046,270000,1,1,2,36,0,0,0,2,0,0,78630,68921,46512,40335,37165,22156,10076,4018,14,2051,2000,0,0
5047,210000,2,1,2,30,0,0,0,0,0,0,52771,64767,57527,56655,50745,53269,44767,10000,2655,5745,3269,1500,0
5048,220000,2,2,2,52,0,0,0,0,0,0,127624,125718,125917,124683,127890,131520,6046,5600,5000,8000,6000,3736,0
5049,80000,1,2,2,30,2,2,2,0,0,2,72183,81844,78743,79176,81574,78445,10895,0,2900,6355,0,3100,1
5050,50000,2,3,2,61,0,0,0,2,2,0,36205,38609,42996,43992,43155,44436,3000,5064,2000,0,2000,2000,0
5051,20000,2,2,1,39,0,0,0,0,0,0,45629,46661,47594,49281,18714,19162,2500,2400,2000,900,800,600,0
5052,20000,2,1,2,23,0,0,0,0,0,0,11967,5252,-340,-780,-780,780,1031,650,0,0,1560,150,0
5053,100000,2,1,2,25,0,0,0,0,0,0,16659,13585,7886,5578,8608,11756,10000,4000,5578,11756,10000,5470,0
5054,320000,1,2,2,32,0,0,0,0,0,0,75122,70308,51223,52371,54518,56601,4000,3000,2000,3000,3000,4000,0
5055,200000,2,2,2,31,1,0,0,0,0,0,0,0,6372,1957,0,596,0,6372,1957,0,596,789,0
5056,80000,2,1,2,25,0,0,0,0,0,0,232,815,631,1237,1529,357,815,631,1237,1529,357,2957,0
5057,120000,2,2,1,34,2,2,2,2,2,2,64139,65430,63937,67290,68565,69784,2900,150,5000,2500,2500,3000,1
5058,20000,1,2,2,43,0,0,0,0,0,0,19197,19997,20060,18780,19580,0,1500,1500,1000,800,0,0,0
5059,200000,2,1,1,35,0,0,0,0,0,0,10118,2105,483,5452,389,389,2106,486,6175,1,390,390,0
5060,140000,2,2,1,24,0,0,0,0,0,0,696,696,696,696,696,696,696,696,696,696,696,696,0
5061,50000,1,2,1,52,2,0,0,0,0,0,27548,28578,29660,30600,-300,9037,1478,1560,1500,0,9337,323,1
5062,60000,1,2,2,25,1,2,2,0,0,0,61514,61748,58583,28301,29301,14400,1800,0,600,1000,300,28154,0
5063,50000,1,2,2,30,0,0,0,0,0,0,47110,48447,48345,20079,20656,19818,2401,1735,700,876,711,701,0
5064,200000,2,2,2,33,0,0,0,0,0,0,189740,194328,196018,189865,193703,199154,6450,6600,5350,5500,7100,5500,0
5065,20000,1,2,1,53,0,0,2,2,2,2,16039,19752,19112,20223,18806,20001,4000,0,1382,0,3000,0,1
5066,200000,2,1,1,32,1,0,0,0,0,0,0,0,0,0,0,900,0,0,0,0,900,880,0
5067,350000,2,3,1,49,0,0,2,0,0,0,10658,8598,3816,4223,1414,5941,9004,0,4223,1414,5941,2720,0
5068,50000,2,3,1,40,0,0,0,0,0,2,20831,21592,22571,23024,25567,24463,1400,1360,810,2900,0,1100,1
5069,120000,1,2,1,44,0,2,0,0,0,0,4936,2476,5696,1762,1381,1061,0,5696,0,1381,1061,1320,1
5070,150000,1,2,1,35,0,0,0,0,0,0,4030,592,2483,4556,1606,2047,593,2490,4573,1610,2053,4349,0
5071,180000,2,2,1,48,0,0,0,0,0,0,11054,11272,26680,27988,1480,22133,11272,26703,27988,1480,22133,0,0
5072,120000,2,2,2,27,1,0,0,0,0,0,0,0,0,0,940,170,0,0,0,940,170,2018,1
5073,130000,2,1,1,55,0,0,0,0,0,0,126205,128064,131524,46445,44973,45578,4998,5946,1620,1623,1659,1749,0
5074,80000,2,2,1,41,0,0,0,0,0,0,7274,6280,21016,14422,5157,6579,6280,21115,14422,5157,6579,11251,0
5075,390000,2,2,1,49,0,0,0,0,0,0,7383,5731,3386,3134,259,578,1066,1000,63,259,578,1141,0
5076,50000,2,1,2,27,1,2,0,0,2,2,21824,21187,23815,26418,25859,29745,0,3000,3000,0,4500,0,1
5077,50000,1,2,2,31,1,2,2,0,0,0,25859,26937,27687,28424,29311,30169,1800,1500,1500,1500,1500,1500,0
5078,320000,2,2,1,29,0,0,0,0,0,0,3196,7655,204787,122501,63816,17257,7655,205211,6100,5000,2000,8000,1
5079,50000,2,2,3,48,2,0,0,0,0,0,18460,20942,18942,18811,18183,18561,2813,1289,658,659,679,654,1
5080,200000,2,2,1,43,2,2,2,2,2,2,171647,167478,178983,180784,184201,187467,0,14500,6400,7000,7000,7000,0
5081,30000,1,3,2,59,1,2,0,0,0,0,13486,12984,13991,14114,14406,14692,0,1528,651,668,674,683,1
5082,290000,2,2,1,36,0,0,0,0,0,0,754,-98,-309,63,227,946,0,0,500,590,1045,0,0
5083,50000,2,3,1,57,0,0,0,0,0,0,3964,1690,3780,1468,1468,1644,1690,3780,1468,1468,1644,1363,0
5084,50000,2,2,1,52,0,0,0,0,0,0,600,972,0,0,0,6500,972,0,0,0,6500,1863,0
5085,140000,1,3,1,45,2,2,2,2,2,2,134073,130521,137328,136280,136247,134089,0,10707,5014,5091,4608,42,1
5086,50000,1,2,1,43,0,0,0,0,0,0,15941,14154,15109,14125,14034,14946,1255,1210,487,508,1534,526,1
5087,80000,2,2,2,23,0,0,0,0,0,0,4125,10174,6160,9020,4670,6124,6174,3160,5020,1670,6124,1600,0
5088,50000,2,1,2,31,0,0,0,0,0,0,30291,31498,32205,32846,33535,34201,2000,1534,1175,1218,1224,1281,0
5089,280000,2,2,2,28,0,0,0,0,0,0,17795,4117,1199,247,0,1896,4125,1201,249,0,1896,548,0
5090,80000,2,2,1,53,0,0,0,0,0,0,37242,37634,38281,38993,39268,39620,2000,2000,2000,2000,1408,1300,0
5091,60000,2,2,1,29,0,0,0,0,0,0,62325,59359,30604,22204,19895,19199,2864,1300,1000,803,1107,1000,0
5092,360000,2,1,2,26,0,0,0,0,0,0,1374,12920,0,0,0,0,12534,0,0,0,0,0,0
5093,520000,1,2,2,32,0,0,0,0,0,0,17718,12490,7894,6426,4045,1806,1222,1200,505,502,100,216338,0
5094,210000,2,2,1,43,1,0,0,0,0,0,0,0,0,0,0,0,0,0,0,0,0,0,1
5095,360000,1,1,2,26,0,0,0,0,0,0,11910,1356,4073,17812,2981,1936,1500,5000,15000,3000,2000,1033,0
5096,100000,1,1,2,27,0,0,0,0,0,0,99777,99479,94028,14578,33254,16723,4252,2620,408,26130,653,35012,0
5097,50000,2,3,1,45,2,0,0,0,0,0,47639,35495,16246,14987,15298,15447,1271,1242,683,702,553,723,1
5098,280000,2,2,1,31,0,0,0,2,2,2,127609,76057,75377,68277,72042,65921,6000,6000,0,4800,0,2226,0
5099,120000,1,1,2,26,0,0,0,0,0,0,19544,24230,28022,29249,29926,35357,5000,4200,2000,1300,6000,6000,0
5100,50000,1,1,2,29,2,2,2,2,0,0,45728,48772,50614,49009,45856,47891,3800,3000,5,1800,3600,0,1
5101,360000,2,1,1,48,0,0,0,0,0,0,2119,-3,-3,-3,711,875,3,0,0,714,879,1519,0
5102,140000,2,2,1,35,0,0,0,0,0,0,4694,4340,4332,4058,2929,4345,4340,4332,4172,5544,4345,2178,1
5103,130000,1,1,2,25,1,0,0,0,0,0,0,0,0,0,0,0,0,0,0,0,0,0,0
5104,240000,2,1,1,33,0,0,0,0,0,0,9187,4740,5240,7795,3771,1891,5005,5240,4101,3771,1891,46438,0
5105,70000,2,3,2,40,0,0,0,0,0,0,60525,60932,60190,25126,24718,27726,14011,14494,6019,7010,8007,5008,0
5106,80000,1,2,3,45,0,0,0,0,0,0,28219,29276,30210,30505,31184,28641,1816,1750,1045,1123,1038,2008,0
5107,20000,2,5,3,35,0,0,0,0,0,0,17962,17858,17972,16592,15369,16247,1336,1211,1500,1300,1500,1000,0
5108,180000,2,2,2,29,0,0,0,2,0,0,172271,179760,180488,142201,141826,125974,11600,9635,0,5245,5172,3726,1
5109,80000,1,2,2,25,0,0,0,0,0,0,63771,62642,60005,53384,55060,54583,2500,2500,1900,2500,2500,2000,0
5110,300000,2,2,2,39,0,0,0,0,0,0,8386,341,341,341,341,343,341,341,341,341,343,1977,0
5111,70000,1,2,2,31,0,0,0,0,0,0,62737,40745,1880,0,0,0,4030,2500,0,0,0,0,0
5112,180000,2,1,1,30,1,0,0,0,0,0,0,0,0,0,0,0,0,0,0,0,0,0,1
5113,150000,1,2,1,33,0,0,2,2,2,2,87721,87396,79424,76350,79721,77028,7200,3000,0,6000,0,3000,0
5114,30000,2,3,2,36,2,2,2,2,2,2,25437,26734,26011,27353,26776,28620,2000,0,2078,0,2291,0,1
5115,180000,2,1,2,24,0,0,0,0,0,0,130780,121531,112378,93411,95559,94356,4700,4500,3300,3600,3900,3500,0
5116,20000,1,2,2,31,5,4,3,4,3,2,21763,21145,20930,20182,19836,11998,0,549,0,0,0,0,0
5117,30000,1,2,2,29,2,2,2,0,0,0,20501,25151,24453,24849,25399,27020,5000,0,1100,1100,2200,1200,0
5118,500000,1,1,2,38,0,0,0,0,0,0,0,2326,1164,0,0,0,2326,1164,0,0,0,28666,1
5119,290000,2,1,2,29,0,0,0,0,0,0,62029,46716,39340,22587,24219,26647,3000,2000,2000,2000,3000,2000,0
5120,500000,2,2,1,47,0,0,0,0,0,0,182516,104838,112662,66679,70090,73728,5000,10000,5000,5000,5000,5000,0
5121,150000,1,2,2,37,0,0,0,0,0,0,69012,63265,64131,64942,61803,58987,2500,2500,3780,2200,2000,2000,0
5122,200000,1,1,1,37,0,2,0,0,0,0,446,123,123,200,123,280,0,123,200,123,280,151,1
5123,50000,2,2,2,23,0,0,0,2,0,0,20821,11864,13094,12434,12429,12505,1190,2000,0,600,594,610,0
5124,180000,2,1,1,47,1,0,0,0,0,0,-12,-12,3300,0,0,0,0,3312,0,0,0,0,1
5125,150000,2,1,1,40,1,0,0,0,0,0,-15,17671,14517,1870,3495,0,17686,14517,0,3495,0,21754,0
5126,210000,2,2,2,34,1,0,0,0,0,0,0,1075,229,799,0,0,1075,229,799,0,0,2247,1
5127,30000,2,5,2,23,2,2,0,0,0,0,2826,2068,16952,15336,24336,436,0,16952,16104,14000,486,0,0
5128,360000,1,3,1,51,0,0,0,0,0,0,3019,2438,1008,1250,0,860,2444,1008,1250,0,860,0,0
5129,60000,2,2,1,38,1,2,2,2,0,0,22212,21568,24209,23524,24491,25033,0,3000,0,1500,1100,1000,0
5130,230000,2,2,2,25,0,0,0,0,0,0,2045,44711,45742,38502,30581,32738,44711,4000,4000,3000,3000,2000,0
5131,260000,1,3,1,39,0,0,0,0,0,2,3518,0,2551,-139,2311,47,0,2551,0,2450,0,5800,0
5132,210000,2,2,2,34,0,0,0,0,0,0,8547,2987,4571,3265,8623,5907,2996,4584,3274,8648,5924,15748,0
5133,200000,2,1,2,42,0,0,0,0,0,0,4359,3814,4604,3350,0,0,3841,4644,3350,0,0,5706,0
5134,20000,1,2,1,37,0,0,0,0,0,0,16436,17584,18166,8190,8190,0,1418,1000,3144,0,0,0,0
5135,30000,1,3,2,53,2,0,0,0,0,0,28033,28675,28997,29214,28933,29134,1788,1500,1173,1100,1100,1000,0
5136,180000,2,1,2,32,2,2,2,2,2,2,73618,76990,78181,82645,84739,83282,4500,3000,5700,3500,0,3200,1
5137,50000,1,2,1,28,2,0,0,0,0,0,42435,44030,43979,31508,16519,19231,3000,2000,2000,2000,3000,1000,1
5138,200000,1,3,1,43,0,0,0,0,0,0,146206,150404,154977,157166,160870,164101,5404,5854,5000,5000,4600,5000,0
5139,140000,2,1,2,27,0,0,0,0,0,0,16437,18848,21209,25503,27918,37186,3000,3000,5000,3000,10000,4000,0
5140,250000,2,1,2,42,0,0,0,0,0,0,4673,16014,4063,5589,15895,9948,17381,4063,6018,15895,1000,5928,0
5141,200000,1,1,1,43,0,0,0,0,0,0,202225,-4359,190829,96686,100131,102467,1029,200000,10000,5000,4000,4000,0
5142,80000,2,1,2,30,0,0,0,0,0,0,44999,45843,46879,47799,48876,49909,2100,2100,2000,2000,2000,4500,0
5143,60000,2,3,1,48,0,0,0,0,0,0,62652,57562,51278,46685,31584,26482,2300,2200,1900,1191,1219,7971,0
5144,360000,2,1,2,29,0,2,0,0,0,0,780,390,390,540,540,390,0,390,540,390,390,390,0
5145,50000,1,1,2,23,0,0,0,0,0,0,3063,3625,0,0,0,0,3625,0,0,0,0,0,1
5146,240000,2,3,2,36,1,0,0,0,0,0,-28,-28,-28,-28,1522,6820,0,0,0,1550,6900,4100,0
5147,330000,2,2,2,30,0,0,0,0,0,0,13204,12500,865,15387,5945,896,12500,865,15500,6000,896,0,1
5148,50000,2,2,2,25,1,2,2,2,2,2,13750,15224,14687,16135,15737,17316,2000,0,2000,0,2000,0,1
5149,110000,1,3,2,33,1,2,0,0,0,0,7128,1852,2625,2625,0,0,0,1000,0,0,0,0,1
5150,30000,1,3,2,29,1,0,0,0,0,0,0,0,0,0,0,7035,0,0,0,0,7035,0,1
5151,20000,1,2,1,36,1,2,2,0,0,0,5566,6527,6274,6470,7366,8044,1200,0,300,1000,800,0,1
5152,20000,1,1,2,43,0,0,2,0,0,0,13361,18302,13348,512,18141,11575,6020,141,1048,23261,134,0,1
5153,160000,1,1,2,31,0,0,0,0,0,0,136809,77080,160336,92820,91449,89559,6000,5000,15000,5000,7000,10000,0
5154,80000,1,2,2,24,0,0,0,0,0,0,79047,81120,69986,46965,46518,47330,3837,2800,2008,1700,2000,1800,0
5155,180000,2,1,1,47,0,0,0,0,0,0,8059,11622,16379,9795,8414,6557,11680,16466,9844,8456,6589,5823,0
5156,80000,1,2,2,27,0,0,0,0,2,0,390,390,390,1080,540,390,390,390,1080,0,390,390,0
5157,150000,1,1,2,30,0,0,0,0,0,0,4785,2087,1200,4100,0,0,2087,1212,4100,0,0,0,0
5158,130000,1,1,2,29,0,0,0,0,0,0,81907,83620,85327,87021,88843,90618,3034,3096,3112,3222,3250,3357,1
5159,240000,1,3,2,32,0,0,0,0,0,0,4717,11980,0,473,11483,11886,11980,0,473,11483,11886,690,0
5160,400000,2,1,2,28,0,0,0,0,0,0,1416,1548,22085,21021,19761,12613,1052,22085,420,56,687,800,0
5161,500000,1,2,2,32,0,0,0,0,0,0,10339,6405,-4617,16879,5195,290,6405,99,22480,0,580,36753,0
5162,20000,1,1,2,22,0,0,2,0,0,0,18523,17889,16473,19004,19254,16287,3500,0,3000,574,539,342,1
5163,240000,1,1,2,35,0,0,0,0,0,0,446,2852,-348,152,272,5291,2852,0,500,500,5291,1000,0
5164,110000,2,2,1,26,2,2,2,2,2,2,85814,91999,91803,94376,96409,98072,8500,2200,5000,3700,3400,4000,1
5165,80000,2,2,2,26,0,0,0,0,0,0,56373,57301,58017,56556,57890,58657,2129,2014,1985,3000,3001,2266,0
5166,50000,1,3,1,58,0,0,0,0,0,0,4025,5318,4151,4186,3545,2659,5318,4151,4186,3545,2860,2702,0
5167,330000,1,1,1,37,0,0,0,0,0,0,8447,-1,176,0,0,0,0,177,0,0,0,0,0
5168,200000,1,3,1,40,0,0,0,0,0,0,187431,192558,196537,76167,76810,72039,8124,8339,5004,2961,2579,2761,0
5169,230000,2,5,1,32,0,0,0,0,0,0,11000,0,8100,-2900,-2900,-2900,0,8100,0,0,0,110256,0
5170,140000,2,2,2,26,0,0,2,0,0,0,28282,148806,139462,125046,46364,83460,125000,6,4578,1427,87179,26291,1
5171,360000,1,2,1,34,1,0,0,0,0,0,-62,-31,-31,-31,-31,-31,0,0,0,0,0,0,0
5172,70000,1,3,1,46,2,2,2,2,2,2,29258,31137,32855,33316,34137,33439,2352,2531,1300,1500,0,1400,1
5173,360000,2,2,1,40,1,0,0,0,0,0,-242,-3748,5512,4102,1756,4400,649,10000,0,1756,4400,0,0
5174,260000,2,1,2,27,1,0,0,0,0,0,0,0,0,0,0,0,0,0,0,0,0,0,0
5175,80000,2,3,3,29,0,0,0,0,0,0,76121,70109,58186,56234,53229,45519,2456,2053,1812,1819,1686,1224,0
5176,180000,2,2,2,48,0,0,0,0,0,0,10000,10000,10000,10000,20000,10338,10000,10000,10000,20000,10338,20894,0
5177,190000,2,1,2,30,0,0,0,0,0,0,6544,18191,18205,14442,31465,2589,19699,18295,9900,31465,2589,22041,0
5178,190000,1,1,1,50,2,2,2,2,2,2,69518,71443,72413,73366,74830,76237,3500,2600,2600,2650,2650,3000,1
5179,260000,1,1,1,39,0,0,0,0,0,0,259394,264334,263431,253596,258387,259118,9876,10020,9900,9331,9307,9676,0
5180,200000,1,2,2,27,0,0,0,0,0,2,233637,175918,181089,183180,192223,189681,7000,8100,6600,12000,0,6054,1
5181,340000,2,1,2,47,0,0,0,0,0,0,326065,339260,332032,280450,282510,281197,20070,12747,9582,20070,18092,20102,1
5182,200000,2,2,1,47,0,0,0,0,0,0,528,13921,14943,14692,14733,14820,13921,1528,500,528,655,284,0
5183,150000,2,1,1,36,0,0,0,0,0,0,13447,17877,25172,4694,6292,13943,17914,25349,4694,6324,14433,17378,0
5184,100000,1,2,1,40,0,0,0,0,0,0,99958,76554,58610,9779,12273,2701,2975,2789,9779,12273,3105,16828,0
5185,100000,2,2,1,45,0,0,2,0,0,0,87590,103301,100818,75860,77656,78274,17200,247,3000,3000,3000,3000,1
5186,200000,2,5,2,34,0,0,0,0,0,0,13943,8943,1662,2553,1977,3175,8964,1662,2553,1977,3175,1804,0
5187,230000,1,1,2,39,0,0,0,0,0,0,38395,39943,20650,0,0,0,2500,2000,0,0,0,0,0
5188,200000,1,1,1,40,0,0,0,0,0,0,-7,1765,5074,19268,5606,2534,1772,5099,19364,5634,2547,33300,0
5189,140000,1,1,2,28,2,2,2,2,2,2,113780,115297,114448,114653,115720,116690,5800,3500,4500,4000,4000,4500,0
5190,30000,1,2,2,24,0,0,0,0,0,0,26931,27791,28792,29121,29368,13174,1598,1599,928,600,627,1500,0
5191,100000,2,2,2,30,1,0,0,0,2,0,0,0,0,1378,1209,3174,0,0,1378,0,2000,2000,0
5192,50000,1,2,1,41,0,0,0,0,0,0,390,390,780,390,390,390,390,780,0,390,390,1170,1
5193,330000,2,1,1,41,0,0,0,0,0,0,4122,0,0,0,0,0,0,0,0,0,0,0,0
5194,500000,2,1,1,36,2,0,0,0,0,0,197231,175599,176947,178647,176380,172666,8500,8341,6600,6925,7225,6653,1
5195,500000,2,2,2,31,0,0,0,0,0,0,4543,8723,17058,19858,19974,22774,9001,10000,3000,10000,6000,10000,0
5196,50000,2,2,2,28,0,0,0,0,0,0,47605,47553,47205,45686,43629,46909,2300,2000,2000,2000,4000,0,0
5197,50000,2,1,2,25,0,0,0,0,0,0,16762,19126,13918,8239,6376,10077,4029,4031,3000,6376,5000,0,0
5198,50000,2,2,1,42,0,0,0,0,0,0,47971,47627,47750,48194,48111,48664,2087,2100,1900,1900,1900,1900,0
5199,20000,1,2,1,51,0,0,2,0,0,0,16849,18686,18877,19252,19415,19954,2116,800,682,701,858,394,0
5200,70000,2,3,2,24,1,2,2,0,0,0,69346,70864,68645,28929,28597,28237,3200,13,1008,1103,1100,850,0
5201,60000,2,1,2,34,0,0,0,0,0,0,55447,48270,41087,25518,26276,27012,2178,1511,1200,1300,1300,1252,1
5202,230000,1,1,2,36,0,0,0,0,0,0,218637,223208,159930,141834,213408,222681,10034,5600,10753,100000,12823,8910,0
5203,60000,1,3,1,58,2,2,0,0,2,0,22658,22703,23495,24349,23960,24530,700,1546,1400,0,900,0,0
5204,330000,1,2,1,43,0,0,0,0,0,0,13200,9843,15440,45033,64723,3784,9863,15440,35033,30000,3874,25349,0
5205,500000,2,1,1,35,0,0,0,0,0,0,2153,9869,4055,3000,3000,8063,9869,4065,3000,3000,8063,6000,0
5206,30000,2,3,1,45,0,0,0,0,0,0,0,1930,1930,2072,4072,0,1930,1930,2072,4072,0,0,0
5207,160000,2,1,1,53,0,0,0,0,0,0,52607,53548,56214,57246,58443,59883,2834,3500,2500,2207,2500,2300,0
5208,110000,1,2,2,40,0,0,0,0,0,0,109191,110937,108869,43207,42954,43839,5000,3814,2000,1600,1600,1600,0
5209,50000,2,1,2,35,0,0,0,2,0,0,30716,29768,31155,30124,29984,29629,1600,4300,0,1100,1500,1500,0
5210,50000,2,2,1,43,0,0,0,0,0,0,560,1121,195,197,197,197,1121,195,197,197,197,197,0
5211,20000,1,1,2,25,1,0,0,0,0,0,0,0,0,0,0,0,0,0,0,0,0,0,1
5212,50000,1,2,2,23,2,2,0,0,0,0,49365,48927,49543,19649,20064,19691,1200,50189,682,710,690,693,0
5213,210000,1,1,2,28,1,0,0,0,0,0,0,0,0,0,0,8270,0,0,0,0,8270,0,0
5214,500000,2,2,1,30,0,0,0,0,0,0,344,5757,1820,2308,807,4966,5757,1820,2308,807,4966,3240,0
5215,320000,1,3,1,50,0,0,2,0,0,2,29943,32751,18262,18157,19043,17759,4300,0,1000,2000,0,1000,0
5216,350000,2,1,2,32,0,0,0,0,0,0,10830,2749,3229,3096,6373,10531,2749,3229,3500,4000,5000,4000,0
5217,50000,1,3,2,27,0,0,0,0,0,0,45557,46763,43000,29241,29115,28804,2300,1803,1200,1400,1500,1500,0
5218,50000,2,2,1,34,0,0,0,0,0,2,10745,8473,4390,19206,20486,15252,1200,1000,19206,1500,0,345,0
5219,20000,2,2,1,33,2,0,0,0,0,0,18075,19075,19106,18467,19018,19383,1600,1601,810,1000,692,647,1
5220,80000,2,2,1,47,0,0,2,0,0,0,77714,79049,79206,78031,78293,78870,5000,3000,3000,3000,3000,5000,1
5221,170000,1,1,2,35,0,0,0,0,0,0,169282,173226,134832,70479,0,0,10126,5667,9223,0,0,0,0
5222,50000,2,2,1,24,0,0,0,0,0,0,48928,32646,31428,24880,26098,26886,2000,3505,2000,8000,4000,3650,1
5223,400000,1,3,2,49,0,0,0,0,0,0,36560,0,0,0,1757,21667,0,0,0,1757,20000,10158,0
5224,90000,2,2,2,48,2,2,2,0,0,0,87673,94448,91211,38041,42605,41396,9100,0,1170,5000,18000,5000,1
5225,50000,1,2,2,22,2,2,2,0,0,0,50262,51040,35046,28893,28772,27521,2009,5,1200,2000,1100,3405,0
5226,60000,2,1,2,24,0,0,0,2,0,0,57693,55760,59007,56492,57565,56569,2700,4800,0,2100,2200,2500,0
5227,50000,2,2,2,50,0,0,0,0,0,0,20800,0,0,0,0,0,0,0,0,0,0,0,0
5228,250000,2,1,1,45,0,0,0,0,0,0,214000,90010,78886,79845,79323,77788,3188,3282,2698,2752,2843,2511,0
5229,320000,2,3,2,53,0,0,0,0,0,0,3479,3479,3479,12610,23942,34183,3479,3479,12610,15000,14184,16826,1
5230,260000,2,1,2,27,0,0,0,0,0,0,15178,23360,22099,18985,19662,22274,12007,8000,1000,1000,5000,5000,0
5231,20000,1,2,2,24,0,0,0,0,0,0,19102,18054,19026,19406,18258,18694,1318,1290,670,663,740,536,0
5232,50000,1,1,2,25,0,0,0,0,0,0,18595,18326,18814,19189,19233,19108,1310,1297,672,837,836,836,0
5233,50000,1,2,1,35,1,2,0,0,0,2,29273,29504,32007,34474,37905,38131,1000,3000,3000,4000,1000,10000,0
5234,50000,1,1,2,35,3,2,0,0,0,0,39437,38525,40809,33021,35479,36238,0,3000,2000,3000,1500,2000,0
5235,150000,2,1,2,27,0,0,0,0,0,0,7310,4756,1919,8144,2969,8642,4756,1919,8144,2969,8642,0,0
5236,20000,2,2,2,21,1,3,2,2,0,0,21003,20260,9686,0,6884,0,39,0,5000,13749,0,0,1
5237,190000,2,1,1,39,2,2,0,0,0,0,171462,163148,165281,173231,132145,146854,0,10000,15000,10091,20000,10000,1
5238,250000,1,1,1,46,0,2,0,0,0,0,5379,992,12738,2310,0,0,0,12738,2310,0,0,840,0
5239,380000,1,1,1,32,0,0,0,0,0,0,53369,73954,35199,31136,28839,14584,30307,5044,5036,5081,2022,2026,0
5240,330000,2,2,2,28,0,0,0,0,0,0,255834,258822,254855,258220,256058,256840,9425,9000,9174,9590,9500,9400,0
5241,50000,2,2,2,31,0,0,0,0,0,0,45861,47667,48119,8257,8037,9470,3687,5000,1000,309,2000,1000,0
5242,140000,2,1,2,31,0,0,0,2,2,2,41314,42377,43923,43051,44109,43253,1732,2278,3000,1892,0,1572,0
5243,20000,2,2,2,50,1,2,2,2,2,2,5065,4840,6100,5856,6432,6182,0,1500,0,822,0,2540,1
5244,70000,2,1,2,28,0,0,0,0,0,0,53690,54374,47762,44487,45618,46706,2208,1800,2000,2000,2000,3000,0
5245,160000,2,1,2,31,0,0,0,0,0,0,160843,153543,157871,143690,134386,138038,6000,7225,5000,5000,5900,4992,0
5246,240000,2,2,1,34,0,0,0,0,0,0,6170,0,0,0,0,0,0,0,0,0,0,0,0
5247,300000,2,1,2,27,0,0,0,0,0,0,3102,1499,318,2488,187,607,1506,319,2488,187,607,1945,0
5248,70000,1,2,2,28,0,0,2,0,0,0,24510,25807,26578,27826,29712,30563,2000,1500,2000,2500,1500,1200,0
5249,30000,2,2,1,28,0,0,0,2,0,0,11692,14505,17262,16690,17763,18960,3000,3000,0,1500,1500,1500,1
5250,390000,2,1,2,32,0,0,0,0,0,0,22008,23645,24947,26223,27643,29025,2000,2000,2000,2000,2000,2000,0
5251,20000,2,2,2,40,0,0,0,0,0,0,6689,7723,8730,8936,8994,9244,1300,1294,500,350,400,400,0
5252,330000,2,1,1,44,0,0,0,0,0,0,234447,202747,180566,182604,186415,190303,8903,7903,6418,6633,6852,6910,0
5253,420000,2,1,2,29,0,0,0,0,0,0,4406,4595,-13,2666,1614,6066,4205,5000,2679,1622,6080,3594,0
5254,200000,1,1,1,63,0,0,0,0,0,0,316,316,316,316,316,316,316,316,316,316,316,316,0
5255,70000,1,2,2,29,0,0,3,2,0,0,61762,70242,68107,42630,12927,27184,9500,0,0,1570,15184,2000,1
5256,180000,2,2,1,40,0,0,0,0,0,0,20831,1537,-43,-43,-43,-43,1000,0,0,0,0,0,0
5257,260000,2,3,3,55,0,0,0,0,0,0,185441,190942,194161,197287,172561,165409,10000,8000,7150,7057,7396,4060,0
5258,80000,2,3,2,25,0,0,0,0,0,0,571,3948,4695,390,1289,935,3952,4695,390,1289,935,390,0
5259,250000,2,1,2,32,0,0,0,0,0,0,165,165,165,165,165,315,165,165,165,165,315,130,0
5260,140000,1,1,2,29,0,0,0,0,0,0,137708,140804,137635,97928,99634,101020,5730,5200,3100,3200,3400,3300,0
5261,40000,2,2,2,24,1,2,0,0,2,2,36890,36023,36993,38427,39875,39272,0,1989,2423,2000,0,1000,1
5262,50000,2,2,1,36,0,0,0,0,0,0,27433,12916,6509,4417,0,4331,1161,1000,5254,4166,8497,4679,0
5263,210000,2,2,1,37,0,0,0,0,0,0,162518,138078,134428,129871,131091,118405,8006,7009,5000,5000,17137,3863,0
5264,180000,2,2,1,33,0,0,0,0,0,0,30781,31202,31188,32979,22526,13338,2000,1408,2979,2526,13338,15186,0
5265,50000,1,2,2,45,0,0,0,0,0,0,46090,48343,50157,18675,18542,17129,3000,3000,1008,1000,1000,1000,0
5266,320000,2,2,2,54,0,0,0,0,0,0,156238,156087,153054,79107,70043,71724,10000,10000,10000,2500,3000,3000,0
5267,230000,1,1,1,41,0,0,0,0,0,0,9360,9650,0,0,0,0,9650,0,0,0,0,0,0
5268,160000,2,2,1,40,0,0,0,0,0,0,671,671,671,671,671,1492,671,671,671,671,1492,0,0
5269,110000,1,2,2,25,0,0,0,0,0,0,99353,90517,78484,74652,75251,75643,3500,3500,3000,3000,2870,3000,0
5270,250000,2,3,1,39,0,0,0,0,0,0,18376,20070,21428,22757,24382,28768,2000,2000,2000,2000,5000,4000,0
5271,20000,2,5,2,37,0,0,0,0,0,0,6725,7843,10600,18660,7060,0,2000,3000,8060,0,0,0,0
5272,170000,2,1,2,28,0,0,0,0,0,0,12324,13467,14394,15249,15999,16753,1350,1158,1100,1000,1025,1512,0
5273,140000,1,3,1,32,0,0,0,0,0,0,140456,125288,117263,77496,79815,77911,5200,5006,5000,5000,3000,5000,0
5274,60000,2,2,1,42,0,0,0,2,2,2,56166,58022,61331,55566,59331,60569,2760,4941,0,4675,2361,0,1
5275,20000,1,1,2,24,0,0,0,0,0,0,10283,0,750,0,0,0,0,750,0,0,0,0,1
5276,80000,1,2,1,53,0,0,0,0,0,0,66484,59837,53367,48154,43214,44229,2731,2058,1700,1565,1730,1812,0
5277,60000,1,3,2,34,2,0,0,0,0,0,58501,59225,59592,58654,58664,59323,2300,2578,2039,2088,2767,1750,0
5278,210000,2,5,1,35,0,0,0,0,0,0,84018,23953,0,0,0,239,2000,0,0,0,239,323,0
5279,320000,1,2,2,27,0,0,0,0,0,0,319069,323319,298072,180882,175560,131390,12661,11157,5730,5904,5890,2464,0
5280,50000,2,3,1,55,0,0,0,0,0,0,37234,37942,38003,11625,18442,9743,1963,2025,562,339,1200,600,0
5281,10000,1,2,3,37,0,0,0,0,0,0,8634,3192,1352,13352,0,0,1000,676,6000,120,0,0,0
5282,50000,1,2,2,51,0,0,0,0,0,0,48726,49050,49584,19791,18518,19078,2100,1600,700,670,866,618,1
5283,140000,2,2,1,33,0,0,0,0,0,0,133094,132777,131672,133496,128509,124035,5005,4603,5002,4505,4400,4300,0
5284,50000,2,2,1,38,0,0,0,0,0,0,588,588,926,643,643,643,588,926,643,643,643,643,0
5285,80000,1,2,1,36,2,2,4,4,3,2,600,600,600,600,300,150,0,0,0,0,0,1000,1
5286,300000,2,1,1,36,0,0,0,0,0,0,272899,254078,252427,254160,250645,245851,9251,10505,9157,9319,9600,8500,0
5287,520000,2,1,2,33,0,0,0,0,0,0,485298,499489,413019,168770,168964,191188,22000,18300,26500,30000,27000,25000,1
5288,200000,2,2,3,57,0,0,0,0,0,0,79761,79515,80592,86216,88071,90842,3500,3000,7000,3400,4400,6500,0
5289,200000,2,2,1,35,1,0,0,0,0,0,0,0,5825,0,3217,8273,0,5825,0,3217,8273,5158,0
5290,60000,2,2,1,44,0,0,0,0,0,0,56970,58848,20641,22229,24708,27255,3000,2000,2229,3000,3000,3305,0
5291,180000,2,2,1,42,0,0,0,2,0,0,102449,104807,111048,107782,110879,113666,5500,9500,0,5000,5000,5000,0
5292,120000,2,2,2,24,0,0,0,0,0,0,32317,33496,34481,30102,30220,33523,2000,2000,2000,3000,6000,0,0
5293,50000,1,2,1,47,0,0,0,0,0,0,49032,48764,49521,48830,49728,50146,2599,2556,1665,1600,1800,2000,0
5294,20000,1,1,2,33,0,0,0,0,0,0,17593,38478,19703,19697,17303,1554,1472,1400,394,346,31,0,0
5295,10000,1,2,2,27,0,0,0,0,0,2,16944,8261,9252,9590,10129,8932,2296,1139,477,830,0,1241,1
5296,520000,1,1,2,34,0,0,0,0,0,0,9568,8211,6850,13178,17059,17528,5014,5010,13009,10035,10007,5025,0
5297,500000,2,1,1,33,0,0,0,0,0,0,125,-18088,1664089,121757,97115,377217,4366,1684259,121831,97670,379267,26759,0
5298,50000,1,2,2,24,0,0,0,0,0,0,50244,17987,18973,19369,19769,19385,1400,1301,700,700,700,700,0
5299,200000,2,2,1,29,0,0,0,0,0,0,61518,66541,53862,37056,19790,20842,25138,2569,793,49,15085,44701,0
5300,360000,2,1,2,36,1,0,0,0,0,0,-8,2379,0,11850,150,459,2387,0,11850,300,459,52,0
5301,400000,2,1,1,48,0,0,0,0,0,0,5880,18368,591,13654,45363,2640,18368,591,13662,45363,2640,28663,0
5302,90000,1,2,2,30,0,0,0,0,0,0,370,370,922,552,182,312,370,922,0,0,500,600,0
5303,90000,2,2,2,29,0,0,0,0,2,0,917,2917,0,3708,3503,9097,2000,0,3708,0,5693,170,0
5304,200000,2,1,2,29,0,0,0,0,2,0,61099,64160,76593,93988,50292,10510,4160,14593,20150,0,5739,12050,0
5305,150000,2,1,1,38,0,0,0,0,0,0,110,564,13347,13155,10610,8394,567,13504,13221,10663,8436,2468,1
5306,350000,1,2,2,31,0,0,0,0,0,0,360347,357139,272072,267277,255680,261573,13100,10000,10000,8200,9000,9000,0
5307,500000,1,2,1,31,0,0,0,0,0,0,378886,382234,274586,273718,168418,167635,15057,11035,11035,7029,8035,10388,0
5308,160000,2,2,2,24,0,0,0,0,0,0,13038,158725,155808,98160,99057,100984,155000,5000,5000,3537,5000,4000,0
5309,80000,1,1,2,35,0,0,0,0,0,0,52065,55205,55900,55622,56295,61598,5000,2606,2200,2100,6679,1700,0
5310,130000,1,2,2,38,0,0,0,0,0,0,133400,0,0,0,0,0,0,0,0,0,0,0,0
5311,100000,2,3,2,31,0,0,0,0,0,0,85030,49489,50424,51563,780,0,1820,2308,3000,780,0,0,0
5312,80000,1,2,1,46,0,0,2,0,0,0,30773,38879,26128,29137,30283,30523,10036,15,5003,3003,2007,1007,0
5313,50000,2,2,2,24,0,0,2,0,0,0,18201,26525,12969,13758,14390,16571,14813,1000,1000,1000,3000,1000,0
5314,80000,2,1,1,50,1,0,0,0,0,0,0,0,0,0,0,0,0,0,0,0,0,0,0
5315,200000,1,1,2,27,1,0,0,0,0,0,0,0,0,0,1202,84482,0,0,0,1202,84482,3162,0
5316,330000,2,2,2,28,0,0,0,0,0,0,37637,38676,40786,41767,42501,43359,1500,2600,1500,1400,1400,1500,0
5317,50000,2,1,2,26,2,0,0,0,0,2,10622,11642,12635,15403,16657,16240,1500,1500,3000,1500,0,3000,1
5318,80000,2,2,2,23,0,0,0,0,0,0,309,-77,-77,-270,-463,-656,0,0,0,0,0,0,1
5319,270000,2,2,1,33,0,0,0,0,0,0,11489,8874,3567,1556,7952,10794,8874,3567,1556,7952,4000,2000,0
5320,30000,2,3,1,60,0,0,0,2,0,0,11575,12351,13505,12677,12995,13443,1600,2000,0,1000,1000,1000,0
5321,500000,1,2,2,30,0,0,0,0,0,0,869,2496,1924,976,986,1200,2507,1933,980,990,1206,1069,0
5322,60000,2,1,2,26,0,0,2,0,0,0,3437,16932,2301,6220,2227,10416,16960,0,6227,0,10416,0,0
5323,20000,2,2,1,34,2,2,2,0,0,0,17151,16887,17302,18029,18362,18669,300,1000,1000,1000,1000,1000,0
5324,180000,2,2,2,28,1,0,0,0,0,0,0,0,0,0,0,0,0,0,0,0,0,0,0
5325,30000,2,2,1,38,0,0,0,0,0,0,3656,0,0,0,0,0,0,0,0,0,0,0,0
5326,200000,1,1,1,45,0,0,0,0,0,0,577,0,2470,0,1350,1006,0,2470,0,1350,1006,0,0
5327,320000,2,1,2,32,0,0,0,0,0,0,3916,2872,4704,3382,2575,8097,2886,4732,3398,2588,8137,2474,0
5328,210000,2,3,1,28,0,0,0,0,0,0,37608,39001,40053,41084,42416,43707,2000,2000,2000,2000,2000,2000,0
5329,200000,2,1,2,30,0,0,0,0,0,0,665,2618,963,1459,1028,878,2618,963,1459,1028,878,878,0
5330,170000,1,2,2,41,0,0,0,0,0,0,6175,7404,7829,2218,3972,3643,7417,7862,2218,4866,3643,2732,0
5331,50000,1,3,1,42,0,0,0,0,0,0,47838,49246,50376,9408,9605,9806,2180,2310,336,348,360,349,0
5332,20000,2,2,3,52,0,0,2,0,0,0,8586,10041,10571,10995,11169,11979,1600,1000,600,500,1000,500,0
5333,20000,2,2,1,22,0,0,0,0,0,0,18475,18993,19973,20081,20292,20289,1400,1300,700,800,1000,1000,0
5334,580000,2,1,1,31,0,0,0,0,0,0,484798,475282,485511,488800,500723,511905,19000,20036,20000,20000,20056,16987,0
5335,80000,2,3,2,25,0,0,0,0,0,0,80012,78748,76722,70370,64510,51695,3010,2700,2300,2500,2000,1400,0
5336,50000,2,1,1,38,0,0,0,0,0,0,19926,21658,3445,99,949,137,4158,3500,1000,1000,200,900,1
5337,30000,1,2,2,31,0,0,0,0,0,0,26788,28352,86253,28351,28571,23400,2001,1600,600,1000,468,0,0
5338,50000,2,2,1,31,0,0,0,0,0,0,45614,44187,29253,14199,14965,15712,2450,2100,1000,1000,1000,1000,1
5339,20000,1,3,2,25,2,2,4,4,4,4,1650,1650,1650,1650,1650,1650,0,0,0,0,0,0,1
5340,100000,2,2,1,41,2,0,0,0,0,0,71978,73715,74621,72567,77231,78780,3500,2800,3000,6000,3000,2000,0
5341,80000,1,3,2,48,0,0,0,0,0,0,80002,80433,80081,29437,29195,28675,3500,3500,1205,1200,1100,1018,0
5342,40000,2,3,1,48,2,2,0,0,0,2,780,0,390,540,1080,540,0,390,540,1080,0,780,0
5343,80000,2,3,1,27,1,2,2,0,0,0,79108,78637,75688,46378,46175,41118,3200,0,1806,2124,1599,1500,0
5344,10000,1,3,2,31,0,0,2,0,0,0,10119,10188,9089,9271,9618,8516,3000,0,295,459,1500,2000,0
5345,200000,2,1,1,41,0,0,0,0,0,0,10529,1936,25483,16767,19941,19665,1940,25513,4767,7541,19665,5633,0
5346,50000,2,2,0,28,1,2,0,0,0,0,51068,46027,45769,46677,47668,50764,0,3154,1669,1741,3900,0,0
5347,140000,2,3,2,23,0,0,0,0,0,0,100448,103990,104462,43810,44434,45251,5450,4200,1810,1765,2000,1665,0
5348,340000,2,1,1,34,0,0,0,0,0,0,76786,57803,68670,20299,27816,43637,39749,15000,12000,10000,20000,5400,0
5349,220000,1,1,2,28,2,0,0,2,2,2,205130,212060,225462,116915,116021,114001,9975,19254,0,8500,0,8000,1
5350,80000,2,1,2,23,1,2,0,0,2,2,80461,78259,66068,50748,51490,50626,37,2122,3600,1600,18,1800,1
5351,20000,1,3,2,24,0,0,0,0,0,2,12188,12904,14217,14360,16140,16287,1220,1533,676,2177,559,0,1
5352,500000,1,1,1,36,0,0,0,0,0,0,25334,6834,2914,-341,38853,0,6867,2929,0,39194,0,0,0
5353,100000,2,2,1,48,1,2,2,2,0,0,7828,7260,430,0,860,430,430,0,0,860,430,1166,0
5354,150000,1,2,1,39,1,0,0,0,0,0,-7,4422,367,3287,0,0,4429,367,3691,0,0,0,0
5355,360000,1,2,2,27,0,0,0,0,0,0,160317,163699,167112,170691,174289,178008,4700,4800,5000,5000,5200,4100,0
5356,60000,2,2,1,37,0,0,0,0,0,0,57694,58656,59750,60602,53838,54609,2800,3000,2800,2100,2123,2100,0
5357,500000,1,1,1,34,0,0,0,0,0,0,1895,1086,740,0,1868,1883,1086,740,0,1868,1883,621,0
5358,270000,2,1,2,27,0,0,0,0,0,0,2016,1183,1307,800,4098,1181,2000,2500,0,4100,1200,5000,0
5359,230000,2,2,2,30,0,0,0,0,0,0,74664,63540,66131,58430,72617,66787,3000,10000,10000,20145,11745,686,0
5360,160000,2,2,2,33,0,0,0,0,0,0,140225,140745,139923,140815,139935,138912,5211,5000,5000,5000,5000,6000,0
5361,20000,1,1,2,26,0,0,0,0,0,0,14554,15273,16616,16643,17372,18070,1260,1600,600,1000,1000,1000,0
5362,230000,1,2,1,34,0,0,0,0,0,0,131887,133440,134272,136281,138687,118873,5005,5007,5000,5008,5000,4005,0
5363,50000,2,3,2,23,0,0,0,0,0,0,33239,33199,33757,23332,23782,16816,6010,5008,3013,5035,5001,5002,0
5364,500000,2,2,1,52,0,0,0,0,0,0,7593,8660,0,30498,1174,0,8677,0,30498,1174,0,800,0
5365,80000,2,3,2,30,2,0,0,2,2,2,71165,72123,76696,79659,80079,79657,2700,5800,4800,1800,1000,2800,0
5366,50000,1,3,3,55,0,0,0,0,0,0,45555,41372,41544,13007,16233,14952,1968,1843,434,5000,582,679,1
5367,20000,1,2,2,29,1,2,0,0,0,0,20832,20203,19946,19037,19233,14764,0,1289,491,2586,5000,198,0
5368,200000,2,1,1,40,0,0,0,0,0,0,6549,9389,18475,1016,4934,7749,9421,14068,3,4948,7770,23918,0
5369,100000,2,2,1,44,0,0,0,0,0,2,39000,40123,41217,42193,44722,44024,1900,1900,1800,3200,0,2000,0
5370,390000,2,2,1,44,0,0,0,0,0,0,169658,173758,177722,180132,184420,188329,8000,8000,6500,7000,7200,5500,0
5371,450000,1,2,1,44,0,0,0,0,0,0,3004,5938,3700,14327,14890,6687,5971,3712,14347,14903,6707,25963,0
5372,10000,1,3,1,40,1,2,2,3,2,2,7229,6968,8881,8594,8312,9241,0,2035,0,0,1069,1000,1
5373,270000,1,2,2,29,0,0,0,0,0,0,18465,20987,17555,17803,1852,2044,3022,1000,2054,1857,2069,6327,0
5374,190000,1,1,2,33,0,0,0,0,0,0,137502,127014,120826,112211,110396,113386,6112,4202,4200,4200,5000,4200,0
5375,30000,2,1,2,30,0,0,0,0,0,0,32751,33804,31336,32389,33142,33999,1600,2000,1500,1200,1330,2500,0
5376,360000,2,1,2,28,0,0,0,0,0,0,23088,11628,8556,4578,4784,11938,12000,8598,4601,4808,11997,3708,0
5377,50000,2,2,2,28,0,0,0,0,0,0,19969,27267,19833,24014,27429,29189,8000,3302,5000,6500,10000,20000,0
5378,240000,2,1,1,41,0,0,0,0,0,0,10839,16665,13039,9439,11378,13046,10000,3500,0,5000,5000,5000,0
5379,150000,1,2,2,26,0,0,0,0,0,0,144614,146446,122634,74711,76532,76452,6700,3764,2700,3000,3000,2800,0
5380,150000,1,2,2,44,0,0,0,0,0,0,143650,0,0,0,1000,0,0,0,0,1000,0,5000,0
5381,20000,1,2,2,23,1,2,0,0,0,0,17682,18595,19447,19312,17987,17822,1500,1500,1000,1000,1000,1000,0
5382,50000,1,1,2,24,0,0,0,0,0,0,390,0,672,-108,2830,0,0,672,0,2938,0,0,1
5383,40000,2,2,1,38,0,0,0,0,0,0,38491,36881,37968,36155,36933,37666,3000,2000,1500,1500,1500,2000,0
5384,20000,1,1,2,25,1,2,3,2,0,0,16688,18427,17843,17259,17781,18034,2300,0,0,800,700,800,1
5385,150000,2,1,2,29,1,0,0,0,0,0,0,0,0,0,0,0,0,0,0,0,0,0,0
5386,50000,2,2,1,48,0,0,2,0,0,0,1079,7179,6478,7527,3060,1490,7651,0,7535,3060,1490,1095,0
5387,50000,2,3,1,44,1,0,0,0,0,0,-42,26267,26372,7490,5155,0,26309,26479,7490,5155,0,12754,1
5388,50000,1,2,2,23,0,0,0,0,0,0,2165,14796,20816,11804,1420,0,15000,20300,9500,1420,0,0,1
5389,50000,1,3,2,24,0,0,0,0,0,0,7198,8421,9202,9800,1000,0,1500,1000,598,1000,0,0,1
5390,200000,2,1,2,35,0,0,0,0,0,0,75203,77949,74865,72766,70444,69003,4000,4000,5012,4000,3000,4000,0
5391,200000,1,1,2,37,2,2,2,2,2,2,157131,166590,168386,164182,169029,172084,13500,6000,0,7500,6000,4000,1
5392,120000,2,3,1,38,0,0,0,0,0,0,117738,120127,119719,118042,120682,120491,5820,5670,4250,4450,4470,4150,0
5393,90000,1,2,2,28,2,0,0,0,2,2,18978,20675,23329,24940,24404,27227,2000,3000,2000,0,3400,0,1
5394,30000,2,1,2,24,0,0,0,0,0,0,784,390,7480,0,1803,1023,390,7480,0,1803,0,0,0
5395,70000,1,1,2,29,0,0,0,0,2,0,2343,14336,13155,3929,1953,967,15000,4000,4000,0,1000,1000,0
5396,490000,2,2,1,52,0,0,0,0,0,0,2779,22595,755,7000,0,4341,22595,762,7000,0,4341,1061,0
5397,50000,1,3,1,39,0,0,0,0,0,0,2522,0,2866,1961,1261,2681,13196,2866,1961,1261,2681,1261,0
5398,320000,1,2,1,55,0,0,0,0,0,0,235477,216433,203354,117272,38591,28400,11000,8600,5000,1900,960,2500,0
5399,50000,2,1,2,27,1,2,2,0,0,2,12884,14382,13859,14032,14852,14464,2000,0,700,1200,0,1365,1
5400,140000,2,1,2,25,0,0,0,0,0,0,2229,15985,0,0,0,0,15980,0,0,0,0,0,1
5401,500000,2,2,2,49,0,0,0,0,0,0,27891,8970,385228,391047,0,150,8982,385228,7821,0,150,363,0
5402,500000,1,1,1,58,0,0,0,0,0,0,7285,28390,13138,6653,7081,4651,28730,14587,28,7114,4672,3114,0
5403,50000,1,1,2,34,0,0,0,0,0,0,48559,47008,15435,10235,9119,8237,2573,2000,500,459,500,500,0
5404,170000,1,3,1,31,0,0,0,0,0,0,3062,112762,112880,111210,111525,112360,112000,6000,4500,4500,5000,4500,0
5405,130000,2,3,1,36,0,0,2,2,2,2,23997,26733,26942,26210,27982,27383,3440,941,0,2197,0,910,1
5406,150000,2,3,2,27,0,0,2,0,0,0,3081,7997,8710,9559,10401,11069,5000,1000,1000,1000,1000,1398,0
5407,50000,2,1,2,25,0,0,0,0,0,0,43875,45052,44938,40655,40930,40146,2200,2000,2000,2000,3000,3000,0
5408,410000,1,1,1,48,0,0,0,0,0,0,231152,238985,243779,250399,5194,-376,12000,10000,7250,5225,0,1436,0
5409,60000,2,5,2,33,0,0,0,0,0,0,52176,39107,39547,39555,40216,41039,2000,2000,1500,2000,2200,2000,0
5410,150000,1,3,1,45,0,0,0,0,0,0,29169,15000,15000,0,15000,0,1000,15000,0,15000,0,0,0
5411,260000,2,2,1,43,0,0,0,0,0,0,690,2500,0,0,0,0,2500,0,0,0,0,0,0
5412,230000,1,1,1,40,0,0,0,0,0,0,0,0,0,0,0,0,0,0,0,0,0,0,0
5413,50000,1,2,3,49,0,0,0,0,2,0,24282,23470,23297,22546,19563,20227,1500,1500,2150,0,1000,1000,0
5414,230000,2,1,2,23,0,0,0,0,0,0,61580,62272,1462,622,1083,622,2862,1462,622,1083,622,872,0
5415,280000,2,1,1,44,0,0,0,0,0,0,235635,197003,198808,187425,177340,180506,7665,6497,5555,5027,5065,5361,0
5416,500000,1,2,2,67,0,0,0,0,0,0,4410,2662,2533,1821,2498,3622,2681,2547,1826,2505,3630,3099,0
5417,30000,1,2,1,38,0,0,0,0,0,0,29723,30428,26558,27265,27953,28456,2000,2000,1500,1500,1500,1500,0
5418,330000,2,2,1,31,0,0,0,0,0,0,298644,297005,303257,302905,304151,299959,13000,13000,11000,11100,11000,16000,0
5419,180000,1,1,1,50,0,0,0,0,0,0,181624,182765,180769,141352,142078,141695,9021,6126,4856,4990,5133,5002,0
5420,30000,1,2,2,47,3,2,2,0,0,0,29774,30797,29216,29681,29321,28068,1800,0,1200,1000,1046,904,1
5421,200000,1,1,2,36,0,0,0,0,0,0,1801,9483,60571,57990,9568,82,9556,60025,5032,5054,5000,3000,0
5422,80000,2,3,1,41,0,0,0,0,0,0,52456,20925,15115,12465,6925,6049,11500,3000,4000,1260,6100,0,0
5423,80000,1,2,2,25,0,0,0,0,0,0,31780,33261,34703,36125,38374,39382,2000,2000,2000,3000,1800,2000,1
5424,100000,2,1,2,27,0,0,0,0,0,0,3904,398,931,5983,2010,1413,400,931,5983,2010,1413,3655,0
5425,300000,1,1,1,54,0,0,0,0,0,0,0,0,0,0,0,0,0,0,0,0,0,0,0
5426,240000,2,1,1,58,1,0,0,0,0,0,0,222,1900,0,0,5435,222,1900,0,0,5435,7000,1
5427,50000,2,2,1,49,0,0,0,0,0,0,12515,9115,1198,198,1198,11198,9115,1198,198,1198,11198,29358,1
5428,50000,2,3,1,50,0,0,2,0,0,0,35415,38940,36319,22538,23013,23465,6960,0,1000,1000,1000,1000,0
5429,100000,1,2,1,42,0,0,2,2,2,0,17565,19700,18306,18239,17053,16753,3183,0,1274,0,754,700,0
5430,110000,1,3,2,40,0,0,0,0,0,0,84965,85007,84965,79625,79370,81134,3280,2913,2790,2851,3053,2458,0
5431,180000,2,2,1,40,0,0,0,0,0,0,23820,22749,21221,18190,17919,18402,2005,2000,2004,2500,3000,4000,0
5432,140000,2,2,2,26,0,0,0,0,0,0,140881,136889,140615,78486,48476,50509,8140,8000,4000,1917,3000,3000,0
5433,80000,1,2,2,28,0,0,0,0,0,0,77701,19577,22033,57522,58939,60790,2000,2800,36000,2500,3000,5000,0
5434,90000,2,1,2,26,0,0,0,0,0,0,17018,3692,5037,5899,4129,17246,3692,5037,5899,4129,17246,4221,0
5435,90000,1,3,1,45,2,0,0,0,0,0,37681,27664,18037,1696,-4,2889,1519,5035,6700,0,2893,304,1
5436,240000,2,2,2,41,0,0,0,0,0,0,188983,190556,189914,190434,179424,183299,7106,12014,6075,5900,5900,5500,0
5437,150000,1,1,1,41,1,0,0,0,0,0,-200,-200,1600,5431,0,0,0,1800,5431,0,0,0,0
5438,240000,2,1,2,33,0,0,0,0,0,0,153062,156122,159998,161434,163403,167230,7000,8000,7000,6000,8000,7000,0
5439,80000,1,3,2,34,0,0,0,0,0,0,78562,56877,57761,58707,56220,60463,2100,2100,2100,2100,5500,5200,0
5440,110000,2,2,1,42,2,2,2,2,2,0,28383,27653,29003,29447,27701,28285,0,2000,1000,0,1000,1000,0
5441,120000,2,2,2,39,0,0,2,0,0,0,22033,24067,24372,24670,25617,26535,2400,1000,1000,1500,1500,1500,0
5442,360000,2,2,1,42,0,0,0,0,0,0,18186,7954,11609,10070,5079,4086,9548,11624,10070,5079,4086,1190,0
5443,150000,1,4,2,30,0,0,0,0,0,0,175348,153679,110237,46972,29045,20105,9304,2921,15000,1137,600,0,0
5444,80000,1,1,1,53,0,0,0,0,0,0,2783,1108,21400,21000,21000,0,1200,21000,0,0,0,0,0
5445,140000,1,2,1,47,3,3,3,2,0,0,192182,187720,189659,185477,189351,193122,0,6500,0,6497,6536,6760,1
5446,50000,1,2,1,40,0,0,0,0,0,0,15090,16421,17144,17636,17850,18212,1577,1300,777,647,658,811,0
5447,20000,2,3,1,36,1,2,0,0,0,0,17216,17541,18300,19100,2200,0,900,1200,1000,100,0,0,0
5448,240000,2,1,1,29,0,0,0,0,0,0,21409,17833,194043,194991,192800,178318,1000,194043,6530,7000,7000,10000,0
5449,50000,1,1,2,49,0,0,0,0,0,0,47754,48648,8868,9044,9234,9418,2280,1500,323,335,337,500,0
5450,380000,1,1,1,57,0,0,0,0,0,0,319243,357782,374313,371566,362232,352161,150039,30031,27403,15168,35235,25078,0
5451,30000,1,2,2,49,0,0,0,0,0,0,1659,1473,390,390,390,1320,1473,390,390,390,1320,0,0
5452,50000,2,2,1,31,1,2,2,2,0,0,23781,24900,25098,24396,25310,25740,1800,900,0,1310,1000,1000,0
5453,160000,2,2,1,36,0,0,0,0,0,0,2511,2242,6109,2500,2689,0,2242,6745,2500,2689,0,0,1
5454,50000,1,2,3,53,0,0,0,0,0,0,49170,49446,36445,24788,24967,28652,2009,2500,1000,1500,28939,1200,0
5455,80000,2,3,2,31,0,0,0,2,2,2,34620,35759,40020,40766,39982,44621,2000,5200,1700,0,5500,0,0
5456,70000,2,2,2,28,1,2,2,2,0,0,70736,72014,72215,70779,62525,71427,3000,2200,0,3000,10000,10000,1
5457,200000,1,1,2,29,0,0,0,0,0,0,187889,190967,195622,126281,128702,131001,8000,8000,5000,5000,5000,5000,0
5458,100000,2,3,1,28,3,4,3,2,0,0,110946,106423,101256,48876,28468,3875,0,0,0,1603,3875,55,1
5459,180000,1,2,2,38,2,2,0,0,0,0,21564,20939,22182,12382,-18,-18,0,2100,200,0,0,0,1
5460,360000,1,3,1,53,0,0,0,0,0,0,45421,68526,47416,48811,193712,80601,68536,47427,48846,193712,80601,11166,0
5461,230000,1,1,2,39,0,0,0,2,0,0,834,-150,517,53,603,10141,0,667,0,700,10200,5200,0
5462,190000,2,2,1,48,0,0,0,0,0,0,210612,206806,203803,167103,163528,162555,7496,9144,5972,5858,6174,6047,0
5463,260000,1,1,2,32,0,0,0,0,0,0,122423,123006,122956,123709,120603,122674,5940,6000,4500,4500,4546,4510,0
5464,30000,2,2,2,25,0,2,2,0,0,0,4471,5747,5509,6260,7654,8522,1500,0,1000,1500,1000,800,0
5465,150000,2,3,2,25,1,0,0,0,0,0,0,0,0,900,0,583,0,0,900,0,583,2000,0
5466,80000,2,2,2,34,1,0,0,0,0,0,0,7400,-600,-600,-600,-600,7400,0,0,0,0,0,0
5467,80000,1,2,1,37,2,2,2,2,0,0,81562,56352,29582,28852,29464,28688,11,3500,0,1033,1502,2002,1
5468,180000,2,3,1,43,0,0,0,0,0,0,1242,0,0,0,0,0,0,0,0,0,0,0,0
5469,350000,2,1,2,33,0,0,0,0,0,0,-2,-2,-2,-2,-2,-2,0,0,0,0,0,940,0
5470,200000,2,3,1,30,0,0,2,0,0,0,1120,1100,740,740,890,740,1100,0,740,890,740,740,0
5471,140000,1,2,2,27,0,0,0,0,0,0,24050,68059,62503,61129,59089,58160,50000,3000,4000,5000,4000,2000,0
5472,20000,1,1,2,25,0,0,0,0,0,0,2652,3127,1500,0,0,0,1200,1500,0,0,0,1632,1
5473,20000,2,3,3,55,1,2,3,2,2,2,18558,20358,19743,19128,20560,20082,2400,0,0,1744,0,600,1
5474,220000,1,1,2,37,0,0,0,0,0,0,34339,35075,32355,31573,51279,53590,1294,2000,2000,30000,3000,2000,0
5475,290000,2,1,2,36,1,2,2,2,2,0,170422,173840,169476,177186,161057,163338,7594,0,12000,0,6818,5182,1
5476,80000,2,3,1,40,0,0,0,0,0,0,29676,30707,31721,32350,33031,33926,1513,1527,1156,1200,1445,3700,0
5477,16000,2,2,1,48,2,2,0,0,0,0,4577,4358,5366,5473,5750,6995,0,1089,196,365,1500,0,0
5478,100000,2,2,1,33,0,0,0,0,0,0,82308,83994,85688,86643,88280,90054,3261,3307,2581,2502,2525,2600,0
5479,390000,2,2,1,37,0,0,0,0,0,0,200612,202794,191419,81360,66864,66729,8315,6839,3000,2348,2401,2355,0
5480,550000,2,1,2,35,0,0,0,0,0,0,83707,49676,49196,37784,35317,7433,3023,5070,3017,7148,2037,14243,0
5481,80000,2,2,2,31,0,0,0,0,0,0,81358,69913,71541,72541,54061,55136,3126,3391,3000,2000,1974,2043,0
5482,150000,2,2,1,39,0,0,0,0,0,0,12365,58266,40921,24053,25856,77913,53444,20144,14182,16819,78287,15679,0
5483,20000,2,2,1,27,0,0,0,0,0,0,7286,2160,780,0,0,0,1006,780,0,0,0,0,0
5484,20000,2,2,2,21,0,0,0,0,0,0,20000,1685,0,0,0,0,1685,0,0,0,0,0,0
5485,100000,2,3,2,29,0,0,0,0,0,0,2038,11383,1661,1891,3681,870,11386,1665,1894,3689,870,1755,0
5486,30000,1,3,2,28,2,2,2,2,2,3,300,300,300,300,1300,1150,0,0,0,1000,150,0,1
5487,80000,2,3,1,47,0,0,0,0,0,0,33590,34524,34038,33231,33440,5513,2079,1200,0,816,365,5000,0
5488,30000,1,1,2,33,2,2,2,2,2,2,27274,25744,27504,26987,26927,25553,0,3000,1000,1300,0,1000,1
5489,140000,1,3,2,23,0,0,0,0,0,0,390,390,390,1434,1309,540,390,390,1434,1309,540,540,0
5490,200000,1,2,2,32,0,0,0,0,0,0,180461,171839,173325,153953,144206,143178,8300,10000,6000,6000,6000,4500,0
5491,290000,1,1,2,41,0,0,0,0,0,0,255049,247090,242309,238609,238712,237847,9006,8507,10902,8600,8671,8210,0
5492,50000,1,2,2,23,0,0,0,0,0,0,96234,44882,1270,880,390,390,1052,1270,0,0,390,0,0
5493,260000,2,1,2,28,1,0,0,0,0,0,0,0,355,2165,2165,0,0,355,2835,335,335,335,0
5494,60000,1,2,1,24,0,0,0,0,0,0,24608,18686,18571,18118,16179,12919,1400,1500,1295,3655,330,507,0
5495,280000,1,1,1,34,0,0,0,0,0,0,212968,312960,373419,232919,228387,235187,237000,150000,10000,150000,10572,7313,0
5496,100000,2,1,2,36,0,0,2,0,0,2,10672,11025,5791,3623,5554,5309,2355,0,500,2000,0,1000,0
5497,290000,2,3,1,48,0,0,0,0,0,0,284990,274764,225000,16635,15000,47143,10000,25000,16635,15000,47143,2088,0
5498,50000,1,3,1,49,0,0,0,2,0,0,10644,12163,14147,13626,15194,16929,2000,2500,0,2000,2000,2000,0
5499,150000,1,1,2,66,0,0,0,2,2,2,131027,135519,147692,149166,151934,137885,6600,16200,5200,5110,0,5300,0
5500,390000,2,1,1,39,0,0,0,0,0,0,48417,15530,112316,114797,131601,130295,2000,97472,4000,20000,31667,6539,0
5501,180000,2,2,1,44,0,0,0,0,0,0,161186,167080,170788,174764,162667,166953,10000,8000,7000,6000,7000,10000,0
5502,290000,2,2,1,55,1,0,0,0,0,2,0,166,2462,-150,1134,777,166,2462,150,1833,0,500,1
5503,180000,1,2,2,34,0,0,0,0,0,0,22387,23453,20171,20245,20769,23770,1500,1500,1000,1000,3490,1000,0
5504,80000,2,1,2,31,0,0,0,0,0,2,14401,4374,15020,4233,5934,158,4374,15037,4233,6092,0,13391,0
5505,450000,2,1,1,42,0,0,0,0,0,0,72517,0,6281,3446,6157,0,0,6281,3446,6157,0,14380,0
5506,20000,1,2,2,37,0,0,0,0,0,0,20009,20602,21255,19105,19609,19283,1700,1600,1200,1000,900,1000,0
5507,80000,1,1,2,25,0,0,0,0,0,0,31443,26358,20050,10850,4204,0,1800,1621,0,0,0,0,0
5508,100000,2,2,2,36,0,0,0,0,0,0,87656,90341,92244,93316,95158,97776,5000,4300,3500,3500,4200,4500,0
5509,70000,1,3,1,39,0,0,0,0,0,0,58665,55845,55362,39615,40477,43295,6852,2010,1500,1500,3500,2000,0
5510,330000,1,3,1,49,0,0,0,0,0,0,217148,218414,216225,181352,181172,179835,7849,7919,6198,6525,6523,6122,0
5511,200000,1,1,2,30,0,0,0,0,0,0,1488,2493,5261,993,2494,3890,2505,5268,996,2501,3896,5189,0
5512,30000,1,1,2,36,0,0,0,0,2,2,27748,24640,51026,27400,26823,28621,1500,1500,4200,0,2252,0,0
5513,200000,2,3,1,69,2,2,2,2,2,0,2500,2500,2500,2500,0,0,0,0,0,0,0,0,1
5514,80000,2,1,2,27,0,0,0,0,0,0,5060,0,3885,0,0,0,0,3885,0,0,0,860,0
5515,340000,2,1,2,40,0,0,0,0,0,2,68616,6691,10961,8722,4776,2812,7355,10012,8740,4776,0,6000,0
5516,20000,2,2,2,56,0,0,0,0,0,0,17091,17596,15524,14807,13667,16271,3000,3006,3506,3500,7011,7125,1
5517,130000,2,1,2,29,2,0,0,0,0,0,126509,109944,105049,68154,67397,61764,6000,6000,5000,2500,3000,3000,0
5518,400000,1,1,2,31,0,0,0,0,2,0,115506,123607,140859,157131,126146,115529,10000,20009,20146,68,5109,5084,0
5519,200000,2,2,1,29,0,0,0,0,0,0,34391,26945,26349,26925,27841,29368,1507,1427,1003,2000,2000,1060,0
5520,80000,2,2,1,47,0,0,0,0,0,0,4762,3235,1970,0,0,0,1000,1970,0,0,0,0,0
5521,50000,1,3,1,39,0,0,0,0,0,0,26979,21029,18765,19145,19229,19026,1328,1298,678,687,691,700,0
5522,30000,2,1,2,25,0,0,0,0,0,0,19783,20959,22269,22601,23085,23646,1500,1668,1000,1000,944,762,0
5523,70000,2,2,2,22,0,0,2,0,0,0,31377,31420,30940,24765,25942,27073,6000,1125,1300,3000,2500,1200,0
5524,500000,1,1,2,33,0,0,0,0,0,0,3933,5924,39167,4683,7222,35746,5954,39373,4706,7259,35924,5750,0
5525,80000,1,1,2,27,0,0,0,0,0,0,6544,4924,1990,0,0,4350,4924,1990,0,0,4350,0,0
5526,120000,1,2,1,40,0,0,0,0,0,0,94166,73086,62511,36996,30311,26414,3500,2347,5000,3000,2000,10000,0
5527,390000,1,1,1,33,0,0,0,0,0,0,17794,23518,28139,32711,36215,40650,6000,5000,5000,4000,5000,8883,0
5528,30000,1,3,1,52,0,0,0,0,0,0,28889,30050,29797,18464,12235,0,2002,1025,1230,1042,0,0,0
5529,70000,2,1,2,30,0,0,0,2,0,0,6749,64626,47161,27534,26660,27022,64626,3000,0,946,1424,1000,0
5530,140000,1,3,2,39,0,0,0,0,0,0,115940,100572,10776,10776,1059,0,10000,1000,0,1059,0,0,0
5531,30000,2,2,1,27,0,0,0,0,0,0,52636,27761,28791,29078,30125,8941,3164,1615,902,1374,767,849,0
5532,190000,2,2,2,25,1,0,0,0,0,0,0,0,2251,2251,497,7681,0,2251,0,600,9289,6374,0
5533,270000,1,1,2,33,0,0,2,0,0,0,117705,123812,125284,126708,134352,108585,8000,5000,5000,10000,5000,5000,0
5534,290000,1,1,2,35,0,0,0,0,0,0,184910,118701,97606,76053,53994,31812,4166,3400,2588,1696,1113,1647,1
5535,50000,1,2,2,29,0,0,0,0,0,0,1972,2524,0,0,0,0,2500,0,0,0,0,0,1
5536,200000,2,1,1,41,0,0,0,0,0,0,30689,31895,32808,28298,26538,24645,5003,5000,5000,2000,5000,3000,0
5537,30000,2,2,2,24,0,0,2,0,0,2,5807,7153,7877,8591,10302,10006,1600,1000,1000,2000,0,1500,0
5538,150000,1,2,1,29,0,0,0,0,0,0,46625,66174,81085,75300,77276,64065,30151,40104,10013,5083,1819,4793,0
5539,30000,2,3,2,48,0,0,0,0,0,0,2946,0,390,390,390,0,0,390,390,390,0,780,1
5540,500000,1,1,1,34,0,0,0,0,0,0,33348,90852,42389,19238,34750,21464,90889,42398,19244,34750,21464,28557,0
5541,20000,2,1,2,23,0,0,0,2,0,0,17229,17591,17750,17175,18716,18782,1300,2180,0,1818,1000,680,0
5542,50000,1,3,1,29,1,2,0,0,0,0,22446,21799,23130,24432,26862,29244,0,1698,2000,3000,3000,5000,0
5543,280000,1,2,2,30,2,2,2,2,2,0,110550,113877,115223,116930,112607,95949,6600,4700,5100,0,4200,3000,0
5544,80000,1,3,2,24,1,0,0,0,0,0,0,832,416,416,416,416,1248,416,416,416,416,416,0
5545,200000,1,1,2,27,1,0,0,0,0,0,0,0,6331,6460,630,500,0,6331,129,630,500,0,0
5546,30000,2,3,1,60,0,0,0,0,0,0,27331,27171,28491,28091,28664,0,2000,2000,0,573,0,0,0
5547,30000,2,2,1,24,0,0,0,0,0,0,22280,23671,24233,22893,3332,3400,1748,1310,490,67,68,0,0
5548,380000,2,2,1,35,0,0,0,0,0,0,2661,2022,1823,1823,1823,1198,2022,1823,1823,1823,1198,2068,0
5549,260000,2,2,2,26,0,0,0,0,0,0,164351,164244,158124,62373,746,-45734,7000,5115,2000,746,5025,54836,0
5550,50000,1,2,2,22,1,2,0,0,0,0,50043,98450,48689,19773,19931,19237,1000,2000,900,900,1000,1000,0
5551,90000,1,3,1,53,0,0,0,0,0,0,99905,87296,90388,56087,27055,22320,3763,5150,1100,977,1202,3495,0
5552,20000,1,2,1,40,1,2,2,0,0,0,15919,16939,16374,16604,16837,17357,1570,0,800,650,800,1000,0
5553,10000,1,2,2,27,1,0,0,0,0,0,-2000,2475,4428,6368,9046,10000,4475,2000,2000,2780,2000,0,0
5554,400000,2,2,1,44,1,0,0,0,0,0,0,0,1228,3405,961,-251,0,1228,3405,961,0,0,0
5555,300000,2,1,2,32,0,0,0,0,0,0,2081,1925,1656,1756,1776,3414,1925,1656,1756,1776,3414,109,0
5556,150000,2,5,1,25,0,0,0,0,0,0,1072,963,3271,16741,8230,6517,1321,3271,16741,0,3885,11970,0
5557,50000,2,2,2,33,0,0,0,0,0,0,51444,52607,48083,30205,29747,30042,2000,1500,1690,1200,1200,992,0
5558,100000,2,2,2,25,2,2,0,0,0,0,101827,99365,100349,72391,72396,72668,0,3927,2700,2800,3000,3000,1
5559,150000,2,2,1,38,0,0,0,0,0,0,0,0,0,0,0,150,0,0,0,0,150,810,1
5560,110000,1,2,2,34,0,0,0,0,0,0,111576,102942,99241,73151,64731,66025,4100,3680,2511,2350,2370,2610,0
5561,100000,2,2,2,28,0,0,0,0,0,0,106750,76374,68584,66901,63261,64409,3004,47000,2540,3000,3000,3000,0
5562,50000,1,2,1,33,0,0,0,0,0,0,21460,12570,13530,14876,14157,18888,1300,1200,5000,1000,5000,8000,1
5563,80000,1,1,2,29,0,0,0,0,0,0,6228,589,390,390,390,383,589,390,390,390,383,2390,0
5564,210000,2,1,2,25,0,0,0,0,0,0,4576,1837,141555,140550,153587,153278,1837,141555,4272,20150,6000,9749,0
5565,140000,2,3,1,60,0,0,0,0,0,0,137730,137498,137187,136807,136631,136080,4990,4975,4897,5029,4792,4987,1
5566,240000,2,1,1,43,0,0,0,0,0,0,8862,3220,0,0,0,0,3220,0,0,0,0,0,0
5567,110000,2,2,2,36,0,0,0,0,0,0,48120,44723,37745,34519,29541,42400,5000,2000,2000,2000,16468,3000,0
5568,100000,2,3,2,48,0,0,0,0,0,0,2422,894,0,0,1639,923,894,0,0,1639,923,0,0
5569,50000,1,2,1,24,0,0,0,0,0,0,17961,18689,19284,19517,19193,18848,1700,1600,1200,1000,1000,1200,0
5570,90000,2,2,1,35,0,0,0,0,0,0,82164,77060,76589,62892,58326,59491,2926,3571,2381,2083,2100,1976,0
5571,150000,1,1,2,33,0,0,0,0,0,0,26739,32939,34300,35100,-1200,-1200,7000,2500,1000,0,0,0,0
5572,100000,2,2,1,30,2,2,2,2,2,2,29778,30678,31154,31625,31059,33123,1600,1200,1200,0,2500,1300,1
5573,140000,2,2,1,62,0,0,0,0,0,0,142250,142172,141738,141524,141845,142150,5200,5100,5000,5200,5100,5200,0
5574,230000,2,1,2,33,0,0,0,0,0,0,172567,174987,133263,114889,117139,120252,7000,6000,4500,4000,5000,4500,0
5575,20000,2,2,2,25,0,0,0,0,0,0,19223,18206,19195,38040,20009,20138,1293,1397,836,1653,565,206,1
5576,230000,2,3,2,38,0,0,0,0,0,0,14887,23751,52698,101007,103598,150430,10000,30000,50000,4691,50000,4000,0
5577,150000,1,2,2,26,0,0,0,0,0,0,3627,0,0,0,0,0,0,0,0,0,0,0,1
5578,20000,1,2,2,24,0,0,0,0,0,0,10534,8864,6741,3820,16945,17509,1300,1305,500,13500,1000,1500,0
5579,120000,2,3,1,35,0,0,0,0,0,0,27666,28036,29555,28458,29129,29700,1500,2000,1000,1500,1500,1500,0
5580,30000,2,3,1,58,1,2,2,2,3,2,24921,26225,25502,28588,27616,27903,2000,0,3509,0,1128,0,1
5581,220000,1,1,1,42,1,2,0,0,0,0,59932,57477,54788,54468,51920,49016,0,2421,1964,2000,2000,1600,0
5582,250000,1,1,1,41,0,0,0,0,0,0,9146,10906,4614,28790,4418,10676,10957,4614,28796,4418,10676,0,0
5583,80000,1,2,1,34,0,0,0,0,0,0,11460,16000,0,0,0,0,5000,0,0,0,0,0,0
5584,60000,1,1,2,22,0,0,2,0,0,0,57392,60254,58971,29137,29900,30069,4400,304,1100,1216,1300,589,0
5585,130000,2,2,1,37,1,0,0,0,0,0,0,0,306,3670,1473,5555,0,306,3670,1473,5555,1473,0
5586,400000,1,3,1,43,0,0,0,0,0,0,145801,134269,100229,57583,8556,316,6100,26621,6600,406,316,316,0
5587,150000,2,2,2,28,0,0,0,0,0,0,103227,105462,109160,109859,112314,114614,3900,5450,4000,4227,4321,5000,0
5588,230000,2,3,1,58,0,0,0,0,0,0,316,316,2310,316,316,316,316,2310,316,316,316,316,1
5589,70000,2,3,2,24,0,0,0,0,0,0,75894,70947,59783,18965,15936,1518,10004,3012,1000,1000,1518,20911,0
5590,50000,2,2,1,39,0,0,0,0,0,0,47407,37716,30873,24659,15849,8540,2039,1400,1612,0,0,0,0
5591,90000,2,1,1,38,0,0,0,0,0,0,380,2132,0,1066,1752,569,2132,0,1066,1752,569,2132,0
5592,30000,2,3,2,49,0,0,2,0,0,0,27838,30715,29322,28015,28610,28884,3330,0,1148,1195,910,1000,0
5593,30000,1,2,1,49,3,2,2,2,2,2,26319,27404,27769,28227,28642,28042,1800,1100,1200,1000,0,2200,0
5594,250000,2,1,2,26,0,0,0,0,0,0,1245,712,0,0,0,0,712,0,0,0,0,0,0
5595,30000,2,2,2,23,1,0,0,0,0,0,-1,604,0,0,0,359,605,0,0,0,359,0,0
5596,150000,2,2,1,27,0,0,0,0,0,0,929,0,0,0,0,0,0,0,0,0,0,0,0
5597,400000,2,1,2,48,0,0,0,0,0,0,24478,10841,53336,25017,16039,38994,10846,53383,16044,0,39727,0,0
5598,30000,2,2,1,52,0,0,0,0,0,0,20533,20819,21990,15525,25242,0,2000,2000,5000,25242,0,5000,1
5599,270000,2,1,2,50,0,0,0,0,0,0,3095,2340,0,1250,2250,178,2340,0,1250,1000,178,1772,0
5600,360000,1,3,1,37,0,0,0,0,0,0,303,0,0,0,0,860,0,0,0,0,860,0,0
5601,80000,2,2,1,23,2,0,0,0,0,0,82628,134880,67325,68652,70388,76743,2500,2404,3000,2800,7700,0,1
5602,70000,2,2,2,33,0,0,0,0,0,2,14320,15383,16318,17048,18772,18320,1600,1500,1000,2000,0,1000,0
5603,50000,2,1,2,29,0,0,0,0,0,0,41897,17304,16544,14787,15975,17098,4000,2000,3000,3000,3000,3000,0
5604,220000,2,2,2,38,0,0,0,0,0,0,142846,146533,151098,153094,156295,151840,6000,7000,6000,6000,10000,10000,0
5605,70000,1,2,2,29,0,0,0,2,0,0,56626,58512,61926,60332,61658,65561,2800,5000,0,2300,4950,2700,1
5606,340000,2,1,1,39,0,0,0,0,0,0,250571,251917,256908,260462,265927,271766,9125,11750,9325,9665,10274,9832,0
5607,20000,2,3,1,43,0,0,0,0,0,0,390,0,780,390,390,0,0,1170,0,390,0,780,0
5608,300000,2,2,2,32,0,0,0,0,0,0,139578,123041,110751,99222,83859,72220,6000,4500,3500,3000,3000,7500,0
5609,180000,2,1,2,29,0,0,0,0,0,0,0,0,432,0,0,0,0,432,0,0,0,0,0
5610,60000,1,2,2,33,1,0,0,0,0,0,-64,-64,-64,-64,-64,16759,0,0,0,0,17000,13000,0
5611,160000,2,2,2,27,2,2,2,2,2,2,157818,161308,162923,161481,155819,168283,7500,5800,5700,0,18100,0,1
5612,50000,1,2,2,37,0,0,0,0,0,0,50148,50522,50073,49130,48658,0,2064,2005,1367,1700,0,0,0
5613,100000,2,1,1,38,0,0,0,0,0,0,1669,710,1824,1968,0,640,710,1824,1968,0,640,0,0
5614,60000,2,3,1,48,0,0,0,0,0,0,2970,430,430,717,430,4171,430,430,717,430,4171,2914,0
5615,30000,1,2,2,23,0,0,0,0,0,0,26725,28289,29489,30237,30504,29771,2000,2000,1502,1112,1100,2000,0
5616,500000,2,2,2,33,0,0,0,0,0,0,13284,17262,81198,40049,54258,59569,17311,81938,40060,30000,20000,10000,0
5617,20000,2,2,1,35,0,0,0,0,0,0,18126,19174,20095,18583,19313,36046,1347,1268,1000,1000,1000,1000,0
5618,50000,2,2,2,23,0,0,0,0,0,0,35131,6559,836,836,836,3300,5582,836,836,836,3300,1476,0
5619,180000,2,2,1,35,0,0,0,0,0,0,174635,173281,175102,134494,135881,124651,8155,8199,4960,5404,4686,4563,0
5620,90000,2,2,2,23,0,0,0,0,0,0,19204,12681,14155,14916,15673,17404,2000,2000,1000,1000,2000,2000,0
5621,150000,2,2,1,33,0,0,0,0,0,0,37794,39240,40653,41249,42356,43278,2000,2000,1500,1700,1700,1668,0
5622,30000,1,2,1,44,0,0,0,0,0,0,30003,30470,30147,26030,0,0,1643,1420,913,700,0,0,0
5623,130000,1,3,2,45,0,0,0,0,0,0,13513,11800,2522,1261,390,390,1000,2522,0,390,390,390,0
5624,80000,2,3,1,39,0,0,0,0,0,0,0,0,0,0,0,0,0,0,0,0,0,0,0
5625,210000,2,2,1,33,0,0,0,0,0,0,206409,198390,200035,96882,99087,101427,8546,7542,11538,3735,4129,2821,0
5626,530000,2,1,2,39,0,0,0,0,0,0,439330,407763,364298,345867,346676,352736,17045,14089,11962,11763,12557,12496,0
5627,360000,1,2,1,51,1,3,2,0,0,0,3551,3348,2504,1878,1252,626,0,0,0,0,0,626,1
5628,140000,2,2,2,36,0,0,0,0,0,0,134183,136457,97395,99249,77188,71675,8144,6812,5036,3000,15000,10000,0
5629,20000,2,2,1,24,2,0,0,0,0,0,19618,17576,18266,18637,19028,14924,1451,1141,512,533,1000,600,0
5630,200000,2,1,1,40,0,0,0,0,0,0,316,316,316,316,316,316,316,316,316,316,316,316,0
5631,40000,2,2,2,25,0,0,0,2,0,0,39092,39816,40817,39082,38091,40159,1967,3300,0,1400,3100,0,1
5632,200000,1,3,2,27,0,0,0,0,0,0,60225,61040,32298,31046,21581,16001,4119,5000,3037,3025,3035,3000,0
5633,90000,1,5,2,34,0,0,0,0,0,0,101023,97045,102372,100794,98277,96735,3580,13000,7000,6000,7000,8200,0
5634,410000,1,2,1,45,0,0,0,0,0,0,278405,285415,279484,274639,281158,288051,13000,10515,9884,11000,11425,11700,0
5635,170000,2,3,2,42,0,0,0,0,0,0,77795,66420,83733,89389,97696,101063,5000,20000,8000,10000,5000,4000,0
5636,230000,2,1,1,37,0,0,0,0,0,0,89299,90714,86954,76098,76501,64763,5000,5000,3000,4000,5000,5000,0
5637,210000,2,2,2,42,0,0,0,0,0,0,1631,1024,1520,916,586,1466,1024,1520,0,586,1466,427,0
5638,200000,1,2,2,29,0,0,0,0,0,2,7468,34399,36792,49648,33498,30895,30035,10008,15011,5010,153,14100,0
5639,50000,2,1,2,25,1,2,0,0,0,0,43099,42133,43127,44210,45844,49869,0,2000,1800,2500,5500,1801,0
5640,130000,1,2,2,42,0,0,0,0,0,0,83521,84373,86004,87718,90720,87851,3087,3059,3080,4355,3323,3192,0
5641,210000,1,2,2,34,0,0,0,0,0,0,24708,21544,41616,34833,17628,2400,1995,21067,14492,17680,2407,497,0
5642,130000,2,2,2,42,0,0,0,0,0,0,42946,43969,44975,45723,46515,47450,1676,1682,1430,1318,1331,1525,0
5643,80000,2,2,2,41,0,2,2,2,2,2,66053,67397,68193,69465,70545,72233,3000,2500,3000,2500,3000,0,0
5644,360000,2,2,1,49,0,0,0,0,0,0,15000,0,0,0,0,0,0,0,0,0,0,780,0
5645,500000,1,1,1,42,1,1,0,0,0,0,9615,9996,177741,163299,159110,135658,1054,177080,4425,5666,4825,100225,0
5646,60000,2,2,1,53,0,0,0,0,0,0,390,390,390,390,540,390,390,390,390,540,390,390,1
5647,160000,2,2,2,26,0,0,0,0,0,0,8218,4450,3291,1623,905,0,1216,1000,32,905,0,0,0
5648,50000,2,2,2,22,2,0,0,0,0,0,47076,48628,48524,8411,8587,8758,2617,2463,350,311,313,324,1
5649,50000,1,3,1,33,0,0,0,2,0,0,19374,17772,20090,19052,19601,16460,1346,2664,1261,782,606,583,0
5650,360000,1,1,2,36,0,0,0,0,0,0,256324,246283,211725,49064,19272,18609,12009,9530,2116,9291,18718,19333,0
5651,30000,2,2,2,38,1,0,0,0,2,2,0,0,0,239,89,589,0,0,239,0,500,0,0
5652,20000,2,2,2,27,0,2,0,2,0,0,226,226,4294,2863,1583,1320,0,4294,0,0,150,0,0
5653,360000,2,1,1,32,0,0,0,0,0,0,37736,28746,19783,17738,1262,382,1174,1100,396,1266,9,7643,1
5654,50000,2,1,2,28,0,0,0,0,0,0,6608,4571,6260,6760,4762,5684,2000,2000,500,2000,2000,1000,0
5655,460000,2,1,1,43,0,0,0,0,0,0,7677,21748,4032,23724,12972,11111,21958,4052,23862,13036,11167,45034,0
5656,20000,1,2,2,24,0,2,2,2,0,0,19318,18735,20905,20270,19409,19954,0,2480,0,1000,1035,1000,0
5657,330000,1,2,1,39,1,0,0,0,0,0,-208,208,125755,128671,132598,136229,416,125755,5000,6000,6000,10000,0
5658,200000,2,3,1,29,1,0,0,0,0,0,0,0,1000,34614,749,0,0,1000,34614,749,0,0,0
5659,50000,2,2,1,38,2,2,2,2,0,0,50965,50956,50603,49788,37353,0,1101,1500,39,1280,0,0,1
5660,50000,2,2,1,24,0,0,0,0,0,0,7052,2105,7358,2912,2881,553,2003,7000,2900,2500,400,0,0
5661,50000,1,2,2,24,1,0,0,0,0,0,-22,834,-639,1559,-205,613,3000,0,3000,0,2000,1000,0
5662,270000,2,2,1,42,0,0,2,0,0,0,1138,11899,5794,19857,3681,3188,11921,329,20218,3699,3204,13193,0
5663,200000,2,2,1,33,0,0,0,0,0,0,7770,3266,200,15845,15845,-39,5846,200,15845,0,0,0,0
5664,300000,2,2,2,28,0,0,0,0,0,0,199801,121321,94524,86637,78939,70689,5017,3200,3500,3000,3000,74000,0
5665,50000,2,1,2,26,1,0,0,0,0,0,-1,-1,-1,-1,349,350,0,0,0,350,351,4076,0
5666,250000,2,3,1,55,0,0,0,0,0,0,296963,237684,178151,180993,155516,125063,8000,7400,9700,5100,4500,4012,1
5667,400000,1,1,2,33,0,0,0,0,0,0,201800,205150,0,0,0,91057,9150,0,0,0,91057,100000,0
5668,360000,2,1,2,27,0,0,0,0,0,0,119138,100553,96679,79703,71682,24230,20006,25006,20200,40000,0,0,0
5669,120000,2,2,1,29,0,0,0,0,0,0,122842,123704,123291,121242,121403,121863,6500,6100,4603,4774,9000,0,1
5670,50000,2,2,1,49,2,0,0,0,0,0,19169,20195,21207,21628,22233,22519,1341,1353,774,953,805,832,1
5671,340000,2,2,1,40,0,0,0,0,0,0,0,0,0,0,0,0,0,0,0,0,0,0,0
5672,180000,1,2,2,29,0,0,0,0,0,0,98535,99196,98905,75576,59889,51422,3977,6516,1611,3000,7080,1132,0
5673,50000,2,1,2,23,1,0,0,0,0,0,-1971,50265,45397,45256,28355,16624,53267,1835,3039,0,7000,9300,0
5674,150000,1,2,2,37,0,0,0,0,0,0,111880,106841,102490,103711,104153,103240,4000,3700,3700,3756,3800,3500,0
5675,100000,2,2,1,41,2,2,2,2,2,0,97031,96919,93277,97576,94742,95578,3500,0,7000,0,3600,4000,1
5676,200000,2,2,2,28,1,0,0,0,0,0,0,1732,828,0,497,1809,1732,828,0,497,1809,0,0
5677,160000,1,2,2,43,0,0,0,0,0,0,8460,0,0,0,0,0,0,0,0,0,0,0,0
5678,50000,1,3,1,55,0,0,0,0,0,0,44258,28040,27935,51904,24147,24425,2489,1384,841,1013,819,15154,0
5679,150000,2,2,1,40,0,0,0,0,0,0,40548,41597,42405,43498,44596,45700,2000,1800,1800,1800,2000,1800,0
5680,50000,2,3,1,52,0,0,0,0,0,0,0,0,0,0,0,0,0,0,0,0,0,0,0
5681,220000,2,2,2,36,0,0,0,0,0,0,126695,106534,109884,106114,108202,110938,4000,5500,3775,4100,5000,4500,0
5682,30000,2,2,1,23,2,2,2,2,2,2,11851,14416,13887,14564,15183,14790,2762,0,910,1000,0,1200,1
5683,30000,2,2,1,26,2,0,0,0,0,2,25369,23073,21520,18669,15710,15308,1700,1600,700,1401,0,600,1
5684,50000,2,3,2,57,0,0,0,0,0,0,18599,18598,18835,18475,18135,17777,1321,1278,638,654,659,557,0
5685,160000,2,2,2,35,0,0,2,0,0,0,25590,29169,28406,28836,30208,30853,4000,0,1200,2000,1300,1291,0
5686,180000,1,1,2,31,0,0,0,0,0,0,0,48544,17700,4270,0,19331,48544,17700,4270,0,19331,0,0
5687,190000,1,1,1,31,0,0,0,0,0,0,158416,124910,95406,95313,48731,87197,6004,5148,5313,3000,40000,0,0
5688,480000,2,1,1,39,0,0,0,0,0,0,106660,400000,66270,80274,82160,110773,302000,66270,15000,3044,30042,34048,0
5689,270000,2,1,2,32,0,0,0,0,0,0,25343,40414,39956,39827,9456,386,20000,5000,5000,1000,386,0,0
5690,200000,1,2,2,37,0,0,0,0,0,0,162,536,0,495,0,0,536,0,495,0,0,546,0
5691,80000,1,1,2,38,0,0,0,0,0,0,780,259,7544,390,390,332,259,7544,0,390,332,780,1
5692,410000,1,2,1,36,0,0,0,0,0,0,3827,9921,28961,2954,9942,2628,10534,29750,3483,10470,2636,122005,0
5693,50000,2,1,2,25,0,2,0,0,0,0,2823,1760,2640,1760,880,1910,0,1760,0,0,1910,0,1
5694,50000,2,3,2,42,0,0,0,0,0,0,2389,3405,4414,4653,4596,4688,1064,1073,312,166,168,174,0
5695,210000,1,1,1,39,0,0,0,0,0,0,980,0,650,3446,0,0,0,650,3446,0,0,0,1
5696,20000,1,1,2,28,0,0,0,0,0,0,16196,17232,18339,18734,19281,19413,1600,1700,1000,1000,556,193,0
5697,150000,2,1,2,28,0,0,0,0,0,0,109835,110255,110247,110955,105145,105377,5500,5300,3853,4000,4000,3952,0
5698,130000,2,1,2,25,1,2,0,0,0,0,2576,2356,5978,2750,3641,1735,0,6000,2750,3641,1735,7290,1
5699,200000,2,1,2,26,0,0,0,0,0,0,121830,91216,93099,94949,96929,98909,3311,3400,3400,3512,3586,3148,0
5700,110000,2,2,2,23,0,0,0,0,0,0,106963,101958,85914,73638,72119,73764,5023,3900,2600,5000,3000,3000,0
5701,180000,2,1,1,30,0,0,0,0,0,0,2743,0,0,0,0,0,0,0,0,0,0,0,1
5702,300000,2,1,1,40,0,0,0,0,0,0,10920,3939,10184,115184,63758,19813,3939,11082,115184,19800,0,2356,0
5703,360000,1,1,2,32,0,0,0,0,0,0,27,185,0,617,617,0,185,0,617,0,0,0,0
5704,380000,2,2,1,30,0,0,0,0,0,0,3745,738,1175,576,576,-2,745,1180,578,578,0,580,0
5705,360000,2,1,2,29,0,0,0,0,0,0,2868,0,0,0,0,629,0,0,0,0,629,2475,1
5706,80000,1,1,2,28,0,0,0,0,0,0,8598,9467,-270,3697,9455,4144,9467,0,3967,9455,5000,2900,1
5707,350000,2,1,3,48,0,0,0,0,0,0,181212,6021,154505,19653,26963,55533,6046,157181,19751,27070,55613,11811,0
5708,20000,2,5,1,28,0,0,0,2,0,0,21501,21415,21529,19542,18547,17519,1674,2200,0,686,705,4176,0
5709,320000,2,1,2,35,0,0,0,0,0,0,227927,218565,223284,98028,102498,80469,10000,10000,5000,6000,5000,5000,0
5710,90000,1,3,1,62,0,0,0,0,0,0,86200,81995,16985,12985,285,-4715,2500,1000,1000,500,0,31000,0
5711,40000,2,1,2,27,0,0,0,0,0,0,32540,14163,30107,31567,32583,31309,14163,20000,3000,3000,31749,0,1
5712,50000,2,2,1,40,0,0,0,0,0,0,46616,44515,48510,35774,18261,16644,2005,5000,610,631,634,3000,0
5713,210000,2,1,2,24,0,0,0,0,0,0,4055,113782,59367,29583,26756,29553,114482,20176,6793,20112,29676,47642,0
5714,30000,2,2,2,22,3,2,0,0,2,2,30078,28639,26017,27790,27209,30508,87,2002,3200,0,3926,0,0
5715,310000,2,1,2,27,1,0,0,0,0,0,0,113,0,0,6960,6008,113,200,0,6960,6008,0,1
5716,280000,2,2,2,35,0,0,0,0,0,0,1616,1198,494,698,1233,5080,1198,494,698,1233,5080,17095,0
5717,280000,2,1,1,41,0,0,0,0,0,0,99755,81244,81193,82470,49630,46517,3000,3007,5000,2000,1700,2000,0
5718,260000,2,1,2,33,2,0,0,0,0,2,1381,491,491,1132,1711,1070,493,493,1134,1072,2,3103,0
5719,90000,1,2,1,41,0,0,0,0,0,0,-1750,76674,77974,80064,81747,86611,79786,2836,3657,2972,6228,0,0
5720,280000,1,1,1,49,0,0,0,0,0,0,11797,6163,-54,-54,-54,-54,6231,0,0,0,0,0,0
5721,360000,2,3,2,34,0,2,2,0,0,0,2500,2500,0,0,0,0,0,0,0,0,0,0,0
5722,30000,2,3,2,27,2,2,2,2,2,2,13257,14046,13523,14498,14123,15184,1300,0,1200,0,1300,0,1
5723,380000,1,2,1,48,0,0,0,0,0,0,379080,294675,226959,219918,203575,188774,13000,9500,8000,7200,6700,7500,0
5724,80000,2,2,2,22,3,2,0,0,0,2,42080,41131,42281,42605,47544,33115,0,2200,1500,5600,0,2275,0
5725,50000,2,1,2,25,2,2,2,2,2,2,45708,48862,47748,50799,49904,49978,3900,0,3800,0,4000,0,1
5726,280000,2,1,1,37,1,0,0,0,0,0,449,12487,-10,3090,240,2010,12611,0,3100,240,2010,212,0
5727,120000,2,2,3,37,2,2,2,2,2,2,26446,27719,27570,28318,29217,28598,2000,600,1500,1500,0,1056,1
5728,180000,1,1,1,49,0,0,0,0,0,0,63444,65420,67722,70970,72670,76444,3000,4000,5000,3000,5000,5000,0
5729,380000,1,3,2,33,0,0,0,0,0,0,2989,3731,3003,69127,33815,115854,3742,3012,69294,33827,115860,64486,0
5730,110000,2,1,2,27,0,0,0,2,0,0,30961,31860,35254,30250,21436,25325,1700,4000,0,1000,5000,3000,0
5731,50000,2,2,3,37,0,0,0,0,0,0,1149,1420,1253,190,13390,9902,1424,1256,190,13400,30,16447,0
5732,200000,2,1,2,48,0,0,0,0,2,2,0,0,0,5000,5000,0,0,0,5000,0,0,0,0
5733,200000,1,1,1,44,0,0,0,0,0,0,25929,1582,21133,2941,8191,22842,1582,21133,2941,8191,22842,5567,0
5734,150000,2,1,1,35,0,0,0,0,0,0,27329,42144,35757,33789,33219,5621,20228,10036,18002,10000,5621,0,0
5735,60000,1,2,1,40,0,0,0,0,0,0,58078,58139,59461,37170,18464,15822,2354,2538,1000,2000,1000,1000,1
5736,200000,2,2,2,30,0,0,0,0,0,0,155768,156041,157356,123271,123831,124070,7325,7470,4460,4583,4376,4533,0
5737,90000,2,2,1,35,2,0,0,0,0,2,63426,57922,55010,52540,56236,40922,2700,2500,1900,4600,0,1600,1
5738,150000,2,1,2,32,0,0,0,0,0,0,1758,468,2988,2232,4535,0,468,2988,2232,4535,0,1593,0
5739,20000,1,3,2,23,1,2,2,3,2,2,9126,8835,11088,10618,10304,11232,0,2400,0,0,1100,0,1
5740,150000,2,3,1,34,0,0,0,0,0,0,112391,98583,95810,87216,88201,87483,5000,4000,4000,3290,3200,3215,0
5741,180000,1,1,2,34,0,0,0,0,0,0,16953,15884,11153,3889,800,0,1000,11153,3924,800,0,2190,0
5742,470000,1,2,2,34,0,0,0,0,0,0,23747,23305,0,1632,141186,143916,1116,0,1632,141190,6000,7004,0
5743,30000,2,3,2,59,2,2,2,2,2,2,21767,24764,24031,25001,24531,21743,3363,0,1600,0,2000,0,1
5744,20000,2,1,2,22,0,0,2,0,0,0,8266,10377,5529,4482,0,2030,2313,0,0,1449,2030,1280,0
5745,400000,2,1,1,36,0,0,0,0,0,0,14421,8392,13025,2816,6856,11069,8911,13025,2816,6856,11069,6823,0
5746,210000,2,1,2,27,0,0,0,0,0,0,15663,8513,8607,9137,10637,3443,1500,1006,1500,1500,2600,99,0
5747,120000,1,3,1,38,2,2,2,2,2,2,77468,78642,79757,80853,82715,84805,3000,3000,3000,3300,3600,2700,1
5748,160000,2,4,1,42,0,0,0,0,0,0,-1582,3097,0,2039,1033,0,5624,0,2039,0,0,0,0
5749,200000,2,1,2,26,0,0,0,0,0,0,6242,1776,3587,0,2160,900,1776,3598,0,2160,900,1850,0
5750,160000,2,1,2,30,0,0,0,0,0,2,9640,0,0,2804,403,253,0,0,2804,403,0,3144,0
5751,160000,2,2,2,37,2,2,2,2,2,2,147333,143786,151842,147962,156921,159416,200,12000,0,11500,5811,0,1
5752,250000,1,3,1,51,0,0,0,0,0,0,179,1533,364,381,3987,7135,1540,387,381,3985,7161,0,0
5753,140000,1,3,1,56,0,0,0,0,0,0,7272,7906,8717,9046,9369,10165,1299,1500,1000,1000,1500,1000,0
5754,330000,2,2,2,30,0,0,0,0,0,0,0,0,0,0,0,0,0,0,0,0,0,0,1
5755,220000,2,1,2,24,2,0,0,0,0,0,161081,158578,161256,157028,159971,168805,7100,7200,5800,5900,12000,0,1
5756,30000,2,3,1,29,1,2,2,2,2,2,13164,12668,15038,14502,15501,15105,0,2905,0,1386,0,600,0
5757,260000,1,1,2,35,1,2,0,0,2,0,149124,145333,148332,160810,155683,158771,0,6910,16502,0,5847,5873,1
5758,380000,2,2,1,30,0,0,0,0,0,0,295543,299922,307166,311716,306830,303453,11000,12602,11500,10500,11000,10152,0
5759,10000,2,2,2,33,0,0,0,0,0,0,15004,8663,9437,9630,8399,1697,2452,1000,193,168,1734,770,1
5760,190000,2,1,2,44,0,0,0,0,0,0,181045,184249,158883,99255,80219,81912,8000,7000,4000,3000,3000,3000,0
5761,30000,2,2,1,38,0,0,0,0,0,0,23819,15367,10159,9859,8360,4101,1553,1033,381,384,404,1297,0
5762,300000,2,1,1,39,1,2,0,0,0,0,6077,5806,2994,5338,4714,2362,29,3009,5364,4714,2362,4,0
5763,20000,1,2,1,27,0,0,2,0,0,0,17062,19248,18181,18156,19102,17363,2850,0,514,2000,1000,1570,0
5764,20000,1,2,1,35,0,0,0,0,0,0,17584,19819,11280,3680,4480,1650,3013,1005,1000,3000,1650,0,0
5765,80000,2,3,2,22,0,0,0,0,0,0,37990,39400,15674,-1,-1,-1,2400,15674,0,0,0,0,0
5766,240000,1,2,1,33,0,0,0,0,0,0,225312,229394,232686,195509,198861,202057,8000,7400,6500,7000,7000,7000,0
5767,90000,2,3,2,26,0,0,0,0,0,0,14692,15722,16733,17453,17970,18175,1269,1280,1000,950,652,1000,0
5768,100000,2,2,1,43,0,0,0,0,0,0,98944,75296,78049,48644,54963,57269,4000,5000,3000,9000,4000,5000,0
5769,320000,1,1,3,32,0,0,0,0,0,0,802,4929,2064,4365,1183,3287,4929,2064,4365,1183,3287,2810,0
5770,360000,1,2,1,45,2,2,0,0,0,0,2500,0,0,0,0,0,0,0,0,0,0,0,0
5771,180000,1,2,1,38,1,2,2,0,0,0,2826,4612,4571,5071,5195,0,2000,200,500,124,0,0,1
5772,300000,1,2,1,40,0,0,0,0,0,0,15876,4347,0,2208,2475,7580,4347,0,2208,2475,7580,0,0
5773,20000,2,1,2,22,0,0,0,0,0,0,-9,-9,904,304,0,302,0,913,304,0,302,7676,0
5774,270000,2,2,2,26,0,0,0,0,0,0,29951,12211,13533,14391,15255,16273,1300,1533,1391,1255,1273,1000,0
5775,20000,2,3,2,49,0,0,0,0,0,0,19437,20154,18957,19334,19373,19460,1337,2000,666,714,810,600,0
5776,360000,2,2,1,35,0,0,0,0,0,0,39685,32219,34541,22420,16253,15773,1600,3019,900,600,369,2471,0
5777,120000,1,2,1,38,0,0,0,0,0,0,50441,41960,34024,30564,22702,23175,2000,1361,1000,824,851,812,0
5778,130000,2,3,2,27,0,0,0,0,0,0,129150,105529,107691,108418,115638,117958,5300,5400,4000,9000,4400,4500,0
5779,60000,2,3,2,45,0,0,0,0,0,0,54920,39886,40056,39996,40261,32644,1726,1502,1287,1322,1179,1156,0
5780,60000,1,2,1,36,0,0,0,0,0,0,46064,47320,48337,49332,50536,51694,2000,1805,1800,2000,2000,2000,0
5781,120000,2,3,2,31,0,0,0,0,0,0,1769,390,390,390,390,390,390,390,390,390,390,1079,0
5782,130000,1,3,2,33,0,0,0,0,0,0,92457,95365,98095,100796,102504,104089,6000,5000,5000,4000,4000,5000,0
5783,360000,2,1,1,31,0,0,0,0,0,0,460,460,460,399,0,0,460,460,399,0,0,0,0
5784,10000,1,3,2,24,0,0,0,0,0,0,6217,5082,5400,5012,1740,390,5112,5400,2,4,0,5039,0
5785,120000,2,1,2,24,0,0,0,0,0,0,600,0,0,0,0,0,0,0,0,0,0,0,0
5786,60000,1,2,2,26,2,2,2,2,0,0,61103,61380,62158,120142,60428,58192,3000,2746,0,2297,1875,1158,1
5787,240000,2,1,1,40,2,2,2,2,0,0,2500,2500,2500,0,0,0,0,0,0,0,0,0,1
5788,160000,2,2,1,40,0,0,2,0,0,2,137695,146193,139323,140719,143638,144482,12121,0,5100,10251,5205,0,0
5789,200000,2,2,1,44,0,0,0,0,0,0,0,138,0,0,1675,69,138,0,0,1675,69,39411,0
5790,300000,1,1,2,29,0,0,0,0,0,0,0,0,150,3550,0,0,0,150,3550,0,0,0,0
5791,100000,2,2,2,26,0,0,0,0,0,0,780,0,390,390,390,380,0,390,390,390,380,400,0
5792,280000,2,1,1,30,0,0,0,0,0,0,217773,215017,209089,167458,137312,109980,8155,10048,6011,6010,6514,10011,0
5793,190000,2,2,2,26,0,0,0,0,0,0,11613,10000,10000,10000,10000,10941,10000,10000,10000,10000,10941,79027,0
5794,50000,1,2,1,48,1,2,2,2,2,0,17613,18334,17742,19273,18826,19213,1298,0,1829,0,849,822,0
5795,210000,2,3,1,33,0,0,0,0,0,2,31570,32756,33905,35035,37465,36713,2000,2000,2000,3000,0,734,0
5796,120000,2,1,2,26,0,0,0,0,0,0,110934,99271,90066,80165,78108,77588,4432,2988,4492,2797,2991,2900,0
5797,140000,2,1,2,33,0,0,0,0,0,0,1825,0,1264,0,0,1980,0,1264,0,0,1980,1351,0
5798,50000,2,1,2,23,0,0,0,0,0,0,807,0,0,0,0,0,0,0,0,0,0,0,0
5799,150000,2,1,2,31,0,0,0,0,0,0,2005,2869,16719,8568,797,1158,2876,16732,8593,799,1161,41380,0
5800,50000,1,1,2,23,4,3,2,0,0,2,27101,26431,14109,9417,9952,9165,88,12,473,825,323,10000,0
5801,120000,1,1,1,50,1,0,0,0,0,0,0,-2008,-4016,4016,2008,8299,0,0,10040,0,8299,0,1
5802,240000,2,1,2,29,0,0,0,0,0,0,30380,15579,20496,15296,24332,23896,10023,10000,5000,15000,15000,5000,0
5803,20000,1,1,2,26,0,0,0,0,0,0,1490,3150,10464,0,1690,18156,3150,10464,0,1690,18156,19800,0
5804,80000,2,2,2,24,0,0,0,0,0,0,78913,78726,70110,62590,54177,60662,2900,2329,2400,2000,7400,0,0
5805,140000,2,2,1,28,0,0,0,0,0,0,99296,89391,79173,43370,28850,17896,3205,2894,2000,1500,1000,2000,0
5806,50000,2,2,2,25,0,0,0,0,0,0,28428,27383,12620,6730,6872,7057,2000,1110,240,250,300,2335,0
5807,150000,2,2,3,26,0,0,0,0,0,0,4181,25988,3177,49174,11823,669,26034,3182,49174,11823,669,1534,0
5808,90000,2,3,1,53,0,0,0,0,0,0,65237,62521,60363,58142,55896,53525,2255,2200,2100,2014,1876,1901,1
5809,640000,1,1,2,36,0,0,0,0,0,0,192325,68891,71564,32968,37541,42064,4000,4000,3000,5000,5000,3000,0
5810,360000,1,1,2,31,0,0,0,0,0,0,15285,52698,2875,6918,10014,6478,53751,2879,6918,10014,6478,42108,0
5811,130000,2,2,1,33,0,0,0,0,0,0,2454,1456,382,1043,2835,-184,1500,382,2000,3000,0,2000,0
5812,210000,2,1,1,34,0,0,0,0,0,0,201324,207222,209189,106090,108300,87404,10646,8601,3601,3719,3300,3400,0
5813,190000,1,1,2,36,2,2,2,2,2,2,107689,109678,110887,111871,114223,116577,5200,4500,4300,4300,4400,4500,1
5814,150000,2,1,1,44,0,0,0,0,0,0,1365,0,839,693,0,3975,0,839,0,0,3975,0,0
5815,10000,1,3,2,25,0,0,0,0,0,0,3161,390,390,390,0,1280,390,390,390,0,1280,6380,0
5816,30000,2,1,1,24,0,0,0,0,0,0,9280,2643,3415,2250,2486,844,2643,3415,2250,2486,844,0,1
5817,200000,1,1,1,67,1,0,0,0,0,0,0,0,0,0,0,0,0,0,0,0,0,0,1
5818,140000,2,1,2,25,3,2,0,0,0,0,21593,14021,10084,89223,58280,44593,0,2000,83000,3000,32000,2000,1
5819,170000,2,2,2,30,0,0,2,0,0,0,121009,136552,132655,134140,115892,116653,19078,0,5000,5000,4500,4500,0
5820,20000,2,2,2,24,2,2,2,2,0,0,6270,8284,8000,0,186,3314,2284,0,0,186,3314,3515,1
5821,80000,2,2,1,45,0,0,0,0,0,0,82150,0,0,0,0,0,0,0,0,0,0,0,0
5822,110000,1,2,1,49,0,0,0,0,0,0,51803,52888,54570,55368,56623,57196,1921,2563,2300,2300,1704,700,0
5823,150000,2,1,2,28,0,0,0,0,0,0,147933,111608,91705,32907,0,0,3202,20088,700,0,0,0,0
5824,50000,2,2,2,43,0,0,0,0,0,0,26342,27457,27381,17930,18128,18490,1547,1251,1200,600,627,759,0
5825,50000,2,3,1,70,2,2,0,0,0,0,54084,51564,50733,30363,30444,30482,0,2504,1200,1500,1100,1301,0
5826,50000,1,3,1,50,2,0,0,0,0,0,48607,49540,49583,19695,20004,19904,2100,1500,1000,1000,1000,700,0
5827,10000,2,2,2,22,0,0,0,0,0,0,2274,3297,4730,5649,7304,8252,1067,1500,1000,1751,1073,2041,1
5828,280000,2,1,2,38,0,0,0,0,0,0,17878,14011,30079,13139,13989,15559,2000,30000,14000,1000,16000,0,1
5829,50000,1,2,2,42,2,2,2,0,0,0,51614,52034,50151,20448,20464,20456,2000,39,718,800,800,800,0
5830,10000,2,1,2,22,0,0,0,0,0,0,9397,9709,10228,10432,9839,9859,1200,1153,357,501,429,196,0
5831,140000,2,2,1,28,0,0,0,0,0,0,131292,134057,135820,84829,86753,88808,7000,5820,3829,3753,3808,4744,0
5832,140000,1,1,1,34,2,2,2,2,0,0,104651,105162,104207,100326,102740,103444,5000,3600,0,4000,4000,3603,1
5833,300000,1,1,1,45,0,0,0,0,0,0,193462,185703,190060,189912,145909,127078,6835,7542,7930,6534,6153,2815,0
5834,30000,2,2,1,26,1,2,2,0,0,2,27330,28090,28827,27299,29110,28492,1500,1517,1000,2255,0,1988,0
5835,200000,1,3,1,47,0,0,0,0,2,0,185272,189657,103861,75480,70042,72157,10000,10000,6000,0,5000,3000,0
5836,270000,2,2,2,26,0,0,0,0,0,0,33224,52425,69048,68206,17510,26175,52425,27595,10343,18083,26279,17013,1
5837,90000,2,2,3,36,0,0,0,0,0,0,91458,91049,70101,28942,27508,28250,3137,5094,1106,1001,1201,1074,0
5838,10000,1,2,2,26,2,2,7,7,7,7,2400,2400,2400,2400,2400,2400,0,0,0,0,0,0,1
5839,50000,2,3,2,22,2,2,0,0,0,0,22719,18408,19330,19561,19815,18574,0,1573,804,675,738,1000,0
5840,80000,2,1,2,25,0,0,0,0,0,0,0,0,988,0,0,0,0,988,0,0,0,0,0
5841,110000,2,2,2,26,0,0,0,0,0,0,65800,67251,70065,72017,77943,79694,2510,4000,3000,7000,3100,1377,0
5842,370000,1,1,2,30,0,0,0,0,0,0,6592,3563,184429,180508,178220,72656,4000,192718,5000,5000,3000,2000,0
5843,50000,1,2,2,23,0,0,0,0,0,0,1678,1440,1322,1411,540,540,1200,1322,1500,540,540,780,0
5844,10000,1,2,2,37,0,0,0,0,0,0,885,1475,780,390,780,390,1475,780,0,31250,0,0,0
5845,180000,2,1,2,27,0,0,2,0,0,0,99137,119635,115839,105643,119358,116097,22500,121,10000,20000,25000,0,0
5846,60000,2,2,1,59,4,4,5,4,3,2,56998,59111,59595,58079,56892,55826,3601,2000,0,0,0,4000,0
5847,90000,2,1,1,43,0,0,0,0,2,2,58043,61485,62540,81123,80073,82472,5003,5000,20000,10,10104,87,1
5848,120000,2,1,1,30,1,0,0,0,0,0,0,0,0,0,0,150,0,0,0,0,150,200,0
5849,110000,1,1,2,30,0,0,0,0,0,0,110800,112008,96347,49506,49142,49251,4404,2826,1880,1805,2182,2000,0
5850,280000,2,3,1,61,0,0,0,0,0,0,162734,146990,149201,152377,155764,148302,7000,6000,5500,5800,5200,6000,0
5851,200000,1,1,2,28,0,0,2,2,0,0,7464,22182,10373,2669,1024,170722,22182,7,0,6177,180722,5000,0
5852,130000,1,2,2,29,0,0,0,0,0,0,62530,62562,62650,63896,65411,64684,2272,2230,2243,2500,3000,4000,0
5853,200000,2,2,2,28,1,2,0,0,2,2,61844,60294,63663,67596,66388,71272,0,5000,5000,0,6000,0,1
5854,50000,2,2,2,26,0,0,0,0,0,0,29356,30483,31180,18401,18785,19248,1603,1300,658,680,773,524,1
5855,30000,1,3,1,53,0,0,0,0,0,0,1596,0,0,0,0,0,0,0,0,0,0,0,0
5856,230000,2,1,1,30,0,0,0,0,0,0,13995,28064,23326,13684,12883,11068,28097,23352,13684,12883,11068,11436,0
5857,180000,2,1,2,31,0,0,0,0,0,0,3920,1020,0,860,13335,15248,1020,0,860,13335,15248,17676,0
5858,220000,1,1,1,40,0,0,0,0,0,0,129597,147323,132188,83844,89299,94777,20000,8000,5000,7000,7000,5000,0
5859,50000,1,1,2,46,0,0,0,0,0,0,51400,0,0,0,0,0,0,0,0,0,0,0,0
5860,20000,1,1,2,27,1,0,0,0,0,0,0,0,0,0,0,0,0,0,0,0,0,0,0
5861,250000,2,2,2,40,0,0,0,0,0,0,2348,329,-1404,3596,8596,8941,329,5000,5000,5000,4000,3000,0
5862,50000,1,3,2,41,0,0,0,0,0,0,47384,48814,49771,19375,71,19661,2194,2151,755,71,19837,792,0
5863,180000,2,2,2,26,0,0,0,0,0,0,10874,9324,7738,6369,6109,7603,2000,2000,2000,3109,5000,5520,0
5864,320000,1,2,2,44,0,0,0,0,0,0,36831,28785,13104,2621,9075,6564,28791,13227,2621,9075,6564,12767,0
5865,10000,2,3,1,41,0,0,2,0,0,0,780,780,780,390,390,780,1473,0,0,390,780,0,1
5866,320000,2,1,2,31,0,0,0,0,0,0,1345,5458,9572,3826,737,3865,5458,9579,3826,737,3865,300,0
5867,250000,1,2,2,30,0,0,0,0,0,0,170559,173347,177321,177580,170956,158503,6523,7992,6475,6050,6197,6000,0
5868,30000,1,2,2,24,1,2,2,3,2,0,20985,20393,20399,19945,19645,11229,0,2403,0,0,2000,0,0
5869,260000,1,2,2,31,0,0,0,0,0,0,326,326,326,326,326,326,652,326,326,326,326,144,0
5870,130000,2,2,1,37,0,0,0,0,0,0,122944,121530,107783,84353,169121,87863,6013,5312,3100,3123,6293,3273,0
5871,180000,2,1,1,30,0,0,0,0,0,2,149069,152317,156282,161163,172190,148963,7500,8000,9000,14000,0,5500,1
5872,270000,2,1,2,27,0,0,0,0,0,0,200750,204418,197854,173743,149095,145068,9500,8929,7265,5400,5300,5100,0
5873,80000,2,3,2,30,0,0,0,0,0,0,36676,38247,39856,28698,29299,30120,2165,2774,30458,1063,1308,4317,0
5874,30000,2,1,2,27,0,0,0,0,0,0,418,1470,2418,2009,3009,7093,1052,1000,500,1000,7093,1000,0
5875,100000,1,3,1,35,2,2,0,0,2,2,101326,97751,92431,97227,88899,93766,0,3500,7000,0,7000,0,1
5876,340000,2,2,2,33,0,0,0,0,0,0,336190,301626,306575,311784,318320,325028,10300,10302,10365,10750,11150,11271,1
5877,210000,2,2,1,26,0,0,0,0,0,0,207033,202432,142119,99699,17718,150758,9000,5500,3600,1000,135000,5314,0
5878,280000,2,1,2,27,0,0,0,0,0,0,-5,-5,-5,8164,0,1133,0,0,8169,0,231133,3300,0
5879,710000,1,2,2,33,0,0,0,0,0,0,8471,16849,940,6299,4720,3738,17330,944,7586,4739,3754,25259,0
5880,50000,2,2,2,23,0,0,0,0,0,0,42790,39480,36360,29123,28809,29263,1635,1423,1020,1050,1503,1016,0
5881,190000,1,1,2,35,0,0,0,0,0,0,24873,23522,22117,23433,22173,22598,1807,2000,2010,1003,2007,3019,0
5882,400000,2,1,2,32,0,0,0,0,0,0,48419,51886,53291,57265,61035,64879,5000,3000,5000,5000,5000,5000,0
5883,110000,2,3,1,53,0,0,0,0,0,0,1457,745,0,0,0,0,745,0,0,0,0,0,0
5884,20000,2,2,1,23,2,0,0,0,2,0,16219,17626,18398,19052,15429,9199,1674,1446,1100,0,379,1085,1
5885,20000,2,1,2,25,2,2,0,0,0,0,18446,17859,18718,17009,18721,20209,0,1718,900,2000,1800,0,1
5886,20000,2,2,1,29,1,2,2,2,2,2,12186,11700,13474,13006,13743,11167,0,2000,0,1055,0,215,0
5887,20000,1,2,2,23,1,2,2,2,2,0,4673,6433,6181,6778,6524,8408,2000,0,700,0,2000,2000,0
5888,230000,2,1,2,43,0,0,0,0,0,0,39677,39261,38228,36542,35989,34347,5000,5000,3000,3459,4000,5000,0
5889,180000,1,2,1,37,0,0,0,0,0,0,14480,33915,5198,13263,6817,4188,34045,5217,13263,6000,1000,4085,0
5890,280000,1,2,1,41,0,0,0,0,0,0,3520,3110,3188,4176,10276,9898,3110,3188,4189,10276,9898,1691,0
5891,510000,2,1,2,36,0,0,0,0,0,0,234900,214522,217620,218692,191069,195124,9975,8200,7268,7000,7177,7200,0
5892,150000,1,2,1,40,0,0,0,0,0,0,141697,144833,137737,140047,144557,133716,7000,7000,6000,7000,5021,9000,0
5893,20000,1,3,2,26,2,0,0,0,0,0,17880,19224,19327,18696,19233,19909,1641,2400,632,800,1000,1500,1
5894,110000,2,3,1,38,0,0,0,0,0,0,100699,88694,74647,49021,34594,23116,3530,3066,2033,2021,1024,1003,0
5895,230000,2,1,2,34,0,2,0,0,2,0,907,591,119,699,383,32774,0,1000,1000,0,33500,3000,1
5896,180000,2,1,2,27,0,0,0,0,0,0,124501,126822,129440,128571,128631,129813,5000,6000,5000,5000,5000,5000,0
5897,230000,2,3,2,36,0,0,0,0,0,0,13809,13533,13200,15789,14242,15251,1533,1200,2789,1242,1251,1272,0
5898,370000,2,1,2,35,0,0,0,0,0,0,40229,-101,-101,2329,156619,155988,0,0,2430,161450,6035,6439,0
5899,500000,2,1,2,30,0,0,0,0,0,0,1078,5543,500,617,617,617,5562,810,617,0,0,28572,0
5900,260000,2,2,1,43,1,0,0,0,0,0,0,-416,-1248,832,416,1398,0,0,2080,0,1398,0,0
5901,80000,1,2,1,53,0,0,0,0,0,0,5800,6666,0,0,0,0,1000,0,0,0,0,0,1
5902,140000,2,2,2,27,1,2,2,3,2,2,118013,123630,128308,125776,123659,131290,9044,8200,1000,0,9874,0,0
5903,50000,1,1,2,30,0,0,0,0,2,2,29994,30756,23618,26009,24731,46882,2000,1300,3000,0,25000,0,0
5904,50000,2,2,1,45,0,0,0,2,2,2,26615,22241,23406,15379,16715,11133,2000,2000,0,1500,0,1000,0
5905,80000,1,1,2,32,0,0,0,0,0,0,4055,0,0,0,0,0,0,0,0,0,0,0,0
5906,150000,2,2,2,28,0,0,0,0,0,0,85118,88844,92345,82866,76412,80259,5000,5000,5000,5000,5000,5000,1
5907,50000,2,2,1,46,0,0,0,0,0,0,49859,49160,49222,29291,29391,29826,2438,2200,1187,1213,1073,1066,0
5908,80000,1,2,3,39,2,0,0,0,0,0,76123,54669,28674,28240,28540,27934,2000,1500,1200,1300,1200,1200,0
5909,140000,2,1,1,40,0,0,0,0,0,0,67371,69027,56175,57666,59604,62480,3100,3888,2800,2800,3800,3000,0
5910,140000,2,1,2,30,0,0,0,0,0,0,105732,99769,102682,102332,104544,107155,5000,5500,5000,4000,4500,4500,0
5911,50000,2,2,2,24,0,0,0,0,0,0,1580,306,995,1055,102,2110,306,995,1055,0,2110,0,0
5912,30000,2,2,2,24,0,0,2,0,0,0,25111,27558,26552,27703,28128,28859,3551,0,1902,1022,1200,1200,0
5913,230000,1,2,2,32,0,0,0,0,0,0,171111,164406,76691,76952,77577,78017,7468,3000,2723,2810,2793,2860,1
5914,150000,2,2,2,26,0,0,0,0,0,0,94347,96358,99230,98285,102743,103062,5000,4500,4500,6000,5000,5000,0
5915,200000,2,2,1,53,0,0,0,0,0,0,5059,0,16556,0,0,47140,0,16556,0,0,47140,0,0
5916,110000,2,1,1,41,2,2,7,7,7,7,150,150,150,150,150,150,0,0,0,0,0,0,0
5917,150000,2,2,1,44,0,0,0,0,0,0,17723,19440,14945,12966,14882,8105,2019,2020,2000,2000,2000,1000,0
5918,200000,2,3,1,46,0,0,0,0,0,0,1207,5590,2500,0,0,0,5590,2500,0,0,0,0,1
5919,180000,2,3,2,33,1,0,2,0,0,0,0,199,199,580,0,0,199,0,580,0,0,0,0
5920,90000,2,1,2,29,0,0,0,0,0,0,6146,6193,0,3199,1888,0,6198,200,3199,0,0,0,0
5921,200000,2,1,2,30,0,0,0,0,0,0,105,271,588,111,305,432,271,588,111,305,432,0,1
5922,230000,2,2,1,45,0,0,0,0,0,0,107,107,1741,107,107,0,107,1741,214,0,0,0,0
5923,80000,1,1,2,29,0,0,0,0,0,0,17562,17709,15631,13402,13197,11624,3015,2008,1009,2005,507,2607,0
5924,230000,2,1,2,33,0,0,0,0,0,0,6283,0,0,0,0,0,0,0,0,0,0,0,0
5925,340000,2,2,2,31,4,3,2,0,0,0,581775,572677,384060,304508,247178,228349,0,0,1000,4320,287982,8007,1
5926,290000,2,2,1,53,0,0,0,0,0,0,1538,199,1440,1017,3798,4898,199,1440,1017,3798,4898,5034,0
5927,60000,2,3,1,41,0,0,0,0,0,0,55773,55953,55562,55063,54819,55195,2627,2700,2500,2300,3000,2500,0
5928,320000,2,1,2,29,0,0,0,0,0,0,12130,0,0,364,16177,16706,0,0,364,16177,800,650,1
5929,200000,2,2,2,25,0,0,0,0,0,0,22701,7940,9855,24091,24583,7354,0,10145,24091,492,7354,9694,0
5930,50000,2,3,1,54,0,0,0,0,0,0,16648,16200,15622,14277,12930,11657,1588,1483,611,458,403,351,0
5931,50000,1,3,2,24,4,3,2,2,2,0,27226,26508,26976,27206,26631,27185,0,1200,968,0,998,1479,1
5932,230000,2,2,1,43,0,0,0,0,0,0,84821,87055,87601,89762,92735,95768,4293,4162,5000,5000,5000,5000,0
5933,130000,2,1,2,29,0,0,3,3,2,0,106271,119728,121140,117767,115640,116062,15107,5000,0,0,4200,5000,0
5934,80000,2,3,1,39,0,0,0,0,0,0,715,2012,3550,7529,0,3228,2012,3550,7529,0,3228,0,0
5935,120000,2,1,2,31,0,0,0,0,0,2,82683,83075,75735,62511,62179,60981,4445,4020,3000,5700,0,2500,0
5936,200000,2,2,1,34,0,0,0,0,0,0,4798,4490,5366,2141,0,0,1125,1000,2141,0,0,0,0
5937,300000,1,3,2,34,0,0,0,0,0,0,4741,3767,10436,9650,4198,0,3767,10436,9856,4198,0,0,0
5938,200000,2,2,1,36,0,0,0,0,0,0,1070,4078,1099,1099,1099,1099,4107,1099,1099,1099,1099,1099,0
5939,80000,2,2,1,46,0,0,0,0,0,0,34494,35930,37326,38203,39580,40920,2000,2000,1500,2000,2000,2000,0
5940,80000,2,3,2,32,1,0,0,0,0,0,-137,41873,11047,9258,3100,814,42010,11047,9300,0,0,4032,0
5941,60000,2,1,2,25,0,0,0,0,0,0,51907,52997,53559,54716,54533,58085,1935,2000,2000,2000,6000,0,0
5942,30000,2,2,1,30,0,0,0,2,0,0,25156,25949,28478,27754,28186,30240,1500,3000,0,1001,2500,1200,0
5943,300000,2,2,1,42,0,0,0,0,0,0,38913,319,8157,21228,326,1518,319,8157,21228,326,1518,47374,0
5944,100000,2,1,1,38,0,0,0,0,0,0,66762,68566,65132,48738,51020,51948,5000,2436,3000,3000,2000,3000,0
5945,290000,2,1,2,31,0,0,0,0,0,0,44193,15950,15315,14199,9681,162,1380,1212,284,5000,162,380,0
5946,270000,1,0,2,39,1,0,0,0,0,0,0,10193,69553,18607,0,0,10193,70213,19008,399,0,0,0
5947,70000,2,2,2,24,0,0,0,0,0,0,7033,1602,28199,28980,29795,27091,1954,28000,1250,1496,29251,1000,1
5948,90000,2,2,1,24,0,0,0,0,0,0,91272,91337,88129,76209,65295,27224,5000,3069,2028,2110,2142,39245,0
5949,170000,2,1,2,26,0,0,0,0,0,0,108426,109889,84897,82608,84388,86096,3600,3111,3000,3100,3101,3306,0
5950,80000,2,2,1,36,0,0,0,0,0,0,69760,60445,50857,39813,40248,40935,2500,2061,1413,1460,1751,1958,1
5951,100000,2,2,1,41,0,0,0,0,0,0,95326,97972,99147,74548,76284,77841,4825,4600,3000,2940,3000,3000,0
5952,240000,1,1,1,47,0,0,0,0,0,0,5731,0,0,0,0,0,0,0,0,0,0,0,0
5953,290000,2,1,1,41,0,0,0,0,0,0,11200,0,970,0,0,2184,0,970,0,0,2184,1140,0
5954,120000,2,1,2,27,1,0,0,0,0,0,0,0,0,0,0,0,0,0,0,0,0,0,1
5955,200000,1,2,2,26,0,0,0,0,0,0,103194,107027,107765,109970,113436,115402,5500,4000,4000,5242,5000,4400,0
5956,20000,1,2,2,22,0,0,0,0,0,0,13447,10232,7842,9262,4335,0,2200,2000,2200,1200,0,0,0
5957,500000,1,1,1,38,0,0,0,0,0,0,75433,26358,7860,2983,8767,4691,27486,7860,3047,8831,4734,11484,0
5958,100000,2,2,2,25,0,0,0,0,0,0,98349,97473,91096,76371,77162,78084,3600,3000,2700,2800,3000,2800,0
5959,350000,1,1,1,55,0,0,0,0,0,0,5961,6318,1485,788,15015,666,6326,1485,788,15015,666,0,0
5960,50000,2,2,2,24,1,2,0,0,0,0,34069,23196,22883,18069,19273,19929,0,1636,700,1500,1000,500,0
5961,340000,2,2,1,52,0,0,0,0,0,0,331508,319742,255166,197695,201907,195961,12100,10000,7000,7000,7000,8000,0
5962,180000,2,2,1,29,0,0,0,0,0,0,26000,26310,26662,26166,26176,25442,1800,1500,1056,950,1000,1050,0
5963,300000,2,1,1,54,0,0,0,0,0,0,1080,-18,4190,2539,2590,5440,0,4208,2539,2590,5440,5646,0
5964,220000,2,1,1,32,1,2,0,0,2,2,17325,16758,18474,20667,20195,21854,0,2000,2500,0,2000,0,0
5965,80000,1,1,2,26,0,0,0,0,0,0,56417,50855,47656,35351,32895,22755,2600,4000,3000,3500,3500,2300,0
5966,50000,2,2,1,32,0,0,0,0,0,0,44751,43952,29136,19048,17946,17340,1500,1239,612,607,2593,584,0
5967,100000,1,2,2,26,0,0,0,0,0,0,60077,62438,49234,50521,51820,53056,4000,3000,2000,2000,2200,1700,0
5968,200000,1,1,2,27,0,0,0,0,0,0,58725,76287,22869,30268,54466,37127,30229,22946,30684,54589,37208,55031,0
5969,480000,2,1,1,45,0,0,0,0,0,0,17976,10928,650,1597,3750,9429,1008,650,1597,3750,9429,1000,0
5970,170000,2,2,1,34,0,0,0,0,0,0,35348,34622,31450,28229,26422,15081,1402,1789,652,798,1081,173,0
5971,20000,2,1,2,25,0,0,0,0,0,0,15790,16906,17936,5995,7885,9657,1372,1500,1000,2000,2000,0,1
5972,80000,1,2,1,28,0,0,0,0,0,0,32114,28984,16391,3729,4663,5429,1324,4122,139,1000,1000,1000,1
5973,80000,1,1,2,26,0,0,0,0,0,0,79650,80821,65609,49640,49685,46684,3515,2627,1697,2000,1700,3000,1
5974,300000,1,2,1,31,1,2,0,0,0,0,250121,221336,159556,32897,20992,12621,10236,7063,1005,1045,1004,1005,0
5975,150000,1,1,2,29,0,0,0,0,0,0,1934,12166,15378,6832,10164,0,12170,8200,0,8160,0,0,0
5976,50000,2,2,2,24,0,0,0,0,0,0,14814,9631,36631,29150,0,0,10755,36671,583,0,0,0,0
5977,50000,2,2,1,26,0,0,0,0,0,0,1902,782,0,4699,0,0,782,0,4699,0,0,0,0
5978,100000,2,3,2,28,2,0,0,0,0,0,99627,101079,69971,60824,60969,59650,3796,3041,2500,2600,2171,2600,0
5979,90000,2,2,1,45,0,0,0,0,0,0,37453,9009,179,0,0,0,24509,179,0,0,0,0,0
5980,70000,2,1,2,24,1,2,2,2,2,2,15932,16879,16315,17099,16683,18753,1500,0,1355,0,2353,0,1
5981,90000,2,5,2,23,0,0,0,0,0,0,83176,74918,75422,29364,9571,9665,3504,2942,979,191,193,14210,0
5982,400000,1,1,1,42,0,0,0,0,0,0,34084,36916,21089,22943,22994,25172,4085,1539,3013,3003,3003,5979,0
5983,10000,1,2,2,36,0,0,2,0,0,0,7393,9400,7226,5733,5755,1600,2329,0,1007,2200,1600,3883,1
5984,80000,1,1,2,27,0,0,0,0,0,0,72565,63342,51529,41484,34097,29200,10000,4000,2000,3000,2500,0,0
5985,70000,1,1,2,33,0,0,0,0,0,0,63845,65443,65169,64370,15082,0,3224,1680,3000,142,142,0,0
5986,100000,1,3,1,44,2,2,2,2,2,2,30076,31287,31676,32259,31608,33524,2000,1200,1400,0,2600,0,0
5987,210000,2,2,1,33,0,0,0,0,0,0,1971,748,0,0,0,0,822,0,0,0,0,0,1
5988,360000,2,3,2,39,1,0,0,0,0,0,0,0,0,0,0,0,0,0,0,0,0,0,1
5989,280000,1,1,1,28,1,2,0,0,0,2,285249,276229,277026,280771,270992,111885,5,10031,10021,7111,34,171574,0
5990,180000,1,1,2,32,0,0,0,0,0,0,85040,77213,68131,62704,60133,59335,2937,2226,2271,2108,3012,1933,0
5991,220000,1,1,1,45,1,2,0,0,0,0,157122,153320,156996,158717,162122,165399,0,7600,5700,6000,6000,12300,0
5992,200000,1,1,2,47,0,0,0,0,0,0,696,696,696,696,846,696,696,696,696,846,696,696,0
5993,130000,2,2,2,25,1,2,0,0,0,0,52180,49874,52000,53590,54606,51033,0,5000,4000,3000,3500,13000,0
5994,200000,1,2,1,47,0,0,0,0,0,0,389,389,389,389,389,389,390,390,390,390,390,385,0
5995,170000,2,1,1,44,0,0,0,0,0,0,29940,15903,5641,2194,18601,2557,15927,5641,2194,18601,2557,3871,0
5996,140000,1,1,2,30,0,0,0,0,0,0,22778,6405,1683,-885,3019,-177,6500,2515,0,8000,0,1000,0
5997,50000,2,3,1,54,0,0,0,0,0,0,50318,50579,48491,29157,29097,29039,2008,3537,5700,1102,1200,1100,0
5998,200000,2,3,2,26,0,0,0,0,0,2,22629,24943,27210,36359,39299,40428,3000,3000,10000,3700,2000,3000,0
5999,200000,1,3,2,33,0,0,0,0,0,0,181542,173731,152447,119730,122537,109504,7100,5354,4363,4816,4381,3330,0
6000,360000,2,3,1,36,2,0,0,0,0,0,150527,153900,0,0,0,0,7000,0,0,0,0,0,0
6001,50000,1,2,1,33,0,0,0,0,0,0,13538,9199,6879,6753,5440,5440,2000,1284,264,109,390,0,0
6002,500000,2,1,2,37,0,0,0,0,0,0,6364,1625,517,0,1450,2668,1625,517,0,1450,2668,1480,0
6003,90000,2,2,2,30,0,0,0,0,2,2,75382,73980,75036,77094,75708,76610,3350,3300,5500,1600,3950,0,1
6004,500000,1,1,2,36,0,0,0,0,0,0,2450,1038,34741,20409,23804,22697,1100,35157,3000,5000,5000,5000,0
6005,80000,2,3,1,33,0,0,0,0,0,0,78428,76513,74383,48315,48831,48950,3373,7248,2980,2000,1903,1851,0
6006,230000,1,3,1,53,0,0,0,0,0,0,2150,9413,6020,18468,9665,28100,9413,6161,18468,9665,28100,3480,0
6007,120000,2,1,2,30,0,0,0,0,0,0,416,416,416,0,832,416,416,416,0,832,416,416,1
6008,190000,2,3,1,56,0,0,0,0,0,0,67211,63278,57104,57380,58225,58847,2818,2700,2191,2300,2130,2280,0
6009,500000,1,2,1,50,0,0,0,0,0,0,265803,246770,223989,223232,219158,212237,16770,13989,33232,29695,32838,38770,0
6010,80000,2,2,1,42,1,0,0,0,0,0,0,0,0,0,0,0,0,0,0,0,0,0,0
6011,450000,2,1,2,35,1,0,0,0,0,0,0,0,3581,3654,0,0,0,3581,73,0,0,0,0
6012,280000,2,1,1,30,1,0,0,0,0,0,0,0,0,0,0,0,0,0,0,0,0,0,0
6013,360000,2,3,1,47,0,0,0,0,0,0,1458,-4,3994,0,0,7429,0,3998,0,0,7429,490,1
6014,30000,2,2,2,21,0,0,0,0,0,0,28871,28430,29051,29265,28267,28925,1802,1802,1358,1100,1151,1568,0
6015,50000,2,2,1,25,0,0,2,0,0,2,35676,34407,30785,31573,35191,34476,3400,0,1300,4300,0,1500,1
6016,60000,2,2,1,49,1,0,0,0,0,0,0,0,0,0,0,0,0,0,0,0,0,0,1
6017,30000,2,2,1,28,0,0,0,0,0,0,8618,9975,4885,1065,-264,942,1700,1020,1000,0,1206,0,0
6018,20000,1,2,1,49,0,0,0,0,0,0,16348,10535,10720,10120,0,0,2010,1508,1000,0,0,0,1
6019,20000,1,3,3,57,1,2,0,0,0,0,20442,20141,19888,20318,20364,20134,1200,1300,1000,1000,1000,1000,0
6020,200000,1,1,1,43,2,0,0,0,0,0,43272,21546,4397,0,0,0,2000,2000,0,0,0,0,1
6021,100000,2,1,2,25,0,0,0,0,0,0,0,0,0,0,0,0,0,0,0,0,0,0,0
6022,300000,2,3,1,39,0,0,0,0,0,0,1117,0,0,0,0,0,0,0,0,0,0,0,0
6023,210000,2,1,2,39,1,0,0,0,0,0,0,0,0,0,0,0,0,0,0,0,0,0,0
6024,70000,2,3,1,71,0,0,0,2,0,0,64670,66197,70867,54425,55555,48530,3166,6550,0,2033,1915,1708,0
6025,210000,2,2,2,29,1,1,0,0,0,0,1767,-3355,-3987,-1987,1697,4347,0,0,2000,4000,3000,5000,0
6026,440000,1,1,1,31,1,2,2,2,0,0,274263,267233,360999,149363,142757,119034,0,100006,0,6000,4000,8000,1
6027,410000,1,1,2,33,0,0,0,0,0,0,4111,874,25014,26184,21515,15656,897,26880,15083,12049,4077,5541,0
6028,110000,1,1,1,36,0,0,0,0,0,0,104498,107819,109836,44356,45932,47473,5000,4823,2000,2000,2000,2000,0
6029,200000,2,1,2,36,0,0,0,0,0,0,120869,0,0,0,0,0,0,0,0,0,0,0,0
6030,180000,2,3,1,42,0,0,0,0,0,0,2069,2675,448,448,29926,5287,2675,448,0,29926,5287,10843,1
6031,150000,2,1,1,46,0,0,0,0,0,0,21787,22817,24134,24635,29032,29766,1382,1699,1200,5000,1214,1500,0
6032,330000,2,1,2,33,1,0,0,0,2,2,-200,-200,-200,150,150,350,0,0,350,0,200,0,0
6033,500000,2,2,1,41,0,0,2,0,0,0,8938,73679,65181,5466,30177,11602,65215,326,5494,30328,11658,132,0
6034,350000,2,2,1,35,0,0,0,0,0,0,83379,26305,26858,40098,10855,-2,26436,26921,40098,10855,2,0,0
6035,200000,2,2,1,36,0,0,0,0,0,0,473,4511,5122,1936,1771,0,4528,5122,0,1771,0,604,1
6036,280000,1,1,1,45,0,0,0,0,0,0,2270,1703,-15,30943,15631,17508,1703,0,30958,15631,17508,10049,1
6037,80000,2,3,1,39,0,0,0,0,0,0,5280,5000,5000,0,0,5000,5000,5000,0,5000,5000,470,0
6038,280000,2,1,2,29,0,0,0,0,0,0,4356,12345,2663,867,3060,858,12384,2664,867,3060,858,3193,0
6039,130000,2,2,2,23,2,2,2,2,0,0,115978,121386,108759,94692,96419,98233,12073,3400,0,3482,4037,2630,0
6040,160000,2,2,1,49,0,0,0,0,0,0,76445,78013,19007,19392,19928,20445,4000,3000,1000,1000,1000,1000,0
6041,20000,2,2,2,23,2,2,7,7,7,6,2400,2400,2400,2400,2400,1800,0,0,0,0,0,0,1
6042,300000,2,2,2,32,0,0,0,0,0,0,26575,27062,20111,8738,250,0,1321,9160,1000,250,0,0,0
6043,100000,2,1,2,32,0,0,0,0,0,0,93724,96017,98111,68668,66845,67452,3800,4000,2500,2500,3000,2600,0
6044,130000,1,2,1,38,0,0,0,0,0,0,780,0,11440,3752,1824,390,0,11440,3752,1824,390,390,0
6045,500000,1,1,1,55,2,2,2,2,2,2,4957,4957,4957,4957,4957,4957,0,0,0,0,0,0,1
6046,200000,2,2,1,27,1,3,2,2,2,2,183994,182427,182657,174547,181454,177141,5200,7000,0,13300,0,6200,1
6047,360000,2,1,2,30,0,0,0,0,0,0,70701,74550,78212,69453,73423,72575,10000,10005,10000,10000,10000,10000,0
6048,20000,2,2,1,26,1,0,0,0,0,0,0,0,0,0,0,0,0,0,0,0,0,0,1
6049,400000,1,2,2,29,1,2,0,0,0,0,21092,19756,19058,15146,15064,12774,0,1510,1010,1000,2000,2000,0
6050,200000,2,3,1,52,1,2,2,0,0,0,203385,192055,164665,155614,145920,104728,5891,0,6100,5792,4240,2900,0
6051,30000,2,5,1,60,0,0,0,0,0,0,19282,20364,21638,25392,24428,26410,1700,2617,5710,1000,3342,0,0
6052,30000,1,2,1,58,0,0,0,0,0,0,2450,4765,3767,4151,3940,3697,4777,3770,4151,3940,3697,843,1
6053,50000,1,2,1,55,1,2,0,0,0,0,44306,43321,43454,44254,2150,1689,0,1200,1000,2150,1689,0,0
6054,230000,2,1,1,51,0,0,0,0,0,0,986,2295,2754,74,3381,2308,2295,2764,74,3381,2308,2381,1
6055,210000,2,1,1,36,1,0,0,0,0,0,0,799,0,0,4150,0,799,0,0,4150,0,0,1
6056,50000,2,1,2,49,2,2,4,4,4,4,150,150,150,150,150,150,0,0,0,0,0,0,1
6057,170000,2,5,1,33,0,0,0,0,0,0,143737,129898,124370,112589,26958,8535,6247,6375,4468,1000,1306,110000,0
6058,230000,1,1,1,44,0,0,0,0,0,0,815,815,815,1630,815,815,815,815,1630,0,815,629,0
6059,230000,2,1,2,48,0,0,0,0,0,0,161083,164757,168214,159106,162436,165878,7800,7684,5600,5755,6000,6300,0
6060,350000,2,1,1,36,0,0,0,0,0,0,352032,353903,351888,351175,352835,354265,13068,14412,12947,13016,12823,12915,0
6061,170000,2,1,2,36,0,0,2,0,0,0,248,832,416,2304,323,-1092,1416,0,2304,0,0,0,0
6062,150000,2,2,1,36,2,2,2,2,2,2,137723,141048,142475,143966,146736,149697,7000,5200,5300,5200,5500,5200,0
6063,90000,2,2,1,27,0,0,0,0,0,0,1767,17684,18382,21415,6654,10323,17684,3000,5000,3000,5000,7000,0
6064,320000,2,1,2,33,0,0,0,0,0,0,-347,-347,-347,-347,-347,13694,0,0,0,0,14041,1613,0
6065,120000,2,2,2,45,0,0,0,0,0,0,92000,94000,96000,98000,100000,0,2000,2000,2000,2000,0,0,0
6066,20000,2,3,1,56,2,0,0,0,0,0,12864,14150,15334,16222,17598,9950,1500,1500,1000,1500,1500,1500,0
6067,280000,2,1,1,41,2,0,0,0,0,0,280,6852,486,0,0,244,6859,486,0,0,244,0,0
6068,90000,2,2,2,28,0,0,0,0,0,0,81553,39759,29601,20650,0,0,2000,1396,1050,0,0,0,0
6069,450000,1,1,1,30,0,0,0,0,0,0,25244,0,0,0,0,0,0,0,0,0,0,134745,0
6070,270000,1,2,2,27,0,0,0,0,0,0,144376,91373,15016,14092,14315,111458,6000,2000,1000,2000,100000,100000,0
6071,80000,2,2,1,41,0,0,0,0,0,0,74228,76138,45441,30526,28356,2661,3500,2000,1400,1600,400,1000,0
6072,230000,2,2,1,41,0,0,0,0,0,0,166988,170603,172056,172615,174555,177010,8000,7500,6500,6500,7000,7068,0
6073,50000,2,2,1,30,0,0,2,0,2,2,416,832,416,3285,2685,2270,832,0,3285,0,190,0,1
6074,250000,1,1,1,48,0,0,0,0,0,0,205323,5317,4898,19351,4858,6973,10021,5033,19619,4874,7050,12073,1
6075,220000,2,1,2,42,0,0,0,0,0,0,26340,31523,35718,24288,25720,48759,31533,20600,24288,25720,48759,23303,0
6076,30000,2,1,1,38,0,0,0,0,0,0,26460,27042,27617,28546,13487,8307,2000,1400,1300,700,1000,0,0
6077,120000,1,2,2,68,2,2,0,0,0,0,125406,123819,122209,122047,122019,130079,4400,4436,4370,4440,12600,4500,1
6078,100000,2,2,2,26,0,0,0,0,0,0,22320,15193,13516,1541,8805,11329,1227,1150,1600,8000,5000,0,0
6079,150000,2,1,2,25,3,3,2,2,2,2,147260,148157,146844,145037,145349,145506,8100,5202,5300,5300,5300,5500,1
6080,670000,1,1,2,28,0,0,0,0,0,0,88612,91137,99314,95292,63782,41114,5000,10000,4500,6000,1300,3000,0
6081,200000,1,1,1,36,0,0,0,0,0,0,8065,49307,5679,8855,49572,2684,49362,5679,8855,49572,2684,13050,0
6082,70000,2,3,1,47,0,0,0,0,0,0,71392,70757,71451,70654,70965,71373,3200,3400,2900,2750,3152,2700,0
6083,50000,2,2,1,41,1,2,2,2,2,0,15910,15370,16490,16962,15446,14739,0,1700,1002,2,684,442,0
6084,80000,2,2,2,64,2,2,0,0,0,0,74037,71892,70762,71296,72832,74138,390,4000,2671,4000,2670,2923,1
6085,10000,1,1,2,23,2,2,3,3,3,3,1050,1050,1050,1050,1050,1050,0,0,0,0,0,0,1
6086,140000,2,1,1,37,0,0,2,2,2,2,124375,133384,135691,137675,135371,138455,11000,6000,5700,0,5500,5000,1
6087,30000,2,2,2,21,0,0,0,0,0,0,17444,11276,13324,5427,4521,0,2276,2328,1435,90,0,0,0
6088,200000,1,2,2,36,0,0,0,0,0,0,99483,97546,98897,94943,96967,99016,4841,4300,3300,3361,3500,3206,1
6089,90000,2,2,2,24,0,0,2,2,2,2,26928,29773,30091,30922,34112,34280,3600,1100,1630,4000,1200,0,1
6090,130000,2,2,1,52,1,2,2,2,0,0,112434,98455,103351,100724,97675,102080,0,12700,0,4000,11461,0,0
6091,160000,2,2,2,26,0,0,0,0,0,0,8036,7663,768,10488,4724,104205,7663,768,10488,2049,104205,3000,0
6092,150000,2,3,1,58,0,0,0,0,0,0,42218,44828,-7772,-7772,69762,71591,4828,0,0,77534,2991,4509,0
6093,150000,2,1,2,34,0,0,0,0,0,0,1198,10848,8830,16864,17199,20025,12003,5000,16864,18000,20025,51514,0
6094,20000,1,1,2,24,0,0,0,2,0,0,3302,0,679,679,5679,7570,0,679,0,5000,2000,0,0
6095,80000,2,1,2,26,0,0,0,0,0,0,666,666,1332,666,666,416,666,1332,0,666,416,416,1
6096,460000,1,2,1,31,0,0,0,0,0,0,120430,123150,0,6261,0,0,6000,0,6261,0,0,0,0
6097,60000,2,3,1,40,1,0,0,0,0,0,749,44893,34812,15768,25915,25058,60295,3000,3020,25915,1500,2000,1
6098,50000,1,2,1,38,0,0,0,0,0,0,49695,49848,49557,49233,49068,48542,2200,2100,2000,2000,1700,1900,1
6099,200000,2,3,1,35,0,0,0,0,0,0,188096,171535,167877,128550,131511,127781,8000,6700,5000,5100,4700,4800,1
6100,60000,2,2,1,30,0,0,0,0,0,0,59533,61276,61117,25254,26237,26752,3300,1900,1100,3000,1011,5000,0
6101,200000,1,1,1,31,0,0,0,0,0,0,58008,72062,72912,80819,84186,83710,20000,20000,10000,20000,10000,10000,0
6102,230000,1,1,1,33,0,0,0,0,0,0,218094,225070,227528,121751,219354,111792,12000,9100,4600,4200,4100,5000,0
6103,50000,1,2,1,38,0,0,0,0,0,0,25809,14888,20803,18395,18386,18420,2000,20000,700,665,727,505,0
6104,60000,2,3,2,51,0,0,0,0,0,0,56793,57455,59295,19212,19232,19218,2342,3057,700,700,682,700,0
6105,180000,1,2,1,47,0,0,0,0,0,0,1473,1473,390,390,390,780,1473,390,390,390,780,0,1
6106,50000,2,2,1,47,0,0,0,0,0,0,50732,50713,45549,40043,39844,39599,2000,2106,1600,1606,1581,2000,0
6107,150000,1,3,1,62,1,0,0,0,0,0,0,0,0,0,0,0,0,0,0,0,0,0,0
6108,140000,2,2,1,36,0,0,0,0,0,0,326,501,1251,0,2106,652,501,1251,0,2106,652,0,1
6109,120000,1,1,1,35,1,2,2,2,2,2,114127,117131,114496,120538,115975,116937,7000,1500,9975,0,8000,0,1
6110,200000,2,1,1,39,0,0,0,0,0,0,193162,191772,174199,173102,152178,129082,7294,5443,6000,5500,5000,5000,0
6111,500000,1,1,2,31,1,0,0,0,0,0,0,0,399,35528,10389,0,0,399,35129,0,0,1307,0
6112,120000,2,2,1,36,2,2,0,0,2,2,117922,114621,115581,118481,116444,117283,0,4400,9000,0,9000,4400,1
6113,500000,1,1,2,28,0,0,0,0,2,0,17155,0,0,1116,969,6745,0,0,1116,3,6745,5003,0
6114,50000,2,3,2,23,0,0,0,0,0,0,47333,11354,12367,12612,12875,13131,1193,1206,451,466,469,638,0
6115,30000,2,3,2,51,0,0,0,0,0,0,17261,20543,18180,7200,18183,8975,5000,8180,2200,18183,8975,3000,0
6116,240000,1,1,1,35,0,0,0,0,0,0,2007,21790,17102,13367,22659,22707,21817,1120,13434,22772,22820,8050,0
6117,170000,2,2,1,37,1,0,0,0,0,0,0,0,0,0,0,0,0,0,0,0,0,0,0
6118,80000,1,1,2,26,1,1,0,0,0,0,74384,0,0,0,0,0,5000,0,0,0,0,0,0
6119,360000,1,1,2,29,0,0,0,0,0,0,2273,1170,0,0,7972,8275,1175,0,0,7972,435,2947,0
6120,50000,2,2,2,24,2,0,0,2,2,2,20632,21994,23914,23231,24851,24301,1700,2600,0,2000,0,2200,1
6121,70000,2,2,1,27,2,0,0,0,0,0,76062,73367,70935,52943,50971,50681,3000,3500,5450,5900,3100,2650,1
6122,250000,2,2,1,29,2,2,2,0,0,2,128413,124320,108995,84196,95286,93613,5300,0,3100,12500,0,2100,1
6123,150000,2,1,1,39,1,2,2,2,2,2,80762,77506,75239,71245,69214,24036,0,3700,0,2000,0,2000,1
6124,100000,2,2,1,41,0,0,0,0,0,0,390,390,0,944,0,0,780,0,944,0,0,0,0
6125,360000,1,1,2,32,0,0,0,0,0,0,0,0,0,0,0,0,0,0,0,0,0,0,0
6126,30000,2,3,1,47,0,0,0,0,0,0,6911,10507,4785,4567,11762,4209,10523,4790,4736,55762,4209,22815,0
6127,490000,1,1,1,29,0,0,0,0,0,0,115,109,1375,230,115,113,109,1381,230,0,113,0,1
6128,180000,2,2,1,60,2,2,2,0,0,0,178854,177159,177477,176197,170173,139649,2600,5022,5000,6000,7000,6000,1
6129,420000,2,1,1,36,0,0,0,0,0,0,0,1493,0,11511,14916,15564,0,0,11511,14916,15564,11339,0
6130,20000,1,1,2,33,2,0,0,0,0,0,16339,20650,0,0,0,0,5000,0,0,0,0,0,1
6131,480000,1,1,1,47,0,0,0,0,0,0,69046,70490,71931,73362,74897,76461,2548,2602,2618,2709,2800,6098,0
6132,350000,1,1,2,27,1,0,0,0,0,0,21872,68309,162651,13514,36306,14974,137308,164395,49,36491,15049,14158,0
6133,360000,1,2,1,57,1,0,0,0,0,0,0,0,0,0,0,0,0,0,0,0,0,0,1
6134,240000,2,1,2,27,0,0,0,0,0,0,3293,9051,2804,3958,12157,3874,9079,2804,3958,12157,3874,937,0
6135,280000,2,1,2,30,0,0,0,0,0,0,29989,168,1206,300,460,861,168,1206,300,460,861,7595,1
6136,150000,2,2,1,39,0,0,0,0,0,0,32891,30930,28901,27587,25531,26586,5000,1650,2000,2000,3000,2000,0
6137,320000,1,2,2,30,0,0,0,0,0,0,29668,30282,30737,26875,26318,25880,1353,1224,739,742,751,703,0
6138,20000,2,2,2,22,0,0,2,0,0,0,631,1170,780,390,0,780,1800,0,0,0,2000,0,1
6139,50000,2,3,1,36,0,0,0,0,0,2,45260,46605,47317,48259,50245,50265,2075,1787,1729,2765,1000,2000,1
6140,280000,1,1,2,33,0,0,0,0,0,0,275487,207378,107293,6283,5783,5283,8879,4743,1640,0,0,0,0
6141,450000,2,2,1,53,0,0,0,0,0,0,2542,2545,1158,1103,110,187,2557,1273,1109,0,187,2014,0
6142,260000,2,1,2,53,0,0,0,0,0,0,235073,235704,198181,143561,110982,72514,30000,10087,6030,5001,10002,148,0
6143,500000,1,1,1,56,0,0,0,0,0,0,87161,89009,92651,93725,95517,97581,3248,5140,3510,3461,3646,3770,0
6144,470000,1,1,2,35,0,0,0,0,0,0,393780,371511,318025,248281,254175,256613,15107,13111,10000,10014,9598,10044,0
6145,150000,2,2,2,23,0,0,0,0,0,0,15952,29836,1860,1535,0,0,20039,1860,0,0,0,0,0
6146,100000,2,3,1,46,0,0,2,2,2,2,91983,100538,101670,98047,101891,98173,11000,3700,0,7500,0,3800,0
6147,100000,1,1,2,38,1,2,2,2,2,2,24796,27085,26352,33871,33192,35637,3000,0,8000,0,3000,0,0
6148,220000,1,2,2,39,0,0,0,0,0,0,3553,15696,17257,21624,26246,30781,15696,5000,5000,5000,5000,5000,0
6149,300000,2,1,2,37,1,2,0,0,0,0,34085,29305,25945,22318,18636,15374,0,1380,753,630,1000,500,0
6150,230000,2,1,2,31,0,0,0,0,0,0,0,0,196,533,1238,957,0,196,533,1238,957,1187,0
6151,300000,2,3,2,39,1,0,0,0,0,0,-3928,-5973,4735,6186,116,14429,1720,344467,6822,49,15000,12000,1
6152,50000,1,3,2,48,0,0,0,0,0,0,79681,79989,76394,24873,-2132,28561,3200,2581,1200,2070,31500,1200,0
6153,170000,1,3,1,47,0,0,0,0,0,0,1521,0,0,0,0,0,0,0,0,0,0,0,0
6154,460000,1,1,1,41,0,0,0,0,0,0,5383,40004,0,650,0,2232,40134,0,650,0,2232,3208,1
6155,30000,2,1,2,34,1,2,2,2,2,2,24022,24744,24053,25624,25977,25413,1396,0,1967,903,0,1100,1
6156,30000,2,1,2,24,0,0,0,0,2,2,165,165,165,323,158,-1027,165,165,323,0,0,5527,1
6157,20000,1,2,1,42,0,0,0,0,0,0,21431,19745,19943,19235,19245,13670,1386,1189,570,589,600,200,1
6158,220000,1,3,1,44,0,0,0,0,0,0,380,380,380,380,56663,57436,380,380,380,56663,2000,2000,0
6159,70000,2,1,1,62,0,0,0,0,0,0,69926,69474,60975,38546,37843,38632,4000,3000,1341,1359,1403,1352,0
6160,330000,2,2,2,40,2,2,0,0,0,0,131096,127564,130167,132754,135691,139646,0,4725,4752,5077,6366,8550,0
6161,370000,1,1,1,40,1,0,0,0,0,0,0,0,0,0,0,0,0,0,0,0,0,0,1
6162,230000,1,1,2,28,0,0,0,0,0,0,23855,18298,1741,16594,18261,18333,18309,1741,33188,20000,19000,19319,0
6163,50000,1,3,1,49,0,0,0,0,0,0,40281,9630,10614,10478,10490,390,1173,1157,411,608,690,780,0
6164,360000,1,2,2,31,0,0,0,0,0,0,281600,281178,265549,244053,239088,193401,14128,11208,6554,7248,7122,6144,1
6165,390000,2,2,2,37,0,0,0,0,0,0,324452,309369,269703,266017,271657,245958,13106,10111,10005,11000,9007,9000,0
6166,360000,2,2,3,42,0,0,0,0,0,0,429169,278515,259097,259999,265746,259299,16629,9519,9367,10001,9513,9973,0
6167,30000,2,2,1,27,0,0,2,2,0,0,10011,12830,13225,12718,12829,13083,3000,901,0,465,467,485,1
6168,500000,1,1,1,33,1,0,0,0,0,0,2907,-110,-110,-310,82690,84529,9,0,0,83000,3000,4561,0
6169,120000,2,3,2,32,0,0,0,0,0,0,67876,69903,71446,79589,81354,83044,3120,3300,10000,3200,3200,10000,0
6170,360000,1,1,2,29,0,0,0,0,0,0,0,0,0,0,0,0,0,0,0,0,0,0,1
6171,20000,2,2,1,27,0,0,0,0,0,0,19961,16437,16579,17437,18314,19616,1500,2579,1437,1314,1616,800,0
6172,50000,2,2,1,48,0,0,0,0,0,0,5994,1478,2946,1473,1473,1473,1478,4419,0,1473,1473,1473,0
6173,230000,2,1,2,27,1,0,0,0,0,0,0,1988,19690,25681,0,0,1988,19878,25681,0,0,0,0
6174,160000,2,1,1,48,1,0,0,0,0,0,0,0,0,0,0,0,0,0,0,0,0,0,0
6175,110000,2,1,1,32,2,2,0,0,2,2,114430,108202,108657,108668,103867,111842,0,6000,8200,0,9956,4000,1
6176,50000,1,2,2,25,2,2,2,3,2,0,32233,31440,33489,18968,15611,19304,0,3041,0,3,5700,700,0
6177,30000,1,3,2,28,2,2,2,0,0,0,22323,25961,25141,22272,22844,19436,4000,9,1000,1013,1300,10000,1
6178,50000,1,2,2,35,0,0,0,0,0,0,57570,54383,49966,7825,3753,34287,2460,1140,226,555,35190,1203,1
6179,240000,2,3,1,37,0,0,0,0,0,0,-3,-3,1130,3525,0,2116,0,1133,3525,0,2116,7442,0
6180,90000,1,3,2,29,0,0,0,0,0,0,83683,65192,46273,46979,48139,44432,4000,3000,1700,2000,1591,2647,0
6181,150000,2,1,1,29,0,0,0,0,0,0,598,3188,33850,4625,1035,520,3188,33850,4625,1035,0,0,1
6182,100000,2,2,1,35,3,3,2,2,0,0,61089,59556,60486,58296,33247,34118,0,2525,0,1206,1423,3400,1
6183,70000,2,1,2,24,2,2,2,0,0,0,26410,31128,24486,21879,13127,14149,5190,42,3000,3000,1400,2000,1
6184,430000,2,2,2,27,0,0,0,0,0,0,263,263,4119,4390,20952,15562,1764,4120,535,20990,2506,500,1
6185,150000,1,1,2,31,0,0,0,0,0,0,64378,14054,140230,98674,107664,111561,14127,140951,10000,10000,5219,50005,0
6186,50000,1,1,2,48,0,0,0,0,0,0,53540,53321,49263,29063,26644,27201,1066,50045,992,1000,1000,1008,0
6187,200000,1,1,2,33,0,0,0,0,0,0,-18,-18,-18,-18,-18,-18,0,0,0,0,0,0,1
6188,150000,2,2,1,28,0,0,0,0,0,0,19946,18646,13086,13086,3555,0,2000,1500,1500,1000,0,0,0
6189,50000,1,2,2,25,0,0,0,0,0,0,5832,33559,32774,23113,19852,17308,30074,1800,1000,700,1000,1000,0
6190,300000,1,1,2,31,0,0,0,0,0,0,16772,943,38450,29925,33769,21020,934,38500,29700,33769,21020,5418,0
6191,50000,2,2,1,44,0,0,0,0,0,0,45578,41906,35703,22360,23659,27421,3016,5003,3000,3000,5000,924,0
6192,30000,1,1,2,30,1,0,0,0,0,0,0,0,0,0,0,0,0,0,0,0,0,0,1
6193,380000,1,1,1,53,1,0,0,0,0,0,0,767,4090,9471,1993,1164,767,4090,9476,1993,1164,3514,0
6194,70000,2,1,1,45,1,2,2,0,0,0,69794,70756,65348,58253,35943,27930,3000,0,3000,5943,10000,2249,0
6195,360000,1,2,2,28,0,0,0,0,0,0,19390,22726,12148,12885,12994,15320,7113,12163,3787,714,5369,10026,0
6196,50000,1,2,2,41,0,0,0,0,0,0,41993,43163,36546,6421,5263,-12,1942,1725,1000,400,0,0,0
6197,20000,2,1,2,30,1,2,2,0,0,0,11730,7221,0,3041,3041,1326,1712,0,3041,0,1326,0,0
6198,80000,2,2,2,27,0,0,0,0,0,0,80088,81371,79183,64862,58651,55230,4791,2418,2118,2066,2150,3000,0
6199,30000,1,2,1,49,0,0,2,2,0,0,12855,16012,16453,15891,16224,16710,3690,1000,0,589,756,1500,0
6200,50000,2,3,2,55,0,0,0,0,0,0,51682,37869,27114,29625,32788,28668,3960,7232,11000,15788,13668,4490,0
6201,30000,2,3,1,37,0,0,0,0,0,0,26411,27578,29312,29680,29689,31050,1898,2632,1000,1176,830,0,0
6202,260000,1,1,1,38,0,0,0,0,0,0,10448,1199,6675,1175,888,4186,1211,6818,1180,892,4207,6175,1
6203,210000,2,2,1,39,0,0,0,0,0,0,44100,0,28428,0,0,12000,0,28428,0,0,12000,33664,0
6204,200000,2,1,2,29,0,0,0,0,0,0,7523,8445,9090,3270,774,0,3000,1000,0,700,0,0,0
6205,50000,1,1,1,56,0,0,0,0,0,0,5433,12906,7044,6787,6534,6277,1117,1098,231,234,238,175,1
6206,490000,1,3,1,28,0,0,0,0,0,0,108157,107692,108590,109389,110491,111158,4056,3993,3831,4111,3939,4001,0
6207,170000,1,1,1,45,0,0,0,0,0,0,3479,570,0,1546,4981,4769,570,0,1546,4981,4769,6452,0
6208,500000,1,1,2,29,0,0,0,0,0,0,15732,15760,18426,19200,3817,4817,3000,3000,2000,1000,2000,1885,0
6209,220000,1,2,1,46,2,0,0,0,0,0,157646,159833,160032,162303,164700,166756,5800,5759,5938,6200,6009,6044,0
6210,150000,2,1,2,30,0,0,0,0,0,0,141330,133582,125026,108358,110070,111654,8000,8000,5000,5000,5000,5000,0
6211,50000,2,2,1,34,2,2,2,2,2,2,44654,45650,46320,45290,48322,49094,2000,1700,0,3760,1700,0,0
6212,50000,1,2,1,52,0,0,0,0,0,0,46436,41290,40251,15273,14229,15001,2300,2000,1000,1000,1000,1000,0
6213,100000,2,1,2,26,0,0,0,0,0,0,91857,78797,70936,68104,68055,68084,3572,2600,5600,2600,2600,2510,0
6214,310000,2,2,2,25,0,0,0,0,0,0,28598,22017,14605,15125,18048,16607,8820,1576,1000,3100,2000,1000,0
6215,510000,2,1,1,35,0,0,0,0,0,0,62382,55076,113654,104449,95937,96634,5000,70000,3500,4000,3500,5000,0
6216,200000,1,2,1,41,1,2,2,2,2,0,11201,1383,976,1126,563,413,980,0,563,0,413,2513,0
6217,50000,1,3,1,43,0,0,2,0,0,0,7978,11396,8900,8565,8590,19894,3887,0,453,312,1500,500,0
6218,300000,2,1,2,38,1,3,2,0,0,0,10361,9692,3772,1919,316,2360,0,3,0,0,2360,0,0
6219,450000,2,1,1,40,1,0,0,0,0,0,0,0,0,0,0,0,0,0,0,0,0,0,0
6220,30000,1,2,2,27,0,0,0,0,0,0,3902,1950,890,0,750,0,1950,2390,0,750,0,1280,0
6221,60000,2,1,2,27,0,0,0,0,0,2,836,836,390,150,1320,780,836,390,150,1560,0,0,0
6222,140000,2,2,2,23,2,0,0,0,0,0,25621,26805,27763,28342,29123,29930,1600,1500,1000,1200,1250,1200,1
6223,50000,2,2,2,32,0,0,0,0,0,0,36211,28530,20084,18088,18476,20168,1709,2004,7497,671,2000,6100,0
6224,90000,2,3,2,28,0,0,0,0,0,2,86493,86960,87187,86669,90391,87207,4200,4000,3200,6700,0,4000,0
6225,190000,2,2,1,34,0,0,2,0,0,2,138628,156232,152251,153820,163265,166627,21440,0,5600,11950,6200,0,0
6226,150000,2,1,2,29,0,0,0,0,0,0,147331,146999,146277,147946,145846,143531,6740,6850,5664,5660,5480,5310,0
6227,390000,2,2,2,28,0,0,0,0,0,0,19081,1170,6512,14122,7894,3927,1170,6512,14122,0,3927,200,0
6228,30000,1,3,1,47,0,0,0,0,0,0,28923,29803,25373,23231,23913,21120,1586,1365,1663,5106,1050,0,0
6229,240000,1,1,1,60,2,0,0,0,0,0,184427,188583,191992,185383,179565,92788,7001,6180,6000,5951,5285,192557,1
6230,260000,2,1,2,29,0,0,0,0,0,0,470,0,0,550,880,1287,0,0,550,880,1287,925,1
6231,30000,1,3,2,25,0,0,0,0,0,0,10198,28773,18031,13127,0,0,18808,1200,263,0,0,0,0
6232,500000,2,1,2,28,0,0,0,0,0,0,58076,59534,51006,44360,34229,37880,2001,6620,6015,10001,4137,5000,0
6233,60000,2,2,2,29,2,2,2,0,0,0,41387,42117,41140,42110,42988,43841,1685,0,1655,1707,1718,1775,0
6234,200000,1,3,1,30,0,0,0,0,0,0,144933,148103,148137,151505,154728,157912,7000,4000,4000,4000,4000,4550,0
6235,80000,1,2,1,31,0,0,0,0,0,0,70664,62223,26400,27201,27363,-4000,2036,1500,1201,1500,2000,2000,0
6236,100000,2,2,2,30,1,0,0,0,0,0,-4,-4,-4,-4,-4,-4,0,0,0,0,0,0,0
6237,380000,1,1,1,42,0,0,0,0,0,0,4377,-3,3885,0,1140,505,0,3888,0,1140,505,0,0
6238,210000,1,2,1,30,0,0,0,0,0,0,32903,33275,34174,34141,34456,34737,1600,1846,1209,1248,1247,1212,1
6239,10000,1,2,2,27,0,0,0,0,0,0,8257,7995,4878,5444,2639,2697,2000,1100,600,300,300,1000,1
6240,500000,1,2,1,44,0,0,0,0,0,0,91718,93338,96781,98274,100528,102748,4000,5000,4000,4000,4091,6169,0
6241,240000,2,1,1,37,2,0,0,0,0,0,118402,119764,72050,0,0,0,5598,4000,0,0,0,0,1
6242,270000,1,1,2,29,0,0,0,0,0,0,227479,181629,185614,189524,193971,199763,7000,7000,7000,7500,9000,10000,0
6243,50000,1,2,2,25,0,0,0,0,0,0,21006,18851,19722,19644,18687,18033,4788,1532,1002,1006,2004,2309,0
6244,120000,2,1,2,36,0,0,0,0,2,2,84171,76025,78068,78589,77213,82567,3438,4000,12242,0,6894,0,0
6245,280000,1,1,2,28,0,0,0,0,0,0,281663,211805,96763,67554,-3,1244,80019,5000,439,10603,1247,2187,0
6246,260000,2,1,2,28,0,0,0,0,0,0,126418,129214,131933,134482,135772,138229,6000,5200,5000,5000,5000,5000,0
6247,360000,1,1,1,38,0,0,0,0,0,0,7975,4062,1914,4877,2100,3602,4062,1914,4877,2100,3602,9452,0
6248,210000,2,1,2,30,1,0,0,0,0,0,0,795,588,1488,609,768,795,588,1488,609,768,588,0
6249,390000,1,1,2,29,0,0,0,0,0,0,9918,15918,103169,95669,88080,80576,16008,100000,5000,4000,4000,3000,0
6250,40000,1,2,1,36,0,0,2,2,2,0,34871,37999,37089,39464,38698,40051,3700,0,3000,0,2000,800,0
6251,10000,2,2,2,27,0,0,0,0,0,0,6691,7723,17734,9081,8877,9261,1142,1286,500,320,529,500,0
6252,120000,2,2,1,43,0,0,0,0,0,0,0,999,0,0,0,0,999,0,0,0,0,0,1
6253,200000,1,3,1,43,0,0,0,0,0,0,1435,1270,3783,2522,1261,1436,1270,4000,0,0,1436,1261,0
6254,80000,2,2,1,37,0,0,0,0,0,0,1480,3832,898,425,0,2791,3832,898,425,0,2791,0,0
6255,60000,2,2,2,27,0,0,0,0,2,0,12193,13983,15746,17486,17067,17255,2000,2000,2000,0,620,1710,0
6256,130000,2,2,2,39,2,2,2,2,0,0,50033,52440,52993,51546,52663,53737,3500,2000,0,2100,2100,2200,1
6257,100000,2,2,2,29,0,0,0,0,0,0,17848,19032,19664,16407,15068,40794,1775,1407,328,935,42000,1500,0
6258,20000,1,2,1,45,0,2,2,0,0,0,3213,4308,4093,4866,6781,7668,1300,0,1000,2000,1000,0,0
6259,460000,1,1,2,34,0,0,0,0,0,0,45358,42991,45848,50875,56479,50889,2613,7021,10019,10051,10046,5016,0
6260,80000,1,2,2,32,1,2,0,0,0,0,82212,79682,28242,21400,0,0,7,1200,1408,0,0,0,0
6261,80000,1,1,2,26,0,0,0,0,0,0,74487,76126,69856,48816,48476,48448,7576,3000,1800,1800,2000,2000,0
6262,240000,2,1,2,28,0,0,0,0,0,0,209848,214477,218142,195913,197823,189111,10000,9000,7000,7000,6625,7000,0
6263,200000,2,3,1,38,0,0,0,0,0,0,97584,75187,72556,63524,49914,18068,3600,2500,3000,2000,2000,2000,0
6264,230000,1,2,2,29,0,0,0,0,0,0,200,840,0,3458,499,5180,840,0,3458,499,5180,0,0
6265,260000,2,1,1,53,2,0,0,0,0,0,827,827,827,827,755,-72,827,827,827,755,0,1726,0
6266,90000,2,2,1,38,0,0,0,0,0,0,88758,89680,89876,49922,46302,45430,3900,3487,1629,4000,3000,813,0
6267,320000,1,2,2,29,0,0,0,0,0,0,324693,321110,325024,322246,297637,301575,11650,12500,11900,10503,10886,10040,0
6268,280000,2,2,1,47,0,0,0,0,0,0,231181,26610,24910,20133,5821,143866,1610,1910,1133,821,155681,4785,0
6269,120000,1,2,2,29,1,2,0,0,2,2,87376,85135,86024,91380,93263,95079,0,3200,6800,3500,3500,0,1
6270,400000,2,1,2,27,1,0,0,0,0,0,140,140,12527,12640,14805,238,140,12527,253,2305,238,238,0
6271,50000,2,1,1,55,0,0,0,0,0,0,25043,26411,27451,19431,19837,20232,1775,1815,695,719,724,750,0
6272,10000,2,1,2,23,2,2,7,7,7,6,2400,2400,2400,2400,2400,1800,0,0,0,0,0,0,1
6273,70000,1,2,2,26,0,0,0,0,0,0,69900,67591,68338,26916,27480,28043,2506,1925,1000,997,1020,1100,0
6274,210000,1,1,1,30,0,0,0,0,0,2,65600,63396,64150,66135,70118,67254,2300,3000,3000,5000,0,3000,0
6275,140000,2,2,1,39,0,0,0,0,0,0,1007,3680,4214,3790,3357,3426,3685,4214,76,67,69,1376,0
6276,290000,1,2,1,50,0,0,0,0,0,0,929,1729,0,0,0,0,1732,0,0,0,0,335,0
6277,30000,1,3,1,32,0,0,0,0,0,0,28292,30494,28317,16454,450,1400,3000,1431,483,0,700,0,0
6278,110000,2,1,2,32,1,2,0,0,0,2,58679,56871,56279,24271,52040,25453,1210,2056,1200,2300,0,1000,1
6279,20000,2,3,2,54,0,0,2,2,2,0,9777,10140,9360,9833,9153,9116,2000,1000,1000,0,500,500,0
6280,220000,2,2,1,36,0,0,0,0,0,0,136556,139453,142295,145127,148159,151462,5100,5163,5196,5372,5761,5396,0
6281,180000,2,2,1,36,0,0,0,0,0,0,682,0,0,1012,0,669,0,0,1012,0,669,0,0
6282,30000,1,1,2,26,4,3,2,0,0,0,25899,25177,22768,18600,0,0,0,600,800,0,0,0,1
6283,50000,2,2,2,31,1,0,0,0,0,0,0,0,0,0,0,0,0,0,0,0,0,0,0
6284,150000,1,3,1,29,0,0,0,0,0,0,38675,0,0,0,0,0,0,0,0,0,0,0,0
6285,150000,2,1,2,32,0,0,0,0,0,0,30697,40139,49410,58549,67560,86315,10000,10000,10000,10000,20000,1718,0
6286,140000,1,3,2,30,1,3,2,2,2,0,84014,85107,82532,81236,78306,72173,3300,0,6500,0,3000,3000,0
6287,80000,2,2,1,48,0,0,0,0,0,0,79518,77757,32325,25670,30089,29395,2264,1420,1002,6005,2000,970,0
6288,200000,2,1,1,33,0,0,0,0,0,0,105775,88262,69596,32709,31816,33368,3493,2536,1065,10020,6097,5022,0
6289,400000,1,1,1,44,0,0,0,0,0,0,4482,-10,1903,850,808,775,0,1913,850,808,775,380,0
6290,130000,2,2,1,28,2,2,0,0,0,0,135805,125973,95602,91328,93099,95825,75,3369,3423,3400,4275,2307,0
6291,50000,2,2,2,22,0,0,0,0,0,0,38604,36684,33826,30387,28850,29022,1575,1757,1047,1042,1036,1039,0
6292,190000,1,2,1,51,0,0,0,0,0,0,86713,75143,43487,34904,108419,75455,3359,13487,1414,40710,43406,2773,1
6293,470000,2,1,2,40,0,0,0,0,0,0,17243,14722,15270,15615,16261,16969,1243,1300,600,900,1000,1324,1
6294,280000,1,1,1,55,0,0,0,0,2,0,2326,4917,4906,4707,2254,5375,4917,2453,2254,0,5375,1165,0
6295,460000,2,1,2,26,0,0,0,0,0,0,18738,16345,20246,9936,10833,21169,16447,20373,10018,12387,21865,13898,0
6296,340000,2,2,2,32,0,0,0,0,0,0,169246,100967,102819,105477,107454,110419,6000,4500,5000,4000,5000,4000,0
6297,110000,1,2,2,27,0,0,0,0,0,0,103550,105089,107164,105988,108617,103497,6000,6000,4000,5000,4000,4000,0
6298,440000,2,2,2,27,0,0,0,0,0,0,25154,27028,29098,21447,13547,16008,10011,5052,3163,5010,5000,5000,0
6299,90000,2,2,2,23,0,0,0,0,0,0,3440,6140,5812,13955,22687,15621,6140,5812,13955,22687,15621,2540,0
6300,70000,2,2,2,24,0,0,0,0,0,0,63912,53137,45078,6823,28989,29059,2400,2000,1000,30848,975,863,0
6301,30000,2,2,2,24,1,2,2,2,2,2,7134,7872,9528,9725,9427,10118,1000,1800,500,0,1000,0,0
6302,120000,2,2,2,49,0,0,0,0,0,0,3903,2246,3040,0,0,0,1300,1000,0,0,0,0,0
6303,300000,2,2,2,27,0,0,0,0,0,0,12752,9314,26887,23981,19378,12759,9314,27187,13981,9378,12759,16980,0
6304,60000,2,1,2,25,0,0,0,0,0,0,16313,10253,7735,6923,7035,9175,5000,3000,2000,2000,4000,800,0
6305,180000,1,2,2,36,0,0,0,0,0,0,100,100,109,1863,1763,591,100,109,3626,0,907,1208,1
6306,30000,2,1,2,43,1,2,2,2,0,0,17775,18688,21488,20847,21162,21809,1500,3433,0,800,1000,1000,1
6307,360000,1,1,2,35,0,0,0,0,0,0,15798,16630,15687,38750,15802,15730,16713,15766,38944,15881,15809,30594,0
6308,150000,1,1,1,49,0,0,0,0,0,0,15472,14860,19601,13262,14329,34193,14877,19608,13280,14329,34193,7880,0
6309,70000,2,1,2,28,0,0,0,0,0,0,20335,21699,22460,20345,42123,19852,2000,1500,3000,721,1200,2000,0
6310,150000,2,2,1,44,0,0,0,0,0,0,61951,55504,22050,17360,17360,12000,15000,1200,0,0,0,0,0
6311,440000,2,1,1,33,0,0,0,0,0,0,0,0,0,0,0,100,0,0,0,0,100,300,0
6312,500000,1,1,1,52,1,0,0,0,0,0,-5,43528,104315,71776,60753,0,43533,104406,71776,60753,0,8200,0
6313,260000,1,2,2,29,1,2,0,0,0,0,263943,258331,261518,194791,198894,197564,0,7700,6000,6130,7500,6500,1
6314,360000,1,1,2,29,1,0,0,0,0,0,0,0,0,0,0,0,0,0,0,0,0,0,0
6315,140000,1,1,2,28,0,0,0,0,0,0,132880,133904,134552,135151,136327,136647,6400,7000,5000,5200,5100,5000,0
6316,10000,1,1,2,24,0,0,2,0,0,0,4216,6476,6224,6347,12856,8078,2500,0,227,239,3412,0,1
6317,200000,2,1,2,32,0,0,0,0,0,0,2580,-35,3519,1846,1330,14470,0,3554,1855,1337,14542,2955,0
6318,210000,1,2,1,35,0,0,0,0,0,0,128595,131627,136428,54058,55398,56698,4606,6815,1800,2000,2000,2000,0
6319,20000,1,2,2,27,2,0,0,0,0,2,13747,15020,16059,16081,17423,17695,1500,1600,580,1600,700,0,1
6320,240000,1,1,1,44,0,0,0,0,0,0,4221,2188,2701,2427,1104,2362,2188,2701,2427,1104,2362,519,0
6321,30000,1,2,2,51,5,4,3,2,3,2,26551,25855,25146,26549,25849,25285,0,0,2113,0,0,2191,1
6322,450000,2,2,1,38,0,0,0,0,0,0,10972,15005,13887,17255,17515,0,15008,1200,5255,4566,0,3648,0
6323,60000,2,3,2,40,0,0,0,0,0,0,24496,20329,15219,16158,14295,10930,20391,1200,3658,0,10930,11677,0
6324,100000,2,2,2,30,0,0,0,0,0,0,58335,56745,56058,51573,47665,43756,2801,2300,1613,1594,1654,1222,0
6325,500000,1,1,1,49,0,0,0,0,0,0,12939,28805,41027,36073,46096,103065,28954,41027,36073,46096,103065,154321,0
6326,50000,1,3,1,51,0,0,0,0,0,0,636,2228,3287,4843,6379,6878,4600,1500,2000,2000,1000,3000,0
6327,80000,2,2,1,35,0,0,0,0,0,0,997,40297,6597,665,10117,0,40297,6597,3465,10117,0,665,0
6328,20000,2,2,2,22,2,2,2,2,0,0,5743,7487,8114,7835,8605,10948,2000,900,0,900,2500,0,1
6329,500000,1,1,2,43,0,0,0,0,0,0,141323,143548,146487,139155,142337,145411,5000,5015,5000,5000,5000,5000,0
6330,140000,2,1,2,31,0,0,0,0,0,0,71066,55271,50706,48847,47437,42576,2042,1958,1501,1619,1514,1553,0
6331,500000,2,2,2,29,0,0,0,0,0,0,455042,364288,261185,215575,174736,118438,12564,10000,6476,5489,5000,5000,0
6332,50000,1,2,2,24,2,0,0,0,0,0,43247,45036,44384,19524,35268,16099,3000,1300,642,612,1192,600,1
6333,170000,1,1,1,60,0,0,0,0,0,0,170359,178514,98196,100108,95629,89472,11700,3600,3500,3500,3300,3500,1
6334,220000,2,2,1,44,0,0,0,0,0,2,136838,142250,149864,155828,178160,175140,10000,10000,10000,25000,0,20000,0
6335,70000,2,2,1,33,2,2,2,2,3,2,63963,65350,66279,70580,69180,70392,3000,2600,6000,0,2500,1165,1
6336,360000,2,2,2,34,0,0,0,0,0,0,122193,109382,109845,105271,96644,94973,5004,4031,3082,7018,2755,1813,0
6337,430000,2,1,2,29,0,0,0,0,0,0,34785,0,18518,16574,12215,6660,0,18518,5,244,1038,41500,0
6338,20000,1,3,2,26,2,2,0,0,2,0,20155,10356,556,20897,20438,20325,0,600,20900,1,805,752,0
6339,200000,2,3,2,53,0,0,0,0,0,0,784,1972,2577,2652,-6,1279,1188,2581,1013,0,1285,0,0
6340,200000,2,2,3,35,0,0,0,0,0,0,1992,8287,9427,2040,16338,2076,8290,9427,2240,16000,2076,833,0
6341,80000,2,2,2,25,0,0,0,0,0,0,78401,76930,77977,58469,58722,59770,3562,3112,2076,2279,2175,2300,0
6342,130000,1,1,1,35,2,0,0,0,0,0,77578,79724,81221,34289,38550,40600,4000,3500,5000,5000,3000,9900,0
6343,150000,1,1,1,49,0,0,0,0,0,0,6338,8460,1682,7898,3336,975,8470,1682,7898,3336,975,0,0
6344,150000,1,3,1,53,2,2,2,2,2,0,17790,18209,18608,20294,19828,20396,1000,1000,2000,0,900,2000,1
6345,190000,2,2,2,27,2,2,2,0,0,0,4686,5459,6214,7104,8973,10809,1000,1000,1000,2000,2000,2000,1
6346,450000,2,2,2,36,1,0,0,0,0,0,0,0,0,0,0,0,0,0,0,0,0,0,1
6347,80000,2,2,1,31,0,0,0,0,0,0,390,390,390,390,780,390,390,390,390,780,0,0,0
6348,260000,2,2,2,31,0,3,2,2,2,0,82274,80426,78536,94069,92447,95925,0,0,17000,0,5015,4293,0
6349,80000,1,1,2,34,2,2,2,2,2,2,62423,63827,64682,65614,67007,68349,3000,2500,2600,2600,2600,2000,1
6350,500000,1,1,1,39,1,0,0,0,0,0,0,0,0,0,0,0,0,0,0,0,0,0,0
6351,260000,1,1,1,43,0,0,0,0,0,0,76,773,0,1703,329,248,826,0,1703,329,248,702,0
6352,260000,2,1,2,30,2,0,0,0,0,0,94114,96689,101023,93738,96218,102547,5000,6000,5000,4000,8000,5000,1
6353,50000,1,1,2,33,2,4,3,2,0,0,24947,24529,23840,22790,23001,24557,249,0,0,1500,2100,0,0
6354,360000,2,1,1,46,1,0,0,0,0,0,-8,859,-820,-813,-2292,-2292,867,0,7,0,0,0,0
6355,170000,2,1,2,53,0,0,0,0,0,0,-200,-200,-200,0,2769,0,0,0,200,2769,0,0,0
6356,120000,2,2,1,34,1,0,0,0,0,0,0,0,369,0,7490,941,0,369,55,7490,941,280,0
6357,50000,2,2,1,26,0,0,0,0,0,0,5195,15371,14163,15517,14685,14016,15387,1500,2000,1000,2000,2000,0
6358,50000,2,1,1,40,0,2,0,0,2,2,465,465,760,1360,518,3518,0,760,600,0,3000,0,1
6359,310000,1,1,1,48,0,0,0,0,0,2,29662,5384,4488,2630,150,335,1536,4510,2652,150,185,0,0
6360,50000,1,1,2,27,0,0,0,0,0,0,17541,18716,19098,3291,1855,540,1762,1144,66,37,158,390,0
6361,140000,2,2,2,32,0,0,0,0,0,0,121508,99470,83330,57609,59526,31515,5000,4000,3000,3000,2500,0,0
6362,100000,2,2,1,28,2,0,0,0,0,2,73073,74739,70844,63924,57326,59654,3500,3003,1910,2400,3300,0,1
6363,20000,1,3,2,32,1,2,0,0,0,0,19844,19238,20205,19588,20037,19880,0,1302,685,748,697,690,0
6364,120000,2,1,2,27,0,0,0,2,0,0,11379,9559,10861,10055,11040,10466,1200,1500,0,1100,550,600,1
6365,30000,2,3,1,59,0,0,0,0,0,0,28170,32597,32289,31276,30428,29371,4946,2000,1220,1232,1052,1500,0
6366,20000,1,3,1,27,0,0,2,0,0,0,20184,20702,20057,19583,19991,20446,2950,2,687,709,965,559,1
6367,160000,2,2,2,27,1,0,0,0,0,0,0,1519,0,0,0,2755,1519,0,0,0,2755,966,1
6368,180000,2,2,1,37,1,0,0,0,0,0,-1279,-2329,2115,2329,850,0,0,4444,214,0,0,0,0
6369,40000,2,1,2,26,0,0,0,2,2,2,20936,20647,21561,18438,20619,17582,3000,4000,0,5000,0,8000,0
6370,80000,2,2,1,34,0,0,0,0,0,0,49005,49551,45930,0,0,0,2141,2150,0,0,0,0,0
6371,120000,1,2,2,31,3,3,2,2,0,0,113722,110525,103632,-36,-18,-18,0,0,0,0,0,0,0
6372,20000,2,2,2,22,0,0,0,0,0,0,2480,179,1669,0,0,0,179,1669,0,0,0,0,1
6373,20000,1,2,2,33,0,0,2,0,0,0,18271,19857,19090,18500,4860,4080,2967,0,0,0,0,0,0
6374,100000,1,1,1,52,4,5,4,3,2,0,101762,102832,100328,97883,96238,96160,3504,0,0,0,3469,3422,1
6375,500000,1,1,2,45,1,0,0,0,0,2,0,0,0,0,1899,1749,0,0,0,1899,0,70200,0
6376,80000,2,2,1,29,0,0,0,0,0,0,78293,79555,77025,76991,79066,75356,3161,4000,3000,3500,3100,5700,0
6377,150000,2,1,2,41,0,0,0,0,0,0,9682,-399,0,0,399,150,399,399,0,399,150,200,0
6378,30000,2,3,2,26,0,0,0,0,0,0,27594,29717,28812,28762,10404,8578,2595,1200,1020,10404,51000,0,0
6379,120000,1,1,2,34,1,2,2,0,0,0,650,625,300,475,300,325,300,0,500,300,500,300,1
6380,70000,2,2,1,27,2,2,2,0,0,2,25773,28943,28184,28449,30379,30931,3600,0,1030,2400,1200,0,1
6381,150000,1,2,1,32,0,0,0,0,0,0,141346,145483,146410,142858,146007,130721,10000,7000,4000,8071,4000,3283,0
6382,210000,2,2,1,42,1,0,0,0,0,0,0,0,0,6622,6506,6511,0,0,6622,298,1000,1179,0
6383,80000,2,2,1,30,1,2,0,0,0,0,82891,80997,81380,75374,77158,78710,0,3299,2699,3000,2987,3100,0
6384,90000,1,2,2,29,0,0,0,0,0,0,86294,88412,89853,69362,70537,56775,4400,4111,2100,2200,2510,2000,0
6385,20000,2,2,2,22,0,0,0,0,0,0,17807,18520,39053,20055,19606,19925,1298,1909,1666,5000,703,775,0
6386,240000,2,1,2,36,1,0,0,0,0,0,0,18000,18485,17406,19345,21134,18000,2000,2000,2000,3000,2000,0
6387,50000,1,2,2,29,2,2,0,0,2,2,30117,30712,32332,34156,33360,25988,1370,2210,2190,1000,0,680,1
6388,250000,2,1,2,28,0,0,0,0,0,0,273927,211551,132145,88487,66701,52054,21700,11710,6030,9150,11600,48930,0
6389,280000,2,1,2,31,1,0,0,0,0,0,0,0,0,0,710,7611,0,0,0,710,7611,4750,0
6390,10000,1,3,0,40,0,0,0,0,0,0,8286,9395,10000,10000,0,0,1400,1000,0,0,0,0,0
6391,150000,2,2,2,33,0,0,0,0,0,0,46006,45425,32139,53639,51873,64675,2000,3000,40009,5000,20000,62339,0
6392,330000,2,2,1,47,1,0,0,0,0,0,0,0,0,3155,4550,1264,0,0,3155,4550,1264,813,0
6393,240000,1,1,2,30,0,0,0,0,0,0,5354,4790,900,6849,26249,6633,4790,900,6849,26249,2200,3000,1
6394,130000,2,2,2,34,0,0,0,0,0,0,42063,0,0,0,150,1000,0,0,0,150,1000,0,0
6395,450000,1,1,2,37,0,0,0,0,0,0,16259,15026,17363,11708,11329,4749,6000,4000,6000,5000,2000,2092,0
6396,50000,1,1,2,26,0,0,0,0,2,2,526,526,526,1913,1226,1752,526,526,1913,0,1052,0,1
6397,70000,2,3,1,24,0,0,0,0,0,0,68083,50822,31179,28686,10806,11673,3012,5000,2000,3000,3000,0,0
6398,80000,1,2,2,26,0,0,0,0,0,0,33490,35908,29995,27297,21524,23005,5000,1318,1200,2000,2000,2000,0
6399,50000,1,1,2,24,0,0,0,0,0,0,236,4324,1861,0,1780,2581,4324,1861,0,1780,2581,2140,0
6400,30000,1,3,1,33,2,0,0,0,0,0,29742,30266,45414,21331,21987,22452,1406,1366,1000,1000,980,1000,1
6401,50000,1,2,2,23,0,0,0,0,0,0,48025,47611,44249,29321,29309,29739,2122,1815,1184,1206,1411,904,0
6402,70000,1,2,1,29,0,0,0,0,0,0,68540,64645,66460,46988,43530,44804,3000,3000,2000,2500,2000,2000,0
6403,50000,2,2,2,33,0,0,0,0,0,0,14720,15743,16756,17089,17446,17825,1265,1278,611,632,668,591,1
6404,100000,2,3,2,27,0,0,0,0,0,2,53423,39096,40037,40584,43629,41432,1958,1953,1500,3700,0,1700,1
6405,200000,2,2,2,24,0,0,0,0,0,0,39723,40586,44233,45124,46252,47207,1353,4000,1267,1500,1500,1500,0
6406,180000,1,1,2,38,1,0,0,0,0,0,3999,2183,5828,0,2165,645,2183,5828,0,2165,645,4390,0
6407,240000,2,1,2,38,0,0,0,0,0,0,6916,2098,9927,3633,3603,926,2106,9951,3633,3603,926,7199,1
6408,90000,2,3,1,35,2,2,2,0,0,0,35077,37557,29355,20046,14905,15075,3407,56,603,553,430,133,0
6409,50000,2,2,2,33,0,0,0,0,0,0,16926,17749,18760,19132,19533,19936,1400,1312,684,709,728,709,0
6410,80000,1,2,2,48,0,0,0,0,0,0,74658,72885,47663,48350,47208,46292,2500,2000,2000,2000,2000,2000,0
6411,210000,2,1,1,43,0,0,0,0,0,0,0,981,2148,0,0,0,981,2148,0,0,0,0,0
6412,350000,1,3,1,41,0,0,0,0,0,0,349125,338832,296868,237193,233591,237351,12005,10095,8389,8474,7640,6847,0
6413,160000,1,2,2,45,0,0,0,0,0,0,131895,132154,129237,90981,92580,77184,5336,4900,2807,2898,2713,2885,1
6414,70000,1,1,2,33,0,0,0,0,0,0,66874,132127,52335,27374,27133,10721,2423,4136,1024,1215,435,186,1
6415,140000,2,1,1,33,1,0,0,0,0,0,0,840,0,0,0,0,840,0,0,0,0,0,0
6416,80000,1,2,1,47,0,0,0,0,0,0,52690,51560,51047,48260,46198,43253,2022,1711,1584,1576,1690,1285,0
6417,110000,2,2,1,39,2,2,0,0,2,2,110109,106656,104407,108689,106342,111575,0,5200,7700,0,7800,0,1
6418,50000,1,2,2,25,0,0,0,0,0,0,17355,5934,16637,4000,0,0,1000,24677,0,0,0,0,0
6419,30000,1,1,1,38,0,0,2,0,0,0,27429,29085,29282,29270,29078,28652,2403,1200,588,588,574,0,0
6420,30000,2,2,2,27,0,0,2,0,0,0,28392,31439,30394,29994,29834,15960,3500,0,0,0,0,0,0
6421,200000,1,2,2,33,0,0,0,0,0,2,80012,81703,83290,85085,89707,63787,2972,2952,3107,6056,0,3000,1
6422,290000,2,2,2,28,0,0,0,0,0,0,133789,137875,124871,118193,121283,124109,6300,6000,5000,5000,5000,5000,0
6423,220000,1,1,2,34,0,0,0,0,0,0,29549,28267,29708,25407,25109,23320,2000,3000,800,5000,5000,2000,0
6424,180000,1,1,2,28,0,0,0,0,0,0,9853,18399,29973,42347,-53,10653,10732,22119,17012,0,10706,9659,0
6425,500000,1,3,1,38,0,0,0,0,0,0,74223,72419,64537,60228,59038,58738,3338,3022,2502,2250,2350,2200,0
6426,210000,1,2,1,39,0,0,0,0,0,0,7128,3605,4308,3713,5133,5749,3623,4315,3713,5133,5749,6762,0
6427,100000,2,1,2,24,3,2,2,2,0,0,100016,97562,104365,101783,101603,103457,0,8440,0,3873,7733,0,1
6428,100000,2,2,2,23,0,0,0,0,0,0,8002,7954,9777,10026,9657,9279,2000,2000,1000,504,1000,2000,0
6429,130000,2,2,2,25,2,2,0,0,0,0,138910,119948,135259,95956,97770,92206,0,18259,3456,3770,3706,3708,1
6430,10000,1,2,2,21,0,0,0,0,0,0,9042,10038,9784,9984,9780,0,1305,1000,200,196,0,0,1
6431,50000,1,2,2,35,0,0,0,0,0,0,780,0,390,390,28094,28263,0,390,390,28094,1011,965,0
6432,240000,1,1,1,37,0,0,0,0,0,0,191748,169943,137358,132792,135652,139389,7000,4883,4753,5000,6000,6000,0
6433,20000,2,3,1,53,0,0,0,0,0,0,12237,12870,0,0,0,0,1000,0,0,0,0,0,0
6434,20000,2,1,1,38,0,0,0,0,0,0,1925,500,0,0,6360,11220,500,0,0,6360,11220,0,0
6435,150000,2,1,2,39,3,2,2,0,0,0,99,99,0,1980,0,0,0,0,1980,0,0,0,0
6436,230000,1,2,1,36,0,0,2,2,2,0,3872,5376,3878,4824,2720,1526,2000,397,2720,0,1000,435,0
6437,50000,1,2,2,26,0,0,0,0,0,0,49713,50581,46567,27211,28274,29005,2000,2000,1000,1500,1500,2000,0
6438,300000,2,2,1,35,0,0,0,0,0,0,10911,18463,16022,10880,2558,2324,12042,6191,10892,2558,2332,4099,0
6439,110000,2,2,3,54,0,0,0,0,0,2,316,316,632,150,632,166,316,632,150,632,0,0,0
6440,230000,2,1,2,33,0,0,0,0,0,0,4533,0,510,0,162,0,0,510,0,162,0,0,0
6441,50000,2,2,2,30,1,0,0,0,0,0,0,10228,49243,49651,22569,15429,10228,40000,993,10100,8926,9748,0
6442,70000,2,2,2,24,0,0,0,0,0,0,66915,68852,69390,64457,66021,67267,3167,2521,2400,2600,2614,2376,0
6443,360000,2,1,1,27,0,0,0,0,0,0,0,0,7365,0,0,0,0,7365,0,0,0,8665,0
6444,110000,2,2,2,32,0,0,0,0,0,0,108159,106812,108464,108829,110557,106082,5400,5400,4100,4100,4100,4200,0
6445,120000,2,2,2,48,0,0,0,0,0,0,116183,116394,113245,48888,40241,49923,5078,2657,978,805,52169,1600,0
6446,200000,2,1,1,45,0,0,0,0,0,0,15127,1890,3699,367,-1530,4812,1896,3712,379,1217,9652,16,1
6447,260000,2,5,1,46,0,0,0,0,0,0,9507,4405,0,2776,0,0,4405,0,2776,0,0,0,0
6448,290000,2,1,1,47,0,0,0,0,0,0,15485,12332,3979,7139,6448,1476,12369,4690,7160,6471,1476,6078,0
6449,20000,2,2,2,22,0,0,0,0,0,0,17503,12245,12974,14192,14096,7045,1273,1392,2000,389,1000,140,0
6450,50000,2,3,2,22,0,0,0,0,0,0,46687,47831,48764,47109,39415,39920,1896,1829,1924,1308,1480,1171,1
6451,50000,2,2,1,23,0,0,0,0,0,0,33713,34437,28709,28386,28361,28449,5012,3000,3548,2500,2000,2000,0
6452,60000,2,1,2,23,0,0,0,0,0,0,3517,3277,11335,9341,6451,3592,1000,10341,0,0,3592,3911,0
6453,330000,1,1,1,46,0,0,0,0,0,0,7401,4567,6242,24353,20219,23163,4567,6443,24353,10219,13163,5909,0
6454,60000,2,2,1,23,0,0,0,2,2,0,58844,43427,30408,30632,30021,30445,2000,4300,1000,0,2000,1500,0
6455,180000,2,2,1,25,0,0,0,0,0,0,134733,120775,112784,114794,105248,107130,9148,4030,4211,3798,4000,4327,0
6456,80000,2,1,2,28,1,2,2,2,2,2,53541,54694,55297,55788,57146,58351,2600,2100,2000,2400,2300,2315,0
6457,450000,2,1,2,32,1,0,0,0,0,0,0,1042,4064,-8,-8,402,1042,3057,0,0,410,0,0
6458,150000,2,4,1,36,0,0,0,0,0,0,5253,0,0,0,0,0,0,0,0,0,0,0,0
6459,280000,2,2,2,28,1,0,0,0,0,0,0,0,11905,8350,2428,4662,0,11905,200,49,4662,6278,0
6460,180000,1,3,2,47,0,0,0,0,2,0,67011,69935,72031,77597,72079,66310,4000,4000,7501,0,3001,10000,0
6461,380000,2,3,1,54,0,0,0,0,0,0,1630,65757,65201,39281,80561,19302,65757,1628,196,80962,19395,13452,0
6462,150000,1,2,1,45,0,0,0,0,0,0,390,390,390,390,285,-105,390,390,390,285,0,1668,0
6463,280000,2,1,2,52,0,0,0,0,0,0,886,0,930,0,0,0,0,930,0,0,0,0,0
6464,160000,2,2,2,34,0,0,0,0,0,0,18958,11842,7918,13780,12297,12752,24000,8000,13780,12300,12752,6000,0
6465,120000,1,2,2,29,0,0,0,0,0,0,118277,121004,118774,91369,88015,88087,6513,3740,3215,3300,3405,3303,0
6466,330000,2,1,2,34,0,0,0,0,0,0,261974,245882,228275,227974,185431,107493,15000,10008,10000,20000,25000,3500,0
6467,210000,2,2,1,49,1,0,0,0,0,0,0,0,0,0,0,0,0,0,0,0,0,0,0
6468,200000,1,1,2,27,1,0,0,0,0,0,-36,7203,5360,4481,10330,5599,7239,5395,4503,10381,5627,4935,0
6469,340000,2,5,1,27,0,0,0,0,0,0,281544,283173,282231,216946,216403,218209,11000,11031,8000,8000,8300,7500,0
6470,200000,1,1,2,34,0,0,0,0,0,0,959,451,-1,605,-5,-5,452,0,606,0,0,0,0
6471,160000,2,3,1,34,0,0,2,2,0,0,4763,4899,697,-1373,-1773,-1773,3009,0,1373,0,0,1040,0
6472,500000,2,2,2,48,0,0,0,0,0,0,77461,68781,58436,9536,8302,64460,68781,58436,9536,58302,64460,14000,0
6473,50000,1,2,1,43,0,0,0,0,0,0,28287,28924,29521,29876,30201,15611,1485,1472,1217,1347,558,550,0
6474,170000,2,2,2,23,0,0,0,0,0,0,32192,32555,32292,32372,31202,31688,1608,2301,2379,2202,2688,2110,0
6475,260000,2,1,2,29,1,2,0,0,0,0,234922,227802,215320,177965,171201,164834,6,6918,5295,4805,5002,3005,0
6476,360000,1,2,1,49,1,0,0,0,0,0,0,0,0,0,0,0,0,0,0,0,0,0,1
6477,400000,1,1,2,29,0,0,0,0,0,2,41057,11150,6298,138307,149548,148632,1300,1001,138307,16996,5010,96,0
6478,380000,2,1,2,32,0,0,0,0,0,0,91806,100291,108245,109006,117195,121246,10000,10000,10000,10001,6000,38000,0
6479,50000,1,3,2,29,0,0,2,0,0,0,7334,7344,5420,4104,1596,1594,2500,0,1596,0,1594,0,1
6480,130000,1,2,1,40,0,0,0,0,0,0,390,390,390,390,390,390,390,390,390,390,390,390,0
6481,110000,2,2,1,24,1,0,0,0,0,0,-1256,65064,66102,54275,51791,52928,68500,3114,4016,2000,2000,2000,0
6482,50000,1,1,1,23,1,0,0,0,0,0,0,0,0,0,0,0,0,0,0,0,0,0,0
6483,190000,1,2,2,26,0,0,0,0,0,0,155260,136185,139013,140035,146365,148961,7416,6900,5100,10000,5500,6700,0
6484,170000,2,2,1,46,0,0,0,0,0,0,2741,1848,0,0,1542,3498,1848,0,0,1542,3498,8095,1
6485,210000,2,4,2,25,0,0,0,0,0,0,179248,21612,5259,-243,-243,-243,3151,2000,0,0,0,0,0
6486,50000,1,3,2,25,0,0,0,0,2,2,46277,47713,44006,29737,30615,29975,2500,2300,2500,1500,0,1000,0
6487,20000,2,3,1,45,2,0,0,0,0,0,14064,12451,11176,6934,11203,7737,3000,1006,144,10000,308,2000,1
6488,80000,2,2,1,26,0,0,0,0,0,0,33319,32066,31875,18686,0,0,1700,1720,1002,0,0,0,1
6489,500000,2,1,2,39,0,0,0,0,0,0,4417,5642,8689,-131,-131,-131,5467,5026,0,0,0,0,0
6490,250000,2,2,2,31,1,2,0,0,0,0,59878,58348,59530,60668,59786,130890,0,2150,2116,65,72460,5000,1
6491,50000,1,3,1,34,0,0,0,0,0,0,6808,6198,22456,19776,9433,7487,1318,19776,1096,572,645,0,0
6492,300000,1,2,1,38,0,0,0,2,2,2,181387,171685,181780,177363,189423,188567,8000,14500,0,15150,7700,0,0
6493,30000,2,2,1,40,2,2,3,3,2,2,27975,29906,30604,29834,29936,29862,2700,1500,0,1100,1000,0,1
6494,50000,1,2,2,34,2,2,0,0,0,0,61220,56388,53813,22667,23488,20022,9,2061,0,821,21414,703,0
6495,180000,2,2,2,35,0,0,0,0,0,0,-117,2573,-77,-77,1823,227,2690,0,0,1900,230,0,0
6496,50000,2,5,1,28,0,0,0,0,0,0,9014,9608,12025,16025,0,0,3000,3000,4000,0,0,0,0
6497,50000,1,3,1,46,0,0,0,0,0,0,6066,7161,8234,8595,8955,9305,1200,1200,500,500,500,500,0
6498,190000,2,2,1,40,0,0,2,0,0,0,184276,191540,192422,150300,92391,93119,15000,6000,6000,4000,4000,3300,0
6499,200000,2,2,2,32,0,0,0,0,0,0,940,174,1684,1581,2381,2381,174,1689,1581,800,0,0,0
6500,140000,2,2,2,26,0,0,0,0,2,0,141057,144306,141949,141345,136379,126211,7200,19000,10400,0,4931,9100,0
6501,10000,1,3,1,47,0,0,2,0,0,2,6817,9119,8826,8849,9567,9265,2588,0,318,862,0,502,1
6502,180000,2,5,1,54,0,0,0,0,0,0,88545,90403,92245,94082,96050,97963,3279,3343,3366,3483,3507,3628,0
6503,170000,2,3,2,29,0,0,0,0,0,0,14460,738,0,0,0,0,738,0,0,0,0,0,0
6504,50000,1,2,1,36,1,0,0,0,0,0,0,0,0,0,0,2949,0,0,0,0,2322,0,0
6505,200000,1,2,2,32,0,0,0,0,0,0,9249,9362,11109,9471,11132,9633,9363,11119,9473,11140,9636,23635,0
6506,170000,2,2,1,42,0,0,0,0,0,0,1085,326,326,326,326,326,326,326,326,326,326,326,1
6507,50000,1,2,2,52,1,2,0,0,0,2,5893,5653,6747,7859,7464,7199,0,1200,1200,1200,0,1200,0
6508,230000,2,2,2,24,0,0,0,0,0,0,2360,0,0,4135,814,2294,0,0,4135,0,2294,7368,0
6509,500000,2,2,2,36,0,0,0,0,0,0,21368,21094,12675,5803,5841,2227,4066,5004,28,2033,3130,94593,0
6510,50000,1,2,2,25,2,2,3,3,3,3,1050,1050,1050,1050,1050,1050,0,0,0,0,0,0,1
6511,80000,1,1,2,38,0,0,0,0,0,0,32562,23346,18361,10434,7387,3300,1482,1011,8,111,3509,0,0
6512,200000,2,2,1,61,0,0,0,0,0,0,780,0,780,387,-3,4540,0,780,387,0,4543,1386,0
6513,360000,1,3,2,34,1,0,0,0,0,0,0,0,0,0,0,0,0,0,0,0,0,0,1
6514,140000,2,1,1,41,0,2,0,0,0,0,780,390,390,780,390,390,0,390,780,0,390,390,0
6515,290000,2,2,1,48,1,2,0,0,0,0,292907,285272,288543,209443,132211,133946,0,14000,9000,5000,5000,5000,1
6516,50000,1,2,1,41,0,0,0,0,0,0,48027,48725,29600,20150,19232,17143,3000,1600,2004,2000,1000,4000,1
6517,10000,2,2,3,38,0,0,0,0,0,0,3213,2797,0,1660,660,660,1000,0,1660,0,0,0,0
6518,80000,1,2,2,27,2,0,0,0,0,0,1195,553,1074,35783,35488,36020,700,1074,35000,1300,1400,1300,0
6519,20000,1,3,2,22,0,0,0,0,0,0,18535,18541,18270,16992,19025,35744,5109,1600,2400,3800,739,2000,1
6520,150000,1,1,2,37,0,0,0,0,0,0,120,0,0,0,0,0,0,0,0,0,0,0,0
6521,230000,2,1,2,37,0,0,2,0,0,0,9092,12509,12784,12584,0,0,3500,700,0,0,0,0,1
6522,60000,2,3,2,24,0,0,0,0,0,0,60491,61319,56550,43279,28289,28013,2560,1593,1348,1012,1016,1007,1
6523,360000,2,1,2,26,0,0,0,0,0,0,724,125,416,190,190,66,125,418,190,0,66,151,0
6524,100000,1,2,1,36,0,0,0,0,0,0,46202,47239,48258,49218,99677,51738,1784,1803,1763,1843,4654,2297,0
6525,30000,1,2,1,33,0,0,0,0,0,0,23467,24195,25286,25807,26350,27409,1409,1500,942,959,1500,946,0
6526,330000,2,2,1,30,0,0,0,0,0,0,155285,156122,11733,9620,0,4520,10000,10000,2000,0,4520,2500,0
6527,20000,2,1,2,24,0,2,0,0,0,0,632,316,948,632,316,1096,0,948,0,0,1096,0,0
6528,80000,2,2,1,49,1,2,2,2,2,2,42053,40185,42887,31745,32211,25836,0,3500,0,4500,0,1500,0
6529,90000,2,5,2,23,0,0,0,0,0,0,40145,41194,42197,42726,43802,42761,2000,2000,1502,1737,1500,5050,1
6530,20000,2,2,2,23,0,0,0,0,0,0,16740,17451,18141,18239,18302,18337,1600,1600,1000,663,654,651,0
6531,230000,1,3,1,61,1,0,0,0,0,0,0,0,0,0,0,0,0,0,0,0,0,0,1
6532,160000,1,2,2,28,0,2,0,0,0,0,3498,3260,678,0,0,678,0,678,0,0,678,0,0
6533,200000,2,2,1,36,0,0,0,0,0,0,2500,0,5448,632,0,646,0,5448,632,0,646,0,0
6534,20000,1,2,2,27,0,0,0,0,0,0,1955,2530,1845,3169,240,930,2535,1205,3274,630,1080,0,0
6535,170000,1,1,1,35,0,0,0,0,0,0,51207,38528,34688,30542,61032,23711,5000,2000,3000,1000,6000,8753,0
6536,180000,2,2,1,26,0,0,0,0,0,0,3679,4711,3996,6007,3260,0,1105,1000,2011,503,0,0,0
6537,50000,2,2,1,29,0,0,0,0,0,0,98492,50095,49057,17426,17789,18003,2477,2409,769,792,659,631,0
6538,360000,2,1,1,40,0,0,0,0,0,0,16540,1160,10600,51571,28310,14482,1160,10646,51571,0,14482,12874,0
6539,230000,2,2,2,28,0,0,0,0,0,0,875,375,-250,-125,609,362,1000,0,0,4000,3000,9000,0
6540,80000,2,1,2,28,0,0,2,2,2,2,75709,80033,78145,80584,81693,78470,6800,0,6000,3000,0,5100,1
6541,60000,1,1,2,31,2,2,2,2,2,2,61432,57751,59200,57558,52992,61325,0,4770,2250,0,50000,0,1
6542,150000,2,3,1,52,0,0,0,0,0,0,420,0,1672,453,2129,1414,0,1672,453,2129,1414,1961,0
6543,120000,2,3,1,52,0,0,0,0,0,0,117029,118439,118437,116456,116957,119366,5800,4500,4120,4388,4500,4350,0
6544,430000,2,1,1,43,0,0,0,0,0,0,20849,3662,7719,4437,2912,6368,3814,7759,4451,2915,6383,9025,0
6545,360000,1,3,1,32,0,0,0,0,0,0,89120,191329,92915,52341,51739,55079,105484,4500,2000,2100,4400,2934,0
6546,200000,2,2,1,60,0,0,0,0,0,0,396,396,461,396,546,396,396,461,396,546,396,396,0
6547,50000,1,2,2,26,0,0,0,0,0,2,40959,41996,43296,44187,49132,48191,2000,2000,1608,5684,0,2000,0
6548,150000,2,2,1,36,0,0,0,0,0,0,70001,45813,44309,27428,2013,4724,2500,1200,2618,2013,4724,0,0
6549,20000,2,1,2,46,0,0,0,0,0,0,12146,7698,6005,6411,3125,3164,1273,1039,1000,123,101,48,0
6550,20000,1,1,2,23,0,0,0,0,0,0,5565,6841,7853,8565,9565,12065,1276,1288,1000,1000,2500,1000,0
6551,50000,1,2,2,24,1,3,2,0,0,0,52935,50946,22740,2314,1823,18839,0,0,0,1823,18839,641,1
6552,260000,2,2,2,27,0,0,0,0,0,0,19713,22378,24836,32816,42816,8938,3000,3000,10000,10000,8938,2000,1
6553,230000,2,3,2,30,0,0,0,0,0,0,1873,2778,4734,6642,8520,9869,1500,2000,2000,2000,1500,2000,1
6554,170000,1,3,1,43,0,0,0,0,0,0,19247,1230,2910,0,0,0,1230,2910,0,0,0,0,0
6555,180000,1,1,2,28,0,0,0,0,0,0,-124,0,0,0,225,35173,1004,0,0,225,24815,10250,0
6556,30000,1,1,2,38,1,2,0,0,0,2,24172,23497,24817,25602,26535,26947,0,1715,1500,1500,1000,4670,0
6557,20000,1,2,2,22,3,2,2,3,2,2,16014,15474,19739,19194,38414,19200,0,4900,0,800,800,500,1
6558,260000,1,3,1,50,2,0,0,0,0,0,655,1182,1076,696,1012,530,1076,1076,0,1012,530,696,1
6559,180000,2,3,2,30,0,0,0,0,0,0,1730,6792,0,3180,2682,0,6792,0,3180,2682,0,5593,0
6560,230000,2,2,1,32,0,0,0,0,0,0,57259,46226,36089,34158,22872,22592,2500,3000,3000,1500,1500,2000,1
6561,120000,2,2,3,43,0,0,0,0,0,0,46889,47496,48307,49272,49016,43127,1856,1667,1632,1664,1880,1059,0
6562,280000,1,1,1,63,0,0,0,0,0,0,0,0,0,0,0,0,0,0,0,0,0,0,0
6563,270000,2,2,2,29,0,0,0,0,0,0,150185,141926,135741,126197,118340,110557,4988,7000,5000,5000,5000,5000,0
6564,70000,1,1,1,39,0,0,0,0,0,0,67474,68750,59186,48178,46197,48444,3100,7172,10000,1662,3000,1350,0
6565,60000,1,2,2,31,0,0,0,0,0,2,53234,54361,55395,56416,58792,56130,2580,2557,2500,4500,0,2000,0
6566,180000,1,2,2,28,0,0,0,0,0,0,78128,81976,83338,90031,93692,96100,5000,4000,8000,5000,4000,5500,0
6567,160000,2,2,1,32,0,0,0,0,0,2,30414,24158,10091,5905,6210,4302,1200,1036,309,500,0,1000,1
6568,50000,2,1,2,25,0,0,0,0,0,0,14500,0,790,3696,6696,5724,0,790,3696,3000,5724,2271,0
6569,60000,2,2,2,48,0,0,0,0,0,0,53044,51158,29452,1696,38585,38884,1607,1675,1696,38000,1500,1400,0
6570,50000,1,2,2,48,3,2,0,0,0,0,12961,12029,11738,11011,9888,10076,507,1158,373,365,359,1111,1
6571,80000,2,2,1,56,1,0,0,0,0,0,-2,697,-3,1186,-4,1633,699,0,1579,0,1637,4844,0
6572,30000,2,2,1,22,0,0,0,0,0,0,28622,28219,27764,27973,28576,12135,1700,1500,700,700,500,1000,0
6573,90000,2,1,2,26,0,0,0,0,0,0,32154,33521,34443,31223,31723,32505,1888,1810,1300,1152,1310,1197,0
6574,130000,2,2,1,33,0,0,0,0,0,0,9768,8480,2420,0,682,0,8486,1001,0,682,0,0,0
6575,200000,1,1,1,38,0,0,0,0,0,0,2780,2645,-10,4115,1315,0,2658,0,4125,1315,0,0,0
6576,20000,2,2,2,23,0,0,0,0,2,2,11564,13063,14337,15596,15204,17149,2000,1500,1500,0,2200,0,1
6577,300000,1,3,1,31,0,0,0,0,0,0,1877,2466,0,462,0,3069,2500,0,462,0,3069,280,0
6578,160000,2,1,1,41,0,0,0,0,0,0,120528,100050,102324,104697,103202,94360,7000,4000,4000,4115,4000,3690,0
6579,500000,2,1,1,41,0,0,0,0,0,0,680,0,0,0,74731,0,0,0,0,74731,0,0,0
6580,50000,2,2,2,25,2,2,2,0,0,0,50863,50887,19345,19152,18953,19388,1600,0,1000,1000,900,900,1
6581,20000,1,1,2,25,0,0,0,0,0,0,20052,5328,18428,19709,19833,19376,1500,15000,2000,1000,900,1000,0
6582,240000,1,3,1,40,2,3,3,2,2,2,213732,217347,217329,211132,219202,223434,8500,5000,0,16000,8000,0,1
6583,200000,1,2,2,29,2,2,2,2,2,2,172325,174082,177684,180259,183704,186507,6000,8000,7000,6500,6000,5600,1
6584,200000,2,2,2,27,0,0,2,0,0,0,184,2250,823,823,-658,1266,2250,0,0,0,1924,0,1
6585,260000,2,1,2,36,0,0,0,0,0,0,10425,12722,4948,13100,10854,7537,2297,7256,13100,10854,7537,3710,0
6586,100000,1,2,2,26,2,2,2,2,0,0,89296,101755,90684,23000,25000,0,14002,560,0,2000,0,53528,0
6587,360000,1,3,1,42,0,0,0,0,0,0,25988,1815,22648,19433,16708,24047,1815,22674,95,16790,24283,17387,0
6588,280000,2,6,3,38,0,0,0,0,0,0,286469,293875,296257,232,-94,143864,8024,8034,232,94,145935,5000,0
6589,360000,1,1,1,47,0,0,0,0,0,0,10221,8337,9696,14332,21446,9476,8536,5000,8500,10000,9476,7000,0
6590,420000,2,1,1,34,0,0,0,0,0,0,440,1479,2940,3160,4160,883,1039,1500,3160,1000,883,28000,0
6591,400000,2,2,1,42,0,0,0,0,0,0,0,641,1290,1319,694,697,641,1290,29,0,3,703,0
6592,50000,2,2,1,41,2,0,0,0,0,0,33343,31392,27315,-60,28890,29168,1502,1000,0,30070,1180,1000,0
6593,500000,1,1,1,45,0,0,0,0,0,0,186610,130751,43890,38759,46834,28408,261524,43919,38787,46834,28408,63001,0
6594,50000,1,2,2,56,0,0,0,0,0,0,48025,49128,49348,44932,19559,18859,1884,1997,1943,693,683,680,0
6595,80000,2,1,2,24,0,2,0,0,0,0,1275,887,890,382,2786,2557,2,893,382,2794,2561,77004,0
6596,80000,2,2,2,23,2,3,2,2,0,0,84176,81516,80146,61392,60325,60469,0,2000,0,3091,2400,2000,0
6597,20000,2,2,2,50,0,0,0,0,0,0,13922,15433,15683,16050,17401,17573,3000,3000,1000,2000,1000,1000,0
6598,460000,2,1,2,27,0,0,0,0,0,0,81252,74766,79012,74349,77504,90032,5020,10027,3001,5004,15000,5039,0
6599,240000,1,1,2,33,0,0,0,0,0,0,47742,27044,24007,0,0,0,1898,1006,0,0,0,0,0
6600,120000,1,2,2,30,0,0,0,0,0,0,53456,53862,39505,45373,46641,47569,2058,1672,10000,2000,1704,1920,0
6601,20000,1,2,2,24,1,3,2,2,3,2,7719,7455,7187,8367,7945,7669,0,0,1300,0,0,1000,0
6602,290000,1,3,1,50,0,0,0,0,0,0,62381,32320,22528,10502,82823,52624,1778,1565,212,82902,2008,1177,0
6603,50000,2,2,2,38,0,0,0,0,0,0,33801,27027,24459,23161,22282,20537,1433,1319,773,787,757,615,0
6604,200000,2,2,1,40,0,0,0,0,0,0,22065,23382,21522,8815,4280,0,2000,1128,4280,0,0,0,0
6605,20000,2,3,3,27,0,0,2,2,0,0,17973,20482,19693,11932,1280,0,2800,0,239,3380,0,0,0
6606,100000,1,1,1,43,0,0,0,0,0,0,43970,45756,46680,47926,49028,49561,2500,2000,2000,2001,2014,1605,0
6607,260000,2,1,2,36,0,0,0,0,0,0,107350,110114,112189,114503,117031,112857,4500,4000,4000,4200,8790,4200,0
6608,20000,2,2,2,27,4,3,2,0,0,0,21750,21127,20332,19932,19932,7080,0,0,0,0,0,0,0
6609,10000,2,2,2,22,0,0,0,0,0,2,5964,7145,8144,8861,10104,9803,1284,1283,1000,1535,0,1000,0
6610,420000,1,1,1,47,0,0,0,0,0,0,46179,82842,77628,52294,0,0,84459,79192,57145,0,0,0,0
6611,130000,2,3,2,27,0,0,0,0,0,0,29645,28193,30790,21200,21810,13629,2000,5000,5000,1000,4000,6587,0
6612,150000,2,1,2,25,0,0,0,0,0,0,36497,38190,39322,40260,41458,42251,2287,2071,1591,2000,1632,10000,0
6613,120000,1,1,2,33,0,0,0,0,0,0,291,291,291,291,291,291,291,291,291,291,291,291,0
6614,30000,2,2,2,25,0,0,0,0,0,0,7244,8265,9436,10123,10335,10691,1142,1313,1000,375,528,600,0
6615,260000,2,2,2,31,0,0,0,0,0,0,166071,137702,77683,163040,86008,88575,7000,3000,7152,8000,4000,4000,0
6616,60000,1,3,2,34,0,0,0,0,0,0,326,326,326,326,476,326,326,326,326,476,326,326,1
6617,70000,2,3,2,52,0,0,0,0,0,0,105991,67243,67533,28653,29253,26185,2777,1751,969,1004,938,1122,0
6618,110000,1,2,2,26,2,0,0,0,0,2,28290,30516,39584,43581,48458,17129,3000,10000,5000,6000,0,2000,0
6619,180000,1,2,2,37,0,0,0,0,0,0,8788,40927,28306,31578,21195,11776,40970,1210,10015,10009,11783,110306,0
6620,300000,2,2,2,48,0,0,0,0,0,0,6301,0,2417,470,4690,0,4126,2417,470,4690,0,18774,0
6621,260000,2,1,1,38,0,0,0,0,0,0,622,3074,0,688,2605,377,3084,691,0,2613,378,693,0
6622,50000,2,2,1,41,2,2,2,0,0,0,36329,36711,28415,18459,16077,12428,3406,0,640,660,296,60,1
6623,90000,2,3,1,45,0,0,0,0,0,0,63115,33963,33807,2966,1223,0,1988,1900,59,24,0,0,0
6624,20000,2,2,2,24,1,2,0,0,2,0,6025,5786,10471,11542,11216,14834,0,5000,1550,0,4000,4026,1
6625,220000,2,1,2,30,0,0,0,0,0,2,2731,3403,5990,7767,42731,33266,3403,5990,7767,40645,0,4622,0
6626,240000,1,1,2,27,0,0,0,0,0,2,2961,4748,7013,7722,732,291,2000,2873,1000,882,0,0,0
6627,440000,2,2,2,40,0,0,0,0,0,0,98496,82803,79894,73984,137370,132889,10000,10000,10000,80000,7000,6000,0
6628,60000,2,2,1,37,5,4,4,3,2,2,60480,59966,58411,58868,55232,58430,1001,0,2001,0,4301,2000,0
6629,380000,1,2,1,31,0,0,0,0,0,0,6749,7917,9645,11865,13133,4702,7959,9683,11916,13191,4717,9354,0
6630,30000,2,3,1,44,2,2,2,2,2,2,19608,20696,20071,21432,21704,21205,1700,0,2000,760,0,2000,1
6631,120000,2,2,2,35,0,0,0,0,0,0,71708,72047,67080,68660,69411,2855,3200,3000,3700,3500,1000,68074,0
6632,150000,1,1,2,29,0,0,0,0,0,0,4583,6917,831,6469,5138,7810,6989,833,6488,5153,7833,7130,0
6633,90000,1,2,2,28,0,0,0,0,0,2,43314,44354,45372,46317,51292,50316,2037,2055,2000,5913,0,2100,0
6634,180000,2,2,1,34,0,0,0,0,0,0,25000,0,0,6398,15218,24901,0,0,6398,9000,10000,500,0
6635,10000,2,2,2,37,0,0,0,0,0,0,7841,7400,6770,5163,3575,390,1157,1000,103,72,400,0,0
6636,20000,1,2,2,24,2,2,0,0,2,0,15166,14638,15582,17809,17385,18437,0,1500,2500,0,1500,1500,1
6637,80000,2,3,1,41,2,2,2,2,2,2,57754,56258,60313,61129,62348,61193,0,5000,2400,2341,0,2439,1
6638,610000,1,2,1,30,0,0,0,0,0,0,50724,8723,6245,7089,8059,8666,2134,1210,2000,2000,1666,1500,0
6639,180000,2,3,2,27,1,0,0,0,0,0,0,0,0,8081,0,0,0,0,8081,0,0,0,0
6640,50000,1,3,1,53,1,0,0,0,0,0,0,484,929,474,0,1288,484,1000,0,0,1288,334,1
6641,130000,1,1,2,30,0,0,0,0,0,0,130705,132472,129576,129829,125382,124942,6500,4700,5000,4600,5200,4500,1
6642,160000,1,1,2,26,0,0,0,0,0,0,135233,130038,79027,6666,6666,6666,5600,3715,6666,6666,6666,6666,0
6643,200000,1,1,2,29,0,0,0,2,2,2,137218,141808,151020,152040,164405,161525,6808,11620,5000,15000,0,4089,0
6644,20000,1,1,2,29,0,0,2,0,0,0,14897,17512,16926,17368,17959,19023,3170,0,1000,1000,3000,0,0
6645,50000,2,2,2,56,0,0,0,0,0,0,47060,48481,49505,17612,19461,18660,2180,2204,656,2159,678,851,0
6646,30000,2,2,1,46,1,2,2,2,2,2,27882,28937,30128,30548,31326,30688,1800,1980,1200,1400,0,800,1
6647,140000,1,2,1,29,0,0,0,0,0,0,130767,134946,130470,132038,131961,124256,6696,5000,4866,5300,5055,5000,0
6648,160000,1,2,1,45,1,2,2,2,2,2,11569,11092,12900,12396,13692,13323,0,2000,0,1500,0,2000,0
6649,410000,1,1,1,33,0,0,0,0,0,0,3244,8339,0,0,1759,2624,8339,0,0,1759,2624,0,0
6650,320000,2,1,2,30,0,0,0,0,0,0,8144,7824,7500,7500,7500,7500,7500,7500,7500,7500,7500,42562,0
6651,50000,2,2,1,36,0,0,0,0,0,0,47404,48786,49768,27838,84810,27785,2148,2130,1200,1012,2034,973,0
6652,110000,1,2,2,29,0,0,0,0,0,0,107221,109494,111954,111771,111703,111864,4000,4300,4164,4500,4200,5000,0
6653,530000,2,3,1,50,0,0,0,0,0,0,219884,223526,206593,275847,163157,164838,10000,10000,10000,7000,7000,5000,0
6654,80000,2,2,2,40,0,0,0,0,0,0,46982,38738,31923,25885,20195,19494,1728,1411,1009,605,2012,209,1
6655,190000,2,1,2,26,2,0,0,0,0,0,204297,106428,109736,111487,114878,118541,6355,6500,5000,5117,5644,4767,1
6656,500000,1,2,1,58,0,0,0,0,0,0,4101,11076,3834,-754,6276,16871,11155,4024,754,7030,17050,6063,0
6657,270000,2,3,2,30,1,0,0,0,0,0,0,2900,2000,2000,0,4759,2900,2000,2000,0,4759,0,0
6658,20000,2,2,2,26,2,2,0,0,0,0,17368,16801,17789,17419,17628,18125,0,1281,771,640,790,761,0
6659,90000,1,2,1,39,0,0,0,0,2,2,27764,27690,27593,25833,25318,22684,1500,1500,1500,1500,0,1755,1
6660,10000,1,2,2,44,1,2,2,0,0,0,6898,7642,5381,3791,3791,0,1019,0,0,0,0,0,0
6661,320000,2,2,1,36,0,0,0,0,0,0,4062,5143,5988,6988,7988,0,1155,1000,1000,1000,0,2500,0
6662,190000,2,1,1,33,0,0,0,0,0,0,42740,46046,10725,1582,-46,4054,10000,11000,11336,0,4100,7500,0
6663,380000,1,1,1,39,0,0,0,0,0,0,6347,0,0,46350,0,0,0,0,46350,0,0,24000,1
6664,180000,1,2,2,30,0,0,0,0,0,0,145563,147348,143548,133408,136481,140008,10035,5096,5000,5200,6024,5015,0
6665,360000,2,1,2,33,0,0,0,0,0,0,898,11573,0,0,0,0,11573,0,0,0,0,5140,0
6666,150000,1,2,1,30,1,2,0,0,0,0,40496,3880,1377,4007,7742,11376,1000,5000,5960,5000,5000,1000,0
6667,50000,2,1,1,57,1,2,0,0,0,2,45608,44619,44856,32461,49916,29117,0,1600,871,30347,0,0,1
6668,50000,1,2,2,39,1,2,2,2,2,2,39966,37584,38423,37212,39319,36082,0,3000,0,3007,7,3119,0
6669,50000,1,3,1,51,0,0,0,0,0,0,42257,44243,64104,33406,34104,34869,3000,2500,1985,1163,1256,1316,0
6670,340000,2,2,2,30,0,0,0,0,0,0,47664,38192,39234,20960,360,360,2000,2000,3000,360,360,45385,0
6671,320000,1,1,2,26,0,0,0,0,0,0,111710,12484,13917,12125,0,0,1267,1700,243,0,0,220000,0
6672,230000,2,1,2,42,0,0,0,0,0,2,326,326,326,1458,952,476,326,326,1458,952,0,326,0
6673,120000,2,1,2,31,0,0,0,0,0,0,643,586,3660,5754,5666,5666,586,3660,5754,5666,5666,6246,0
6674,30000,1,1,2,34,1,2,2,2,2,0,26921,27809,21658,22794,22289,22916,1700,0,1800,0,1000,1000,0
6675,240000,1,1,2,34,0,0,0,0,0,0,21027,27568,9166,6855,8089,9052,27994,9212,6949,8134,10043,28012,0
6676,240000,2,2,1,32,1,0,0,0,0,0,0,0,493,-5,574,3509,0,493,0,579,3509,1198,0
6677,210000,1,1,2,30,0,0,2,0,0,0,99342,99506,100117,101212,101197,103175,4900,4100,3600,4500,4000,3900,0
6678,20000,1,3,2,24,1,2,0,0,0,0,17231,15897,16232,16555,16104,16055,0,1300,573,576,600,1900,0
6679,20000,2,2,1,42,0,0,0,0,0,0,16560,17278,18289,18653,19195,19580,1293,1304,668,843,853,790,1
6680,110000,2,1,2,25,1,2,0,0,0,0,4382,1972,1426,5660,5660,0,5,1426,5660,0,0,0,0
6681,130000,1,2,1,39,0,0,0,0,0,0,88014,88951,90672,89252,91118,95105,3245,3217,3177,3286,4200,2500,0
6682,80000,2,2,1,28,0,0,0,0,0,0,77857,80002,82020,73904,75558,77279,4000,4000,3000,3000,3000,3000,0
6683,20000,1,2,1,36,1,2,0,0,0,0,12564,12077,12779,13033,13308,13985,0,1212,466,485,900,1000,1
6684,10000,1,1,1,38,0,0,2,0,0,2,4711,9617,9307,9665,10470,10169,5000,0,500,1100,0,1000,1
6685,180000,1,2,1,37,0,0,0,0,0,0,5480,11834,17380,8329,20406,9772,11850,17552,8333,20406,9772,9315,0
6686,280000,2,2,2,29,0,0,0,0,0,0,140888,143746,55506,56741,57983,59185,5040,3000,2000,2000,2000,3000,0
6687,220000,1,1,2,29,2,2,2,2,2,2,124820,126740,121910,89608,53535,36312,6300,0,6000,2500,0,1500,1
6688,260000,1,2,1,42,3,3,2,2,0,0,215521,210695,213758,208821,213083,217340,0,8000,0,7800,7800,8300,1
6689,30000,1,2,1,40,1,2,0,0,0,0,15526,14923,10936,11436,1520,0,0,1000,500,1520,0,0,0
6690,50000,2,2,1,29,0,0,0,0,0,0,21523,1481,19766,19661,16740,13272,19505,20509,1513,1515,1539,20217,0
6691,150000,2,3,2,47,0,0,0,0,0,0,153720,150540,153103,152060,151470,151974,7000,7000,5200,5500,6300,5100,0
6692,160000,1,3,2,38,0,0,0,0,0,0,47269,45688,47690,48712,49525,50389,2767,2769,1791,1928,1960,1461,0
6693,20000,1,2,2,26,1,0,0,0,0,0,0,132,10067,10144,10400,0,132,10200,540,600,1000,0,0
6694,280000,1,1,1,42,0,0,0,0,0,0,18958,2640,182251,173922,160553,147124,2676,189570,6084,5798,4627,3589,0
6695,50000,1,2,2,24,0,0,0,0,0,0,6716,7737,8741,8911,8943,9140,1290,1294,464,324,345,500,0
6696,300000,2,1,2,43,1,0,0,0,0,0,1352,2380,0,970,0,89,2380,0,970,0,89,0,0
6697,230000,1,2,1,31,0,0,2,0,0,0,60528,49036,31226,15568,10000,0,5000,0,5000,10000,0,10000,0
6698,60000,1,3,2,27,0,0,0,0,0,0,37170,36918,10163,10692,15307,19838,2000,3000,1000,5000,5000,1000,0
6699,190000,1,3,1,29,0,0,0,0,0,0,51632,9803,3427,924,-876,-969,1000,3524,929,869,7,1587,0
6700,60000,1,2,2,43,1,0,0,0,0,0,0,0,780,0,0,0,0,780,0,0,0,0,0
6701,100000,2,2,2,25,2,0,0,0,0,0,88420,89705,91943,71201,69804,71088,3600,4000,2500,2700,2600,2600,1
6702,30000,2,2,1,45,0,0,0,0,0,0,17166,18578,20260,20626,21142,21790,2000,2000,1000,1000,1000,1500,0
6703,200000,2,2,2,30,6,5,4,3,2,0,71310,69676,67976,68468,67439,56163,0,0,2000,0,1925,1130,1
6704,30000,1,1,3,27,0,0,0,0,0,0,25107,26312,28102,29078,29201,24122,2000,3000,2000,1000,1500,1000,0
6705,130000,1,2,2,25,0,0,0,0,0,0,126454,128179,75525,76862,6131,27117,4252,3000,1537,10000,21300,651,0
6706,120000,1,2,2,29,0,0,0,0,0,0,60098,50910,44943,37176,38245,28682,2000,1500,1500,1500,1500,1500,0
6707,160000,2,2,2,35,1,0,0,0,0,0,-200,-200,0,6171,0,0,0,200,6171,0,0,0,0
6708,20000,2,2,2,23,0,0,0,0,0,0,17772,19058,19681,19507,14656,756,1877,1500,500,0,756,23750,0
6709,30000,2,2,2,24,2,2,2,0,0,0,26133,28926,28167,28568,29019,30430,3526,0,1168,1060,1900,0,0
6710,70000,2,2,2,23,0,0,0,0,0,0,65026,29549,29705,29012,28355,16579,4000,1595,775,1000,600,2000,0
6711,80000,1,3,2,25,0,0,0,0,0,0,78230,76277,36232,30200,30326,30290,2289,1005,31063,1094,1109,1013,0
6712,80000,2,2,2,23,0,0,0,0,0,0,6085,4728,5750,1361,1402,1911,1128,1150,1361,1402,1000,344,0
6713,100000,1,2,2,50,0,0,0,0,0,0,104466,96370,81293,66435,64975,66951,4000,3000,3000,3000,3000,3000,0
6714,570000,1,1,2,31,0,0,0,0,0,0,26775,28753,48474,42377,41302,1666,15004,25000,1302,1000,1666,3778,0
6715,170000,1,1,1,45,2,0,0,0,0,0,360,360,360,360,360,870,360,360,360,360,870,0,0
6716,50000,2,2,2,25,1,0,0,0,0,0,0,870,590,3700,1999,7300,870,590,3700,1999,7300,17120,0
6717,310000,2,1,2,39,0,0,0,0,0,0,300500,265766,245458,249435,240521,246525,11027,10500,14000,10000,10000,10000,0
6718,140000,1,1,2,27,0,0,0,2,0,0,19484,20114,16606,9609,5429,9763,2000,10063,0,2000,5000,5000,1
6719,200000,2,2,2,29,0,0,2,0,0,0,69412,69878,64222,50518,44892,76088,4012,2008,3008,9056,36100,22500,0
6720,300000,2,2,2,26,0,0,0,0,0,0,11342,9670,2615,10170,7200,7200,9670,2615,10170,0,0,908,1
6721,300000,2,1,2,26,0,0,0,0,0,0,296186,290906,275061,250488,250357,249990,20006,9000,10000,9000,10000,8000,0
6722,140000,1,2,2,55,0,0,0,0,0,0,162452,164055,141301,99115,101597,101290,5000,140000,4000,4000,4000,4000,0
6723,560000,1,1,1,47,0,0,0,0,0,0,10501,69458,23445,105199,47519,73537,69803,23560,109726,48237,74014,19443,0
6724,200000,1,1,1,46,1,2,2,2,2,2,73537,71796,80453,58257,97180,95531,0,10000,0,40000,0,15000,1
6725,230000,2,3,1,31,0,0,0,0,0,0,184444,182933,178409,175091,171800,168476,7016,5500,5125,5031,4969,5071,0
6726,200000,1,1,1,36,0,0,2,2,2,0,2346,4802,4579,5840,5603,6352,2500,0,1500,0,1000,1000,1
6727,160000,1,2,2,34,2,2,2,2,2,2,73820,72341,76917,75370,81943,80203,0,5500,0,7500,0,2000,1
6728,220000,1,1,2,29,0,0,0,0,0,0,216096,189566,183838,157898,164860,168294,10110,12000,5852,10000,6610,5836,0
6729,60000,1,3,2,25,0,0,0,0,0,0,59817,47872,38605,28184,28862,29161,3000,2000,1500,1500,1300,2000,0
6730,390000,2,2,1,43,2,2,2,0,0,0,78658,60152,40238,41366,37788,19025,4514,0,1528,0,1000,3574,1
6731,280000,2,1,2,39,0,0,0,0,0,0,1863,869,262,1203,4,320,872,262,1203,150,470,1000,0
6732,80000,1,1,1,60,0,0,0,0,0,0,53315,47740,50100,0,0,0,3300,6267,0,0,0,4189,0
6733,360000,1,2,1,34,0,0,0,0,0,0,31580,32618,33610,34281,34944,35498,1549,1541,1212,1200,1000,1000,0
6734,20000,2,2,2,21,0,0,0,0,0,0,18770,18410,18821,19307,19260,20028,1400,1200,1000,6000,1000,5000,0
6735,500000,2,2,1,31,0,0,0,0,0,0,2181,5625,60201,45299,40940,16923,5700,60207,1000,838,4476,24236,0
6736,90000,2,1,2,23,0,0,0,0,0,0,316,3066,3832,6194,5878,316,3066,3832,5878,0,0,3316,0
6737,30000,2,1,1,33,0,0,0,0,0,0,27729,28138,28285,28463,29303,29766,1500,1500,1500,1300,1100,1032,0
6738,390000,1,1,2,47,1,0,0,0,0,0,0,3760,0,0,123,0,3760,0,0,123,0,0,0
6739,360000,1,1,1,32,1,0,0,0,0,0,0,0,0,0,-5,-5,0,0,0,0,0,0,1
6740,10000,2,2,2,32,0,0,0,0,0,0,9463,9338,10073,10059,9760,10048,1165,1200,400,520,600,500,0
6741,150000,2,1,1,32,1,0,0,0,0,0,0,0,0,0,0,0,0,0,0,0,0,0,0
6742,40000,2,2,2,27,0,0,0,0,0,0,29009,34183,35606,37018,37184,38066,9000,2000,2000,1349,1500,1500,0
6743,210000,2,5,2,29,0,0,0,0,0,0,67931,65289,64778,65861,63794,65069,12411,13000,12340,14000,12364,13000,0
6744,50000,2,2,1,41,0,0,0,0,0,0,46965,42713,33812,20483,19409,19318,1650,1317,698,693,1000,545,0
6745,10000,1,2,2,23,0,0,2,0,0,2,7886,9085,7784,8547,8907,6844,1500,1000,1000,600,200,500,1
6746,310000,2,2,2,26,0,0,0,0,0,0,40604,42926,44209,45472,46739,47895,3000,2000,2000,2000,2000,1000,0
6747,50000,1,1,2,34,0,0,0,0,0,0,43796,44423,29980,30000,0,0,2100,1200,1000,0,0,0,0
6748,150000,2,1,1,37,0,0,0,0,0,0,4787,1046,344,1291,1193,1914,1054,344,1193,0,3000,0,0
6749,50000,1,3,1,48,0,0,0,0,0,0,11839,13240,14015,14293,14763,14968,1600,1300,511,700,600,800,1
6750,250000,2,1,2,30,0,0,2,0,0,2,77245,84828,82228,83116,87990,86564,8722,0,3010,6249,0,3212,0
6751,30000,2,3,1,46,2,2,2,2,3,2,22352,23392,23908,24815,24133,25087,1700,1200,1600,0,1500,0,1
6752,30000,1,1,1,32,0,0,0,0,0,0,22541,19623,20606,20693,21134,22435,1338,1321,727,761,2500,1800,1
6753,30000,2,3,1,50,2,2,2,2,2,2,30615,28691,30474,27468,25813,25251,0,3017,12,3000,0,4000,1
6754,20000,2,2,1,44,8,7,6,5,4,3,16942,16721,16193,16445,15624,15096,0,0,780,0,0,0,1
6755,30000,2,1,2,24,0,0,0,0,0,0,17615,18338,19350,19734,20301,20812,1310,1322,706,885,1000,614,0
6756,300000,1,1,1,45,0,0,0,0,0,0,999,-7334,8333,6666,8333,8333,0,24000,6666,10000,8333,15449,1
6757,90000,1,2,1,28,0,0,0,0,0,0,5580,0,0,0,0,0,0,0,0,0,0,776,0
6758,30000,1,2,2,24,0,0,0,0,0,2,25063,22275,0,517,25420,24863,1545,0,1517,25420,0,980,0
6759,200000,2,2,1,51,0,0,0,0,0,2,128208,131152,133976,136646,145147,142651,5000,5000,4888,10700,0,10100,1
6760,180000,2,2,2,29,0,0,0,2,2,0,100534,102971,108232,108628,94416,178120,5364,8633,3600,0,3700,9603,0
6761,70000,2,2,2,26,0,0,0,0,0,0,50680,51256,47394,7879,-1940,27545,2000,1500,0,0,30000,656,0
6762,230000,2,2,2,29,0,0,0,0,0,2,0,0,0,0,1004,854,0,0,0,1004,0,5183,0
6763,240000,2,1,1,45,1,0,0,0,0,0,0,0,0,0,0,0,0,0,0,0,0,0,0
6764,190000,2,3,1,41,0,0,0,0,0,0,2665,-35,3527,3869,4468,-12,0,3562,3869,4468,12,4550,0
6765,80000,2,1,1,29,0,0,0,0,0,0,4225,20000,11556,0,0,0,20000,11556,0,0,0,0,0
6766,300000,2,2,1,34,0,0,0,0,0,0,86116,83724,80721,79939,58586,14570,3894,2783,3575,1605,1520,0,0
6767,220000,2,1,1,36,0,0,0,0,0,0,210475,216513,196219,200117,204312,208373,9639,7123,7162,7419,7462,8621,0
6768,340000,1,2,1,31,0,0,0,0,0,0,63098,64417,65752,69639,80057,83713,2338,2406,5000,11610,5000,2971,1
6769,480000,2,1,2,57,0,0,0,0,0,0,7066,2328,4279,24973,76738,25108,6378,5096,25173,25896,25108,25000,0
6770,60000,2,1,1,25,0,0,0,0,0,0,45575,43303,27113,19582,19109,17236,1432,11279,1960,1000,633,527,0
6771,200000,1,2,1,28,0,0,0,0,0,0,11445,12379,12187,7402,10827,11351,5013,3038,3007,5005,2056,2826,0
6772,20000,1,2,1,53,0,0,2,2,0,0,19646,20077,19462,0,0,150,3000,30,0,0,150,850,0
6773,110000,2,3,2,46,0,0,0,0,0,0,45846,47104,48325,0,49461,48438,2000,2000,2000,0,2000,2000,0
6774,470000,2,2,2,32,0,0,0,0,0,0,491428,488642,485382,360959,338592,123737,300000,15937,11891,120000,6380,250000,1
6775,200000,1,2,1,42,0,0,0,0,0,0,748,49007,11095,0,0,0,49007,11095,0,0,0,53025,0
6776,130000,1,1,2,30,0,0,0,0,0,0,16757,21481,22389,22535,24236,20246,5000,1598,744,2000,744,3000,0
6777,80000,1,1,1,46,0,0,0,0,0,0,78861,77719,45961,29537,29758,30153,2435,1463,1039,1068,1267,1000,0
6778,120000,2,2,1,30,1,0,0,0,0,0,0,0,0,0,0,0,0,0,0,0,0,0,0
6779,180000,1,1,2,27,0,0,0,0,0,0,29735,24414,18300,16908,37319,34978,19000,5000,10009,22000,20000,15000,0
6780,400000,1,2,1,42,0,0,0,0,0,0,286710,280752,284624,237176,211342,208432,11011,9816,8000,7824,8700,6500,0
6781,150000,1,3,1,43,0,0,0,0,0,0,150797,52509,50683,46602,40599,37192,3008,2014,1599,2014,2018,1041,0
6782,640000,2,3,2,34,0,0,0,0,0,0,105423,133637,118372,33929,79807,19552,51644,30291,41,70128,19576,194014,0
6783,500000,1,1,1,32,1,1,1,1,0,0,48169,53197,63010,64178,64992,50722,20000,20012,10036,15000,10000,50000,0
6784,70000,2,1,2,26,1,2,2,2,2,2,28106,30447,29659,31767,31124,35511,3100,0,2600,0,5100,1400,1
6785,100000,2,1,2,24,0,3,2,0,0,0,1331,1326,652,326,326,476,0,0,326,326,476,326,0
6786,80000,2,3,1,42,0,0,0,0,0,0,0,0,0,0,0,0,0,0,0,0,0,0,0
6787,120000,2,2,1,30,0,0,0,0,0,0,84094,85804,86212,87003,88833,92348,3081,4001,3114,3232,5000,4000,0
6788,210000,2,1,2,31,0,0,0,0,0,0,40167,41518,43023,44005,45294,46387,2000,2500,2000,2000,2000,2000,0
6789,50000,2,1,2,25,0,0,2,0,0,0,13572,17983,15590,10610,0,0,5000,200,10610,0,0,0,0
6790,50000,2,2,1,45,0,0,0,0,0,0,46188,14082,15021,7696,7872,8028,1261,1200,300,300,287,297,0
6791,260000,1,2,1,35,0,0,0,0,0,0,-48,4001,5975,0,0,0,4261,6000,0,0,0,0,0
6792,20000,1,2,2,22,1,0,0,0,0,0,-50,-440,-830,780,780,0,0,0,2000,0,0,0,0
6793,30000,1,2,1,40,2,2,0,0,0,0,38001,34416,32515,28499,29133,29988,0,1634,796,865,1143,0,0
6794,310000,2,2,1,29,0,0,0,0,0,0,182202,162547,140911,111881,78759,78877,5118,3758,3901,2206,3089,3023,0
6795,100000,1,1,2,34,0,0,0,0,0,0,43128,6164,3775,22690,21288,9289,6200,3775,22690,0,0,62588,0
6796,300000,2,1,1,38,0,0,0,0,0,0,390,0,0,0,0,0,0,0,0,0,0,1100,0
6797,30000,1,3,1,47,0,0,2,0,0,0,27609,30791,29913,30461,0,0,3630,0,1300,0,0,0,0
6798,320000,1,2,2,34,0,0,0,0,0,0,173742,167837,100407,88717,179,-336,8100,6000,7000,2,0,2003,0
6799,120000,2,1,2,32,0,0,0,0,0,0,81878,83429,77262,78783,75252,77090,3014,5000,5000,2726,4000,3000,0
6800,80000,1,2,2,24,0,0,0,0,0,2,26170,25215,26189,26801,28593,26020,1414,1388,1000,2180,0,929,1
6801,20000,1,3,1,50,2,2,2,0,0,0,15089,17037,17457,17868,18428,19120,2200,1000,1000,1000,1000,900,1
6802,380000,1,1,1,53,0,0,0,0,0,0,360,360,360,720,360,360,360,360,720,0,360,360,0
6803,180000,2,1,2,30,0,0,0,0,0,0,173094,131039,132269,144990,152632,155935,7000,4900,15000,10000,6000,6500,0
6804,50000,1,2,2,27,0,0,0,0,0,0,26380,26439,-200,-200,-200,-200,1000,0,0,0,0,0,0
6805,280000,1,1,2,33,0,0,0,0,0,0,0,0,0,0,0,0,0,0,0,0,0,0,0
6806,30000,2,3,2,47,0,0,0,0,0,0,25262,24365,5160,6160,5780,4790,1518,1000,1000,0,1000,0,0
6807,100000,1,2,2,25,2,0,0,0,0,0,97614,50976,-212,-212,-212,138,3000,0,0,0,500,500,1
6808,30000,1,1,2,45,0,0,0,0,0,2,27990,27632,27992,16065,930,780,1850,4700,1000,930,0,0,0
6809,160000,2,2,2,30,0,0,0,0,0,0,124178,118255,111807,107418,90471,86363,4507,4000,3500,3300,3500,3000,0
6810,210000,1,1,1,42,0,0,0,0,0,0,2295,6072,8319,5330,1586,4920,6090,8369,5346,1590,4934,3568,0
6811,10000,1,1,2,30,0,0,0,0,0,0,7930,7718,8518,8950,9795,3274,1200,1000,1000,1000,59,0,0
6812,420000,2,2,2,36,0,0,0,0,0,0,3581,16629,33433,28468,35669,23317,16647,33595,16000,36625,23317,23983,0
6813,400000,2,1,1,37,0,0,0,0,0,0,-151,27952,47213,121013,87332,106519,78130,20000,93000,30000,20000,12014,0
6814,70000,2,1,2,29,0,0,0,0,0,0,62870,63992,64720,66031,67459,69171,2134,1600,1587,1700,2000,1900,0
6815,110000,1,2,2,31,0,0,0,0,0,0,61050,62663,62425,59118,49449,38047,2600,2100,2000,2000,1500,1000,0
6816,300000,1,1,1,54,0,0,0,0,0,0,234589,0,0,0,0,0,0,0,0,0,0,0,0
6817,120000,2,1,2,27,0,0,0,0,0,0,22027,51757,113157,106767,30237,-1280,35000,100000,0,0,0,2750,0
6818,180000,1,1,2,27,0,0,0,0,0,0,13895,14385,13190,17676,14792,11210,5000,3000,8700,1500,600,4000,0
6819,400000,1,1,1,46,0,0,0,0,0,0,31864,34538,31648,127340,129411,128796,4237,4000,100000,5000,4183,3613,0
6820,100000,1,1,1,44,0,0,0,0,0,0,37222,38628,39982,40914,42053,43151,2000,2000,1600,1800,1800,1700,0
6821,220000,2,2,1,32,0,0,0,0,0,0,183718,172250,175771,180794,184650,167856,6243,6376,7942,8270,170000,6002,1
6822,220000,2,2,1,43,0,0,0,0,0,0,316,316,316,956,1087,316,316,316,956,1087,316,4342,0
6823,140000,2,2,1,27,0,0,0,0,0,0,126771,132730,124689,105447,106704,97725,10000,5000,5000,5000,5000,5000,0
6824,90000,2,2,1,51,0,0,0,0,0,0,112577,105189,97048,88247,88564,90145,4000,3330,3087,3162,4496,4003,1
6825,30000,2,1,2,23,0,0,0,0,0,0,29292,28809,30005,30452,29197,29381,1804,2000,1200,1600,1211,1165,0
6826,240000,2,1,2,28,0,0,0,0,0,0,2276,3188,454,2500,0,0,1000,454,2500,0,0,0,0
6827,110000,2,1,1,37,0,0,2,2,0,0,106658,111694,112131,108106,109798,107372,10800,3808,0,4000,5000,5000,0
6828,60000,2,1,2,24,2,2,2,2,2,3,37356,41624,40655,43974,46625,45590,5200,0,4000,3500,0,0,1
6829,20000,1,2,2,26,1,5,4,3,2,0,13242,12762,12276,11790,11460,14090,0,0,0,0,3000,5000,1
6830,180000,1,2,1,53,0,0,0,0,0,0,173481,176308,179878,182005,175016,178293,7900,8000,7000,6565,6800,6100,1
6831,130000,2,2,2,26,0,0,0,0,0,0,84133,84458,62441,48175,29874,15525,2758,2741,2175,1874,1525,0,0
6832,130000,2,3,1,36,0,0,0,0,0,0,42553,43606,44577,45013,45695,46283,1740,1711,1587,1823,1956,1125,0
6833,70000,1,1,2,26,2,0,0,0,0,0,50587,51329,48122,43912,44834,45737,2214,3510,1720,1780,1800,1900,0
6834,10000,1,2,1,42,0,2,0,0,2,2,9860,9169,9055,9908,9611,10059,0,1200,1000,0,1000,0,1
6835,50000,2,1,2,24,0,0,0,0,0,0,894,1020,0,0,0,0,1020,0,0,0,0,0,0
6836,190000,2,1,1,31,0,3,2,0,0,0,8121,6523,750,14724,919,-3899,0,0,14724,0,0,25000,0
6837,60000,1,2,2,36,0,0,0,0,0,0,59219,58852,54811,39960,40133,37607,3083,1857,1289,1615,1484,2500,0
6838,20000,1,1,2,25,1,2,2,0,0,0,17147,19557,18935,19005,17862,20393,3000,0,653,900,3000,27,1
6839,80000,2,2,2,42,2,2,2,2,2,2,73981,76489,77611,78683,80315,81887,9625,3000,2900,3000,3000,0,1
6840,500000,2,1,1,51,0,0,0,0,0,0,5255,86992,37272,24445,77828,61029,86992,37272,0,65428,1221,21984,0
6841,220000,1,3,1,52,1,0,0,0,0,0,-4300,-4300,-4620,-4620,-5820,-5820,0,0,0,0,0,0,0
6842,230000,2,2,1,36,0,0,0,0,0,0,3786,2894,1200,2735,3231,909,2914,1406,2735,3241,913,0,0
6843,20000,1,2,2,25,2,2,2,2,2,0,15522,16469,15907,17140,16724,18438,1500,0,1500,0,2000,1500,0
6844,50000,1,2,2,39,0,0,0,0,0,0,48803,48808,20131,19940,390,540,1487,1200,399,390,540,390,1
6845,120000,2,1,2,29,0,0,0,0,0,0,110488,107488,97021,86283,87345,81666,4000,5000,3000,3300,3010,3000,0
6846,130000,2,2,2,34,0,0,0,0,2,0,99593,100415,103618,107525,104042,100190,4050,5600,7800,0,3900,3100,1
6847,230000,2,1,2,26,2,0,0,0,0,0,363,363,363,372,1971,2566,363,363,372,1971,1000,865,0
6848,350000,1,1,2,32,0,0,0,0,0,0,92134,120340,142794,101923,103119,84834,30000,25000,5000,5000,4000,5000,0
6849,300000,2,1,2,38,0,0,0,0,0,0,13548,13097,3025,4128,1726,-587,2060,2004,2003,1726,692,116422,0
6850,70000,2,2,2,55,0,0,0,0,0,0,67572,58969,57625,45675,46236,46758,2124,2311,1622,1674,1677,1697,0
6851,280000,1,1,2,33,0,0,0,0,0,0,281604,283292,281327,189287,185398,184414,10000,10059,5201,5211,5500,5500,0
6852,60000,2,2,1,25,0,0,0,0,0,0,20636,21367,22334,22426,22240,25378,1369,1336,927,801,4000,5000,1
6853,310000,1,2,2,42,0,0,0,0,0,0,169749,172685,176630,180315,184072,188194,7000,6630,6379,6586,7086,7522,1
6854,290000,1,3,2,34,0,0,0,0,0,0,5451,6230,140802,143354,146225,148820,1200,135000,5200,5500,5500,5400,1
6855,180000,1,1,1,35,1,2,2,2,2,2,133424,134835,131176,139976,138325,146136,5000,0,11000,700,10300,0,1
6856,340000,2,1,2,43,1,0,0,0,0,0,-212,-212,-212,-212,-212,-212,0,0,0,0,0,154,0
6857,360000,2,1,2,29,0,0,0,0,0,0,5041,7485,4480,3260,3884,4352,2500,7740,3260,3884,4352,4509,0
6858,180000,2,1,1,33,0,0,0,0,0,0,996,1999,2216,2301,2364,2286,1503,1400,250,228,106,1601,1
6859,30000,2,3,1,48,0,0,0,0,0,0,25615,26950,27899,29614,30127,29646,1751,1700,2500,1000,2000,4034,0
6860,100000,1,1,2,32,0,0,0,0,0,0,26127,26608,24689,25699,26809,25836,2000,2000,1700,1500,1500,1700,0
6861,180000,1,2,1,42,0,0,0,0,0,0,87815,79072,59852,60761,62425,63982,3800,3000,2500,2800,3000,2000,0
6862,210000,2,1,2,31,2,2,2,2,0,0,131297,128743,129104,125887,112439,104537,9735,4000,0,4000,3850,12203,1
6863,180000,2,2,1,36,0,0,0,0,0,0,111190,113912,116231,117803,120350,124190,6000,5700,5000,4600,6000,3500,0
6864,60000,2,3,3,48,0,0,2,2,0,0,53116,55950,54439,-561,20115,20000,3689,0,0,20907,400,0,0
6865,500000,1,1,2,30,0,0,0,0,0,0,192257,201402,444462,418237,424244,383145,40000,300018,15000,17000,15000,11100,0
6866,200000,2,2,1,37,0,0,0,0,0,0,5766,6786,7796,8512,10205,11032,1274,1284,1000,2000,1000,574,0
6867,610000,2,2,1,39,0,0,0,0,0,0,145143,136334,103624,101044,106356,92459,5002,5000,4006,10000,7000,5000,0
6868,50000,1,2,2,29,0,0,0,0,0,0,47373,48076,23459,16175,17753,18302,2000,2083,2000,2000,1000,1000,0
6869,80000,2,6,2,25,0,0,0,0,0,0,6643,9400,0,0,11457,6709,3000,0,0,45568,3000,3001,0
6870,210000,1,1,2,38,0,0,0,0,0,0,103310,111472,79503,75528,72567,69502,107651,2861,2388,3000,3000,2500,0
6871,50000,1,1,2,56,1,2,0,0,0,0,52108,50445,42652,9965,9720,9951,52,2176,334,336,375,1000,0
6872,360000,1,1,1,58,0,0,0,0,0,0,5619,14822,43000,4650,12132,13953,15008,43065,4650,12132,13953,2200,0
6873,240000,1,2,2,30,0,0,0,0,0,0,53812,2000,2396,4657,2452,2418,2010,2613,5076,2464,2428,4170,0
6874,20000,1,3,1,56,0,0,0,0,2,0,10847,12176,12884,13784,13420,13686,1508,1216,1116,0,490,658,0
6875,10000,1,1,2,22,0,0,0,0,0,0,2946,0,390,390,390,0,0,390,390,390,0,780,1
6876,30000,2,2,2,23,2,0,0,0,0,0,30558,30363,29077,30029,26366,28916,1500,1600,1500,1000,3000,0,1
6877,360000,1,0,2,30,0,0,0,0,0,0,40250,23022,12272,34345,36777,30,23000,12280,25007,25008,1767,3300,0
6878,260000,1,1,2,29,0,0,0,0,0,0,52079,52083,46703,47500,45030,48249,6000,5000,5000,4000,5000,5000,0
6879,100000,1,2,1,52,0,0,0,0,0,0,64358,64956,66816,36448,37481,37684,2416,3000,1500,2000,1360,1500,0
6880,500000,2,2,1,40,0,0,0,0,0,0,2231,-9,2312,2928,0,0,0,2321,2928,0,0,0,0
6881,70000,2,3,2,42,0,0,0,0,0,0,69470,70279,70207,30348,28320,28704,3085,2808,2455,1337,2000,882,0
6882,200000,2,1,1,38,0,0,0,0,2,0,26344,0,0,320,170,2865,0,0,329,0,2865,801,0
6883,230000,2,5,2,45,0,0,0,0,0,0,144407,146277,149338,152555,155934,159332,5400,5500,5700,6000,6000,6000,0
6884,200000,1,2,2,36,0,0,0,0,0,0,2989,0,0,2989,9059,52248,0,0,2989,9059,52546,10380,0
6885,110000,1,2,1,38,2,2,2,0,0,2,96898,96071,93321,94034,99531,96614,4826,5,4000,7300,0,4000,1
6886,260000,2,1,2,33,0,0,0,0,0,0,6818,8040,11736,10190,18122,0,1340,4036,204,8122,0,200,0
6887,50000,2,3,3,55,0,0,0,0,0,2,390,390,911,1080,930,390,390,911,559,390,0,390,0
6888,50000,1,2,2,44,0,0,0,0,0,0,49120,50823,49844,20239,20241,19921,2504,1590,701,803,1000,671,0
6889,80000,1,2,2,23,0,0,2,0,0,0,25992,904,68,232,-604,-440,1000,0,1000,0,1000,0,0
6890,260000,1,1,2,29,0,0,0,0,0,0,7168,4495,4032,2104,2650,3472,4497,4035,2111,2653,4054,5014,0
6891,80000,1,1,2,31,0,0,0,0,0,0,48783,42692,34593,38808,40942,40854,5000,3000,5000,5000,3000,2000,0
6892,80000,2,1,2,29,0,0,0,0,0,0,48164,49388,51760,52650,55477,55020,2000,3305,3000,7767,7007,5000,0
6893,200000,2,5,1,36,0,0,0,0,0,0,2353,2957,738,4152,2866,1414,3011,747,4164,2874,1418,2148,0
6894,370000,2,2,2,29,4,3,2,0,0,0,390509,382898,365461,304436,311426,275628,0,0,10019,11000,10000,10000,1
6895,60000,2,1,1,43,2,2,2,2,2,2,46806,47758,48669,49559,50608,51426,2000,2000,2000,2000,1806,2300,1
6896,260000,1,1,2,29,1,2,0,0,0,0,56536,23827,29423,37900,-3400,-4000,778,29423,10000,0,0,24450,0
6897,30000,1,2,2,35,3,2,2,0,0,0,13461,14179,13654,13979,15525,0,1228,0,553,1825,0,0,1
6898,120000,1,2,2,32,1,2,2,2,2,2,60316,61763,63154,64524,66345,68104,3000,3000,3000,3000,3000,0,1
6899,130000,2,3,2,39,0,0,0,2,0,0,133825,134495,133745,130814,130758,123468,7500,10000,0,4500,4500,4179,0
6900,160000,2,3,1,38,0,0,0,0,0,0,0,0,0,0,0,0,0,0,0,0,0,0,0
6901,230000,2,2,2,31,0,0,0,0,0,0,5070,4317,1421,10452,5978,62292,4317,1421,10452,700,57229,2500,0
6902,300000,2,1,2,26,0,0,0,0,0,0,293554,291421,3760,3359,10670,2969,7877,5016,5008,10032,2977,11875,0
6903,180000,2,2,2,29,0,0,0,0,0,0,4000,6028,6028,3996,9062,3997,6028,6028,3996,9066,3997,6992,0
6904,80000,2,2,2,24,1,0,0,0,0,0,0,159,0,110,-390,1104,159,0,110,390,1884,0,1
6905,180000,2,4,1,30,0,0,0,0,0,0,107337,101268,101754,15147,2187,7382,3735,2231,15147,2187,7382,850,0
6906,50000,1,2,2,25,3,2,0,0,0,0,50516,22781,25064,12927,18691,19291,9,1210,1000,6000,1060,780,1
6907,10000,1,2,1,62,0,0,0,0,0,0,2778,1939,2038,1938,0,0,1939,2040,1938,0,0,0,0
6908,50000,1,2,2,46,0,0,0,0,0,0,1540,26060,0,2650,3320,2764,26060,0,3472,2320,1764,2841,0
6909,90000,2,1,1,31,1,2,0,0,0,0,8318,6111,33212,8978,1782,23173,39,33500,0,0,25000,0,0
6910,30000,2,3,2,29,2,0,0,2,2,2,23136,24205,28318,28755,29442,30003,1744,4857,1200,1300,1200,1100,1
6911,180000,1,1,1,38,0,0,0,0,0,0,181302,181271,180439,182958,181287,179734,6747,6573,6506,6581,6801,6100,0
6912,150000,2,2,1,38,0,0,0,0,0,0,140133,140414,141314,141000,142358,143358,6601,6501,5201,5501,5282,5200,0
6913,590000,1,1,1,63,0,0,0,0,0,0,630458,646770,693131,324522,358774,369685,28000,61115,325000,40000,20000,51000,0
6914,60000,1,2,1,39,0,0,0,0,0,0,59929,35338,22856,22122,19531,16594,2110,2000,200,467,500,4100,0
6915,100000,1,2,2,27,2,0,0,3,2,0,63004,66964,75856,74062,72756,76355,5000,10000,0,0,5000,5000,1
6916,20000,2,2,2,25,0,0,0,0,0,0,7666,6664,6598,6632,6666,6666,6664,6600,6700,6700,6666,6982,0
6917,10000,1,1,2,22,2,2,2,0,0,2,6883,9108,8813,10066,10017,9705,2500,0,1400,1100,0,500,1
6918,300000,1,1,2,26,2,2,2,0,0,2,273138,279307,273333,277270,284915,286837,12000,0,10000,12180,10000,10817,1
6919,260000,2,2,2,40,0,0,0,0,0,0,241565,244619,127074,14,124493,128463,13000,6500,0,124479,6000,6500,0
6920,160000,2,3,1,28,0,0,0,0,0,0,38660,38942,39787,40069,37647,38268,2500,1877,2000,3000,1400,5000,0
6921,260000,2,1,2,32,0,0,0,0,0,0,0,0,3210,0,0,2712,0,3210,0,0,2712,0,1
6922,280000,2,1,2,29,0,0,0,0,0,0,2187,1461,53603,976,20825,1159,1469,53871,981,20929,1164,0,0
6923,260000,2,1,2,35,1,0,0,0,0,0,-15,16596,1935,5365,0,294,16611,1935,5365,0,294,741,0
6924,240000,1,1,1,43,0,0,0,0,0,0,3645,9077,4234,7118,8187,8708,9088,4234,7118,8187,8708,9291,0
6925,50000,2,2,3,49,0,0,0,0,0,2,45681,14657,9677,8826,10177,9865,1209,1300,350,1500,0,300,0
6926,260000,2,2,2,44,1,0,0,0,0,0,0,0,0,0,0,0,0,0,0,0,0,0,1
6927,60000,2,2,2,24,2,2,2,0,0,2,60270,65005,63309,62369,64603,66584,5706,0,2250,5000,4800,0,1
6928,130000,2,2,1,26,0,0,0,0,0,0,24579,23741,11666,11806,11081,11396,1187,1500,616,500,500,485,0
6929,140000,2,1,2,31,0,0,0,0,0,0,112936,117021,107837,96546,95489,97347,6000,5000,3400,3617,3600,3700,0
6930,20000,1,3,2,39,2,0,0,0,0,0,18243,17557,19880,19471,16211,14365,1677,3000,590,687,524,235,1
6931,360000,2,1,2,35,1,0,0,0,0,0,0,0,0,0,0,1392,0,0,0,0,1392,12884,0
6932,220000,1,1,2,28,0,0,0,0,0,0,127021,132595,102667,108998,117186,121062,28500,5000,9604,10000,6000,14000,0
6933,500000,1,1,2,37,0,0,0,0,0,0,4331,60446,30592,154167,13410,25426,60446,30594,150843,163881,25426,39526,1
6934,50000,1,3,3,59,0,0,0,0,0,0,50739,50142,18894,18512,16853,18401,1500,1500,1000,1000,2000,1000,0
6935,210000,2,1,2,28,0,0,0,0,0,0,262,3771,5474,69536,76188,72678,3771,5474,69536,10000,4000,2100,0
6936,200000,1,1,1,41,0,0,0,0,0,0,90930,94502,93559,95060,88930,-23670,5032,2263,1901,1779,0,0,0
6937,370000,1,1,2,28,0,0,0,0,0,0,87313,90345,37554,7628,1026,1422,5000,6000,2000,1000,1422,3600,0
6938,200000,1,2,2,27,1,2,2,2,2,2,112050,115353,112099,118764,120780,123710,6501,0,10000,4001,5000,0,0
6939,260000,1,1,1,51,1,0,0,0,0,0,-200,-200,-200,6682,1718,1512,0,0,6882,1734,1512,0,0
6940,50000,2,1,2,23,0,0,0,0,0,0,15512,2552,13890,2545,15688,3088,2552,13914,2545,16508,3088,0,0
6941,260000,2,1,2,33,0,0,0,0,0,0,18460,20321,22643,20864,25604,28748,3000,3000,2000,5634,3748,1000,0
6942,230000,2,3,2,48,0,0,0,0,0,0,2781,12515,3090,1879,30467,4460,12540,3099,1884,30468,4473,5635,0
6943,20000,1,2,2,27,1,0,0,0,0,0,0,0,0,0,0,0,0,0,0,0,0,0,1
6944,500000,1,2,2,33,0,0,0,0,0,0,3311,4254,2234,5404,2375,10078,4019,2019,5025,2011,10046,3017,0
6945,160000,2,2,1,50,0,0,0,0,0,0,1261,2261,1390,390,390,0,2261,1390,390,390,0,780,1
6946,50000,1,2,2,25,0,0,2,0,0,0,1552,2452,1878,1482,326,-70,2452,0,0,0,0,3000,1
6947,220000,2,2,1,37,2,0,0,0,0,0,2345,2572,15,947,631,715,1007,16,1578,0,400,1,1
6948,150000,1,3,1,64,0,0,0,0,0,0,56852,58031,59202,60304,61650,0,2688,2730,2680,2850,0,0,0
6949,180000,2,1,2,35,0,0,0,0,0,0,11123,7883,16477,13207,73813,34935,7936,18207,0,22479,34935,5382,0
6950,80000,2,2,1,40,0,0,0,0,0,0,82150,0,0,0,0,0,0,0,0,0,0,0,1
6951,50000,2,3,2,27,0,0,0,2,2,2,41991,42736,45821,46767,45886,48701,1720,3805,2000,0,3581,0,0
6952,30000,2,2,2,26,1,2,2,0,0,0,5231,6299,6052,6299,7190,7469,1300,0,500,1000,400,1500,1
6953,180000,2,2,2,31,0,0,0,0,0,0,176731,177490,178659,138243,138023,137923,6814,7756,4788,5100,5500,5100,0
6954,70000,1,3,1,64,0,0,0,0,0,0,62188,62848,56718,47191,45959,47635,3000,2200,1700,1700,2441,2000,0
6955,300000,2,1,2,33,0,0,0,0,0,0,0,0,0,0,0,0,0,0,0,0,0,0,1
6956,640000,2,1,1,50,0,0,0,0,0,0,6482,8853,22238,9877,10110,23910,8853,22243,9877,10110,24616,5952,0
6957,60000,2,1,2,28,1,0,0,0,0,0,0,0,0,619,39224,34881,0,0,619,39224,1500,1500,0
6958,120000,2,2,2,24,2,0,0,0,0,0,67714,51385,35160,13425,8517,6174,2102,1021,274,3001,1004,4005,1
6959,280000,2,1,2,27,0,0,0,0,0,0,36382,2000,400,0,1398,4626,2000,400,0,1398,4626,0,0
6960,260000,2,1,2,32,0,0,0,0,0,0,8161,10086,12985,0,560,0,2000,3000,0,560,0,0,0
6961,50000,1,2,3,34,0,0,0,0,0,0,48538,49580,47557,20914,19646,20332,3000,3006,1500,701,1000,1000,0
6962,70000,1,2,2,47,1,2,0,0,2,2,64586,62983,64885,68164,66948,71122,0,2950,4965,0,5289,0,0
6963,50000,1,1,2,38,0,0,0,0,0,0,390,770,580,1380,0,390,770,590,1400,0,390,390,1
6964,470000,1,1,1,40,2,0,0,0,0,0,241153,204223,151253,138087,109094,106004,10000,5214,4500,5000,4200,5000,1
6965,320000,2,1,1,41,0,0,0,0,0,0,56093,0,0,0,12974,0,0,0,0,12974,0,5616,0
6966,50000,2,3,2,23,0,0,0,0,0,0,49385,49527,29550,29894,30125,30192,1500,1467,1201,1236,1103,1042,0
6967,230000,2,3,1,32,0,0,0,0,0,0,0,0,0,0,0,0,0,0,0,0,0,0,0
6968,140000,2,2,2,29,0,0,0,0,0,0,43030,44335,45351,46317,55506,56609,2000,1755,1721,10000,2028,3000,0
6969,50000,1,2,2,25,0,0,2,0,0,0,6302,7993,8506,8716,8926,9128,1800,800,500,500,500,400,1
6970,450000,2,1,2,45,1,0,0,0,0,0,0,0,0,0,4595,198,0,0,0,4595,198,5095,0
6971,500000,1,2,1,49,0,0,0,0,0,0,371,3523,483,12988,92539,94292,3540,485,13052,92539,3160,1910,0
6972,20000,1,2,2,37,0,0,0,0,0,0,15960,0,-1953,5985,6893,8273,0,18047,7985,1000,2000,0,0
6973,230000,1,1,1,38,0,0,0,0,0,0,1902,2161,1144,1346,1024,-4,2170,1149,1352,1029,0,654,0
6974,50000,1,2,2,24,1,3,3,2,2,0,53890,54084,52026,51899,50836,47828,2200,0,1800,105,2300,1600,0
6975,300000,1,2,1,31,0,0,0,0,0,0,12793,14185,12970,14786,12794,14180,14212,12985,14816,12808,14201,14109,0
6976,100000,2,3,1,36,2,2,2,2,2,2,92675,92857,80748,80708,75366,76590,3445,709,6077,2805,2906,0,0
6977,30000,1,2,2,27,0,0,0,0,0,0,29063,28601,28503,27525,27630,0,1908,1200,2,835,0,0,0
6978,400000,1,2,1,44,0,0,0,0,0,0,6389,59407,26616,15333,9995,4175,59570,1105,10021,51,4735,1733,0
6979,170000,1,1,2,30,0,2,2,0,0,0,998,998,0,499,724,390,0,0,499,724,390,424,0
6980,340000,2,3,2,57,0,0,0,0,0,0,49467,50551,53490,104477,54351,25346,1880,3819,2073,5264,2571,53860,0
6981,210000,2,2,1,35,0,0,0,0,0,0,44552,45831,46870,48089,49311,50296,2000,1800,2000,2000,1803,2000,0
6982,80000,2,2,1,38,0,0,0,0,0,0,1894,316,316,514,316,1605,316,316,514,316,1605,316,1
6983,20000,2,1,2,24,0,0,0,0,0,0,7795,4110,10269,5880,3330,4339,4112,10269,118,67,2000,2128,0
6984,300000,2,1,1,51,0,0,0,0,0,0,311,830,225,0,0,0,832,225,0,0,0,0,0
6985,20000,1,3,2,43,0,0,0,0,0,0,6085,6607,2800,11052,10522,9150,1045,1028,11052,311,183,0,1
6986,50000,1,1,1,40,0,0,0,0,0,0,50657,50529,49162,19969,19893,20282,2015,2190,809,3012,5795,2001,0
6987,60000,2,1,2,27,0,0,0,0,0,2,3136,1286,1047,-239,1475,1289,1286,1047,0,3000,0,0,0
6988,60000,2,2,2,50,0,0,0,0,0,2,59853,24975,26000,26545,30966,30330,1500,1450,965,4864,0,1001,0
6989,50000,1,3,1,51,1,2,0,0,0,0,48091,47028,46672,28478,29074,29671,1,2213,1019,1055,1080,1245,1
6990,120000,2,2,2,26,1,2,2,2,2,2,52623,51208,57538,56019,60135,61298,0,7200,0,5200,2300,0,0
6991,20000,1,3,2,59,2,2,2,0,0,0,5119,5546,6302,7193,8075,8938,1500,1000,1000,1000,1000,1000,0
6992,240000,2,2,1,40,0,0,0,0,0,0,326,326,326,326,326,326,326,326,326,326,326,326,0
6993,420000,2,1,2,36,0,0,0,0,0,0,0,3363,13581,1024,7853,5562,3363,13591,1026,7853,5562,990,0
6994,180000,2,1,2,28,1,0,0,0,0,0,0,0,0,0,0,0,0,0,0,0,0,0,0
6995,410000,2,3,2,28,2,2,2,2,0,0,407490,415276,384242,343283,320407,328827,16195,15282,15164,12005,15000,10507,0
6996,30000,1,1,2,41,0,0,0,2,2,0,16098,17130,18621,19017,18571,19264,1597,2088,1000,0,1001,380,1
6997,110000,1,2,2,25,2,0,0,0,0,0,38449,38433,37038,38336,12907,13541,3000,1800,2000,600,1000,5000,0
6998,90000,1,1,2,33,0,0,0,0,0,2,498,498,498,498,3482,2793,498,498,498,3482,0,483,0
6999,220000,1,1,1,41,0,0,0,0,0,0,30262,37068,14271,9884,4090,6108,37092,10071,9884,4090,6108,19933,0
7000,50000,2,3,1,57,2,0,0,0,0,0,47349,46353,38081,16970,17695,18401,1892,2600,2000,1000,1000,1500,1
7001,30000,2,3,2,22,0,0,0,0,0,0,20741,21906,23183,13273,3027,3177,1500,1700,750,200,200,100,0
7002,520000,1,1,1,55,0,0,0,0,0,0,2292,5139,8290,35024,10881,7208,5227,8309,35026,10883,7310,4890,0
7003,80000,2,3,1,39,2,2,2,2,2,2,48401,49326,50207,51081,52118,51129,2000,2000,2000,2001,0,4100,0
7004,20000,1,3,2,58,0,0,0,0,0,0,12066,0,0,0,0,0,0,0,0,0,0,0,0
7005,210000,2,1,2,29,0,0,0,0,2,0,27371,871,871,2042,1021,1666,871,871,2042,0,1666,316,0
7006,100000,2,2,2,28,0,0,0,0,0,0,101557,101518,97664,70995,70183,71068,5000,4000,2700,2500,2800,2600,0
7007,320000,2,1,1,33,1,0,0,0,0,0,0,0,0,1248,1479,0,0,0,1248,1479,0,0,0
7008,500000,2,2,1,44,0,0,0,0,0,0,38034,39044,38458,39222,40043,40854,1632,1639,1403,1452,1475,1117,0
7009,20000,2,3,1,41,0,0,0,0,0,2,16208,16942,18255,18468,19715,19250,1300,1600,813,1700,0,831,0
7010,10000,1,2,1,59,0,0,0,0,0,0,6827,7849,8704,8877,9063,9318,1290,1145,318,329,406,186,0
7011,310000,1,3,1,43,0,0,0,0,0,0,4323,650,10453,10115,600,1788,650,10453,202,1098,1788,200,0
7012,200000,2,1,2,37,0,0,0,0,0,0,11211,12329,11846,25920,8035,8521,12329,11846,25924,161,8521,5538,0
7013,180000,1,3,2,29,0,0,0,0,0,0,4358,3160,2611,8710,5127,8758,3169,2618,8736,5142,8766,15040,0
7014,50000,1,2,1,32,0,0,0,0,0,0,37293,35441,26265,19526,13250,11250,1634,1420,391,300,500,0,0
7015,150000,2,2,2,41,0,0,0,0,0,0,2371,40800,1995,285,4926,5523,40824,2340,0,4970,5527,903,0
7016,500000,2,1,1,45,0,0,0,0,0,0,93669,101892,76452,20965,50466,61566,10147,5331,10000,30000,12000,10000,0
7017,230000,1,2,2,31,0,0,0,0,0,0,14529,16597,18968,21435,27151,26815,5500,3000,4000,8000,4000,5000,1
7018,20000,1,2,2,38,0,0,0,0,0,0,19845,18245,17658,16576,13529,10387,1694,1368,547,504,347,6000,0
7019,190000,2,2,2,28,0,0,0,0,0,0,43072,43537,41016,40702,40676,27560,3768,3500,2500,4000,3000,3000,0
7020,20000,2,2,2,24,0,0,0,0,0,0,19043,20210,18091,19431,19478,17492,1500,1408,5000,1000,2000,5000,0
7021,170000,1,3,1,51,0,0,0,0,0,0,55396,56493,55594,50417,45347,46247,8000,6000,1709,1645,1653,1725,0
7022,210000,2,2,2,43,0,0,0,0,0,0,180962,181870,159975,138349,112371,111979,6601,5085,4087,4220,27704,73000,0
7023,100000,1,2,1,44,2,2,2,2,3,2,59586,60842,61749,65130,63816,65011,2800,2500,5000,0,2400,2400,1
7024,260000,2,2,1,42,0,0,0,0,0,2,50060,54213,49512,18657,33296,32622,5000,2655,800,15000,0,10000,0
7025,200000,2,2,2,25,0,0,0,0,0,0,22371,24569,28630,29962,30733,39192,2569,4500,1800,2000,9000,5000,0
7026,90000,1,2,3,40,0,0,0,0,0,0,106947,71111,25286,8773,3786,390,1965,5064,5007,3788,390,390,1
7027,470000,2,1,1,35,0,0,0,0,0,0,270005,262579,248080,232961,217802,202092,9500,9000,8086,14700,7000,9000,0
7028,270000,2,1,2,27,0,0,0,0,0,2,153201,136157,115733,93359,55264,11292,5933,9851,4214,4300,0,1000,0
7029,100000,1,1,1,49,0,0,0,2,2,2,63977,64854,69258,67546,71938,73605,2500,6100,0,5500,3000,0,1
7030,200000,2,1,2,40,1,0,0,0,0,0,-433,-433,-433,8567,17363,0,0,0,9000,17363,0,0,0
7031,70000,2,2,1,43,0,0,0,0,0,0,38173,38750,39493,39879,40314,40725,1957,1700,1408,1448,1456,1475,0
7032,200000,2,1,1,40,0,0,0,0,0,0,16204,7870,18041,4288,2270,467,7870,18090,4288,2270,467,18,0
7033,50000,2,2,1,31,0,0,0,0,0,0,52754,50393,25953,27350,19931,16845,3000,5000,3000,3002,3007,7000,0
7034,90000,2,2,1,24,0,0,0,0,0,0,28329,28980,29564,29710,29700,0,1800,1774,920,1102,4014,0,0
7035,50000,2,2,1,30,0,0,0,0,0,0,48139,49364,50558,23921,24423,25059,2299,2493,856,887,1043,922,0
7036,240000,2,1,1,37,0,0,0,0,0,0,317,0,0,0,0,0,0,0,0,0,0,0,0
7037,140000,1,1,2,35,0,0,0,0,0,0,325,537,4233,857,325,325,537,4233,857,325,325,954,0
7038,120000,1,1,1,52,2,2,2,2,3,2,112593,112623,115258,119620,118928,121619,3300,6000,7800,1500,4800,0,0
7039,460000,1,2,1,61,1,0,0,0,0,0,0,8602,0,880,1018,99,8602,0,880,1018,99,1922,0
7040,170000,2,2,1,25,0,0,0,0,0,0,1906,3970,3406,1703,495,6616,4000,2703,0,495,6616,495,0
7041,500000,2,1,1,39,0,0,0,0,0,0,39823,61597,52210,27843,28926,11931,30006,23016,566,22323,11931,10683,0
7042,50000,1,2,1,51,0,0,0,0,0,0,31281,30832,20497,19465,18474,20096,2556,1582,811,700,2318,1101,0
7043,210000,2,1,2,26,1,0,2,0,0,0,-12,488,488,488,-260,-506,500,0,0,0,0,0,0
7044,50000,1,1,2,24,0,0,0,0,0,2,42509,43565,44530,40206,46538,47311,2041,2006,1632,7177,1701,0,0
7045,200000,2,2,1,42,0,0,0,0,0,0,326,645,586,600,485,0,645,586,600,485,0,0,0
7046,20000,2,1,2,26,0,0,0,0,0,0,11030,5331,20985,6932,37345,28798,5331,20985,6932,37845,2000,11200,0
7047,80000,2,2,1,53,1,2,2,2,0,0,9715,9415,11254,10777,12096,13895,0,2000,0,1500,2000,0,0
7048,430000,1,2,1,32,1,0,0,0,0,0,0,2500,0,0,0,0,2500,0,0,0,0,0,1
7049,350000,2,1,2,44,3,2,2,2,2,2,314607,322032,327193,333278,340791,348006,14000,12000,13000,13000,13000,12200,1
7050,50000,2,2,1,34,0,0,0,0,0,0,2738,8192,3595,900,6483,0,8199,3622,900,6483,0,0,0
7051,210000,2,3,1,55,0,0,0,0,0,0,217016,204418,204377,146575,144521,147938,8049,9000,6000,5500,5816,5500,1
7052,20000,1,2,2,51,0,0,0,0,0,0,780,0,-1500,780,0,0,0,0,2280,0,0,0,0
7053,160000,2,2,2,29,0,0,0,0,0,0,36134,21827,421,421,2876,1949,21000,421,421,2876,1949,8090,1
7054,50000,2,3,1,46,2,0,0,2,2,0,25706,25040,25376,23845,21691,20426,1434,2456,784,0,778,573,1
7055,50000,2,1,2,24,0,0,0,0,0,0,49982,49650,48321,30281,30380,28852,1963,1739,1033,1058,1041,1007,0
7056,30000,1,3,2,31,3,2,0,0,0,2,30588,26860,21165,21281,22938,22422,0,1646,762,2000,0,647,1
7057,100000,1,1,2,29,2,2,2,2,2,0,48186,48924,47837,51361,50417,51400,1800,0,4321,0,2400,0,1
7058,360000,1,2,2,28,0,0,0,0,0,0,35564,25173,10633,7217,7364,-7,2086,3017,144,147,0,763,0
7059,310000,2,2,1,34,0,0,0,0,0,0,4153,2199,5565,4050,4922,15362,1002,5565,4050,4922,15362,12000,0
7060,50000,2,2,3,30,2,2,0,0,0,0,40087,38281,34519,33965,33273,31960,0,1466,1282,1293,1257,3013,0
7061,120000,2,2,1,37,0,0,0,2,0,0,12006,13024,14795,14313,14762,14902,1171,1942,0,626,478,495,0
7062,30000,2,2,2,29,1,2,0,0,0,2,16493,15545,16557,16857,18121,18375,0,1275,575,1539,700,0,1
7063,200000,2,2,2,30,0,0,0,0,0,0,193300,191254,176720,164729,162097,154016,6860,5870,5009,5543,6037,5002,0
7064,20000,1,3,2,37,0,0,0,0,0,0,19716,20518,16551,1700,0,0,1547,1350,1700,0,0,0,0
7065,50000,2,2,2,23,0,0,0,2,0,0,47020,48383,47231,20508,20584,19625,2139,2500,6,2000,2000,2000,1
7066,70000,2,1,2,25,0,0,0,0,0,0,8272,10128,11106,11443,10323,11150,2000,1163,500,376,1000,800,0
7067,290000,2,1,2,32,1,0,0,0,0,0,0,0,3786,3786,2881,2430,0,3786,0,2881,2430,0,0
7068,90000,2,1,2,30,2,2,3,3,3,3,750,750,750,750,2450,2150,0,0,0,2000,0,0,0
7069,150000,1,2,1,37,2,2,2,2,2,2,106628,100750,86686,78497,67612,55050,7400,0,4800,1800,0,2100,1
7070,90000,1,2,2,38,0,0,0,0,0,0,112212,109495,48950,20253,18810,19496,5170,21287,1353,1000,1000,607,0
7071,80000,1,1,1,40,0,0,2,2,2,2,28054,31201,31594,30787,34513,34995,3600,1200,0,4246,1200,1500,1
7072,100000,1,1,2,32,1,2,2,0,0,0,95794,97390,94110,92823,68136,53170,4000,0,2000,2000,3000,0,0
7073,200000,2,2,1,41,0,0,0,0,0,0,-780,-783,909,2004,2008,0,0,1692,2004,4,54,0,0
7074,140000,2,2,2,31,3,3,2,2,2,2,124716,127047,128479,129869,132540,135201,5800,5000,5000,4900,5000,5000,1
7075,110000,2,2,2,45,0,0,0,0,0,0,836,9376,85924,33342,33193,32993,9376,85924,1167,1197,1180,1163,0
7076,50000,2,3,3,43,0,0,0,0,0,0,31199,36067,24727,30182,27043,25995,12009,2111,11000,1000,6000,6001,0
7077,60000,2,2,1,42,0,0,0,0,0,0,61759,60399,38994,40338,40142,39904,2600,2000,2000,1614,1590,2000,0
7078,130000,1,1,1,40,0,0,0,0,0,0,25375,26128,25327,25775,0,0,1500,1852,1300,0,0,0,0
7079,320000,2,2,1,43,0,0,0,0,0,0,181048,186444,188596,192145,195813,198648,8500,7000,6800,7000,6965,7500,0
7080,120000,2,3,1,42,0,0,0,0,0,0,2207,263,4531,1211,4015,2042,263,4531,0,4015,0,1007,0
7081,450000,2,2,2,35,1,2,0,0,0,0,347994,311267,365723,370496,374405,373155,0,90000,14011,14029,14052,14000,0
7082,200000,2,2,1,36,0,0,0,0,0,0,136286,183615,184792,195062,195156,192436,50000,7000,15000,7500,7500,10000,1
7083,20000,1,1,2,31,1,3,2,0,0,0,16170,15646,14020,13345,0,0,0,5,1925,0,0,0,1
7084,410000,2,2,1,29,0,0,0,0,0,0,6764,6500,6764,1743,149153,145597,6500,6764,3542,161064,5072,4891,0
7085,210000,2,1,1,40,0,0,0,0,0,0,206803,207471,152365,146625,146163,146180,7876,5400,6000,6000,6000,10000,0
7086,210000,2,1,1,36,1,0,0,0,0,0,0,0,0,0,0,0,0,0,0,0,0,0,1
7087,130000,1,3,1,38,1,0,0,0,0,0,0,0,0,0,0,0,0,0,0,0,0,0,0
7088,170000,2,1,2,27,0,0,0,0,0,2,6504,1046,0,0,910,382,1046,0,0,910,0,532,1
7089,190000,2,2,1,55,0,0,0,0,0,0,104344,106814,104047,88269,90264,88823,6003,5009,5750,3500,3500,3200,0
7090,230000,2,1,2,28,0,0,0,0,0,0,95956,87294,85336,81640,82462,80964,4231,4061,2846,2800,2909,2601,1
7091,120000,2,2,2,29,0,0,0,0,0,0,114538,117171,115941,116877,117359,117029,6000,5500,4160,4120,4250,4380,0
7092,50000,2,2,2,23,0,0,2,0,0,0,17313,20019,19399,19785,20465,20877,3000,0,709,1000,750,1000,1
7093,220000,2,2,2,41,0,0,0,0,0,0,32016,29052,23115,20354,7438,4887,2004,2009,5004,1000,1000,3000,1
7094,320000,2,1,2,32,2,0,0,0,0,0,313383,313136,317847,313990,312070,319672,12937,13036,10072,9600,11056,9964,0
7095,160000,2,2,1,27,0,0,0,0,0,0,75652,44675,-183,-218,-218,-218,1020,0,0,0,0,0,1
7096,20000,2,2,2,23,0,0,0,0,2,0,4561,6474,8353,13192,14871,11536,2000,2000,5000,2000,1000,2000,0
7097,460000,2,1,2,34,1,0,0,0,0,0,-258,-258,-258,1209,703,990,0,0,1467,703,990,3200,0
7098,490000,1,1,1,38,1,0,0,0,0,0,380,380,380,15240,19656,24006,380,380,15240,5000,5000,7396,0
7099,130000,2,2,1,47,0,0,0,0,0,0,85317,86865,88760,35671,36977,38931,3813,4013,1274,1878,3116,0,0
7100,170000,1,2,2,41,0,0,0,0,0,0,162500,122372,66038,67934,69834,71668,4781,3000,3000,3000,3000,3000,0
7101,150000,2,2,2,24,0,0,0,0,0,0,108924,109705,108748,108116,108951,109901,4000,5500,4000,4100,4300,4000,0
7102,180000,2,1,2,33,0,0,0,0,0,0,1246,1845,471,471,248,335,1845,471,471,248,335,200,0
7103,50000,1,3,2,35,0,0,0,0,0,0,41646,43257,31473,1473,1473,3873,4000,5300,1473,1473,3873,390,0
7104,240000,2,5,1,44,0,0,0,0,0,0,47315,34623,34347,36082,32957,18797,3000,3500,9700,4000,6300,3000,0
7105,390000,2,1,2,37,0,0,0,0,0,0,20666,20666,10000,20666,10000,10000,20666,10000,20666,10000,10000,10500,0
7106,50000,1,3,2,47,0,0,0,0,0,0,48593,48653,15433,15037,10527,10736,1278,1469,463,381,383,398,0
7107,310000,1,1,1,43,0,0,0,0,0,0,0,0,0,0,0,0,0,0,0,0,0,0,0
7108,100000,2,1,2,28,1,0,0,0,0,0,290,930,977,0,0,0,1534,977,0,0,0,0,0
7109,260000,2,1,2,36,0,0,0,0,0,0,2992,0,0,0,0,150,0,0,0,0,150,310,0
7110,30000,2,2,2,28,0,0,0,0,2,2,28347,29880,29588,30687,25637,26468,2000,2000,2200,0,1800,0,0
7111,310000,1,2,2,27,0,0,0,0,0,0,68928,43431,61756,88416,59964,44873,43894,61816,39022,10041,15080,46146,0
7112,270000,1,1,2,40,0,0,0,0,0,0,193444,202284,199443,147121,162262,107338,15000,7000,10000,25000,15000,15000,0
7113,250000,2,1,1,30,0,0,0,2,0,0,1923,-574,2533,1607,56694,58091,900,4500,0,57000,5000,0,1
7114,130000,2,2,1,31,0,0,0,0,0,0,32215,33690,34859,34051,32827,16702,2000,2000,2000,1000,2000,7131,0
7115,220000,1,1,1,35,0,0,0,0,0,0,21960,21860,25463,28036,34552,43827,2000,4000,3000,7000,11000,3000,0
7116,60000,2,2,2,48,0,0,0,0,0,0,86550,82592,77423,70653,22552,23708,3000,3000,3000,5000,3000,3000,0
7117,120000,1,1,2,29,0,0,0,0,0,0,119324,119255,120584,70990,0,0,5025,4023,3300,0,0,68010,0
7118,30000,2,2,1,35,0,0,2,0,0,0,11359,27657,26745,27345,25300,0,27657,0,1000,0,0,0,0
7119,130000,2,1,2,30,2,2,2,2,2,0,124651,128263,129669,131057,128857,131469,7100,5000,5000,0,4928,4574,1
7120,100000,2,2,1,35,0,0,0,0,0,0,29048,0,4069,37069,20233,22227,0,4069,33000,20000,22227,20000,0
7121,200000,2,1,2,26,0,0,0,0,0,0,1290,599,0,253,0,0,599,0,253,0,0,0,0
7122,260000,2,2,1,47,0,0,0,0,0,0,164137,167734,171932,175152,180719,183138,10000,10000,9000,10000,7000,6000,0
7123,390000,1,1,1,45,2,2,0,0,0,0,185204,180455,131386,131879,115183,75131,0,6000,3500,5000,4500,3000,1
7124,340000,2,1,2,42,0,0,0,0,0,0,308023,327245,206832,1682,1352,1520,27245,9184,1682,1352,1520,1442,0
7125,140000,2,2,2,24,0,0,0,0,0,0,137037,127771,124714,73593,73344,78629,5053,3615,2573,2858,8000,2000,1
7126,220000,2,2,2,39,0,0,0,0,0,0,142186,141068,140391,140549,140303,140737,7000,7000,5006,6000,6312,6000,0
7127,20000,1,2,1,31,0,0,0,0,0,0,1572,1386,999,2640,1000,0,1386,1003,2640,1000,0,0,0
7128,500000,1,2,2,40,0,0,0,0,0,0,33179,97882,48017,49403,40018,54109,99159,48276,49450,201,54379,9905,0
7129,210000,2,2,1,33,0,0,0,0,0,0,8770,10972,22610,10161,5933,4164,6000,15042,5000,0,4164,816,1
7130,340000,2,2,2,39,0,0,0,0,0,0,308286,315601,318616,243586,248766,254056,13775,10631,8900,9200,9525,8600,0
7131,130000,1,2,1,44,2,0,0,0,0,2,16357,17287,19992,22329,23964,23428,1500,3000,3000,2000,0,1500,1
7132,200000,2,2,2,34,0,0,0,0,0,0,189279,195200,60278,58972,55731,99900,10000,5023,5000,5000,50000,4000,0
7133,150000,1,1,1,35,0,0,0,0,0,0,160292,153981,129725,103050,54447,46943,6100,5100,4200,1900,1600,1500,1
7134,50000,2,3,2,22,0,0,0,0,0,0,36926,52845,52148,32718,32096,30563,20007,3014,1309,5009,2008,4622,0
7135,60000,2,1,2,25,2,2,2,2,4,3,38050,39147,38223,43261,42009,41036,2000,0,6000,0,0,1400,1
7136,60000,1,1,2,27,0,0,0,0,0,0,1386,5273,1586,5781,1188,1061,5273,30000,11776,0,1061,1239,0
7137,150000,2,3,1,29,0,0,0,0,0,0,118025,120493,123087,124843,127431,130008,4278,4500,3700,3716,3768,4000,0
7138,180000,1,1,1,38,2,2,2,2,2,2,47276,49256,50186,51102,52178,53213,3000,2000,2000,2000,2000,2100,1
7139,50000,1,2,2,22,0,0,0,0,0,0,55100,52440,47080,15718,13674,15145,2372,2149,1203,2000,1716,628,0
7140,10000,2,3,1,48,0,0,0,0,0,0,7863,8504,8162,6978,2278,0,1172,1000,186,0,0,0,0
7141,100000,2,2,2,24,0,0,0,0,0,0,94056,96272,97464,80034,80533,77479,3730,3033,2676,2796,2806,2379,0
7142,30000,2,2,2,21,0,0,0,0,0,0,0,780,3260,4311,1551,0,780,3260,4311,1551,0,0,0
7143,50000,1,3,1,51,0,0,0,0,0,0,48550,46267,46716,29744,30060,29449,2000,1400,984,1013,1006,939,0
7144,30000,1,2,1,39,0,0,0,0,2,0,19643,20721,21867,24291,23766,23696,1700,1800,3100,0,565,98,1
7145,100000,2,2,2,30,2,2,2,2,2,2,96638,98491,99983,100555,103300,101471,4300,4000,3100,4500,0,3845,1
7146,100000,1,2,2,35,2,2,2,0,0,2,24524,27313,26580,26840,28810,28966,3500,0,1000,2400,780,2400,0
7147,290000,1,2,1,37,0,0,0,0,0,0,199911,204462,208769,213085,211829,96532,8001,8001,8037,10074,5010,179228,0
7148,140000,2,2,1,42,0,0,0,0,0,0,3726,2826,1646,4650,5764,7116,2846,1646,4500,3000,3000,1838,0
7149,240000,2,1,1,39,1,0,0,0,0,0,0,0,0,0,0,0,0,0,0,0,0,0,0
7150,380000,1,1,2,27,0,2,0,0,0,0,2501,1138,966,1258,1121,1362,0,966,1500,1121,1362,1472,0
7151,230000,2,3,1,54,0,0,0,0,0,0,1227,784,1854,396,1950,1099,784,1854,396,1950,1099,2040,0
7152,40000,2,1,2,24,0,0,0,0,0,0,28140,32343,39717,37263,35224,34111,5000,8017,7000,4000,5000,5000,1
7153,210000,2,1,1,34,0,0,0,0,0,0,74261,75602,76062,76287,76971,77737,3500,3300,3000,3000,3000,3000,0
7154,150000,2,2,1,37,0,0,0,0,0,0,144744,147891,116541,114511,0,0,4610,2336,2290,0,0,0,0
7155,70000,2,3,1,27,2,2,2,2,2,2,27241,30416,29628,32350,33218,32532,3628,0,3218,1532,0,2257,1
7156,80000,2,2,2,24,0,0,0,0,0,0,9591,1726,0,0,0,0,1000,0,0,0,0,0,0
7157,50000,1,2,2,30,0,0,0,0,0,0,49259,47114,83908,18801,16494,19191,2500,3320,2000,1000,3000,1000,0
7158,300000,2,2,2,27,0,0,0,0,0,0,0,0,0,0,0,0,0,0,0,0,0,0,0
7159,180000,2,2,2,30,0,0,0,0,0,0,63182,64274,55112,56394,57577,58564,2166,2002,2200,2242,2100,2330,0
7160,150000,2,1,2,35,0,0,0,0,0,0,9164,14011,7715,8295,7301,4388,14021,7723,8295,7301,4388,1600,0
7161,60000,1,1,2,24,0,0,0,0,0,0,20873,22228,22691,22816,26587,22917,2000,1246,720,4780,1700,4000,0
7162,100000,2,2,2,37,0,0,0,0,0,0,177961,108173,15697,11353,9306,9693,3082,2022,1000,1000,500,300,1
7163,90000,2,2,1,26,2,0,0,0,0,0,89947,91929,88433,88010,87814,87831,5000,4300,3500,3500,3700,3100,0
7164,20000,1,2,1,43,0,0,0,0,0,0,14102,14870,16116,16436,16781,17112,1300,1500,588,610,611,788,0
7165,320000,2,1,2,32,0,0,0,0,0,0,-1,-1,-1,-1,0,-400,0,0,0,1,400,6083,1
7166,90000,2,3,1,68,0,0,0,0,0,0,2000,1000,1000,1000,1052,69237,0,1000,1000,1052,71062,3000,0
7167,500000,1,2,2,36,1,0,0,0,0,0,226,8546,121867,116089,114293,118081,9125,126768,3468,4050,15099,5015,0
7168,210000,1,1,1,37,0,0,0,0,0,0,3094,565,1188,2667,546,578,565,1188,2667,546,578,2769,0
7169,30000,1,2,2,29,2,0,0,0,0,0,28603,28785,0,0,0,0,1000,0,0,0,0,0,1
7170,20000,1,2,1,51,0,0,0,0,0,0,10400,0,0,0,0,0,0,0,0,0,0,0,1
7171,50000,2,1,2,23,1,0,0,0,0,0,0,0,0,0,0,0,0,0,0,0,0,0,0
7172,360000,2,3,1,39,0,0,0,0,0,0,4964,177,2011,1116,0,0,177,2011,1116,0,0,0,0
7173,80000,2,3,1,28,0,0,0,0,0,0,36847,38847,35017,36175,0,0,2000,2000,2000,0,0,0,0
7174,150000,1,1,1,47,0,0,0,0,0,0,4003,2877,3190,389,389,389,2891,3205,390,390,390,376,0
7175,20000,1,2,1,36,2,2,2,2,2,2,25274,25026,23073,22857,21143,21482,1700,0,1653,0,1940,0,0
7176,150000,2,3,1,55,0,0,0,0,0,0,1194,2095,2154,2900,2512,3514,2101,2160,3046,2519,3625,0,0
7177,340000,1,3,1,29,0,0,0,0,0,0,332123,327362,324322,316472,317349,314212,14000,12000,12000,12000,12000,12000,0
7178,500000,1,2,1,61,1,0,0,0,0,0,0,0,0,0,0,0,0,0,0,0,0,0,1
7179,100000,2,3,1,33,0,0,2,0,0,2,32526,37106,36260,36995,39355,39982,5396,0,1285,2916,1368,0,0
7180,160000,1,2,1,62,0,0,0,0,0,0,0,0,0,0,0,0,0,0,0,0,0,0,0
7181,300000,2,1,1,42,0,0,0,0,0,0,400,0,14583,2506,2996,370,0,14583,2513,2996,370,1986,0
7182,240000,1,1,2,34,0,0,2,0,0,0,18825,12675,2880,13267,10036,24731,12880,0,13267,2000,15000,0,0
7183,60000,2,2,1,30,2,0,0,0,0,0,60558,59361,60167,58078,59198,60677,3500,3000,1000,2000,2000,1000,1
7184,20000,2,2,2,21,0,0,0,0,0,0,13717,9058,0,0,0,0,1005,0,0,0,0,0,0
7185,80000,2,2,1,25,0,2,2,0,0,0,1374,2373,2182,2232,3053,2271,1170,0,220,1000,282,0,0
7186,20000,1,2,1,47,0,0,0,0,0,0,390,780,0,0,0,0,780,0,0,0,0,0,0
7187,240000,2,1,1,35,0,0,0,0,0,0,5770,10412,4578,5928,5619,13227,10420,1150,5928,3619,13227,7764,0
7188,20000,1,2,2,25,1,2,2,2,2,0,19242,20339,19707,20899,20450,20197,1700,0,1800,0,1000,900,0
7189,290000,1,2,1,33,0,0,0,0,0,0,190547,173438,154966,131245,130861,120312,7158,5816,5000,5000,5000,4000,0
7190,120000,2,1,2,33,0,0,0,0,0,0,53087,54805,55308,56407,57753,60130,2572,2009,2020,2256,3500,1739,0
7191,100000,2,2,2,33,0,0,0,0,0,0,61089,81262,59110,70052,84659,57648,30010,10047,20000,17000,5000,10000,0
7192,20000,1,2,1,42,0,0,0,0,0,0,18317,18455,19399,19962,14938,3039,1500,1400,1009,307,1200,0,0
7193,60000,2,2,1,49,1,2,2,2,0,0,17013,18440,18841,18241,18946,20634,2000,1000,0,1000,2000,0,1
7194,150000,2,2,2,26,0,0,0,0,0,2,10693,13188,19902,23068,26184,25615,3000,7000,3500,3500,0,3500,1
7195,500000,1,1,1,57,0,0,0,0,0,0,4560,600,0,51697,37511,1685,600,0,51697,37511,1685,414,0
7196,120000,2,2,2,24,0,0,0,0,0,0,34670,35606,27065,25948,11884,3107,2033,1200,0,0,3107,8542,1
7197,80000,2,2,1,35,0,0,0,0,0,0,7961,15290,1806,-1203,14107,8575,20004,1806,0,20000,0,6955,0
7198,100000,2,3,1,39,0,0,0,0,0,0,39667,40704,41718,41536,42243,42929,1649,1663,1471,1360,1212,4472,0
7199,20000,1,1,1,53,0,0,0,0,0,0,13605,14629,15640,15950,16130,17011,1249,1260,570,436,1150,1000,0
7200,200000,2,2,1,33,0,0,0,0,0,0,23762,25944,26988,25237,22131,13774,4000,2000,600,3000,4000,100,0
7201,80000,1,1,1,39,0,0,0,2,0,0,61708,65080,68835,41462,36589,39985,5000,5169,21,3000,4000,57,0
7202,80000,1,1,2,33,0,0,0,0,0,2,75985,79918,70203,67934,75781,73848,12036,10010,3000,9400,0,8000,0
7203,150000,1,1,2,26,0,0,0,2,0,0,29712,28045,31732,26989,33624,29786,3200,6300,0,10000,2000,2000,0
7204,50000,1,2,1,50,0,0,0,0,0,0,47721,48993,50280,18762,18290,19165,2037,2324,1000,1000,1165,1596,0
7205,370000,2,1,2,28,0,0,0,0,0,0,577,27895,-4247,4347,5562,0,63895,0,8694,5562,0,3500,0
7206,130000,2,2,2,25,0,0,0,0,3,2,107594,109896,112064,130239,127980,130305,4023,4030,20000,0,4500,0,1
7207,450000,2,1,1,41,0,0,0,2,0,0,2663,3146,3246,1623,1623,1694,2146,1623,0,1623,1694,2795,0
7208,200000,2,2,1,44,0,2,0,0,0,0,500,500,61807,7849,14978,46333,0,61807,7849,10000,35000,10000,0
7209,130000,1,1,2,30,0,0,2,0,0,0,90864,104418,100455,38632,35826,36730,16000,0,1500,1395,1500,1511,0
7210,230000,2,5,2,23,0,0,0,0,0,0,55197,53593,53470,137734,135386,14718,2712,1551,95022,3015,3003,153001,0
7211,90000,2,1,2,29,0,0,0,0,0,0,9124,10220,12044,27847,8251,26501,10000,10016,25000,8000,26000,12000,0
7212,30000,1,3,1,53,0,0,0,0,0,0,263,14833,5242,19705,10417,9736,14849,5250,19711,10417,9979,5108,0
7213,180000,1,2,1,43,0,0,0,0,0,0,4425,5546,6363,7363,3723,2645,1200,1000,1000,1000,500,1000,1
7214,140000,1,1,2,32,0,0,2,2,2,0,9556,6434,5413,5841,5215,8671,3000,0,5000,0,8671,7000,0
7215,380000,1,1,1,52,1,0,0,0,0,0,0,0,0,0,0,0,0,0,0,0,0,0,0
7216,30000,2,2,1,56,2,2,2,2,3,2,26008,27091,27648,29297,28544,29125,1800,1300,2400,0,1200,2500,1
7217,80000,2,3,1,46,2,0,0,0,0,2,77490,80204,79650,81338,81438,80959,5000,4000,4003,13000,3515,0,1
7218,60000,2,3,1,47,0,0,0,0,0,0,59098,23100,17708,10148,9284,2241,1392,1000,203,186,347,17971,1
7219,290000,2,1,2,32,0,0,0,0,0,0,0,5743,8809,0,7241,10289,5743,5000,0,7241,5000,5000,0
7220,160000,2,2,1,26,0,0,0,0,0,0,1319,3934,399,690,590,0,3941,399,690,590,0,1926,1
7221,20000,1,1,2,28,0,0,0,0,0,0,7032,14244,14065,16161,11106,12500,12500,3000,4000,2000,2000,5000,0
7222,80000,2,3,1,65,0,0,0,0,0,0,80260,82116,80299,81416,81617,81607,3750,3520,3069,3271,3262,3237,0
7223,360000,2,1,1,34,0,0,0,0,0,0,4259,1374,846,14998,14998,679,1376,852,14998,0,683,4902,0
7224,30000,2,1,2,44,1,2,0,0,0,0,39347,34702,34822,15722,16467,17537,1200,1000,18000,1000,1500,1000,0
7225,140000,2,2,1,37,0,0,0,0,0,0,330,330,330,330,330,947,330,330,330,330,947,2389,0
7226,150000,1,1,2,33,0,0,0,0,0,0,78038,63176,52807,34199,32061,23682,5000,10116,5000,6000,3000,7000,0
7227,130000,1,1,1,45,0,0,0,0,0,0,58180,59134,61156,62377,63832,65099,2886,2908,2129,2354,2366,2291,0
7228,410000,1,1,1,34,0,0,0,0,0,0,109256,15134,5063,1019,14585,5370,15000,4867,803,14436,5396,875,1
7229,70000,2,1,2,28,0,0,0,0,0,0,48910,50171,51238,52196,53747,47695,2050,2100,2000,2000,2100,1500,1
7230,30000,2,1,2,24,0,0,0,0,0,0,27181,26849,27594,28157,28723,28059,2000,1500,1000,1000,1000,1000,0
7231,50000,2,2,1,37,0,0,0,0,0,0,7465,2790,1323,156,-177,2406,2790,1323,156,2,2583,1581,0
7232,180000,1,2,1,45,0,0,0,0,0,0,119109,119166,121661,122244,119536,109210,6000,6000,5000,4200,3862,3887,0
7233,30000,2,2,2,36,0,0,0,0,0,0,390,390,780,390,0,780,390,780,0,0,780,0,0
7234,20000,1,1,2,38,0,0,0,0,2,0,16787,17912,18706,20086,19632,20160,1700,1400,1684,0,1000,850,0
7235,30000,1,2,2,24,0,0,0,0,0,0,12800,0,0,90,-40,-3000,0,0,90,0,0,10400,0
7236,20000,2,2,2,53,0,0,0,0,0,0,8847,10202,11227,11145,11381,12191,1500,1500,400,416,1002,0,0
7237,280000,1,1,2,27,0,0,0,0,0,0,6564,1333,21064,19969,578,35152,1334,21003,428,12,35152,892,0
7238,50000,2,2,1,28,0,0,0,0,0,0,14262,16024,17744,19440,23089,24695,2000,2000,2000,4000,2000,2000,1
7239,360000,1,1,1,34,1,0,0,0,0,0,-130,-130,-130,-130,25619,-395,0,0,0,25749,0,0,1
7240,190000,2,3,1,41,2,0,0,2,0,0,185738,187764,100526,94909,94804,94007,7762,7700,0,3545,3386,3575,1
7241,180000,2,1,1,36,0,0,0,0,0,0,2846,2092,4629,3007,5827,1118,2092,4631,3007,5827,1200,1030,0
7242,60000,2,1,2,24,0,0,0,0,0,0,48890,43651,34358,34986,35770,36622,2000,1800,1500,1500,1600,1500,0
7243,320000,2,2,1,47,0,0,2,0,2,0,10159,37758,15591,39240,28424,25120,38075,0,39424,0,25120,35375,0
7244,10000,1,3,2,33,0,0,0,0,0,0,1655,1473,390,390,540,150,1473,390,390,540,150,3780,1
7245,200000,2,2,1,52,0,0,2,0,0,2,316,632,316,782,782,316,632,0,782,316,0,632,1
7246,50000,1,2,2,24,0,0,0,0,0,0,9923,5088,5625,4428,5092,5685,1200,2065,1000,2070,2000,10327,0
7247,180000,2,1,2,25,0,0,0,0,0,0,0,0,0,0,0,0,0,0,0,0,0,0,0
7248,20000,1,2,2,24,2,2,2,2,4,3,15586,16649,16090,20648,19759,19160,1609,0,5148,0,0,0,1
7249,300000,2,2,1,28,2,0,0,0,0,0,296665,300861,263571,252197,226555,206642,11500,9000,8000,7000,7500,6006,0
7250,90000,2,1,2,28,0,0,0,0,0,0,350,0,0,0,0,0,0,0,0,0,0,0,1
7251,160000,2,2,2,23,0,2,0,0,0,0,116212,88542,68311,48875,37261,4267,0,2483,900,20000,4267,24659,1
7252,20000,1,2,2,39,0,0,0,0,0,0,14154,15179,16191,16512,16858,17193,1258,1270,591,612,615,637,0
7253,150000,2,2,2,28,0,0,0,0,0,0,8200,2500,7500,11478,7080,1651,2500,7500,11478,7080,1651,43600,0
7254,50000,1,3,2,26,1,2,3,2,0,0,48560,52047,50597,20378,18344,19618,4570,0,0,2000,2000,341,0
7255,60000,1,3,3,43,0,0,0,0,0,0,70367,66657,63553,59633,55689,52778,2415,3000,2125,2007,3000,1758,0
7256,210000,2,1,1,54,0,0,0,0,0,0,16355,18063,18077,14113,7049,2026,3000,2000,3000,150,2026,1026,0
7257,150000,1,2,2,27,0,0,0,0,0,0,134492,138107,89238,49677,97028,99214,6000,7000,2200,48500,3600,3500,0
7258,60000,2,2,2,24,0,0,0,0,0,0,58143,60221,50135,19553,11896,15241,3044,1123,7553,474,3586,305,1
7259,210000,2,2,1,35,0,0,0,0,0,0,25806,5861,1666,1010,300,300,1035,1666,1010,300,0,4817,0
7260,210000,1,2,2,28,0,0,0,0,0,0,198724,200500,0,0,0,0,4500,0,0,0,0,0,0
7261,360000,2,3,1,31,0,0,0,0,0,0,28835,14596,10705,3400,6410,5479,14596,10705,3400,6410,5479,4120,0
7262,10000,1,1,2,25,0,0,2,3,2,0,6005,8891,9389,9111,8837,8135,3000,800,0,0,500,500,0
7263,140000,2,1,2,32,0,0,0,0,2,2,142043,0,137909,138999,137275,136141,7000,0,5000,9100,3400,0,0
7264,100000,2,1,2,33,1,2,0,0,0,0,55066,53612,54720,55808,56976,58108,0,2000,1998,2068,2079,2155,0
7265,50000,1,2,2,23,0,0,0,0,0,0,836,836,1616,780,390,540,836,1616,0,0,540,390,1
7266,360000,2,3,2,42,0,0,0,0,0,0,0,0,0,0,0,0,0,0,0,0,0,0,1
7267,360000,1,2,1,42,1,0,0,0,0,0,0,0,0,0,0,0,0,0,0,0,0,0,0
7268,30000,2,2,2,27,0,0,0,0,0,0,11228,11814,5240,400,0,0,1104,1400,0,0,0,0,0
7269,20000,1,2,2,36,2,2,2,0,0,0,10360,13336,13307,13633,15054,16505,3467,486,545,1639,1700,1504,0
7270,260000,2,1,1,42,0,0,0,0,0,0,8606,3856,12996,8788,15104,16764,3856,13000,0,15104,16764,9118,0
7271,100000,2,1,2,38,2,2,2,2,2,2,37160,39750,40298,40835,41529,42697,3500,1500,1500,1500,2000,1500,1
7272,340000,2,2,2,39,0,0,0,0,0,0,56412,45990,84050,172925,140040,95230,10034,50024,100108,4933,10114,2014,0
7273,50000,2,1,2,31,1,2,0,0,2,2,1129,1111,3186,6527,3328,33166,0,3000,3341,0,30000,0,1
7274,180000,2,2,1,32,0,0,0,0,0,0,8135,12621,17987,-99,-99,-99,5000,15000,0,0,0,13550,0
7275,360000,2,1,2,33,0,0,0,0,0,0,1616,3700,6562,3730,420,699,3700,6562,0,0,699,6041,0
7276,60000,2,2,1,35,0,0,0,0,0,2,27892,29438,32620,33274,35732,35008,2000,4000,1197,3000,0,1400,0
7277,20000,2,3,1,28,1,2,2,0,0,0,18710,19132,18409,14301,14373,1270,1400,30,1000,1000,1270,10489,0
7278,150000,2,1,1,44,1,2,2,0,0,2,27270,24600,0,10195,24232,22000,0,0,10195,24232,0,0,1
7279,150000,1,1,1,50,0,0,0,0,0,0,101639,91674,135883,95806,97648,99737,3820,50001,3569,3529,3697,5229,0
7280,300000,1,1,2,32,0,0,0,0,0,0,30749,50185,3342,1287,0,3899,20000,3342,0,0,3899,2346,0
7281,420000,2,3,2,35,0,0,0,0,0,0,63715,62201,56125,49114,47563,45829,3002,2200,1700,1800,1700,1500,0
7282,500000,1,1,2,34,0,0,0,0,0,0,324503,324262,323101,296962,84615,267596,15633,19725,13091,5066,195829,20225,0
7283,150000,2,2,2,30,0,0,0,0,0,0,65591,0,0,0,0,0,0,0,0,0,0,0,0
7284,50000,1,3,1,54,0,0,0,3,2,2,34301,35450,39455,38564,37842,40342,1700,4630,0,0,3105,0,1
7285,110000,2,2,2,24,1,2,2,0,0,0,68068,70276,68044,34059,20284,31179,3900,0,10452,6475,51179,7760,0
7286,150000,2,2,1,38,0,0,0,0,0,0,1106,2199,2997,735,1104,0,1208,1006,50000,1104,0,0,0
7287,80000,1,1,2,26,0,0,0,0,0,0,77397,77839,69534,60747,52280,43461,3328,2811,1192,1516,2316,1500,0
7288,150000,2,3,1,34,0,0,0,0,0,0,19130,10000,8000,0,10000,0,1000,8000,2000,10000,0,0,0
7289,50000,2,2,2,39,0,0,0,0,0,0,20650,0,0,0,0,0,0,0,0,0,0,3000,0
7290,20000,1,2,2,33,0,0,0,0,0,0,36658,19253,20179,18800,19500,0,4000,1409,0,1000,0,0,0
7291,80000,2,2,2,33,0,0,0,0,0,0,69937,69798,69200,44651,45185,45674,3032,5000,2000,2000,2000,2000,0
7292,150000,1,1,1,41,2,2,2,0,0,2,113358,124745,121249,124237,132252,134925,14779,0,5000,10000,5000,0,1
7293,240000,2,3,1,41,1,0,0,0,0,0,-2225,-8523,-10951,88670,199444,178706,12,16,103751,117086,6146,4501,0
7294,100000,2,2,1,27,0,0,0,0,0,0,390,1780,0,0,0,0,4780,0,0,0,0,0,0
7295,130000,2,2,1,45,0,0,0,0,0,0,79277,63767,62599,51950,44189,38034,3500,3022,2000,2000,2000,2000,0
7296,20000,1,2,1,37,0,0,0,0,0,0,18419,18710,18929,14900,10400,0,1373,1384,615,600,0,0,0
7297,340000,2,1,2,35,0,0,0,0,0,0,317,3074,3002,2613,1806,1989,3074,3002,2613,1806,1989,3370,0
7298,430000,1,1,1,40,0,0,0,0,0,0,6112,10548,31401,417588,3414,4761,10590,31448,417588,3414,4761,15331,0
7299,110000,2,1,1,57,0,0,0,0,0,0,16090,17522,18426,19117,19655,20329,2000,1500,1000,1000,1000,1000,0
7300,90000,2,3,1,49,0,0,0,0,0,0,10242,10930,10549,9421,6851,2133,2006,2012,3022,2020,2139,2006,0
7301,10000,2,1,2,26,0,0,0,0,0,0,9459,231,3364,6129,9009,9188,231,5000,3000,3000,329,340,0
7302,100000,1,1,2,32,0,0,0,0,0,0,4270,0,0,0,0,0,0,0,0,0,0,0,0
7303,390000,2,1,1,34,0,0,0,0,0,0,7639,10876,6203,1518,46365,48795,6083,1051,1545,47280,3000,3000,0
7304,130000,2,2,2,43,0,0,0,0,0,0,2048,2529,11929,5722,3076,5250,2529,11929,5722,0,5250,3526,0
7305,180000,2,2,1,37,0,0,0,0,0,0,78089,75159,76602,76896,78588,77770,3333,3310,2900,3040,3500,2300,0
7306,50000,1,2,3,51,0,0,0,0,0,0,79502,65237,64426,18430,18020,17991,4000,1565,641,648,654,649,0
7307,80000,2,2,1,30,0,0,0,0,0,0,64596,64871,61000,48300,47300,3500,4424,1600,0,1500,1500,1500,0
7308,30000,2,3,2,33,1,2,2,0,0,2,24457,25474,26241,25388,26377,27794,1716,1500,911,1400,2000,0,1
7309,150000,2,1,2,30,0,0,0,0,0,0,7015,0,6700,6700,7427,13583,0,6700,0,727,13583,4973,0
7310,230000,1,2,2,46,1,0,0,0,0,0,378,907,1599,378,756,0,907,1599,378,756,0,754,0
7311,90000,2,2,2,23,2,3,3,2,2,2,82623,86621,84369,82117,84395,85739,5900,0,0,3600,2900,3500,1
7312,80000,2,2,3,30,0,0,0,0,0,0,11976,10010,10982,11325,11569,10303,1185,1157,500,400,500,5000,0
7313,700000,1,1,2,35,0,0,0,0,0,0,8277,18282,130130,105055,70896,41509,17599,130370,3381,145,4639,12235,0
7314,30000,2,2,2,22,0,0,0,0,0,0,27447,28623,28700,29300,0,0,1923,1000,600,0,0,0,1
7315,90000,2,1,1,28,0,0,0,0,0,0,12759,10941,10420,14420,9855,9097,5000,6000,4000,5000,3500,5000,1
7316,200000,1,2,2,44,0,0,0,0,0,0,310,2226,1230,3393,1340,3416,2306,1234,3510,1344,3426,6324,0
7317,230000,1,2,1,50,0,0,0,0,0,0,94314,96269,56058,57174,58371,59561,4082,1990,2003,2074,2115,2094,1
7318,100000,1,1,2,54,0,0,0,0,0,0,99932,42389,41842,40291,40556,40534,1712,1639,1418,1618,1529,1414,0
7319,360000,2,1,2,28,0,0,0,0,0,0,152072,151168,153306,144485,145601,140336,5708,6059,5009,5021,5027,100017,0
7320,500000,1,1,1,43,1,0,0,0,0,0,0,0,0,0,0,0,0,0,0,0,0,0,1
7321,240000,2,2,2,42,0,0,0,0,0,0,3328,164327,10690,4772,1294,2147,164820,11728,7738,1297,2153,2073,0
7322,360000,1,1,2,28,0,0,0,0,0,0,78398,86955,127146,103273,91933,108163,25126,60259,27208,31262,90114,30463,0
7323,360000,1,2,1,30,2,2,2,2,2,0,2500,2500,2500,2500,0,0,0,0,0,0,0,0,1
7324,320000,1,1,1,43,0,0,0,0,0,0,110032,110045,112393,111541,114934,118228,4028,4000,5000,5000,5000,5000,0
7325,50000,2,2,1,40,0,0,0,0,0,0,21696,8987,9604,9800,500,0,1383,1000,196,500,0,0,0
7326,140000,2,2,2,31,0,0,0,0,0,0,50822,52468,52238,53368,56488,58542,2473,2000,2000,4000,3000,2000,0
7327,360000,2,2,1,30,0,0,0,0,0,0,6419,5290,1330,2255,4164,0,1067,1341,2255,4164,0,211,0
7328,180000,2,1,2,27,0,0,0,0,0,0,641,1812,5307,28004,957,0,1812,5347,28004,957,0,455,1
7329,330000,2,1,1,40,0,0,0,0,0,0,2573,1800,-910,-1878,252686,72401,1800,0,594,256662,3000,4944,0
7330,140000,2,1,2,24,0,0,2,2,0,0,6265,7300,1934,0,0,0,2198,5,0,0,0,0,1
7331,360000,2,1,1,27,0,0,0,0,0,0,2459,944,2037,989,2885,989,955,2043,992,2903,992,3153,0
7332,150000,2,1,2,27,2,2,2,2,0,0,15475,18212,18617,18020,18726,19414,3000,1000,0,1000,1000,1000,1
7333,220000,2,3,2,29,0,0,0,0,0,0,14246,15601,17140,14131,15424,17345,2601,2140,2131,3424,2345,3385,0
7334,260000,1,3,2,31,0,0,0,0,0,0,257920,256117,232981,202190,202800,202490,10036,8185,6715,7033,6728,6882,0
7335,30000,2,3,1,54,0,0,0,0,2,2,17708,18734,19442,20741,21162,20671,1615,1323,1622,900,0,765,0
7336,580000,1,1,2,31,0,0,0,0,0,0,2507,2174,6527,1818,2227,2666,2190,6558,1825,2236,2678,1707,0
7337,50000,1,2,2,25,0,0,0,0,0,0,1582,300,591,441,741,441,300,591,441,741,441,291,0
7338,230000,2,1,1,36,0,0,2,0,0,0,878,9567,3074,3660,3790,6006,9574,0,3660,3790,6006,5647,1
7339,20000,1,2,1,39,2,0,0,0,0,0,20264,20328,19299,19928,20204,20398,1500,1500,900,700,1480,0,1
7340,110000,1,3,1,35,2,0,0,0,2,2,67591,69773,71886,76767,78462,79890,3200,3200,6000,3000,2800,3200,1
7341,240000,2,1,2,28,0,0,0,0,0,0,168068,168685,94520,14422,12552,20550,6042,3558,1000,600,10550,9000,0
7342,50000,2,2,1,34,0,0,0,0,0,0,49940,50761,49009,14275,17251,15077,2128,1344,505,5585,556,563,0
7343,20000,2,1,3,51,0,0,0,0,0,0,3680,0,543,780,2500,0,0,543,780,2500,0,0,0
7344,190000,2,3,1,42,0,0,0,0,0,0,113516,116157,115639,115849,118313,119973,6000,5581,4237,4423,5000,8888,0
7345,100000,2,3,2,50,0,0,2,0,0,0,84027,88734,86369,89994,89681,89849,7500,0,5001,3390,4000,10000,0
7346,500000,1,2,1,34,0,0,0,0,0,0,13010,5016,-32,6443,0,265,5041,0,6475,0,265,5099,0
7347,170000,2,1,1,40,0,0,0,0,0,0,511,997,2446,720,236,210,1001,2446,720,236,210,52,0
7348,150000,2,2,2,23,0,0,0,0,0,0,7795,13821,6640,5831,10514,5432,7000,1000,1070,6000,2432,116,0
7349,30000,1,2,1,48,0,0,0,0,0,0,46780,38099,38600,29400,30000,0,1899,1400,1188,600,0,0,0
7350,80000,1,2,2,41,2,0,0,0,0,0,80140,80627,80668,49233,48737,48280,3253,3211,1691,1721,1800,1576,1
7351,340000,2,3,1,49,0,0,0,0,0,0,20452,18816,24010,5320,16612,21373,18832,24099,5320,16612,21373,44729,0
7352,210000,2,2,2,30,0,0,2,2,2,0,89670,94043,85022,90779,84209,70162,7500,103,10000,0,3000,2000,0
7353,30000,2,1,2,23,0,0,0,0,0,0,28239,29974,29841,27592,17569,4059,2500,1011,301,37,17,0,0
7354,230000,1,1,2,27,0,0,0,0,0,0,3257,1816,1816,1806,764,3368,1816,1816,1806,774,3368,1027,0
7355,20000,1,2,2,23,0,0,0,0,0,0,18497,15172,17488,17923,16838,18535,1900,2900,1000,800,2000,1000,0
7356,70000,2,3,1,26,0,0,0,0,0,0,71147,72227,71078,50777,50841,50682,3800,3200,1950,2000,1828,2200,0
7357,310000,2,1,1,66,0,0,0,0,0,0,259874,236662,220421,224801,229520,234145,8874,7984,8029,8324,8435,8552,1
7358,80000,1,2,2,36,0,0,0,0,0,0,19211,20237,21268,23903,24367,24964,1337,1368,3003,1000,1000,2000,1
7359,150000,2,2,2,27,0,0,0,0,0,0,146778,139111,134382,134593,91112,68482,6554,10000,4749,3304,2285,700,0
7360,20000,1,3,1,49,0,0,0,0,0,0,13881,12170,13237,10790,390,780,1218,1285,608,390,780,0,0
7361,220000,2,2,1,54,0,0,0,0,0,2,264,1138,3874,264,3105,2074,1138,3000,264,3105,0,264,0
7362,150000,2,1,2,30,0,0,0,0,0,0,150426,151052,143488,142419,145100,153229,5520,5200,5100,5300,10900,0,0
7363,530000,1,1,2,30,0,0,0,0,0,0,214022,393664,235392,232640,239004,236657,20000,10000,10000,10000,9000,10500,0
7364,150000,2,2,1,28,0,0,0,0,0,0,108,-218,63174,43374,43950,44501,0,65748,1537,1585,1597,1615,0
7365,150000,2,1,2,29,0,0,0,0,0,0,2356,16836,1094,6382,5288,5288,16836,2000,5288,0,0,0,1
7366,420000,2,2,1,30,0,0,0,0,0,0,83640,63751,153092,111922,88709,36484,1275,156564,0,0,36484,69380,0
7367,80000,2,2,1,31,0,0,0,0,0,0,0,0,0,0,0,0,0,0,0,0,0,0,0
7368,100000,2,2,1,37,0,0,0,0,0,0,87055,84712,76202,72368,71384,70346,3000,3403,2656,2500,2600,3000,0
7369,30000,2,2,2,27,2,2,2,2,2,2,15191,16144,16383,16518,16907,17279,1500,800,700,800,800,800,1
7370,50000,1,2,1,37,0,0,0,0,0,0,23607,24921,25775,0,0,0,2000,1800,0,0,0,0,0
7371,330000,2,1,2,39,0,0,0,0,0,0,1972,1586,0,0,1588,0,1586,0,0,1588,0,0,1
7372,140000,2,2,2,36,0,0,2,2,0,0,134783,142708,143475,136331,135778,135910,12800,5000,0,5100,5000,5000,0
7373,50000,2,2,1,34,0,0,0,0,0,0,95380,48764,50711,50389,49030,50045,2140,3082,1760,1926,1980,1750,0
7374,360000,1,2,1,37,1,0,0,0,0,0,0,0,0,0,0,0,0,0,0,0,0,0,1
7375,180000,1,2,2,38,0,0,2,0,0,0,54198,54173,52687,52096,51508,50867,4400,0,2000,2000,2000,3000,1
7376,130000,2,2,1,27,2,0,0,2,0,0,54921,55055,54804,52439,52609,52739,2000,6844,0,2071,2115,1640,0
7377,130000,2,2,2,31,1,2,2,0,0,0,120890,122275,109903,80909,71679,66169,5200,47,3000,2800,2713,2000,0
7378,20000,1,1,2,24,2,2,0,0,2,2,18199,17623,18317,19525,19084,19601,0,1300,1500,0,1600,0,0
7379,260000,2,1,2,30,0,0,0,0,0,0,89538,82621,78236,49417,21226,23174,4000,2092,1333,769,2300,0,0
7380,50000,2,2,2,51,0,0,0,0,0,0,57595,54503,51217,47919,44593,38475,1996,1804,1664,1560,1370,1335,0
7381,320000,2,2,1,29,0,0,0,0,0,0,145907,150336,110569,106095,92573,89650,30236,5004,4086,5033,5020,3006,0
7382,70000,2,2,1,37,0,0,0,0,0,0,49775,50600,47585,48493,49559,51079,2000,2500,2000,2000,2500,2050,1
7383,180000,2,1,1,47,0,0,0,0,0,0,807,4246,2727,5507,1382,538,4246,2727,5507,0,538,304,0
7384,60000,1,2,1,54,2,2,0,0,0,0,61493,58784,54087,37613,39038,37814,55,2400,1316,2000,1531,1477,0
7385,80000,1,2,1,23,0,0,0,0,0,0,795,1698,798,-2,748,708,1703,800,0,750,810,1310,0
7386,10000,2,3,1,49,0,0,0,0,0,0,6904,7841,9635,17622,8991,0,1206,2000,176,360,0,0,0
7387,150000,2,2,1,33,1,2,0,0,0,0,42932,42010,46007,47978,49100,50181,0,5000,3000,2000,2000,2000,1
7388,50000,2,3,2,55,0,0,0,0,0,0,45698,49270,48186,20127,18988,19942,6000,2044,3150,1000,3000,905,0
7389,150000,1,3,2,41,0,0,0,0,0,0,64425,57073,32516,21018,21320,143489,1745,1269,0,1545,135000,5000,0
7390,350000,1,1,2,38,0,0,0,0,0,0,36098,21848,23309,13002,14473,11496,3604,2072,0,2071,11553,14328,0
7391,380000,2,1,2,44,0,0,0,0,0,0,371917,355744,347667,304356,311458,299277,15071,13500,11000,12000,12000,11000,0
7392,130000,2,3,2,25,0,0,0,0,0,0,250,174,1214,1125,139,0,174,1214,1125,139,0,391,0
7393,180000,2,1,1,35,0,0,0,0,0,0,1651,0,0,0,0,0,0,0,0,0,0,295,0
7394,100000,2,2,1,41,0,0,0,0,0,0,107224,107126,101859,79519,74368,58481,7000,3533,2673,3500,4303,3023,0
7395,30000,2,3,1,31,3,2,2,2,2,2,23368,24688,24988,24288,26098,25530,2000,1000,0,2200,0,1100,1
7396,430000,1,1,2,28,0,0,0,0,0,0,406995,438832,312608,341552,345532,339050,40000,30000,35000,30000,20019,40000,0
7397,200000,2,2,1,37,0,2,0,0,0,0,2681,1273,2192,430,430,6136,0,2192,430,430,6136,2923,1
7398,360000,1,2,1,43,1,0,0,0,0,0,0,0,0,0,0,0,0,0,0,0,0,0,1
7399,80000,2,1,2,32,0,0,0,0,0,0,1147,1147,1147,1147,1100,5053,1147,1147,1147,1100,5100,18500,0
7400,40000,2,1,2,26,2,2,2,2,2,0,27255,26532,29089,28522,28914,29482,0,3000,200,1000,1200,1300,1
7401,80000,2,2,2,29,0,0,0,0,0,0,12393,14187,13263,11045,10259,5773,2022,1308,506,1516,1000,1000,0
7402,20000,1,3,2,23,0,0,0,0,0,0,17030,18064,19046,19221,18603,19075,1315,1297,672,675,781,734,0
7403,250000,2,2,2,24,0,0,0,0,0,0,956,1339,2617,1817,975,1141,1339,2617,0,0,1141,1720,1
7404,70000,1,2,1,43,0,0,0,0,0,0,16186,3680,4540,39994,6844,12308,2000,4540,39994,6850,10000,13000,0
7405,20000,2,1,1,34,0,0,0,0,0,0,14676,15721,19335,20029,20473,19860,1286,3900,1000,900,900,600,1
7406,160000,2,4,1,39,1,0,0,0,0,0,-18,-18,-18,-18,-18,-18,0,0,0,0,0,0,0
7407,70000,1,2,1,36,0,0,0,0,0,0,27868,28850,0,0,0,0,1850,0,0,0,0,0,1
7408,50000,2,2,2,34,0,0,0,0,0,0,588,592,390,390,280,720,592,390,390,280,913,390,0
7409,30000,2,3,1,41,2,2,2,3,2,2,26042,27127,28762,29485,28878,30699,1800,2378,1496,0,2462,0,1
7410,80000,1,2,1,48,0,0,0,0,0,0,46495,8241,11000,16000,0,54070,3000,3000,5000,0,54070,5247,0
7411,20000,1,2,1,52,0,0,0,0,0,0,15768,16792,18105,18157,18538,19200,1285,1598,650,674,971,580,0
7412,50000,2,5,1,32,0,0,0,0,0,0,10335,9538,6793,13864,5243,5391,1200,1024,163,146,2000,1000,0
7413,50000,1,1,2,26,1,0,0,0,0,0,0,0,0,0,0,0,0,0,0,0,0,0,0
7414,230000,2,1,1,36,0,0,0,0,0,0,2078,380,2100,530,2282,1390,380,2100,530,2282,1390,380,0
7415,10000,2,2,2,23,1,0,0,0,0,0,-1000,-1000,-1000,-1000,-1000,-1000,0,0,0,0,0,1000,1
7416,20000,1,2,1,42,0,0,2,0,0,2,16070,19107,18506,18802,20199,19394,3300,0,900,1700,0,253,0
7417,110000,1,2,2,34,2,0,0,0,0,2,108180,107597,89775,47139,47259,46348,5000,3000,2020,5000,0,3000,0
7418,200000,2,1,2,29,0,0,0,0,0,0,5624,2519,2519,2519,13137,566,2519,2519,2519,13137,566,416,0
7419,20000,1,2,1,59,1,0,0,0,0,0,-1213,30322,20033,19871,15410,18969,52082,15800,2000,20085,39070,25000,0
7420,80000,1,1,2,29,0,0,2,0,0,0,2946,4599,1863,3309,1446,390,4599,0,1446,0,0,2493,0
7421,280000,2,2,2,31,1,0,0,0,0,0,0,0,0,0,5360,251,0,0,0,5360,251,5360,0
7422,140000,2,2,1,45,0,0,0,0,0,0,106974,109061,7262,7410,1545,0,4924,1000,148,1545,0,0,0
7423,60000,2,1,2,25,0,0,0,2,2,2,24066,24786,27050,26317,28200,28762,1414,2678,0,2310,1173,0,0
7424,50000,1,2,1,51,0,0,0,0,0,0,113247,108550,118310,9904,9905,9974,3000,10510,4000,500,1000,2000,0
7425,200000,2,1,1,34,0,0,0,0,0,0,0,0,0,0,0,35979,0,0,0,0,35979,6191,0
7426,180000,2,1,1,38,1,2,0,0,0,0,114413,111165,117004,119542,122452,130293,0,10000,6000,5000,10000,6500,0
7427,260000,2,2,2,45,0,0,0,0,0,0,207977,207713,197120,198815,201007,205181,9000,7009,7000,8000,8000,8000,0
7428,150000,1,1,2,32,0,0,2,2,2,0,52582,57496,55705,57210,57084,13194,6395,0,2100,222,1000,650,1
7429,130000,2,1,2,32,0,0,0,0,0,0,126080,129104,130745,127344,127809,119976,7000,8000,5000,4500,4500,5000,0
7430,120000,1,3,2,50,0,0,0,0,0,0,390,0,780,0,0,0,0,780,0,0,0,0,1
7431,210000,2,2,1,30,0,0,0,0,0,0,0,0,0,0,0,0,0,0,0,0,0,0,0
7432,110000,2,1,3,33,0,0,0,0,0,0,165090,106448,103618,79687,76742,77096,4259,3212,28246,2730,2834,2711,0
7433,30000,1,2,2,28,0,0,0,0,0,0,29617,4096,2058,540,13056,1690,4096,2064,540,13056,1690,16964,0
7434,170000,2,1,2,25,0,0,0,0,0,0,12218,5500,100,1608,1800,897,5507,100,1608,1800,897,1443,1
7435,360000,2,1,2,32,0,0,0,0,0,0,13819,2148,34766,14138,14690,19792,2148,34766,2005,2190,7300,20296,0
7436,130000,1,1,2,37,0,0,0,0,0,0,116093,100296,95053,96146,98310,95726,3647,4198,3490,3800,3920,3447,1
7437,30000,2,1,2,24,2,2,2,0,0,0,12324,15628,15069,15868,16657,13998,4500,0,1000,1000,668,203,1
7438,160000,2,2,1,31,0,0,0,0,0,0,239,0,0,0,1446,426,0,0,0,1446,426,0,0
7439,30000,2,2,1,43,0,0,0,0,0,0,25166,26195,27209,27924,30204,30000,1437,1451,1166,2900,600,0,0
7440,10000,2,2,2,22,1,0,0,0,0,0,0,1000,0,0,0,0,1000,0,0,0,0,0,1
7441,50000,2,2,2,38,0,0,0,0,0,0,2410,0,4494,3034,2327,5892,0,4494,61,47,5892,164,0
7442,80000,1,2,1,40,0,0,0,0,0,0,23833,17815,15140,140,3090,180,5000,5000,5000,3100,1000,5000,0
7443,260000,2,1,1,49,1,0,0,0,0,0,0,0,0,1180,1180,0,0,0,1180,0,0,0,0
7444,170000,1,3,2,26,2,0,0,0,0,0,74453,66087,60649,61408,59390,57037,5020,3003,3009,2013,3041,3000,1
7445,30000,2,3,2,25,0,0,0,0,0,0,20983,22636,24417,27020,28107,28727,2000,2500,3000,1500,1056,544,0
7446,50000,2,3,2,51,0,0,0,0,0,0,25577,26352,16846,17562,18275,18711,1269,1284,1000,1000,740,1000,0
7447,120000,1,3,1,40,0,0,0,0,0,0,88185,91748,94242,88828,97643,79371,5000,4251,6000,10000,3019,13154,0
7448,240000,2,2,1,31,2,0,0,0,0,0,71876,72382,72155,72543,73011,73484,3100,2400,2367,2435,2500,3000,1
7449,180000,1,1,2,41,0,0,0,0,0,0,16366,18339,2766,97996,55156,36213,18339,2766,97996,1861,1196,3000,0
7450,60000,2,3,2,26,0,0,0,0,0,0,38726,39764,41084,41741,42461,43457,1663,1983,1640,1542,1703,1758,0
7451,150000,2,3,2,32,0,0,0,0,0,0,113932,87187,81491,77078,66927,50881,2500,3000,2000,5000,5055,5000,1
7452,360000,2,2,2,26,1,0,0,0,0,0,0,0,0,0,0,0,0,0,0,0,0,0,0
7453,350000,2,1,2,32,0,0,0,0,0,0,0,0,0,0,0,0,0,0,0,0,0,0,1
7454,30000,2,1,1,43,0,0,0,0,0,0,390,780,0,0,0,0,780,0,0,0,0,0,0
7455,120000,2,1,2,29,0,0,0,0,0,0,121805,120933,120629,116316,117358,118560,4600,4300,4200,4219,4500,7600,0
7456,330000,1,1,1,43,1,0,0,0,0,0,0,0,0,0,0,0,0,0,0,0,0,0,1
7457,500000,1,2,2,44,0,0,0,0,0,0,26697,26319,79424,77920,55625,30092,1131,150042,4790,3236,866,630,0
7458,100000,2,2,1,34,0,0,0,0,0,0,102724,100186,102604,101856,101105,101071,4600,5000,4000,4000,4200,3800,0
7459,80000,2,2,1,37,1,2,0,0,0,0,2626,2410,3237,2760,914,0,0,3237,2760,914,0,0,0
7460,260000,2,2,2,30,0,0,0,0,0,0,34405,52512,52263,52261,52140,52615,20000,1826,1971,2000,2500,2000,0
7461,500000,1,2,1,41,0,0,0,0,0,0,171565,184782,152365,139757,153348,127391,20241,20154,20019,20151,20037,21,0
7462,90000,1,1,2,52,0,0,0,0,0,0,91656,87106,48730,27535,27751,29923,5110,2000,3000,1000,3000,3000,0
7463,360000,2,2,1,38,0,0,0,0,0,0,1604,238,2402,3580,183,1995,239,2414,3597,183,2005,3635,0
7464,360000,1,3,2,34,0,0,0,0,0,0,3821,1937,944,1219,2216,1440,1937,944,1219,2216,2000,648,0
7465,100000,2,2,2,25,0,0,0,0,0,0,8791,4910,0,674,0,980,1000,0,674,0,980,4413,0
7466,200000,1,2,2,36,0,0,0,0,0,0,190120,194533,194175,189457,187050,187082,9000,9000,8000,10000,8000,7000,1
7467,490000,2,2,2,52,0,0,0,0,0,0,191937,194347,202400,46634,47622,50844,7133,11365,1700,1740,4026,2060,0
7468,460000,1,1,1,40,0,0,0,0,0,0,100026,89681,81812,82326,76055,74979,5095,5011,5047,4021,4071,3000,0
7469,20000,1,1,2,39,1,2,2,2,2,2,10968,12495,11998,13795,13431,16199,2000,0,2000,0,3000,0,1
7470,230000,2,2,1,35,0,0,0,0,0,0,76050,76921,65452,61129,55199,55380,3000,4000,3000,3000,2000,3000,0
7471,170000,2,2,2,28,0,0,0,0,0,0,169531,174799,179868,177952,176160,175304,8000,8000,7000,7000,8000,9000,0
7472,60000,2,3,1,63,0,0,0,0,0,0,56285,56894,57006,28198,23888,24083,5000,2156,3017,2009,3000,3000,0
7473,90000,2,2,1,33,0,0,2,0,0,0,26772,70398,56266,47804,44230,48144,56388,112,1779,1786,5414,2418,0
7474,160000,1,1,1,38,1,0,0,0,0,0,0,499,0,0,0,0,499,0,0,0,0,0,0
7475,20000,1,2,2,30,2,2,2,0,0,0,20586,20568,20185,20016,20044,20172,1300,700,700,1700,1600,700,1
7476,500000,2,1,1,36,1,0,0,0,0,0,0,0,0,0,0,200,0,0,0,0,200,159200,0
7477,30000,2,2,1,42,0,0,0,0,0,0,9801,10535,11552,11933,12092,17884,1200,1200,573,500,6000,1200,1
7478,170000,1,2,2,31,0,0,0,0,0,0,2908,3408,2908,9283,2908,2908,3408,2908,9283,0,2908,7163,0
7479,100000,2,3,1,44,0,0,0,0,0,0,80808,77825,70721,69603,65499,62296,3025,3000,3000,3000,3000,3000,0
7480,50000,1,2,2,39,0,0,0,0,0,0,48493,49073,50370,29862,29275,29535,2109,2406,1278,1036,1115,947,0
7481,110000,1,2,2,28,2,2,2,2,0,0,111541,113676,114223,110876,107710,90071,5400,4000,0,4000,3700,4000,1
7482,20000,2,1,2,23,0,0,2,0,0,0,11672,8584,8279,8444,8621,8868,2424,0,284,294,371,500,0
7483,70000,2,3,2,26,0,0,0,0,0,0,28995,30131,31610,37209,40749,40541,1600,2000,7000,5000,1500,1500,0
7484,310000,2,2,1,42,0,0,0,0,0,0,-606,44878,19950,79227,20097,25594,45484,20033,79520,94,25910,10933,0
7485,30000,1,2,2,28,2,2,2,2,0,0,35991,35751,34639,32493,32001,33064,2000,1200,0,1500,3100,0,1
7486,30000,2,2,1,27,0,0,2,2,2,2,21632,24267,24572,24872,25427,25860,3300,1000,1000,1100,1000,1100,1
7487,100000,2,1,1,36,0,0,0,0,0,0,51713,25272,0,0,0,0,1000,0,0,0,0,0,0
7488,150000,2,1,2,30,0,0,0,0,0,0,217,0,2403,0,4932,402,0,2403,0,4932,402,3516,0
7489,80000,1,2,2,27,0,0,0,0,0,0,78406,52520,27543,51180,27017,28560,1500,3024,1200,2000,2000,1000,0
7490,200000,2,3,1,40,0,0,0,0,0,2,158809,150904,144302,137700,135443,128229,5380,5141,5032,9400,4400,0,0
7491,20000,1,2,1,36,1,2,2,2,2,0,19006,18418,20465,20381,18446,18598,0,2690,900,0,1000,1000,1
7492,30000,1,2,1,33,0,0,0,0,0,0,23900,25507,26489,27017,56186,29146,2000,1418,946,1437,3000,0,0
7493,50000,2,3,1,42,0,0,0,0,0,0,13436,14460,15472,15778,16109,16427,1246,1258,564,585,586,608,0
7494,130000,2,5,1,32,0,0,0,0,0,0,3275,376,17055,14693,14855,14817,376,17055,575,449,1000,339,0
7495,330000,1,1,2,32,0,0,0,0,0,0,162657,151305,138277,141453,112633,121242,5500,4723,5500,4000,10700,4500,0
7496,80000,2,3,2,53,0,0,0,0,0,0,5687,0,0,19230,0,0,0,0,19230,0,0,0,0
7497,50000,2,1,1,34,0,0,0,0,0,0,2531,14504,22553,14900,6758,3727,14608,22730,14911,6758,3727,2440,0
7498,150000,2,1,2,33,0,0,0,0,0,0,10544,11982,-18,-18,-18,-18,2000,0,0,0,0,0,0
7499,210000,2,2,1,30,1,0,0,0,0,0,0,241,4651,4746,3938,3479,241,4651,95,301,3479,1000,0
7500,30000,2,2,1,30,3,2,2,0,0,0,30583,29901,0,0,0,0,389,0,0,0,0,0,0
7501,500000,2,1,2,30,1,0,2,0,0,0,17144,2447,1221,1157,1133,2107,3678,6,1162,1133,1010,5,0
7502,60000,2,1,2,32,1,2,0,0,0,0,31634,5720,18026,0,279,-101,0,18026,0,279,0,56839,0
7503,20000,2,2,1,29,0,0,0,0,0,0,1473,390,390,870,480,780,390,390,870,0,300,1500,0
7504,30000,2,2,2,23,2,2,2,0,0,2,21034,27321,26589,27050,29446,28825,7000,0,1200,3000,0,2000,1
7505,120000,1,2,1,60,2,2,2,2,2,2,27497,27960,28996,29321,29803,30511,1200,1800,1100,1100,1350,1500,1
7506,80000,2,2,1,37,1,2,0,0,0,0,79900,64815,52806,57028,59456,55623,21,1819,5000,4000,4000,1894,1
7507,360000,2,1,1,35,0,0,0,0,0,0,0,0,0,0,0,0,0,0,0,0,0,0,1
7508,150000,1,2,1,36,0,0,0,0,0,0,6750,15227,17610,19467,3173,1534,15227,17610,10055,0,1534,0,0
7509,10000,2,3,2,51,0,0,0,0,0,0,53095,54562,5428,7928,6091,0,2134,1000,2500,122,0,0,0
7510,230000,2,3,1,30,0,0,0,0,0,0,134272,238601,135099,133431,53103,49586,107000,3826,5000,5000,2000,3000,0
7511,380000,2,3,2,31,0,0,0,0,0,0,3859,9194,15157,11147,12483,13680,9240,15233,11202,12493,13748,18061,0
7512,350000,2,1,2,48,0,0,0,0,0,0,0,7900,7620,790,0,0,7900,0,790,0,0,1948,0
7513,130000,2,2,2,23,0,0,0,0,0,0,113900,109062,105252,103969,104254,99525,5000,6000,10000,10000,5000,9000,0
7514,490000,2,1,2,29,0,0,0,0,0,0,4301,16230,28800,27870,27540,27630,16388,28800,0,0,6136,3080,0
7515,150000,2,2,2,28,0,0,0,0,0,0,12272,4447,5228,1623,0,0,4447,1000,1623,0,0,0,0
7516,340000,2,2,2,38,0,0,0,0,0,0,0,780,0,0,0,0,780,0,0,0,0,0,1
7517,80000,2,1,2,52,1,0,0,0,0,0,0,0,0,0,0,0,0,0,0,0,0,0,0
7518,230000,2,1,2,36,0,0,0,0,0,0,0,0,0,1279,0,2794,0,0,1279,0,2794,0,0
7519,160000,1,2,2,37,0,0,0,0,0,0,119165,118392,117553,113256,112678,111924,6008,6011,3606,3803,4003,3311,0
7520,300000,2,2,1,33,0,0,0,0,0,0,1326,0,256,0,0,126,0,256,0,0,126,0,0
7521,400000,2,2,1,24,0,0,0,0,0,0,176294,190256,89128,39276,23440,59922,44776,1502,2026,1015,52100,5101,0
7522,80000,2,2,1,45,0,0,0,0,0,0,390,390,390,390,390,390,390,390,390,390,390,390,0
7523,320000,1,2,1,45,0,0,0,0,0,0,1471,5184,4144,6290,977,-23,5318,4160,6296,977,23,0,0
7524,310000,1,1,2,36,0,0,0,0,0,0,17611,24122,26242,21026,18121,7842,10000,4000,0,0,7842,24003,0
7525,270000,2,2,1,32,0,0,0,0,0,0,3979,511,10069,9214,199,0,511,10069,186,199,0,0,0
7526,280000,2,3,1,53,0,0,2,0,0,0,4405,7322,7043,8932,9654,10774,3000,0,2000,1000,2000,2000,0
7527,330000,1,1,2,31,0,0,0,0,0,0,163406,137664,3381,40635,40490,38431,7558,5000,42054,3000,2000,1100,0
7528,50000,1,2,2,49,0,0,0,2,2,2,7282,8307,9709,9404,10254,9940,1300,1700,0,1000,0,200,0
7529,240000,2,1,2,26,1,0,0,0,0,0,0,0,0,0,0,0,0,0,0,0,0,0,1
7530,180000,2,3,2,27,0,0,0,0,0,0,3898,0,715,4079,0,213,0,715,6942,0,213,0,0
7531,270000,1,1,2,28,4,4,3,2,2,2,237881,232799,227597,230751,235931,240595,0,0,8400,9000,8700,9000,1
7532,70000,1,1,2,36,2,2,2,2,2,2,50016,48941,51809,50675,54839,53803,0,4000,0,5000,0,4000,1
7533,290000,1,1,2,27,0,0,0,0,0,0,246284,218441,176099,170282,166869,173273,10000,8000,6500,7000,10000,10000,0
7534,350000,2,1,2,41,0,0,0,0,0,0,0,3813,1298,500,2398,0,3813,1298,500,2398,0,1902,0
7535,210000,1,2,1,54,2,0,0,0,0,0,471,176,195,485,210,3483,176,195,485,0,4466,417,0
7536,110000,1,2,2,47,2,2,2,2,2,2,53016,56532,57502,58460,59876,58761,5000,2500,2500,2500,0,5000,1
7537,300000,1,2,1,32,0,0,0,0,0,0,2884,1706,2960,579,0,0,1706,2964,579,0,0,2937,1
7538,140000,2,2,2,38,0,0,0,0,0,2,141453,132415,130305,79775,74462,74954,8000,3100,3000,5417,0,500,0
7539,80000,1,1,2,27,0,0,2,0,0,0,77111,81555,72868,55780,53523,54679,6384,0,2100,2100,2200,2200,0
7540,360000,2,2,1,42,0,0,0,0,0,0,44380,968,990,390,390,3103,968,990,390,390,3103,0,0
7541,210000,2,2,2,33,0,0,0,0,0,0,19951,21620,23251,24358,25805,27168,2000,2000,1500,2000,1800,1500,0
7542,50000,1,2,2,22,0,2,2,2,0,0,19875,19273,21133,19121,19663,20235,0,2500,0,1000,1050,600,1
7543,80000,2,1,2,28,1,0,0,0,0,0,0,0,0,0,2284,-786,0,0,0,2284,0,0,1
7544,130000,2,3,2,27,0,0,0,0,0,0,49780,51200,88209,53958,50577,41585,2300,50577,2000,2000,1488,1542,0
7545,50000,2,1,2,22,0,0,0,0,0,0,49077,47610,46490,21056,20425,20632,2610,2609,715,930,2000,770,0
7546,80000,2,3,2,34,0,0,0,0,0,0,585,-395,-2241,0,0,0,395,1846,8759,0,0,0,0
7547,350000,1,1,2,35,0,0,2,2,2,0,3260,4248,785,135,0,1006,4273,0,0,1006,1006,0,0
7548,330000,2,2,1,37,0,0,0,0,0,0,2148,0,3080,3119,0,7255,0,3080,3119,0,7255,9060,0
7549,80000,2,2,2,23,2,2,2,0,0,2,20661,22515,23339,23654,25119,24567,2500,1500,1000,2000,0,1058,0
7550,280000,2,1,1,51,0,0,0,0,0,0,11223,15225,4951,2408,8360,6202,15262,4951,2408,8360,6202,200,0
7551,30000,1,2,2,49,0,0,0,0,0,0,27414,26910,25321,19455,0,0,1526,1696,1015,0,0,0,0
7552,200000,1,3,1,44,0,0,0,0,0,0,69106,70393,73220,74419,76078,77822,3000,4000,3000,3000,3000,3000,0
7553,120000,2,1,2,26,0,0,0,0,0,0,2897,481,721,444,710,1920,485,721,444,710,1920,0,0
7554,50000,2,2,1,38,0,0,0,0,0,0,3239,4166,0,0,0,0,1000,0,0,0,0,0,0
7555,50000,1,2,2,31,1,2,0,0,0,0,18190,12521,14308,14769,15925,15441,0,2000,1000,1542,764,3000,0
7556,300000,1,1,1,58,1,2,2,2,2,2,158230,160242,156171,165556,169250,172804,6000,0,12000,6500,6500,6500,1
7557,20000,1,2,2,30,0,0,0,0,0,0,12755,832,2800,1231,1052,0,832,1000,900,500,0,0,0
7558,50000,1,2,2,46,0,0,0,0,0,0,47772,46935,33937,19277,14563,17293,2000,1221,595,1000,3500,2000,1
7559,500000,2,2,2,44,0,0,0,0,0,0,77257,73089,81210,88888,107072,115264,10000,10000,10000,20000,10000,0,0
7560,130000,2,2,1,40,0,0,0,0,0,0,1445,1445,1651,1651,390,0,1445,1651,0,390,0,780,0
7561,70000,2,1,2,28,2,2,2,2,2,2,59794,58267,63931,64585,66207,67577,0,6672,2300,2800,2600,0,1
7562,70000,2,3,2,29,0,0,2,0,0,0,24336,25510,24726,25377,24818,14978,3010,0,875,600,1000,600,0
7563,120000,2,2,2,27,0,0,0,0,0,2,36175,37062,32916,30947,22974,19539,3000,2000,1500,2000,0,8000,0
7564,340000,1,2,1,48,0,0,0,0,0,0,73627,75052,76022,76402,75356,76237,3870,3819,2823,2876,2853,2863,0
7565,130000,1,1,2,41,0,0,0,0,0,0,1392,0,696,1076,316,696,0,696,1076,316,696,696,1
7566,240000,1,1,2,33,0,0,0,0,0,0,239009,243242,242128,216017,199069,202358,15018,35521,20003,7009,15018,20100,0
7567,50000,2,2,1,37,0,0,0,0,0,2,28522,29906,34057,34611,38359,37592,1849,5000,1417,4488,0,1540,0
7568,210000,2,2,1,48,0,0,0,0,0,0,11876,11876,11876,11876,18954,11876,11876,11876,11876,18954,5000,11876,0
7569,30000,1,2,2,30,2,2,2,2,2,2,20732,21451,20808,21761,22762,23139,1347,0,1300,1500,900,0,1
7570,80000,2,2,2,22,0,0,0,0,0,0,76737,70614,68502,27160,27712,29245,3500,10092,966,2000,2000,1037,0
7571,50000,1,3,1,42,0,0,0,0,0,0,50708,44610,44043,28557,27903,29164,1872,1566,983,1027,3000,999,0
7572,220000,2,3,1,25,0,0,0,0,0,0,93674,123673,92036,93935,94607,93903,3500,4846,3000,3000,3000,10000,0
7573,40000,1,2,1,37,1,2,0,0,0,0,12127,11647,13138,14903,17664,19371,0,2000,2000,3000,2000,2000,0
7574,280000,1,1,2,26,0,0,0,0,2,2,245969,251120,254735,270486,276026,271408,10600,9300,20000,10000,0,11000,0
7575,90000,2,2,1,31,0,0,0,0,0,0,350,0,0,0,0,0,0,0,0,0,0,0,0
7576,180000,2,2,2,39,0,0,0,0,0,0,166915,117351,115402,105844,98396,101390,6000,7030,8000,5396,5390,5006,0
7577,50000,1,2,2,30,0,0,0,0,0,0,32781,31702,26829,18948,18830,19358,1489,1326,642,2000,824,1000,1
7578,320000,1,2,2,27,0,0,0,0,0,0,144648,150320,151365,154025,157082,160217,8000,6000,5671,5700,5741,9900,0
7579,70000,1,2,1,38,0,0,0,0,0,0,52121,53235,52015,38985,36097,36995,1965,1995,1336,1430,1500,1292,0
7580,260000,2,1,2,36,1,2,2,2,2,2,2111,545,2332,1277,1996,1020,0,2007,0,1020,0,923,1
7581,360000,1,1,1,38,0,0,0,0,0,0,277523,117239,121284,93951,58200,52585,4013,90054,9011,3007,2592,1013,0
7582,100000,2,2,2,38,0,0,0,0,0,0,89842,82669,70018,57847,43618,38715,4025,2511,1523,1292,1236,627,0
7583,100000,2,1,1,32,0,0,0,0,0,0,380,380,380,380,425,1045,380,380,380,425,1000,0,1
7584,140000,2,2,1,39,0,0,0,0,0,0,133641,136663,137110,139761,137215,133572,7000,6010,6000,5400,5000,5200,0
7585,90000,2,2,2,28,1,2,2,2,0,0,83480,89264,89896,86706,87385,88351,8000,3000,0,3000,5000,5000,0
7586,220000,1,1,2,25,0,0,0,0,0,0,-1855,84332,85897,90106,94129,101037,88444,4000,5000,5000,8000,5000,0
7587,260000,2,1,2,34,0,0,0,0,0,0,5237,0,0,0,3982,0,0,0,0,3982,0,0,0
7588,260000,2,1,1,42,0,0,0,0,0,0,78,984,0,0,0,0,984,0,0,0,0,0,0
7589,20000,1,1,2,24,0,0,0,0,0,0,4720,0,20200,20000,0,0,0,20200,0,0,0,0,0
7590,50000,2,1,2,27,2,0,0,0,0,0,49296,50080,50725,43492,44377,41297,1881,1915,1472,4012,2008,10002,0
7591,70000,2,2,2,23,0,0,0,0,0,0,57034,58224,59158,60675,62047,65298,2700,2500,2500,2500,4300,3000,0
7592,170000,2,2,1,36,2,2,2,2,2,2,15031,16784,17711,17131,18197,18748,2500,1500,0,1500,1000,0,1
7593,30000,2,2,2,22,0,0,0,0,0,0,30719,30123,30112,26763,22303,24397,1900,1626,1267,766,10000,919,0
7594,200000,1,2,2,68,0,0,0,0,0,0,203533,204149,179350,152525,152765,152680,8870,7578,5700,5882,5799,5888,0
7595,50000,2,2,2,39,0,0,0,0,0,0,16729,17772,18419,18786,19187,17175,1620,1267,634,665,668,1000,0
7596,50000,1,2,2,30,1,0,0,0,0,0,0,0,0,0,0,0,0,0,0,0,0,0,0
7597,470000,2,2,1,35,0,0,0,0,0,0,64875,57920,59307,61500,59563,57368,2505,3000,3016,2200,3000,1600,0
7598,20000,2,1,2,22,0,0,0,0,0,0,7702,274,1395,10555,9500,9588,274,1395,10555,0,9588,491,1
7599,50000,1,2,2,26,2,0,0,0,0,0,291,291,291,291,291,0,291,291,291,291,0,873,0
7600,360000,2,2,1,56,0,0,0,0,0,0,500090,477461,455591,430313,406010,377820,15900,16489,14128,13210,10442,9500,0
7601,20000,2,2,3,46,1,0,0,0,0,0,0,0,390,390,390,150,0,390,0,0,150,390,0
7602,140000,2,1,2,26,0,0,0,0,0,0,6208,2136,6573,0,770,0,2136,6573,0,770,0,0,0
7603,10000,2,3,1,47,0,0,0,0,0,0,2855,3871,4883,5053,5275,0,1069,1081,251,375,0,0,1
7604,90000,2,1,2,30,0,0,2,0,0,0,19003,21876,21231,22071,23211,23773,3500,0,1500,1500,1100,2100,0
7605,200000,2,2,1,46,0,0,0,0,0,0,722,9086,9213,7360,11560,21808,9086,9219,147,4200,11808,4067,0
7606,390000,2,2,1,39,0,0,0,0,0,0,827,827,827,1036,15209,15156,827,827,1036,15000,1000,1000,0
7607,90000,2,2,2,25,0,0,0,0,0,0,78651,79972,81415,81878,83206,85350,3600,3805,3100,3200,4100,2500,1
7608,130000,2,1,2,27,1,0,0,0,0,0,0,1483,2450,0,1089,2249,1483,1000,0,1089,2249,2184,0
7609,120000,2,2,2,33,1,0,2,0,3,2,0,974,194,1758,1450,520,974,0,1954,0,0,950,1
7610,160000,2,2,1,35,0,0,0,0,0,0,549,0,0,0,1893,0,0,0,0,1893,0,177,0
7611,70000,2,2,2,24,2,2,0,2,2,2,71339,69515,59878,58318,61865,63695,6,62343,0,4500,3000,2500,0
7612,80000,1,3,1,60,0,0,0,0,0,0,68085,70604,26890,27450,27634,28216,10000,1500,1000,1100,1041,1500,0
7613,250000,2,2,2,36,0,0,0,0,0,0,62131,63238,51547,48483,49553,49683,2741,1741,1824,1942,2100,1366,0
7614,240000,1,2,2,37,0,0,0,0,0,0,171974,175049,176990,169198,166131,169245,8000,7000,6000,5200,5400,5400,0
7615,50000,2,2,2,49,0,0,0,0,0,0,12272,7980,7959,8978,7357,7841,2005,2000,1019,3007,3008,5015,0
7616,30000,2,3,2,23,0,0,0,0,0,0,2277,3158,4080,5080,150,178,1078,1000,1000,150,178,300,0
7617,50000,1,3,1,51,2,0,0,0,0,0,55028,50184,50391,19867,20154,18732,3000,1600,1000,1000,1000,1000,1
7618,80000,2,2,2,24,0,0,2,0,0,0,2152,3832,3587,3332,3400,-300,2245,0,267,68,0,0,1
7619,130000,1,2,1,47,0,0,0,0,0,0,109640,109699,91200,45400,0,0,8436,2270,0,0,0,0,0
7620,50000,1,3,2,23,0,0,0,0,0,0,47033,43512,32287,34156,14618,3648,1707,1318,496,1076,708,20027,0
7621,200000,1,2,1,39,1,0,0,0,0,2,-390,-390,-390,-391,710,321,0,0,0,1101,1,13988,0
7622,140000,1,3,1,33,0,0,0,0,0,0,140795,93199,64487,53220,50051,45859,3609,2039,3014,2514,1656,1005,0
7623,30000,2,1,2,23,0,0,0,0,0,0,18397,19789,21450,22391,23029,23745,2000,2000,1300,1000,1100,2000,0
7624,20000,2,1,2,25,1,2,2,2,2,2,11729,12236,17994,17412,18422,18768,1000,6000,0,1600,800,800,0
7625,70000,1,2,2,29,0,0,0,0,2,2,18312,19516,20685,22142,23340,22817,1500,1500,1800,1700,0,1300,0
7626,20000,2,3,3,48,0,0,0,0,0,0,19590,19120,18932,18749,18620,18668,1308,1593,800,700,741,531,0
7627,410000,1,1,1,42,0,0,0,0,0,0,27559,29866,32233,34450,36954,39251,3000,2800,3000,3000,3000,2000,0
7628,250000,1,1,1,41,0,0,0,0,0,0,390,390,390,1130,1683,2587,390,390,1130,1683,2587,0,1
7629,140000,2,2,2,27,2,0,0,0,0,0,136308,137077,138919,138035,138857,138894,5150,7750,5000,5379,5200,4850,1
7630,90000,2,1,2,26,0,0,0,0,0,0,17704,14478,17681,15240,19364,18828,5005,5145,1801,5024,8007,5046,0
7631,340000,1,1,1,38,0,0,0,0,0,0,325,325,325,580,9664,29200,325,325,580,9664,29200,5260,0
7632,230000,2,2,1,28,0,0,0,0,0,0,1190,1716,0,1012,0,753,1716,0,1012,0,753,7600,0
7633,80000,1,3,2,33,0,0,2,2,2,2,30013,33514,34662,35784,37065,36320,4000,2000,2000,2000,0,3600,0
7634,50000,2,2,2,42,0,0,0,0,0,0,51521,46015,15057,19825,4264,3690,1451,13609,13327,250,1000,700,1
7635,60000,2,2,1,35,0,0,0,0,0,0,60505,60820,54853,39112,39714,38850,2300,2000,1500,1500,1600,1400,0
7636,50000,2,2,2,24,0,0,0,0,2,0,8587,9941,10950,11519,11191,11903,1500,1481,1050,0,903,333,0
7637,210000,2,2,2,28,0,0,0,0,0,0,145643,133339,137000,55855,58370,59537,4741,5778,1955,3370,1913,1998,0
7638,140000,2,1,2,27,0,0,0,0,0,0,135249,138577,141555,110852,113639,95052,5500,5700,4200,4700,3800,4000,0
7639,20000,1,3,2,32,0,0,0,0,2,2,4338,5355,6369,6891,6635,7287,1092,1106,628,0,762,0,0
7640,20000,1,3,3,48,1,0,0,0,0,0,-739,-5978,16089,14457,20106,10258,0,42400,289,201,410,0,1
7641,230000,1,1,2,32,0,0,0,0,0,0,2785,3943,3126,3126,500,500,1223,1000,0,0,0,0,0
7642,210000,1,2,2,27,0,0,0,0,0,0,30365,29858,30713,27644,26236,26312,1606,2000,1200,1200,1000,1000,0
7643,20000,1,2,2,34,0,0,0,0,0,0,36773,17288,16212,17567,16089,20743,3210,2000,1600,871,5214,300,0
7644,50000,2,2,2,24,0,0,0,0,0,2,45537,46601,47276,48224,48760,48382,2100,1760,1707,2602,1000,1640,0
7645,30000,1,3,2,49,0,0,0,0,0,0,15966,240,17433,16865,29220,11400,262,20416,852,29220,728,0,0
7646,50000,2,2,2,36,0,0,0,0,0,0,37329,32540,26601,27358,28017,28593,1500,1500,1200,1100,1042,1009,1
7647,150000,2,1,1,30,1,2,0,0,0,2,44820,14657,20950,3601,696,696,0,20962,1,696,0,50348,0
7648,160000,1,2,1,57,0,2,2,0,0,0,2008,280,-110,187,197,307,0,0,687,400,500,700,0
7649,90000,2,3,1,42,0,0,0,0,0,0,14376,15374,11195,8948,9143,6003,1278,1086,581,273,227,162,0
7650,150000,1,2,1,39,0,0,0,0,0,0,10086,32353,13181,2010,7790,0,32400,13181,2020,7790,0,0,0
7651,200000,1,3,2,36,0,0,0,0,0,0,45810,0,0,0,0,0,0,0,0,0,0,40714,1
7652,170000,1,1,1,40,0,0,0,0,0,0,171841,171014,168142,169821,173014,163570,7540,7540,6301,6517,6035,6435,0
7653,100000,2,2,1,38,0,0,0,0,0,2,84883,86616,88207,89428,95895,93092,4000,4500,3500,8000,4000,0,0
7654,20000,1,3,1,39,0,0,0,0,0,0,16946,14960,12772,12630,12524,11179,1529,1161,409,444,405,163,0
7655,30000,1,1,2,24,0,0,0,0,0,0,27576,27089,27986,28580,28649,29147,1500,1500,1050,1100,1000,2000,0
7656,200000,1,1,2,32,0,0,0,0,0,0,42325,32061,0,0,0,0,2000,0,0,0,0,0,0
7657,180000,1,2,1,46,0,0,0,0,0,0,390,390,390,0,390,930,390,390,0,390,930,135,0
7658,160000,2,2,1,44,1,0,0,0,0,0,0,5621,6468,6600,0,0,5621,1000,132,0,0,0,0
7659,80000,2,2,2,31,1,2,0,0,2,2,54207,52775,53906,60099,61402,60272,0,2000,7100,2400,0,4600,0
7660,70000,2,1,1,36,2,0,0,0,0,0,81719,85389,86287,65287,35345,9360,5000,3000,2000,3000,5000,0,0
7661,80000,1,3,2,44,2,0,0,0,0,0,78950,79788,70319,0,0,0,2815,1858,0,0,0,0,1
7662,50000,1,2,2,45,0,0,0,0,0,0,48406,49880,47206,19189,19008,19687,2286,1302,678,695,1000,687,1
7663,140000,2,2,1,58,2,2,2,2,2,2,70428,71902,72924,72335,75508,77116,3200,2800,1200,4500,3000,0,1
7664,90000,2,2,1,50,0,0,0,0,0,0,76025,55440,11227,4000,5000,10327,10374,16926,4000,6000,10327,0,0
7665,120000,2,1,2,27,0,0,0,0,0,0,19333,0,0,0,0,0,0,0,0,0,0,0,0
7666,80000,2,2,2,33,0,0,0,0,0,0,47867,31925,731,55541,56703,57833,1925,731,56000,2055,2070,4447,0
7667,20000,1,2,2,43,4,3,2,0,0,0,34213,30100,25871,21970,18669,19669,0,0,0,0,1000,53301,1
7668,20000,1,1,2,28,1,2,0,0,0,0,10631,1512,20400,20000,20000,0,0,20400,0,0,0,0,0
7669,440000,2,2,2,34,0,0,0,0,0,0,0,200,751,2674,317,565,200,751,2700,320,570,0,0
7670,310000,2,2,1,28,0,0,0,0,0,0,106540,110211,208505,150380,38551,42901,5000,100000,7000,10000,5000,5000,0
7671,80000,2,2,2,25,0,0,0,0,0,0,0,0,0,0,0,442,0,0,0,0,442,1102,0
7672,200000,1,1,2,28,0,0,2,0,0,2,95065,112893,110059,34125,36031,31885,20000,0,34000,2500,0,50000,0
7673,300000,2,2,1,34,1,2,0,0,0,0,6451,4828,6858,8048,1701,2920,0,4004,2000,0,2920,2282,1
7674,140000,2,2,1,35,0,0,0,0,0,0,10215,14293,13035,5753,2296,1398,4293,1004,115,46,1398,6837,0
7675,230000,2,2,1,43,0,0,0,0,0,0,3451,5560,1180,8563,5180,2524,5587,1186,8605,5201,2532,4759,0
7676,130000,2,3,1,38,0,0,0,0,0,0,100443,95794,92765,48481,47779,42362,3516,4112,2007,2516,1119,1016,1
7677,40000,2,5,1,48,0,0,0,0,0,0,37896,40262,40370,39970,39970,0,3292,1400,0,0,0,0,0
7678,20000,2,3,1,23,0,0,0,0,2,2,20030,18808,17080,18293,18752,19195,1600,1300,1500,900,900,787,0
7679,90000,2,2,2,26,0,0,0,0,0,0,43310,40275,37800,37323,34396,34938,2500,3000,3000,2000,3000,3000,0
7680,50000,2,3,2,41,2,2,2,2,2,2,24064,24981,25473,25857,26298,25725,1600,1200,1100,1000,0,1948,1
7681,220000,1,2,1,49,0,0,0,0,0,0,153880,143020,117567,153069,153045,144529,6300,4500,37486,6000,5200,5002,0
7682,60000,2,2,3,64,2,0,0,0,0,0,24541,25838,27022,28357,28992,24505,2000,2000,2000,1000,1000,2000,1
7683,240000,1,3,1,48,0,0,0,0,0,0,111990,125109,129014,131864,134744,138504,15000,6000,5000,5000,6000,6000,0
7684,400000,2,2,2,40,1,0,0,0,0,0,0,0,0,0,0,0,0,0,0,0,0,0,0
7685,120000,1,1,2,30,0,0,0,0,0,2,179,1403,0,0,473,323,1403,0,0,473,0,9438,0
7686,280000,2,1,1,37,1,0,0,0,0,0,0,0,0,539,94,3582,0,0,539,0,3582,392,0
7687,390000,2,2,2,28,0,0,0,0,0,0,1421,1286,2123,2219,1205,3343,1294,2133,2230,1209,3365,2151,0
7688,340000,2,1,1,46,0,0,0,0,0,0,9435,40670,14007,11922,84739,11132,40670,24330,11943,84739,11132,46039,0
7689,10000,1,2,2,47,0,0,0,0,0,0,219,9110,9797,-10433,9767,9067,10400,1000,0,20200,200,0,1
7690,110000,1,2,1,35,0,0,0,0,0,0,48131,73221,74341,50184,51412,49448,32123,3000,1800,2041,2069,3000,1
7691,100000,1,2,2,31,0,0,0,0,0,0,95972,97650,-5000,-5000,-5000,-5000,5000,0,0,0,0,0,0
7692,130000,2,2,1,25,0,0,0,0,0,0,119703,122967,125101,54560,52681,44529,5200,5301,3000,2000,5000,13801,0
7693,230000,1,2,1,45,2,2,2,2,0,0,221691,226696,223872,98219,100276,102263,10000,3600,0,3628,3643,3929,0
7694,290000,2,2,1,39,0,0,0,0,2,2,296002,284025,278422,283034,284430,294131,12000,11600,12628,8000,16600,4000,1
7695,50000,1,1,2,29,0,0,0,0,0,0,16645,18368,20053,20721,21234,22881,2000,2000,1000,1000,2000,0,0
7696,120000,2,1,2,27,0,0,0,0,0,0,13394,17356,6826,36830,6280,150,17456,6826,36837,6280,150,504,0
7697,240000,2,1,1,36,0,0,0,0,0,0,7058,4786,6853,5673,7588,2737,4789,6853,113,7588,2737,0,1
7698,360000,2,1,2,32,0,0,0,0,0,0,166848,149903,138091,138123,140324,108772,7294,6135,4504,4669,4060,3475,0
7699,110000,2,3,2,31,0,0,0,0,0,0,77595,78322,66068,61486,60695,58147,3700,2212,2100,2200,2200,1910,0
7700,60000,2,3,2,23,0,0,0,0,0,0,23268,16603,8651,500,29468,30201,1215,1001,502,29468,1201,1000,0
7701,130000,1,1,2,33,1,0,0,0,0,0,0,0,0,8495,6480,0,0,0,8495,0,0,0,1
7702,250000,2,1,1,31,0,0,0,0,0,0,315,-72,7304,95,0,0,0,7376,0,0,0,0,0
7703,410000,1,3,2,38,0,0,0,0,0,0,4822,232,2255,2546,2650,6286,233,2266,2558,2663,6303,12,0
7704,130000,2,3,2,53,0,0,0,0,0,0,100184,99001,88214,90167,90682,92672,4700,3200,3403,3300,3500,3300,0
7705,200000,1,1,2,38,0,0,0,2,2,2,180486,183076,195535,190960,202139,194326,7000,15500,0,14184,0,6700,0
7706,60000,2,1,2,25,2,2,0,0,0,0,37287,36412,37280,35321,36099,36724,0,1800,1414,1500,1377,1402,0
7707,20000,1,1,2,25,0,0,0,0,0,0,85,1347,3969,1855,3569,3823,1377,4122,1865,3611,3823,19386,0
7708,20000,1,2,1,37,0,0,0,0,2,0,17214,9633,10944,11280,11011,7755,2248,1500,757,0,430,1000,0
7709,380000,2,2,1,50,0,0,0,0,2,2,294100,313346,299786,307801,288820,266266,30125,11600,20009,11000,0,40000,0
7710,80000,1,3,1,47,0,0,0,0,0,0,78415,80093,74598,34712,40452,39762,3369,1688,694,44492,1455,1365,1
7711,160000,1,2,2,31,0,0,0,0,0,0,24645,24956,25819,25754,25898,25925,1420,1699,1050,1104,1041,1000,0
7712,50000,1,1,2,23,1,2,0,0,0,0,47201,47548,48402,28331,29174,29739,1400,1800,1100,1300,1200,1100,0
7713,50000,1,2,1,34,0,0,0,0,0,0,24249,25952,29915,30215,5964,2800,2100,5000,1000,0,56,0,0
7714,310000,1,2,1,34,0,0,0,0,0,0,97196,95832,83123,46342,44693,43296,6000,5000,4000,3000,3000,2000,0
7715,130000,1,2,2,30,0,0,0,0,2,2,95799,97858,100534,105347,103550,109733,4500,5200,8000,0,8100,0,0
7716,180000,1,1,2,33,0,0,2,0,0,0,33331,35311,31648,23461,20671,17122,5317,23,208,10,51,0,0
7717,130000,2,2,1,43,0,0,0,0,0,0,129099,130522,106158,97685,80733,82883,5008,6003,4000,3000,4870,3000,0
7718,50000,1,1,1,35,0,0,0,0,0,0,50482,50267,44880,45122,49518,50389,6749,5000,8000,5000,10000,2000,0
7719,150000,2,2,1,30,1,2,0,0,0,0,36472,33947,35518,30564,21849,25168,0,5035,5000,900,10000,7000,1
7720,230000,2,1,2,25,0,0,0,0,0,0,32915,21726,12299,5860,0,0,4794,3116,5029,0,0,0,0
7721,20000,2,1,2,23,0,0,0,0,0,0,19082,19286,19637,18826,19522,21775,1321,1400,1000,1000,2583,0,0
7722,360000,2,1,1,33,1,0,0,0,0,0,0,0,0,0,0,0,0,0,0,0,0,0,1
7723,180000,2,1,1,31,1,0,0,0,0,0,0,0,0,2537,0,0,0,0,2537,0,0,0,0
7724,280000,1,2,1,37,0,0,0,0,0,0,196807,193629,195583,189545,184042,183287,7005,10023,7047,7023,7012,7017,0
7725,90000,2,1,2,23,0,0,0,2,2,2,11495,10764,11304,9601,10050,8304,1200,3000,0,2000,0,2000,1
7726,210000,1,2,1,41,1,2,0,0,0,0,149343,145319,86335,69670,59502,119494,0,5000,3600,2000,2000,5000,0
7727,240000,1,1,2,30,1,0,0,0,0,0,0,0,0,0,0,0,0,0,0,0,0,0,1
7728,200000,2,1,1,49,0,0,0,0,0,0,4739,-61,-61,-61,-61,-61,0,0,0,0,0,0,0
7729,180000,2,1,1,35,0,0,0,0,0,0,47603,48705,50140,60607,67976,20412,5705,3003,10607,7976,5412,2460,0
7730,190000,1,3,1,44,1,0,2,0,0,0,-1600,2400,2184,2184,2184,0,4000,0,0,0,0,0,0
7731,50000,2,3,1,53,0,0,0,0,0,0,4794,3848,4682,4521,4165,4809,4000,5000,5000,4200,4810,4763,0
7732,80000,2,5,1,23,0,0,0,0,0,0,5000,0,31432,24455,26920,0,0,31432,3000,3000,0,0,0
7733,50000,1,2,2,23,2,2,0,0,0,0,32589,32583,21197,7666,4768,5685,1000,2000,1000,1000,1000,1000,1
7734,130000,1,1,2,29,0,0,0,0,0,0,102640,-10,-10,-10,-10,-10,0,0,0,0,0,0,0
7735,30000,2,2,1,52,2,2,2,2,2,2,18499,20391,20758,21118,21632,22129,2500,1000,1000,1000,1000,0,1
7736,30000,2,1,2,28,0,0,0,0,0,0,36541,17625,26243,25829,-175,664,5000,11000,3000,2000,1500,0,0
7737,50000,1,2,2,24,0,0,2,2,0,0,20378,23346,23670,22994,23473,23932,3300,1000,0,1000,1000,962,1
7738,360000,2,1,1,41,0,0,0,0,0,0,100608,95511,96288,100251,99983,122578,4000,6000,5000,4000,80000,5000,0
7739,80000,2,2,2,24,2,0,0,0,0,0,45647,45248,33696,40092,40946,41588,2039,2000,7000,1482,2501,3082,1
7740,460000,1,1,2,33,0,0,0,0,0,0,161054,164509,168730,172072,154177,157246,6050,7000,6000,5593,5630,6089,0
7741,200000,1,1,1,48,0,0,0,0,0,0,5472,4306,4655,4930,3601,3366,4318,4681,4958,3712,3476,990,0
7742,50000,1,2,2,22,0,0,0,0,0,0,49334,48237,49496,10353,4337,15017,5000,2510,10371,16533,11017,698,1
7743,370000,2,2,2,28,0,0,0,0,0,0,87248,82477,71825,69872,63656,46555,2896,2097,2000,1818,1044,28034,0
7744,20000,2,2,1,42,3,2,2,2,2,2,18464,19465,19649,19978,20512,20831,1600,800,950,1000,800,0,1
7745,50000,2,1,2,24,0,0,0,0,0,0,50537,44686,38493,33769,34211,34944,2554,1900,1355,1300,1300,1500,0
7746,80000,1,2,1,54,0,0,0,0,0,0,26730,24568,27979,22460,22743,22988,1500,3901,1001,1001,1001,1901,0
7747,170000,2,1,1,31,1,0,0,0,0,0,0,0,0,0,0,0,0,0,0,0,0,0,0
7748,400000,1,1,1,54,0,0,0,0,0,0,1348,21411,-25,4895,48976,15319,21532,0,4920,49221,15395,0,0
7749,500000,2,2,1,41,0,0,0,0,0,0,131720,103746,91805,76152,62783,44422,3900,3200,2766,2100,1703,1092,0
7750,250000,1,3,1,44,0,0,0,0,0,0,6826,3900,4482,43546,38051,576,3924,4482,43676,38166,576,2389,1
7751,80000,2,2,2,22,0,0,0,0,0,0,80491,64868,51936,30165,30145,30085,2327,1687,1052,1076,1121,1237,0
7752,90000,2,2,3,40,1,2,0,0,0,2,89762,90395,87428,61778,68248,66997,3000,2773,2402,7660,0,2711,0
7753,120000,1,3,2,44,4,3,2,0,0,0,149229,138487,127516,124530,120937,67711,0,0,6000,5067,1548,120862,1
7754,310000,1,2,1,44,0,0,0,0,0,0,3947,5987,7739,8843,12204,14520,2500,2000,2000,3500,2500,1500,0
7755,20000,1,2,2,22,0,0,0,0,0,0,13540,397,998,734,1698,500,406,1101,736,1799,601,0,0
7756,60000,2,2,2,29,0,2,2,0,2,2,4603,4186,0,1887,1543,3972,0,0,1887,0,3557,0,0
7757,460000,2,1,2,29,0,0,0,0,0,0,170894,160223,160894,165246,169983,173330,7018,7000,7002,8007,8038,6052,0
7758,220000,1,2,1,40,0,0,0,0,0,0,2300,1000,11289,4887,3083,9401,1000,11289,4887,3083,10020,6473,0
7759,220000,1,1,2,32,0,0,0,0,0,0,203689,204943,172926,104747,180458,182435,10000,8000,6000,107000,13000,8000,1
7760,20000,1,2,2,33,1,2,0,0,0,0,17439,16872,17483,9152,0,0,0,1000,183,0,0,0,0
7761,80000,1,3,1,38,0,0,2,0,0,2,6270,14412,12540,1261,2705,1261,19421,0,0,2705,0,1261,1
7762,220000,1,1,2,31,0,0,0,0,0,0,7521,4023,5878,6452,5157,4159,4028,5892,6463,5163,4169,3733,0
7763,20000,1,2,2,23,0,0,0,0,0,0,10478,11193,12207,14402,16399,20929,1193,1207,2402,2399,5000,0,0
7764,100000,2,2,2,26,0,0,0,0,0,0,46891,48134,49331,50508,51543,52685,2000,2000,2000,2000,2000,2000,0
7765,230000,2,1,2,31,0,0,0,0,0,0,81734,82238,80623,90997,62063,62003,3687,4539,2220,3214,2407,2061,0
7766,300000,2,2,1,40,0,0,0,0,0,0,184164,151244,150727,196467,201425,-8276,7028,6000,50000,10013,9505,175074,0
7767,20000,1,2,2,24,0,0,0,0,0,0,2522,390,0,780,0,780,390,0,780,0,780,0,0
7768,160000,1,1,2,29,0,0,0,0,0,0,390,4238,780,390,390,540,4238,780,0,390,540,780,0
7769,70000,2,2,1,27,1,2,0,0,2,2,48098,47922,51806,55625,57072,58269,881,4700,4700,2500,2300,2300,1
7770,240000,2,2,2,37,0,0,0,0,0,0,280110,281104,286048,369693,243198,243498,10000,15002,9000,10000,8600,8500,0
7771,100000,1,2,2,25,0,0,0,0,0,0,1285,2530,23496,23263,23176,23542,2530,23496,1500,1500,2000,1500,0
7772,220000,1,2,2,30,0,0,0,0,0,0,18301,20161,24621,17125,18378,1344,2026,10040,1000,1253,1350,4416,0
7773,50000,1,2,2,42,0,0,0,0,0,0,5268,5896,6645,7009,6869,7268,1107,1246,1000,500,1000,390,0
7774,80000,2,3,1,44,0,0,0,0,0,0,5730,5837,0,0,0,0,5837,0,0,0,0,0,0
7775,130000,1,1,2,28,2,2,2,0,0,0,114144,102650,0,0,0,0,0,0,0,0,0,0,1
7776,30000,2,2,2,23,1,2,0,0,2,2,27171,27429,26571,28128,27548,29536,1000,1800,2300,0,2600,0,0
7777,360000,2,2,1,46,1,0,0,0,0,0,0,0,0,0,0,0,0,0,0,0,0,0,1
7778,280000,1,2,1,34,0,0,0,0,0,0,126305,128888,123909,124078,124489,114110,4728,4700,4210,4455,4109,4000,1
7779,230000,1,1,1,45,0,0,0,0,0,0,43885,44926,45941,46853,47834,48942,1749,1764,1676,1735,1902,2189,0
7780,30000,2,1,2,24,0,0,0,0,0,0,3055,18392,640,0,2583,4653,18407,640,0,2583,4653,2583,0
7781,70000,2,2,1,28,0,0,0,0,0,0,45738,36105,27484,28526,30053,30379,4016,2000,2000,2000,2000,2000,1
7782,100000,1,2,2,32,0,0,0,0,0,0,43788,44843,45814,46727,46798,46799,1759,1730,1643,1696,1685,1653,0
7783,50000,1,2,2,27,0,0,0,0,2,0,50679,45126,37800,51457,50463,41758,2033,1900,51457,0,1642,1538,1
7784,150000,2,2,2,26,0,0,0,0,0,0,221,0,0,0,0,0,0,0,0,0,0,0,0
7785,20000,1,2,2,46,0,0,0,0,0,0,780,0,1170,780,0,0,0,1170,0,0,0,0,1
7786,100000,1,3,3,48,2,0,0,0,0,0,10514,8408,5250,9360,4098,800,13008,1119,7110,110,102,0,1
7787,90000,2,2,2,25,2,2,2,0,0,0,41757,42797,41814,42813,43571,46350,2001,0,2000,1600,3500,0,1
7788,50000,1,3,2,49,0,0,0,0,0,0,34461,35582,40610,11292,3266,10012,2000,6000,2000,2200,10000,2100,0
7789,200000,1,1,1,49,2,2,2,2,2,2,2500,2500,2500,2500,2500,2500,0,0,0,0,0,0,1
7790,250000,2,2,2,26,0,0,0,0,0,0,46467,17787,18852,24097,19152,1547,1500,1500,5645,500,1547,0,0
7791,140000,2,1,1,32,1,0,0,0,0,0,0,0,0,0,0,0,0,0,0,0,0,0,0
7792,320000,2,2,1,44,0,0,0,0,0,0,396,396,396,792,396,396,396,396,792,0,396,396,0
7793,20000,2,2,1,22,2,2,2,2,2,2,20439,20564,20479,19415,20540,20903,1602,900,0,1800,850,0,1
7794,80000,2,2,2,26,0,0,0,0,0,0,46738,48237,49642,52052,40505,41471,3001,3000,3000,3000,1637,2928,0
7795,300000,2,2,2,36,1,0,0,0,0,0,0,0,200,0,16418,88632,0,200,0,16418,88632,1913,0
7796,500000,2,1,1,38,0,0,0,2,0,0,54787,72780,48785,16025,19120,11461,20015,1670,0,19120,11461,18038,0
7797,30000,1,2,2,22,1,0,0,0,0,0,4873,14891,14860,14260,8864,2578,16547,3000,1000,1000,1990,3597,0
7798,130000,2,4,2,47,2,0,0,0,0,0,1478,1501,2598,1299,1299,1299,1501,2598,0,1299,1299,1299,0
7799,40000,1,2,1,25,0,0,0,0,0,2,37540,38611,39508,38674,38410,37661,1976,1873,1300,2824,0,2000,0
7800,20000,2,2,2,22,0,0,0,0,0,0,19194,19840,7627,0,0,19191,1129,1002,0,0,19191,0,0
7801,470000,2,1,2,39,0,0,0,0,0,0,1264,5478,4753,5289,831,2140,5478,4757,5289,831,2140,2440,0
7802,200000,2,1,2,42,0,0,0,0,0,0,1347,208,1582,3607,894,301,208,1677,3607,894,301,2457,1
7803,50000,2,2,2,31,2,2,2,2,2,2,30619,31634,32317,32787,33416,34116,1800,1500,1300,1300,1400,1500,1
7804,130000,2,2,1,36,0,0,0,0,0,0,26244,27068,28383,29018,29671,-2000,1550,1769,1404,1493,0,4720,0
7805,100000,2,2,1,33,0,0,0,0,0,0,5576,792,0,1889,2458,10175,792,0,1889,2458,10175,122,0
7806,160000,1,1,2,29,0,0,0,0,0,0,554,-78,622,-10,326,326,0,700,0,652,0,0,0
7807,50000,1,3,2,26,0,0,0,0,0,0,24132,20109,19932,19762,10708,20148,1902,1200,30,1031,20201,605,0
7808,180000,1,1,1,42,0,0,0,0,0,0,124064,121847,82809,81755,81316,81206,5087,2891,3755,2941,3206,2837,0
7809,50000,1,3,2,29,0,0,0,0,0,0,47863,48261,19258,19268,19040,19555,2000,2000,1000,1000,1000,1000,0
7810,70000,2,3,1,40,0,0,0,0,0,0,65198,65674,58599,49179,49080,49705,2924,1924,1726,1763,2136,1384,0
7811,270000,1,2,1,53,2,2,2,2,2,2,211630,209812,219829,214795,228084,232680,3000,15000,0,17000,8500,0,1
7812,210000,2,2,1,48,0,0,0,0,0,0,140,140,140,60,120,-20,140,140,60,200,0,0,0
7813,70000,2,2,1,43,0,0,0,0,0,0,66083,67681,40849,2917,1473,917,3017,2025,58,29,917,40442,0
7814,160000,2,1,2,31,0,0,0,0,0,0,3555,7340,0,7634,7350,7938,7340,0,7634,0,7938,3993,0
7815,30000,2,2,1,27,0,0,0,0,0,0,4527,7427,11013,16013,16340,3396,3000,6000,5000,327,3396,1680,0
7816,250000,1,1,2,29,0,0,0,0,0,0,12044,3260,4037,1184,5107,1893,3276,4057,1196,5123,6,2539,0
7817,10000,2,3,1,51,1,2,0,0,2,2,2731,2541,3499,4441,4233,5566,0,1000,1000,0,2000,1170,0
7818,50000,1,2,2,27,1,2,2,2,2,2,17654,17082,20088,19483,19742,19275,0,3300,0,1560,0,881,0
7819,120000,1,3,1,38,0,0,0,0,0,0,3465,5543,5463,10912,5228,9769,5558,5479,10929,24,9769,18,0
7820,50000,1,2,2,28,0,0,0,0,0,0,49417,48104,49348,28433,53718,27084,1966,2210,1946,983,1950,946,0
7821,250000,1,1,2,36,0,0,0,0,0,0,143200,146391,91714,88397,90312,92456,7000,3500,3100,3200,3500,3500,0
7822,20000,1,2,2,48,0,0,2,0,0,0,390,1170,780,780,0,0,1170,0,0,0,0,0,1
7823,70000,2,2,2,25,0,0,0,0,0,0,19508,19633,19685,18887,19073,20208,2000,2000,1000,2000,3003,3007,0
7824,50000,1,2,2,46,0,0,0,0,0,0,2635,27299,21206,20127,19049,19730,27921,1262,656,655,2433,1000,0
7825,110000,1,2,2,41,0,0,0,0,0,0,120767,133593,125852,118254,120537,112021,24800,4400,4300,4205,4500,4304,0
7826,100000,2,1,2,32,1,2,0,0,0,0,7130,6873,8101,8235,34087,34749,0,1500,565,36252,1500,2500,0
7827,20000,1,2,1,31,0,0,0,0,0,0,-66,-66,460,-201,1600,0,0,526,201,1801,0,0,0
7828,120000,2,2,1,25,0,0,0,0,0,0,30925,73143,73130,74898,76779,79594,43272,3120,2888,3001,4500,2500,0
7829,50000,1,2,2,26,0,0,0,0,0,0,5385,4754,-43,1757,-765,18032,2000,0,1800,0,19000,4000,0
7830,140000,1,2,1,29,1,2,2,2,2,2,73302,74539,75724,73909,78305,76888,3000,3000,0,5763,0,6100,1
7831,140000,1,2,1,34,0,0,0,0,0,0,711,711,711,10976,711,711,711,711,10976,711,711,291,1
7832,250000,2,1,1,39,0,0,0,0,0,0,196409,182372,191040,199400,206988,167607,6023,15000,10011,11214,5315,3180,0
7833,180000,2,2,2,30,0,0,0,0,0,0,43779,44213,44561,45130,47790,48222,1751,1712,1894,4000,1837,1711,0
7834,130000,1,2,2,26,0,0,0,0,0,0,55348,55400,0,0,0,0,1650,0,0,0,0,0,0
7835,200000,1,1,2,27,0,0,0,0,0,0,2436,3458,758,-2,750,26903,5963,760,0,752,26983,599,0
7836,100000,2,1,2,26,0,0,2,2,2,0,64086,68836,69704,70566,69311,70844,6005,2600,2600,0,2685,2800,0
7837,20000,1,2,2,23,0,0,0,0,0,0,15879,15441,9124,12915,4305,18495,4000,2000,10000,500,16000,1000,0
7838,290000,2,3,2,27,0,0,0,0,0,0,63584,28972,10772,22463,164570,9672,2000,1399,22468,164791,9672,18889,0
7839,110000,1,1,1,46,0,0,0,0,0,0,106111,108698,105666,57940,59247,59594,5015,4081,2101,2202,2204,2100,0
7840,30000,2,2,2,27,2,2,5,5,4,3,1200,1200,1200,1200,600,300,0,0,0,0,0,0,0
7841,150000,2,3,2,23,0,0,0,0,0,0,6319,8190,6686,7686,4526,65839,2000,1000,1000,0,63300,11632,0
7842,150000,2,2,2,34,0,0,0,0,0,0,1467,698,4102,713,810,5438,701,4137,719,817,5467,9587,0
7843,120000,2,1,2,25,1,0,0,0,0,0,0,0,0,0,0,0,0,0,0,0,0,0,1
7844,280000,1,2,1,28,0,0,0,0,0,0,24189,25294,26667,26926,27492,28333,1500,1800,1000,1000,1300,1000,0
7845,90000,2,2,1,36,1,0,0,0,0,0,-191,-191,-191,-191,-191,209,0,0,0,0,550,3780,0
7846,130000,1,2,1,39,0,0,0,0,0,0,10896,390,390,390,390,390,390,390,390,390,390,390,0
7847,30000,1,2,2,24,1,2,2,2,0,0,27262,26545,28590,27831,28433,30257,0,2800,0,1050,2300,0,1
7848,100000,1,1,1,25,0,0,0,0,0,0,91842,40308,41800,0,0,0,1809,2301,0,0,0,0,0
7849,30000,2,1,2,27,0,0,0,0,0,2,20234,20476,21991,22544,24061,23428,2000,3000,2000,2000,1000,0,1
7850,90000,2,2,1,28,0,0,0,0,0,0,45537,43173,36230,28068,20229,20650,3000,2500,2000,2000,1100,0,0
7851,160000,2,2,1,25,4,3,2,0,0,0,103398,100925,97701,99434,99527,16331,0,0,2321,432,546,550,0
7852,260000,1,1,1,51,0,0,0,0,0,0,771,1593,419,529,0,4090,1596,437,529,0,4090,98,0
7853,50000,1,1,2,28,2,0,0,0,0,0,48508,45951,44013,28094,29138,30625,2500,2000,1200,1500,2000,1500,1
7854,260000,1,3,2,27,0,0,0,0,0,0,132755,137049,137558,140455,144032,146615,6417,5000,5184,6000,5026,4005,0
7855,220000,2,1,2,35,0,0,0,0,0,0,7443,5572,5572,5572,5774,3264,5600,5600,5600,5802,3279,5613,0
7856,20000,2,2,2,22,0,0,0,0,0,0,19248,20054,19133,19397,19702,20506,2000,1300,678,706,2037,0,0
7857,300000,2,1,2,25,1,5,4,3,2,3,315632,309330,302869,306395,311256,305413,0,0,10000,10000,0,0,1
7858,250000,2,1,2,31,1,0,0,0,0,0,-129,-129,-329,-329,-329,-529,0,200,0,0,200,86,0
7859,200000,1,2,2,30,0,0,0,0,0,0,416,416,416,416,416,0,416,416,416,416,0,832,0
7860,20000,2,2,2,21,0,0,2,0,0,0,13660,15056,15400,12900,19500,0,2000,1000,0,6600,0,0,0
7861,50000,1,2,2,25,3,3,2,2,2,0,26798,27274,27529,28280,27691,28278,1200,1000,1500,0,1200,1200,1
7862,100000,2,3,2,28,0,0,0,0,0,0,7220,13677,49773,61244,31410,20529,13695,49813,50054,33,10028,100000,0
7863,170000,1,2,1,37,0,0,0,0,0,0,164240,167116,165432,120084,123439,107682,8019,6196,4300,5000,4006,4007,0
7864,120000,1,1,1,37,0,0,0,0,0,0,68329,72212,79334,80531,80944,78771,5000,9000,3000,3100,3000,3000,0
7865,120000,2,2,2,38,0,0,0,0,0,0,33814,35033,36175,15833,16170,16897,1766,1908,566,591,1000,626,0
7866,50000,1,2,2,26,0,0,0,0,2,0,37862,17545,18537,19941,19500,18921,1304,1296,1700,2,800,1000,0
7867,260000,2,1,2,28,0,0,0,0,0,0,63504,66283,67341,54725,36117,35144,4000,3002,2000,2000,2464,1000,0
7868,60000,2,2,2,44,0,0,0,0,0,0,57657,54173,67300,590,0,0,3400,1650,1180,0,0,400,0
7869,120000,2,2,2,28,0,2,2,0,0,0,200,200,0,0,0,0,0,0,0,0,0,0,1
7870,220000,2,3,1,47,0,0,0,0,0,0,38412,50367,64735,22792,184483,62140,50451,64775,22794,184483,62140,48080,0
7871,200000,1,1,2,26,0,0,0,0,0,0,299,-201,-201,-201,-201,-201,0,0,0,0,0,0,0
7872,90000,2,2,1,45,0,0,0,0,0,0,63049,71245,70819,20301,87497,86938,10000,1612,0,87497,10000,20000,0
7873,310000,2,1,1,25,0,0,0,0,0,0,184538,153625,142810,125869,107986,83461,5019,3872,3147,2912,5109,1604,0
7874,110000,2,2,1,34,0,0,0,0,0,0,18328,19385,20400,20729,21465,21740,1300,1280,600,1005,709,732,0
7875,140000,2,2,2,42,0,0,0,0,0,0,24984,26010,27026,27714,28139,28697,1434,1450,1138,1021,1026,1061,0
7876,160000,2,1,1,51,0,0,0,0,0,0,63406,64176,2348,2447,10968,10934,2901,2348,2447,10968,531,208,0
7877,80000,2,2,2,24,2,2,2,2,2,2,23787,23124,26700,27064,27685,27091,0,4300,1100,1200,0,2500,1
7878,500000,2,1,1,36,0,0,0,0,0,0,251931,301458,234316,199360,163408,186618,101458,10009,20071,20000,35565,18000,0
7879,130000,1,2,2,29,0,0,0,0,0,0,130708,132080,130128,101794,101826,101763,6658,5146,4000,4000,3866,3435,0
7880,240000,2,2,1,44,0,0,0,2,0,0,220439,224653,238637,232995,206167,210100,9657,19253,0,7641,7522,7949,0
7881,50000,2,2,2,24,2,2,7,7,7,7,2400,2400,2400,2400,2400,2400,0,0,0,0,0,0,1
7882,180000,2,1,1,42,1,0,0,0,0,0,0,1290,0,0,1200,0,1290,0,0,1200,0,0,0
7883,240000,1,2,2,33,0,0,0,0,0,0,1863,15172,8930,7324,10506,10625,15172,8930,0,10526,10625,11982,1
7884,180000,1,2,1,30,0,0,0,0,0,0,135001,135199,134817,52629,51543,52781,6100,6000,1900,1680,1900,3888,0
7885,130000,1,2,2,33,0,0,0,0,0,0,114984,118641,119286,121377,123655,125917,5800,4400,4350,4500,4600,5000,0
7886,50000,2,1,2,24,0,0,0,0,0,0,12806,13490,0,0,0,0,7522,0,0,0,0,0,1
7887,500000,1,1,2,34,0,0,0,2,0,0,154085,4373,65539,62450,36039,2300,4373,62450,0,500,2300,211192,0
7888,200000,1,2,1,29,0,0,0,0,0,2,168374,172158,175701,181235,192713,189449,8000,7900,10000,14400,0,6700,0
7889,220000,2,1,2,29,0,0,0,0,0,0,19030,14287,8183,21189,7838,321,14287,8194,22000,7838,321,21317,0
7890,70000,1,2,1,33,0,0,2,0,0,0,21670,24401,23716,24124,24684,25222,3400,0,1100,1100,1100,1103,0
7891,440000,1,1,1,31,0,0,0,0,0,0,21359,18905,16540,13247,7577,1652,5023,3024,1043,3037,1660,365,0
7892,290000,1,4,1,52,0,0,0,0,0,0,302396,2000,2208,105145,106511,108228,2000,2604,215917,3685,3700,3786,0
7893,50000,2,2,2,23,0,0,0,0,0,0,30941,30730,29908,28809,27905,13835,1751,1402,776,773,522,430,0
7894,120000,2,2,2,23,0,0,0,0,0,0,115653,108971,83592,22321,32150,36644,5000,5000,2000,20000,10000,10000,0
7895,80000,2,3,1,44,0,0,0,0,0,0,485,10735,2954,24243,7043,13531,10735,2957,24277,7046,13671,3206,0
7896,170000,2,2,1,27,0,0,0,0,0,0,164214,165825,167008,131544,125652,127224,8001,7077,5000,5000,5000,5000,0
7897,160000,1,1,2,41,0,0,0,0,0,0,396,396,396,0,688,396,396,396,0,688,500,0,1
7898,280000,1,1,2,29,0,2,0,0,0,0,7712,1171,1599,436,47613,31987,0,2013,436,47613,1472,2275,1
7899,40000,2,2,1,47,2,2,2,2,0,0,31121,30343,34021,33177,33870,34537,0,4514,0,1378,1382,1427,1
7900,80000,2,3,1,53,0,0,0,0,0,0,66002,68679,70906,71474,72936,63912,5000,5000,3000,3000,3000,3000,0
7901,210000,2,2,1,40,0,0,0,0,0,0,12555,560,5287,2000,900,406,560,5287,2000,900,406,900,0
7902,60000,2,2,1,29,2,2,2,2,2,2,56252,57760,58250,56352,57930,16563,3000,2100,0,2801,0,3619,1
7903,20000,2,2,1,40,0,0,0,0,0,0,14492,15304,16035,16517,16781,17142,1349,1080,562,500,456,218,1
7904,230000,2,2,2,36,1,0,0,0,0,0,2404,681,4048,0,5092,7452,687,4053,0,5092,7464,2485,0
7905,90000,2,1,1,50,0,0,0,0,0,0,58979,64004,65298,65233,66717,67562,6000,3000,2300,2500,3000,2500,0
7906,170000,2,1,1,35,0,0,0,0,0,0,736,316,1970,1132,1132,1397,1289,1970,1132,1132,1397,1397,0
7907,70000,2,2,2,22,0,0,0,0,0,0,57889,33868,33390,26457,27165,27562,1592,1497,947,1134,1000,1021,0
7908,50000,1,2,2,29,0,0,2,2,2,0,24043,26806,26077,27898,27315,27709,3165,0,2257,0,1000,2000,0
7909,140000,2,1,1,48,0,0,0,0,0,0,5349,2210,5472,0,544,0,2216,5472,0,544,0,0,0
7910,50000,2,3,2,55,0,0,0,0,0,0,47860,47294,45136,29378,29750,30327,1936,3654,1038,1222,1217,946,0
7911,270000,2,1,2,45,0,0,0,0,0,0,96131,98635,39177,110453,111230,113670,4204,2819,93694,3948,4199,3309,0
7912,170000,2,2,1,49,2,2,0,0,0,0,164210,159883,126712,87369,76552,78277,0,6400,3600,3000,3000,3100,1
7913,180000,2,1,2,27,0,0,0,0,0,0,95757,98098,101255,101341,98419,85259,3880,5114,3238,3401,2980,3000,0
7914,80000,2,1,2,29,0,0,0,0,0,0,928,4844,3305,3287,630,2436,4844,3326,3287,630,2436,1882,0
7915,450000,2,1,2,37,0,0,0,0,0,0,71985,85047,74354,57628,57381,14870,15000,1879,20000,20000,5000,50893,0
7916,400000,1,1,2,29,0,0,0,0,0,0,6748,7777,20192,17337,5396,516,7777,20192,17337,0,516,53871,0
7917,400000,2,2,2,35,0,2,0,0,0,2,1908,952,333,4928,8235,3317,0,333,4928,8235,0,1708,0
7918,60000,1,3,2,25,0,0,0,0,0,0,57530,59869,59942,28934,27461,28504,3869,2742,1200,1461,1504,1683,0
7919,110000,1,1,2,25,0,0,0,0,0,0,51139,53797,56394,58341,60242,62234,3500,3500,3500,3000,3000,3000,0
7920,60000,2,2,2,24,0,0,0,0,0,0,27295,27403,23837,23078,22618,23950,1724,1600,1000,1000,2500,1300,0
7921,140000,1,1,2,37,0,0,0,0,0,0,3351,64555,63796,55234,52959,50617,64555,2898,1890,2000,2000,1900,1
7922,20000,1,2,1,24,0,0,0,0,0,0,10085,11416,12520,12714,13059,13193,1500,1600,700,700,500,1000,1
7923,50000,1,1,2,30,0,0,0,2,2,2,60762,58791,59529,55405,55904,52160,2300,4400,0,4000,0,4000,1
7924,30000,2,3,2,53,0,0,0,0,2,0,21101,21831,23457,24972,24432,25126,1374,2000,1908,0,1100,1000,0
7925,210000,2,2,2,26,0,0,0,0,0,0,193345,160508,156422,146954,137937,134581,8000,6005,5200,5500,5000,5500,0
7926,50000,1,2,2,36,2,2,2,2,2,2,32899,34076,34522,33668,35323,36588,2000,1300,0,2200,2000,1500,1
7927,200000,1,1,2,30,0,0,0,0,0,2,15176,2693,6632,0,734,584,2715,6632,0,734,0,22489,0
7928,120000,2,3,1,50,0,0,0,0,0,0,119231,120651,73115,64398,42588,42863,3825,2276,1909,1510,1663,1445,0
7929,200000,2,1,2,29,0,0,0,0,0,0,8972,0,65,0,0,5162,0,65,0,0,5162,0,1
7930,180000,2,2,1,35,0,0,0,0,0,0,1866,590,360,0,0,414,590,360,0,0,414,0,0
7931,440000,2,2,1,47,1,0,0,0,0,0,-6,1160,1807,-11,2220,165,1166,1891,0,2231,165,1573,1
7932,150000,2,2,2,22,0,0,0,0,0,0,7600,8749,10652,32330,15681,6173,1300,3652,33866,410,200,776,0
7933,130000,1,1,1,70,1,0,0,0,0,0,0,0,0,0,0,0,0,0,0,0,0,0,1
7934,50000,2,2,1,26,0,0,0,0,0,0,14661,11586,9275,11181,2931,27209,3000,1000,5000,0,25000,5000,0
7935,180000,2,2,2,28,1,2,0,0,0,0,7445,1706,1600,0,22357,21541,0,1600,0,22357,1500,785,1
7936,80000,2,2,2,24,0,0,0,0,0,0,77139,78690,57259,56939,59066,60008,3010,2100,2000,3000,2500,2100,0
7937,170000,2,1,2,29,0,0,0,0,0,0,0,0,0,10232,9677,0,0,0,10232,194,0,0,0
7938,150000,2,1,2,25,0,0,0,0,0,0,18836,5312,740,10,0,0,2000,740,1410,0,0,0,0
7939,240000,1,2,2,35,0,0,0,0,0,0,179662,180787,181379,170318,128076,64634,7003,8000,8000,2500,2400,2600,0
7940,140000,1,2,2,24,0,0,0,2,2,2,125080,127751,136996,140813,142170,144587,4688,11421,7580,5000,4913,0,1
7941,50000,1,3,0,50,0,0,0,0,0,0,9404,10745,12058,13256,14437,16985,1500,1500,1400,1400,2800,0,0
7942,20000,2,2,1,36,0,0,0,0,0,0,9845,5419,6098,6840,8560,13410,3000,2000,1000,2000,5000,0,0
7943,240000,2,1,1,38,0,0,0,0,0,0,8213,20000,44384,28734,13200,43791,20000,44384,750,2000,81800,1050,0
7944,30000,2,2,1,45,0,0,0,0,0,0,30226,31237,13511,13781,14070,14350,1676,1223,493,511,514,532,0
7945,50000,2,2,2,29,2,2,2,0,0,2,5804,6855,6599,6577,7120,6857,1300,0,236,650,0,810,1
7946,20000,2,2,1,37,0,0,2,0,0,0,17450,20358,19722,19616,19228,19878,3200,0,830,750,1000,282,1
7947,20000,2,2,1,50,7,6,5,4,3,2,22858,22246,21623,21000,20388,19915,0,0,0,0,0,994,1
7948,310000,2,2,1,48,0,0,0,0,0,0,0,0,0,0,0,0,0,0,0,0,0,0,0
7949,200000,1,2,2,39,0,0,0,0,0,2,13124,11774,6328,4714,42184,39576,1058,6336,10,39585,39,1087,0
7950,330000,1,3,2,48,1,0,0,0,0,0,0,571,0,11942,300,-200,571,0,11942,300,0,0,0
7951,100000,2,3,1,53,0,0,0,0,0,0,99768,100098,75296,73774,75603,77807,3919,3010,3000,6000,3500,3000,0
7952,50000,2,3,2,35,0,0,0,0,0,0,33507,32401,7087,7227,7378,7527,1108,1118,258,267,271,1147,0
7953,120000,1,2,2,30,0,0,0,0,0,0,77413,70630,61181,52187,49327,41096,5000,3000,2000,2000,1500,1500,0
7954,160000,1,1,1,42,0,0,0,0,0,3,69896,71971,73996,75065,82472,80984,3810,3831,2900,8800,0,0,0
7955,170000,1,1,1,62,0,0,0,0,0,0,12980,12724,11888,10802,1477,1302,1550,1000,216,1477,1302,1302,0
7956,50000,2,3,0,27,2,0,0,0,0,0,49929,49667,780,0,0,0,1750,780,0,0,0,0,0
7957,30000,2,2,2,23,0,0,0,0,0,0,390,780,0,0,0,0,780,0,0,0,0,0,0
7958,150000,1,1,2,29,0,0,0,0,0,0,146330,147720,148748,104123,132321,37683,4979,3592,2556,2300,1427,1000,0
7959,320000,2,2,2,33,0,0,0,0,0,0,16003,1933,8835,3728,764,5468,1939,8835,3751,764,5468,749,0
7960,50000,2,2,1,58,1,2,2,2,2,2,32113,31319,33688,32849,34950,35658,0,3200,0,2795,1431,0,0
7961,20000,2,1,2,26,0,0,0,0,0,0,18362,19669,16479,16694,17334,17063,1640,1506,721,1000,1000,600,0
7962,20000,1,2,2,25,4,5,4,3,2,0,20014,19432,18840,18248,17816,18021,0,0,0,0,636,1200,1
7963,50000,1,2,1,34,0,0,0,0,0,0,45398,37433,30609,30432,30254,30088,2008,2000,1500,1501,2105,2219,0
7964,160000,1,3,1,46,0,0,0,0,0,0,1672,766,762,762,762,762,766,762,762,762,762,762,0
7965,20000,2,2,2,34,0,0,0,0,0,0,19727,20330,20199,19609,19957,2361,2000,1200,0,348,0,420,0
7966,130000,1,2,1,27,0,0,0,0,0,0,53119,48994,17285,12448,12855,11795,3106,22511,600,1005,1004,1006,1
7967,150000,2,2,2,24,1,0,0,0,0,0,0,10437,4044,594,0,0,10437,4156,600,0,0,9240,0
7968,20000,2,2,2,23,0,0,0,0,0,0,16622,18913,15868,16188,14891,3044,3015,5086,5000,3202,5000,694,0
7969,20000,1,3,1,45,0,0,2,2,2,2,10574,13097,12595,13157,12803,13851,3010,0,1070,0,1260,0,1
7970,70000,2,3,1,56,0,0,0,0,0,0,16976,0,0,0,0,1000,5000,0,0,0,1000,1770,0
7971,50000,1,1,2,26,0,0,0,0,0,0,18017,18561,19204,19588,20024,18694,1629,1272,656,706,954,700,0
7972,200000,1,2,1,40,0,0,0,0,0,0,63182,44876,38764,37618,35737,40710,1765,10007,2019,5027,15031,7088,0
7973,320000,2,2,2,30,0,0,0,0,0,0,3720,4206,15610,10556,11863,5619,4206,15610,10556,8000,5600,2604,0
7974,50000,1,3,2,34,0,2,2,0,0,0,780,780,0,0,0,0,0,0,0,0,0,0,0
7975,70000,1,2,2,25,0,0,0,0,0,0,23018,24044,25059,25559,26094,26612,1400,1415,915,947,952,986,0
7976,200000,2,3,2,33,0,0,0,0,0,0,0,0,0,0,1246,-3,0,0,0,1246,0,1266,0
7977,250000,2,2,1,29,0,0,0,0,0,0,0,256,258,258,258,258,256,258,258,258,258,258,0
7978,70000,2,1,2,25,0,0,0,0,0,0,66738,68601,65615,66429,67858,69723,3005,3000,2500,2500,3000,1400,1
7979,90000,2,2,1,36,0,0,0,0,0,0,685,0,490,850,1000,1360,0,490,850,1000,1360,0,1
7980,400000,1,1,2,32,0,0,0,0,0,2,21930,20489,20734,16476,17857,14656,5028,5030,2012,4014,37,2013,0
7981,130000,2,1,2,33,0,0,0,0,0,0,2629,9995,7267,2518,16202,2505,9900,4300,2000,16202,2505,2348,0
7982,110000,2,1,1,40,0,0,2,0,0,0,52691,55000,52277,52055,52437,55560,5000,0,2000,3000,5000,2000,0
7983,150000,1,1,2,38,1,2,2,2,0,0,139005,135350,148041,143259,142519,142162,0,15000,0,5099,5472,5000,0
7984,330000,2,1,2,28,0,0,0,0,0,0,1127,13030,14922,17722,3390,0,13030,2500,3000,3390,0,0,0
7985,30000,2,3,2,21,2,2,2,0,0,0,28309,31229,29752,27262,27262,24265,3700,0,0,0,0,0,0
7986,360000,2,1,2,32,0,0,0,0,0,0,42524,53303,3924,43900,88865,12104,53563,3924,43900,50000,12104,960,0
7987,50000,1,1,1,54,0,0,0,0,0,0,48768,49419,17303,17647,18016,18375,2173,1287,631,653,658,832,0
7988,60000,2,2,2,24,2,2,2,2,2,2,27583,26860,28601,29819,30192,31045,0,2500,2000,1000,1500,0,1
7989,200000,2,2,2,27,0,0,0,0,0,0,264,264,264,264,264,264,264,264,264,264,264,0,0
7990,180000,2,1,2,43,0,0,0,0,0,0,0,0,0,5436,100,9330,0,0,5436,100,9330,0,0
7991,50000,1,3,2,52,0,0,0,0,0,0,48946,98823,50031,20413,18336,18405,2047,3167,682,662,1000,1000,0
7992,80000,2,3,1,38,0,0,0,0,0,0,330,0,330,330,0,0,0,660,0,0,0,0,0
7993,50000,2,2,2,23,2,2,2,3,2,2,31805,32988,34935,34076,34685,33976,2000,2800,0,1300,0,3700,1
7994,270000,2,3,1,30,0,0,0,0,0,0,3842,3934,0,0,3353,764,3934,0,0,3353,764,35532,0
7995,100000,2,2,2,23,0,0,0,0,0,0,694,650,687,620,0,627,656,687,620,0,627,3620,1
7996,170000,2,2,2,38,0,0,0,0,0,0,151050,148362,142223,126060,123978,120689,6000,5012,5000,5000,5000,5000,0
7997,30000,1,1,1,30,0,0,0,0,0,0,10024,12855,14634,16378,16961,19669,3000,2000,2000,1000,3000,1000,0
7998,230000,2,2,2,38,0,0,0,0,0,0,104364,106549,108719,111039,113365,115625,3867,3941,4123,4267,4300,4084,0
7999,200000,2,1,1,34,0,0,0,0,0,0,7448,5471,4506,10067,9273,2931,5473,4506,10137,9521,2931,10381,0
8000,130000,1,1,2,36,0,0,0,0,0,0,127790,128272,6230,0,0,0,6000,1400,0,0,0,0,1
8001,30000,1,2,1,62,0,0,0,0,0,0,11188,2990,0,0,0,0,1000,0,0,0,0,0,0
8002,140000,2,2,1,26,0,0,0,0,0,0,41547,40925,36775,35877,34812,33899,2000,1800,1300,1400,1400,1000,0
8003,490000,1,1,1,43,0,0,0,0,0,0,25916,14187,56573,81414,62063,14122,14187,56717,81414,62063,14122,25417,0
8004,160000,1,2,2,30,0,0,0,0,0,0,2720,1280,5850,150,1240,0,1280,5850,0,1240,0,0,0
8005,180000,1,2,1,42,0,0,0,0,0,0,27884,28958,29864,30632,31274,32144,1526,1432,1200,1072,1326,704,1
8006,260000,2,2,1,32,0,0,0,0,0,0,243742,237204,238314,219634,186841,189010,8017,8117,14044,5410,5855,5254,0
8007,80000,2,2,2,27,0,0,0,0,0,0,73684,68883,45257,45981,46032,46192,2896,1722,1619,1665,1700,1833,1
8008,360000,2,1,2,29,0,0,0,0,0,0,357,3050,9118,19183,36842,10621,3050,9118,11000,30000,428,3166,1
8009,20000,2,1,2,25,0,0,0,0,0,0,2650,0,855,640,0,0,0,855,640,0,0,2742,0
8010,20000,1,1,2,28,0,0,0,0,0,0,19849,20650,0,0,0,0,1650,0,0,0,0,0,0
8011,80000,2,3,1,28,0,0,0,0,0,0,75903,34137,32390,32651,32170,31493,2014,1705,2000,2000,3000,3000,0
8012,500000,1,1,2,32,0,0,0,0,0,0,18290,25287,24385,18168,4469,27796,25287,1037,363,89,27796,8000,0
8013,160000,1,1,1,55,0,0,0,0,0,0,152162,154715,155026,79051,81089,-311,6500,4270,2518,2994,0,0,0
8014,20000,2,1,2,22,0,0,0,0,0,0,12404,13694,14768,15518,16265,16706,1500,1300,1000,1000,711,1000,0
8015,330000,2,1,1,36,0,0,0,0,0,0,399,26,519,452,457,0,26,707,452,457,0,0,0
8016,80000,2,1,2,26,0,0,2,2,2,2,38174,40550,41577,41595,43264,43402,3000,2000,1000,2500,1000,2000,1
8017,220000,1,2,1,40,2,0,0,0,0,0,206473,208464,175407,175170,174726,175057,8027,6218,6220,6316,6504,6504,0
8018,230000,2,2,2,28,0,0,2,2,2,2,185399,198941,201358,204067,200720,212403,18150,7200,7500,0,15079,8000,0
8019,90000,2,2,2,25,0,0,0,0,0,0,81694,78656,78054,78116,75483,72821,3609,5000,4000,3315,7539,5000,0
8020,300000,1,3,1,61,0,0,0,0,2,2,274750,0,0,411,261,8561,0,0,411,0,8300,0,1
8021,30000,2,2,1,45,0,0,0,0,0,0,30488,30900,30480,31124,29333,30177,1600,1500,1100,1053,1320,967,1
8022,80000,2,2,1,40,2,2,2,2,0,0,78610,80666,82713,80838,49575,48354,3900,4000,0,1920,1800,1800,1
8023,60000,1,1,2,27,0,0,0,0,0,0,10908,13331,0,0,0,0,8331,0,0,0,0,3860,0
8024,360000,1,5,1,31,0,0,0,0,0,0,275178,280535,82455,83359,85171,87046,7500,3500,2500,2500,2600,3000,0
8025,360000,1,1,2,27,0,2,0,0,0,0,1809,400,2420,2540,0,346,0,2420,2540,0,346,604,0
8026,30000,2,2,2,23,0,0,0,2,0,0,10805,10527,12443,11949,12107,12907,1184,2100,0,500,1000,0,0
8027,190000,1,3,1,50,0,0,0,2,0,0,106410,108770,115325,112063,114484,121179,5491,9800,0,4300,8700,4500,0
8028,130000,2,2,1,45,0,0,0,0,0,2,128671,129901,127658,127362,128726,129081,7000,4710,4500,9400,3600,5500,0
8029,110000,2,1,2,34,0,0,0,0,0,0,110712,110988,98270,79402,80804,81024,4112,3648,2800,3100,3133,2800,0
8030,350000,2,2,1,46,0,0,0,0,0,0,13000,13576,15059,13000,25300,626,13576,15059,13000,25300,626,0,0
8031,50000,2,3,1,52,0,0,0,0,0,0,41140,41599,32533,23156,23782,24386,1500,1500,1000,1000,1000,1000,0
8032,130000,2,2,3,38,0,0,0,0,0,0,780,0,11836,7216,8826,390,0,11836,2000,2000,390,390,0
8033,50000,1,1,2,29,0,2,2,2,2,0,53746,51631,50880,51034,46154,42852,0,5160,1753,0,1508,5000,1
8034,50000,1,2,2,25,0,0,0,0,0,0,27206,0,14805,14699,14999,497,0,14805,294,300,498,1003,0
8035,380000,2,2,2,31,0,0,0,0,0,0,200932,190991,175028,162699,138158,135920,10000,10000,5849,4570,5447,120000,0
8036,260000,2,1,2,30,0,0,0,0,0,0,162241,137320,126479,110217,102703,84519,5045,8016,5000,4000,4014,3000,0
8037,140000,2,2,2,28,0,0,0,0,0,0,-176,-176,-176,-176,-176,-176,0,0,0,0,0,652,0
8038,270000,2,1,2,36,0,0,0,0,0,0,3458,3833,9791,10532,6559,500,3833,9791,10532,6559,500,961,0
8039,30000,2,2,1,33,0,0,0,0,0,0,30147,28789,29885,30188,21647,22087,1554,1650,950,800,800,500,0
8040,240000,1,1,2,35,1,0,0,0,0,0,220,0,0,0,0,0,0,0,0,0,0,0,0
8041,70000,1,3,2,32,0,0,0,0,0,0,65460,65721,45492,45482,46371,47603,2352,2030,1800,2000,2000,2000,1
8042,120000,1,1,1,50,2,2,2,0,0,2,38565,39997,39211,39917,42268,43192,2200,0,1500,3000,1600,1500,1
8043,160000,2,2,2,42,2,2,0,0,0,0,152630,95758,97251,98010,99669,101664,0,4385,3639,3762,3800,3897,1
8044,170000,1,3,2,36,0,0,0,0,0,0,396,5596,6953,16157,28856,4941,5596,6953,10000,15000,4941,22114,1
8045,380000,2,1,2,31,0,0,0,0,0,0,331697,332339,322995,314161,327945,289814,15000,15000,20019,20000,9934,9330,0
8046,160000,2,2,1,26,1,2,0,0,0,0,75628,72717,74651,70403,71890,73893,0,3211,2505,2612,3500,5000,0
8047,30000,1,2,2,39,2,3,2,2,2,3,27000,26286,26556,26818,29425,28662,0,1000,1000,3200,0,0,0
8048,260000,2,1,1,40,0,0,0,0,0,0,2095,781,3985,942,-18,3739,785,4004,946,0,3757,6119,0
8049,70000,1,2,2,41,2,2,2,3,3,2,34751,37683,40265,42306,41352,44342,3500,3500,3000,0,4000,2000,1
8050,240000,1,2,1,39,0,0,0,0,0,0,5357,4397,11204,3403,2223,1761,4437,11237,4293,2229,1766,591,0
8051,170000,2,2,1,43,0,0,0,0,0,0,20699,11614,11487,14716,8172,8244,11614,11487,14743,8172,8244,13733,0
8052,30000,1,2,1,36,1,4,3,2,2,2,28083,27371,26645,25919,27535,28197,0,0,0,2038,1268,0,0
8053,90000,1,3,2,32,0,0,0,0,0,0,87182,82741,68883,265,-613,-613,3045,1497,265,0,0,31000,0
8054,250000,1,2,2,25,2,0,0,0,0,0,28681,30615,33726,36823,34829,23994,3000,4000,4000,5000,4000,2000,0
8055,270000,2,2,2,25,0,0,0,0,0,0,23579,24613,25617,25434,25966,26486,1419,1423,910,942,951,1000,0
8056,130000,2,2,2,24,0,0,0,0,0,0,986,-14,4388,0,0,1109,0,4402,0,0,1109,4200,1
8057,360000,1,1,1,43,0,2,0,0,0,0,20310,6588,11627,35765,9681,3002,34,12085,41879,10053,4016,505,0
8058,490000,1,1,1,35,0,0,0,0,0,0,23396,19454,17195,15691,14466,13908,1207,1107,507,1507,1500,3615,0
8059,110000,2,2,1,31,0,0,0,0,0,0,79126,76304,77783,79323,80563,78669,2782,2761,2770,2900,3000,2568,0
8060,100000,1,2,2,27,0,0,0,0,0,0,33628,35760,0,33333,0,0,36066,156,33333,0,0,0,0
8061,200000,1,3,1,28,0,0,0,0,0,0,1793,5189,8627,1530,-200,-200,5191,9003,1530,0,0,980,0
8062,50000,2,2,2,24,0,0,0,0,0,0,51261,51493,50136,20287,20281,20027,2600,2000,730,800,900,750,0
8063,220000,1,2,2,30,0,0,0,0,0,0,2501,2071,0,0,0,0,1000,0,0,0,0,0,0
8064,360000,1,3,2,41,2,0,0,0,0,0,218,7022,9744,89215,98256,99145,7022,3001,80000,10500,5000,10000,0
8065,20000,2,2,1,51,0,0,0,0,0,0,10400,0,0,0,0,0,0,0,2000,0,0,0,0
8066,70000,2,2,1,44,0,0,0,0,0,0,79867,79593,29340,28026,28605,28705,2163,2000,2000,1000,5000,322,0
8067,180000,2,2,2,29,0,0,0,0,0,0,122024,123228,120339,122743,124893,126390,4500,4300,4200,4487,4087,3700,0
8068,50000,1,2,2,32,0,0,0,0,2,2,48934,25276,18588,19994,20258,19783,1602,1320,1718,729,0,397,0
8069,140000,2,1,2,28,0,0,0,0,0,0,5845,10322,12830,13317,14936,18504,10322,5000,1000,2000,4000,4000,0
8070,220000,1,2,1,47,0,0,0,0,0,0,7625,8325,1497,0,0,7625,8334,1497,0,0,7625,2226,0
8071,150000,2,2,2,50,0,0,0,0,0,0,7890,8958,780,7500,0,0,8958,780,7500,0,0,0,0
8072,30000,1,2,2,33,0,0,0,0,0,0,29574,26663,27731,56359,28847,13030,28000,2336,2000,2546,1000,0,0
8073,300000,2,2,1,32,0,0,0,0,0,0,170379,142384,72350,0,0,0,6600,3750,0,0,0,0,0
8074,420000,1,1,1,36,0,2,0,0,0,0,860,430,2010,6058,160,580,0,2010,6058,160,1000,430,0
8075,80000,2,2,2,30,0,0,0,2,0,0,35738,37108,41012,40052,41110,42071,1946,4850,0,1700,1800,1800,0
8076,100000,2,3,2,46,1,0,2,2,0,0,0,203,203,0,7856,16544,203,0,0,7856,10000,865,0
8077,120000,2,2,2,25,1,0,0,0,0,0,0,0,0,0,0,0,0,0,0,0,0,997,1
8078,230000,2,1,2,38,0,0,0,0,0,0,25195,28652,32838,35511,26828,19887,10000,15000,6120,10000,6000,4000,0
8079,200000,2,2,1,28,0,0,0,0,0,0,2816,316,632,316,316,316,316,632,0,316,316,316,0
8080,200000,1,1,2,29,0,0,0,0,0,0,389,389,1167,778,389,389,390,1168,1,1,390,778,0
8081,230000,1,3,1,30,0,0,0,0,0,0,105105,51584,44005,35161,24985,25176,2068,1894,1466,1018,1136,503,0
8082,200000,1,2,2,27,0,0,0,0,0,0,131791,17666,0,0,0,0,2000,0,0,0,0,0,0
8083,50000,1,3,1,65,1,2,2,2,2,2,11763,11283,13288,12780,13522,13155,0,2200,0,1100,0,1200,1
8084,220000,1,1,1,36,0,0,0,0,0,0,16783,4861,2267,1350,925,11597,4880,2267,1350,0,11597,178577,0
8085,90000,1,3,2,27,2,2,2,2,0,0,90221,91898,91334,59253,58519,58443,4000,2090,0,2078,2900,2000,1
8086,500000,1,2,2,35,0,0,0,0,0,0,207237,224007,275615,220088,216482,136086,20001,30168,6022,6375,5005,5000,0
8087,130000,2,1,2,29,0,0,0,0,0,0,2139,0,0,0,0,0,0,0,0,0,0,0,0
8088,210000,1,2,1,37,0,0,0,0,0,0,85327,85263,48645,50826,52346,53819,2500,3000,3000,2500,2500,2000,0
8089,200000,2,1,2,30,0,0,0,0,0,0,1674,7398,6867,7477,7232,6442,7398,1000,1000,145,276,780,0
8090,20000,1,1,2,24,2,2,2,2,2,2,1891,5680,5441,6346,6099,7235,4000,0,1000,0,1237,1000,1
8091,410000,2,1,1,38,2,2,2,0,0,0,180922,184241,176857,175193,165929,114527,7670,2,5561,5432,4546,5191,1
8092,290000,2,1,1,35,1,0,0,0,0,0,0,0,0,0,0,0,0,0,0,0,0,0,0
8093,270000,2,2,2,26,0,0,0,0,0,0,84188,82668,74901,72785,71836,55234,5000,3200,3000,5000,5234,3000,0
8094,90000,2,1,2,27,0,0,0,0,0,0,14421,18846,22509,24129,24815,27725,5000,4000,2000,1075,3500,3000,1
8095,30000,2,1,2,27,0,0,0,0,0,0,26135,27407,29002,26806,25948,22162,2000,2500,1500,1000,2000,3000,0
8096,360000,2,1,2,28,0,0,0,0,0,0,26349,1245,2043,265,265,5862,4045,2043,265,265,5862,1907,0
8097,240000,1,1,1,30,0,0,0,0,0,0,240770,243509,228735,198585,202762,202932,9000,8009,7100,7324,7200,7074,0
8098,180000,2,2,2,23,0,0,0,0,0,0,180636,157396,160925,132312,80984,42562,20000,20000,10130,3000,4000,84000,0
8099,50000,2,2,1,24,0,0,0,0,0,0,900,0,0,0,0,0,0,0,0,0,0,0,0
8100,50000,2,2,2,47,0,0,0,0,0,0,50883,51117,51125,50497,50544,50555,2200,5300,2000,2000,2000,2000,1
8101,100000,1,2,2,30,0,0,0,0,0,0,83312,58651,37913,38582,39408,40593,2900,2000,1600,1600,2000,1700,0
8102,50000,1,2,2,39,0,0,0,0,0,0,47378,48333,48638,49207,49599,50594,2105,1800,1735,1938,1960,2000,0
8103,360000,1,1,1,48,0,0,0,0,0,0,167922,159433,126114,18258,6989,7691,6206,10030,1061,1011,3016,189853,0
8104,550000,2,5,2,52,0,0,0,0,0,0,277376,266532,256321,19753,464,8199,6001,6016,19753,464,8199,0,0
8105,260000,2,2,1,39,2,0,0,2,2,2,136007,139215,146127,143637,154531,147016,5400,9500,0,12766,0,0,1
8106,500000,2,1,1,34,0,0,0,2,2,0,0,0,3500,3500,0,0,0,3500,0,0,0,0,1
8107,130000,1,1,2,27,0,0,0,0,0,0,1960,0,0,0,0,0,0,0,0,0,0,0,0
8108,30000,1,2,2,39,0,0,0,0,0,0,28708,28285,26702,20115,18426,18013,1514,1278,671,870,879,0,0
8109,160000,2,1,2,40,1,0,0,0,0,0,0,0,0,0,0,0,0,0,0,0,0,0,0
8110,420000,2,2,1,40,0,0,0,0,0,0,3976,2892,2890,3391,2409,4270,2916,7898,3401,2416,4281,3785,1
8111,50000,2,3,1,22,2,2,2,2,2,2,40189,43434,44316,45189,46214,48904,3900,1900,1900,1900,3600,0,0
8112,30000,2,1,2,36,1,2,0,0,0,0,25747,25048,26060,26578,27133,27783,0,1433,951,983,1099,750,1
8113,50000,2,2,2,32,0,0,2,0,0,0,40253,40757,33922,30097,29013,28167,5806,6,1000,1000,1200,1100,0
8114,160000,2,1,1,39,1,0,2,2,0,0,-5,776,186,0,0,0,781,0,0,0,0,0,1
8115,120000,2,2,2,26,3,3,2,2,3,2,12034,12548,12056,13958,13468,6144,1000,0,2400,100,0,57258,0
8116,50000,2,1,2,28,0,0,0,0,0,0,46471,43507,44016,43396,41470,48676,1807,2016,1796,1570,10000,1778,0
8117,130000,1,2,2,42,0,0,0,0,0,0,130888,133400,0,0,0,0,6000,0,0,0,0,0,0
8118,150000,1,1,2,42,2,0,0,0,0,0,143896,147475,75423,70034,44311,20056,6482,3440,2046,4311,5056,1169,1
8119,450000,1,1,1,48,0,2,0,0,0,0,5514,1509,949,575,3489,0,0,949,575,4929,0,0,1
8120,150000,1,1,1,29,0,0,0,0,0,0,46745,20853,90787,11232,0,0,20995,91269,56,0,0,0,0
8121,90000,2,2,2,53,0,0,0,0,0,0,30045,30000,0,0,0,439,1000,0,0,0,439,20959,0
8122,130000,1,1,2,28,0,0,0,0,0,0,92174,93991,54735,31682,0,0,4086,2635,1700,0,0,0,0
8123,130000,1,2,2,30,0,0,0,0,0,2,131801,129141,132221,131743,131986,131430,4800,5250,5050,5700,5100,5012,0
8124,390000,2,2,1,41,0,0,0,0,0,0,3983,25146,197534,179690,170173,164339,25146,185059,9137,6513,5058,6000,0
8125,200000,1,2,2,29,2,2,4,4,4,4,2500,2500,2500,2500,2500,2500,0,0,0,0,0,0,1
8126,300000,2,2,1,50,0,0,0,0,0,0,23436,22055,18497,8426,11291,14449,1350,2008,301,3000,5000,5000,0
8127,140000,2,2,1,42,0,0,0,0,0,0,19080,18807,18624,19652,23477,22330,4344,4548,3760,5854,3039,3866,0
8128,200000,2,1,2,35,0,0,0,0,0,0,909,2708,3514,2297,928,0,2711,3514,2297,928,0,2308,0
8129,30000,1,2,2,30,0,0,0,0,0,0,27020,27985,28782,24082,17060,0,1703,1500,1000,1000,0,0,0
8130,30000,1,3,2,24,2,2,2,0,0,0,28470,31407,30200,30000,0,0,3407,0,0,0,0,0,0
8131,160000,2,1,2,37,0,0,0,0,0,0,153002,157427,158160,156314,145663,113486,7812,6700,5000,5049,3825,3570,0
8132,210000,2,2,2,37,0,0,0,0,0,0,31090,58054,44624,43339,44245,45125,28008,15000,1552,1605,1615,1698,0
8133,310000,2,2,2,51,0,0,0,0,0,0,107,0,0,235,0,0,0,0,235,0,0,584,0
8134,400000,2,2,1,33,0,0,0,0,0,0,9940,0,11451,101,551,19982,0,11451,104,600,20015,0,0
8135,50000,2,3,1,35,2,2,2,2,0,0,49873,50796,49727,21826,10208,10100,2200,568,0,516,400,300,1
8136,80000,1,2,1,33,0,0,0,0,0,0,28496,16984,1155,-144,57245,49947,1000,1155,0,59000,2061,1390,0
8137,340000,2,1,2,33,0,0,0,0,0,0,592,7102,7796,1653,6185,415,7102,7796,1653,6185,415,2247,0
8138,140000,1,1,2,27,0,0,0,0,0,0,25001,138430,135573,98172,93677,95276,141472,8000,5075,4000,4000,5000,0
8139,380000,1,1,1,39,2,0,0,0,0,0,127449,130506,132838,136616,140240,143914,6600,6000,6000,6000,6000,6005,1
8140,50000,2,2,1,34,1,2,2,0,0,2,51046,52337,51170,51526,50524,48510,2400,0,3000,6000,0,2000,1
8141,10000,1,2,2,35,0,0,0,0,0,0,7026,8106,9363,9559,9855,10042,1200,1400,500,600,500,200,0
8142,30000,2,2,2,28,0,0,0,0,0,0,5688,-378,-378,920,5448,0,0,0,1298,5448,0,10000,0
8143,360000,2,1,1,50,0,0,0,0,0,0,0,0,0,0,0,0,0,0,0,0,0,0,1
8144,150000,2,2,1,47,0,0,0,0,0,2,316,316,316,0,782,316,316,316,0,1098,0,0,0
8145,50000,1,1,2,23,0,0,2,2,0,0,15336,18681,19463,16894,17667,19211,3600,1400,0,1200,2000,1000,0
8146,120000,1,2,3,42,0,0,0,0,0,0,3135,4422,5540,6442,7182,8057,1500,1200,1000,1000,1000,1000,0
8147,250000,2,1,2,35,0,0,0,0,0,0,661,661,268,0,0,0,0,268,0,0,0,0,0
8148,20000,1,1,2,24,0,0,0,0,0,0,13359,14438,15461,16200,16936,17273,1300,1270,1000,1000,619,800,1
8149,30000,2,1,1,30,0,0,2,2,0,0,15199,17728,19129,18527,18758,19285,3100,2000,0,679,837,721,1
8150,260000,1,1,2,27,0,0,0,0,0,0,158711,129796,101721,76699,56738,39134,30000,4132,3410,2600,1800,1200,0
8151,250000,2,1,2,30,0,0,0,0,0,0,21550,23932,37329,26339,4836,9655,3500,15054,7885,4836,9655,5000,0
8152,260000,2,2,1,41,0,0,0,0,0,0,2699,3543,500,3540,2957,917,3543,505,3540,2957,917,0,0
8153,150000,2,2,1,35,0,0,0,0,0,0,128278,131715,133625,49019,44801,39742,7000,6000,1800,1600,2000,1700,0
8154,160000,2,2,2,33,0,0,0,0,0,0,11859,0,11354,13012,17388,24140,0,11354,2000,6000,13000,11000,0
8155,80000,1,2,2,30,0,0,0,0,0,0,79813,82150,0,0,0,0,3750,0,0,0,0,0,0
8156,500000,2,1,2,38,1,0,0,0,0,0,27794,29712,65437,30368,6265,44196,30199,70403,30455,36,45225,35217,0
8157,110000,2,2,2,29,1,2,2,2,2,2,21068,16412,16809,8682,8861,8623,1102,1000,0,602,0,1000,0
8158,100000,1,1,2,28,0,0,0,0,0,0,97032,99895,26333,28110,2226,0,5341,7009,1777,2000,0,0,0
8159,360000,2,1,1,35,0,0,0,0,0,0,101953,125238,205209,125982,128161,136447,25238,4385,11939,5681,10447,8010,0
8160,330000,1,2,1,65,0,0,0,0,0,0,0,2500,0,0,0,0,2500,0,0,0,0,0,0
8161,70000,2,3,1,32,0,0,0,2,0,0,10856,10822,13627,10852,12676,14463,2000,3000,0,2000,3000,4000,0
8162,140000,1,1,2,29,0,0,2,0,0,0,1712,2304,978,652,326,1052,2314,0,0,0,1052,652,1
8163,200000,1,1,2,31,0,0,0,0,0,0,151819,154914,157776,160520,163878,167872,6000,5769,5411,5603,6367,4500,0
8164,50000,1,2,1,49,2,0,0,0,0,0,47585,47582,21391,21867,19774,20486,2500,1300,2000,700,1000,2600,1
8165,290000,1,1,1,56,0,0,0,0,0,0,222000,226917,415700,232732,220460,224780,10013,8501,15018,10001,7997,7624,0
8166,30000,1,2,1,57,0,0,0,0,0,0,29204,20564,16341,7593,7828,1366,1400,1000,1000,235,1366,0,0
8167,180000,2,1,2,31,0,0,0,0,0,0,21760,22794,23801,24117,24468,25106,1689,1693,1009,888,1045,1077,0
8168,30000,1,2,1,38,1,2,2,0,0,0,16063,17512,16800,16600,11959,12957,2000,0,0,11959,1200,0,0
8169,180000,2,1,1,47,0,0,0,0,0,0,174648,104179,84940,65613,67256,71934,5000,13000,3000,2700,6000,5000,0
8170,240000,1,1,1,39,0,0,0,0,0,0,2688,2688,2688,2688,2688,2688,2688,2688,2688,2688,2688,2688,0
8171,130000,2,5,1,27,0,0,0,0,0,0,133792,127622,129795,122416,124653,126995,5000,5000,5000,5000,5000,4000,0
8172,230000,1,1,1,32,1,0,0,0,0,0,0,0,0,0,0,150,0,0,0,0,150,990,1
8173,500000,1,1,2,43,0,0,0,0,0,0,504644,512650,0,3887,0,7413,22650,0,3887,0,7413,0,1
8174,360000,1,2,2,33,1,0,0,0,0,0,197746,151600,741,-659,-659,-659,156108,741,659,0,0,0,0
8175,50000,1,2,2,23,2,2,0,0,0,0,52156,51041,50205,20218,20263,19864,0,1310,705,750,730,700,1
8176,200000,1,1,2,31,0,0,0,0,0,0,3702,25548,10594,7969,2865,5625,25678,10623,25,16,6000,19,1
8177,230000,1,3,1,45,0,0,0,0,0,0,203135,208225,178559,172772,175057,177113,10000,6528,6000,6500,7000,10000,0
8178,70000,2,2,1,32,3,3,4,4,5,6,31507,33699,35839,37954,39787,41601,3000,3000,3000,3000,3000,0,1
8179,50000,1,2,2,29,2,2,2,2,2,2,39634,40697,41526,42045,42822,43962,2000,1800,1500,1600,2000,1700,1
8180,500000,1,1,1,46,0,0,0,0,0,0,10678,6914,813,17280,26162,2518,6944,813,17280,26162,2534,2553,0
8181,140000,1,2,1,28,0,0,0,0,0,0,110384,106389,97978,98857,101264,103524,3729,3539,3538,4000,4097,3631,1
8182,140000,2,2,2,23,0,0,0,0,0,0,396,396,21570,24986,25256,25091,396,21570,4500,1050,1183,6000,0
8183,130000,1,2,2,32,0,0,0,2,0,0,109292,111908,111465,93557,95582,96226,4500,11350,0,3500,4200,3000,1
8184,160000,2,3,1,48,0,0,2,0,0,0,153390,158421,152835,152638,142454,128895,15102,0,6000,5300,4784,4500,0
8185,50000,2,3,2,58,1,0,2,0,0,0,0,9587,8845,8867,9074,9254,10587,331,317,350,331,500,0
8186,20000,1,3,1,41,0,0,0,2,0,0,13225,13655,14461,13221,12591,12631,1700,2100,0,458,1000,1000,1
8187,360000,2,2,1,42,0,0,0,0,0,0,118368,124934,131328,137605,140729,146194,10000,10000,10000,5500,8000,6000,0
8188,160000,2,2,1,51,0,0,0,2,0,0,67610,69908,78087,75255,78593,59816,4000,10000,0,5000,3000,3000,1
8189,250000,2,1,1,37,0,0,2,2,0,0,0,2886,2325,177,8068,5587,2886,202,0,8068,620,0,0
8190,130000,2,2,2,25,0,0,0,0,0,0,668,1017,1298,550,-286,55138,1200,1300,964,1698,60549,5000,1
8191,190000,1,1,2,36,1,2,2,2,2,2,153364,149482,160000,155932,166414,169625,0,13000,0,13000,6100,0,1
8192,180000,2,2,2,25,0,0,0,0,0,0,2984,154,2111,1027,596,589,154,2115,1027,596,589,1115,0
8193,80000,1,2,2,43,0,0,0,0,0,0,78144,78940,80238,50642,50533,50758,3318,3463,1600,1770,50000,1753,0
8194,240000,1,1,2,40,0,0,0,0,0,0,1643,7060,650,4770,2515,37405,8000,5000,5000,0,40000,22669,0
8195,50000,1,2,2,35,0,0,0,0,0,0,48064,49399,49943,18568,18740,19036,2500,2000,1000,1000,1000,1000,0
8196,160000,2,2,2,50,0,2,0,0,0,2,3139,1473,1863,390,930,390,0,1863,0,930,0,0,0
8197,90000,2,2,1,49,0,0,0,0,0,0,264,0,528,0,528,264,0,528,0,528,264,0,0
8198,310000,2,2,1,37,0,0,0,0,0,0,100648,-2000,3500,159028,162372,165588,716,6000,159028,5899,5921,6130,0
8199,60000,1,1,2,27,0,0,0,0,2,2,39068,40107,41137,43644,44498,45417,1970,2000,3500,1700,1800,0,0
8200,240000,1,1,2,29,0,0,0,0,0,0,61888,12310,12073,9643,-8074,108493,5022,4014,113,6423,120000,15000,0
8201,50000,2,2,2,24,0,0,2,2,0,0,46393,50022,50895,48598,47668,45400,4700,2000,0,2200,2000,2000,0
8202,150000,2,1,1,34,0,0,0,0,0,0,9779,60911,19796,1725,1150,0,61168,19796,1725,1150,0,0,0
8203,130000,2,2,1,44,2,2,2,2,2,2,99801,102403,103828,104139,106519,109109,5100,4000,3500,4200,4500,3500,0
8204,20000,2,1,2,22,0,0,2,0,0,0,10003,13329,11613,10750,10606,7263,4211,0,237,242,163,22,0
8205,150000,1,1,1,40,0,0,0,0,0,0,123548,94995,52874,64269,73351,68257,4221,3094,30454,100049,5098,30242,0
8206,240000,1,1,1,42,0,0,0,0,0,0,72339,91045,91027,51508,51127,0,20000,2213,1030,1023,6790,10893,0
8207,50000,1,3,1,45,0,0,0,0,0,0,29875,15028,5639,6389,7130,7857,1700,1250,1000,1000,1000,1000,0
8208,50000,1,3,1,51,0,0,0,0,0,0,43045,42965,43132,43995,43230,43334,1738,1653,1516,1530,2139,1572,0
8209,270000,1,1,1,51,0,0,0,0,0,0,19984,2099,12985,0,0,0,2099,13056,0,0,0,0,1
8210,20000,2,2,2,28,0,0,0,0,0,0,10818,11938,12949,13332,13618,14619,1300,1217,600,500,1230,0,0
8211,300000,2,2,1,33,0,0,0,0,0,0,11613,12893,10841,11900,0,0,1513,1000,1059,0,0,51167,0
8212,390000,1,1,1,34,0,0,0,0,0,0,91701,68587,101211,96725,125810,182122,60081,84908,121081,80000,85000,8000,0
8213,110000,2,1,1,37,0,0,2,0,0,0,14519,16982,16002,15262,15626,14465,3536,3,521,1000,520,325,0
8214,90000,1,2,1,58,0,0,0,0,0,0,85818,88988,50780,50929,48735,49746,5100,2200,2200,1944,2200,2000,0
8215,300000,2,2,1,30,0,0,0,0,0,0,0,0,0,0,0,0,0,0,0,0,0,0,0
8216,450000,1,3,1,42,2,0,0,0,0,0,152652,128708,100429,77069,63851,36877,7032,3003,10000,11000,3000,58000,1
8217,20000,1,2,2,30,0,0,0,2,2,2,16728,17759,19752,19155,20385,19218,1307,2300,0,1525,0,1000,1
8218,500000,2,1,2,33,1,0,0,0,0,0,0,212,298,306,150,316,212,298,306,150,316,0,0
8219,30000,2,2,2,46,0,0,0,0,0,0,32006,60079,26882,27570,28075,29065,1755,1500,1135,1100,1455,775,0
8220,50000,1,2,2,51,0,0,0,2,2,0,15096,16541,18356,18181,18285,10220,2000,2400,420,600,600,500,1
8221,140000,2,2,2,26,0,0,0,0,0,0,9589,78122,79327,117859,120556,122894,70000,3100,40000,4600,4500,4800,0
8222,10000,1,2,1,43,3,2,2,4,3,2,8261,9470,11163,10852,10396,10085,1500,2000,0,0,0,350,1
8223,120000,2,2,2,37,0,0,0,0,0,0,874,0,0,0,305,20502,0,0,0,305,21742,0,0
8224,30000,1,2,2,30,4,3,2,2,2,0,30562,29809,28920,29887,29525,25006,0,0,1900,15,1030,30802,0
8225,30000,2,2,1,22,1,2,2,2,2,0,28037,29055,28303,29462,28859,29122,1745,0,3554,0,1190,1030,0
8226,20000,1,1,2,33,1,2,2,2,2,2,17971,17399,19057,18453,19755,19288,0,2260,0,1600,0,644,0
8227,10000,1,3,2,36,0,0,0,0,2,2,6517,344,0,10040,9735,10362,344,900,10040,0,790,0,0
8228,110000,2,2,1,35,0,0,0,0,0,0,114023,102850,66639,57595,58814,60086,4097,3360,2100,2100,2200,3000,1
8229,280000,2,1,1,29,0,0,0,0,0,0,2597,3807,1160,985,0,65862,3807,1160,985,0,65862,66240,0
8230,500000,1,1,1,42,0,0,0,0,0,0,580928,597793,597415,569034,551702,568638,25624,21898,20851,19599,26000,20000,0
8231,50000,2,3,1,46,4,5,4,3,2,0,33100,32319,31499,30748,30162,30016,0,0,0,0,3100,798,1
8232,230000,1,2,1,30,0,0,0,0,0,0,5200,0,0,8780,11990,0,0,0,8780,11990,0,0,0
8233,50000,1,2,1,53,0,0,0,0,0,0,493,493,493,493,493,493,493,493,493,493,493,493,0
8234,120000,2,2,2,24,0,0,0,0,0,2,15322,16267,45844,47082,54307,53290,1500,30000,2000,8000,0,5000,0
8235,30000,1,2,2,26,0,0,0,0,0,0,26301,27376,28359,24844,25364,25935,1500,1450,889,920,992,1000,0
8236,330000,2,2,1,28,0,0,0,0,2,2,225079,229947,233122,246414,253338,249107,10000,8507,17215,11000,0,12000,0
8237,360000,1,2,1,30,0,0,0,0,0,0,6323,6934,17170,11152,6000,0,7001,17173,1000,1000,0,200000,0
8238,40000,1,1,2,26,0,0,0,0,2,2,6586,7618,8484,10333,10023,11258,1300,1150,2000,0,1400,0,0
8239,110000,2,1,2,29,2,0,0,0,0,0,106321,107630,106354,79154,69988,69018,4334,4250,2946,2506,2458,2524,1
8240,40000,2,3,1,39,0,0,0,0,0,0,7955,5392,5151,3434,1143,0,5392,5151,3434,1143,0,0,0
8241,70000,2,2,1,30,1,2,0,0,0,0,42490,35668,32397,24306,24316,20216,17,5043,2500,2009,2015,2010,0
8242,100000,1,3,2,26,2,0,0,0,0,0,107643,109895,93420,73119,73642,71579,4048,3105,2700,2510,2703,2700,1
8243,210000,2,2,1,50,1,0,0,0,0,0,0,0,0,0,0,0,0,0,0,0,0,0,0
8244,360000,1,2,1,38,0,0,0,0,2,0,696,546,-150,1692,846,846,546,0,2538,0,846,696,0
8245,260000,1,2,2,27,0,0,0,0,0,0,150943,149285,151779,135141,124475,107735,5501,5061,5000,5000,3900,3246,0
8246,200000,2,1,2,34,0,0,0,0,0,0,500,810,500,0,0,300,810,500,0,0,300,0,0
8247,160000,1,1,1,43,0,0,0,0,0,0,162,414,6437,16520,14374,10969,414,6437,10428,463,426,219,1
8248,420000,2,2,1,29,0,0,0,0,0,0,56255,121215,132536,131704,331059,328958,71536,12536,11704,212059,12958,12819,0
8249,140000,2,1,2,28,1,2,0,0,0,0,86761,84546,87251,88227,90170,92044,0,5000,3300,3500,3500,3550,1
8250,180000,1,1,2,38,0,0,0,0,0,0,141510,144439,146529,151106,153900,0,6700,6000,7000,6900,0,0,1
8251,150000,2,3,1,39,2,2,0,0,0,0,153994,147038,122498,75782,71306,69737,0,5000,3000,3000,3000,5000,0
8252,30000,2,2,1,35,0,0,0,0,0,2,22206,23846,24554,25213,27638,27042,2000,1409,1068,3000,0,3450,0
8253,500000,1,1,2,34,0,0,0,0,0,0,8007,10556,14332,20393,22633,24318,3000,4000,6500,5000,2000,4000,0
8254,240000,1,2,1,45,0,0,0,0,0,0,237868,242260,101542,30284,168674,171825,8932,4707,1862,140061,5262,5300,0
8255,30000,1,1,2,22,0,0,0,0,0,2,2949,19689,17681,17113,13368,11739,19689,2092,1500,1500,0,161,0
8256,80000,1,2,2,28,0,0,0,0,2,0,47916,49964,49965,50142,46888,47592,3122,2123,4300,0,2800,3000,0
8257,80000,1,2,2,34,0,0,0,0,0,0,0,0,0,0,0,0,0,0,0,0,0,0,0
8258,310000,1,1,1,39,1,0,0,0,0,0,166517,18901,19781,22432,24058,25646,150000,1500,3000,2000,2000,3000,0
8259,180000,2,1,2,33,0,0,0,0,0,0,94001,99558,106353,113047,115572,117660,8000,10000,10000,4500,4500,5300,0
8260,60000,2,2,2,23,0,0,0,0,0,0,63709,64261,50243,15092,12037,10000,2351,1237,422,528,2000,5000,1
8261,170000,2,2,2,33,0,0,0,0,0,0,298,0,0,467,203,0,0,0,467,203,0,1116,0
8262,180000,2,2,1,31,0,0,0,0,0,0,173517,160996,132054,115551,109539,108837,10122,35206,40600,5000,10000,10000,0
8263,180000,1,2,1,28,0,0,0,0,0,0,180827,175914,176778,172440,168914,171645,6600,7738,6200,6418,13000,0,1
8264,350000,1,2,1,42,0,0,0,0,0,0,1037,1360,8686,3061,396,391,1365,8722,72,0,391,1406,0
8265,360000,1,2,1,36,0,0,0,0,0,0,20328,12664,1901,2355,4206,5889,1204,1901,2355,4206,5889,0,0
8266,140000,1,2,1,46,0,0,0,0,0,0,133899,137171,139414,97268,99960,86728,5425,4979,3715,4498,86728,2412,1
8267,310000,2,3,2,30,0,0,0,0,0,0,118109,131107,97009,51757,50009,45262,18008,20000,12000,5000,3000,1900,0
8268,30000,1,3,2,25,0,0,0,0,0,2,22821,23846,24864,25360,26999,26414,1397,1415,911,2051,0,1500,0
8269,200000,1,1,2,32,0,0,0,0,0,2,5494,19614,628,628,1604,668,19614,628,628,1604,0,168,1
8270,120000,2,1,2,37,2,2,2,2,2,2,744,744,744,1188,594,1038,444,444,888,0,888,0,1
8271,260000,1,1,1,45,0,0,0,0,0,0,21480,25791,31654,35784,40726,45923,5000,6781,5000,6452,6696,6892,0
8272,60000,2,1,2,32,0,0,0,0,0,0,31142,31473,31684,31837,32246,32122,1842,2000,2000,2000,1500,3000,0
8273,50000,1,2,2,24,0,0,0,0,0,0,10834,11771,12762,12769,13512,14772,1509,1500,605,1500,1500,3000,0
8274,80000,1,1,2,28,0,0,0,2,0,0,47933,39695,42372,41393,42275,43418,2100,3650,0,1700,2000,3000,0
8275,60000,1,1,1,46,1,2,0,0,0,0,62063,60513,60398,31194,30343,30427,0,1744,1100,1074,1200,1000,0
8276,200000,2,3,1,27,1,2,2,2,3,4,104307,101788,110000,115000,120000,127640,0,10000,5000,5000,7661,6608,0
8277,140000,2,1,2,28,1,0,0,0,0,0,0,0,0,0,0,0,0,0,0,0,0,0,0
8278,30000,1,2,2,25,0,0,0,0,0,0,26328,27470,28541,28509,29265,0,1868,1939,907,1100,0,0,1
8279,110000,2,2,1,34,0,0,2,2,2,2,43780,48076,48989,47900,52123,51131,5000,2000,0,5000,0,5000,0
8280,90000,2,3,1,39,0,0,0,0,0,0,7328,3697,4487,3169,3847,5403,3784,4511,3174,3852,5417,4720,0
8281,40000,2,1,2,27,1,0,0,0,0,0,0,450,0,0,247,0,450,0,0,247,0,0,0
8282,110000,2,1,1,29,0,0,0,0,0,0,3261,1380,1380,2760,1380,1700,1380,1380,2760,0,1700,0,0
8283,640000,2,1,2,30,0,0,0,0,0,0,116714,77893,60259,40539,26432,5018,4000,4000,2003,7202,5314,3535,0
8284,20000,1,3,2,51,0,0,0,0,0,0,9953,13989,14953,14710,900,0,5000,1275,2704,3200,0,0,0
8285,50000,2,2,1,36,0,0,0,0,0,0,44625,46078,46689,8261,8434,8738,2174,1785,296,306,444,10686,0
8286,30000,1,2,1,25,0,0,0,0,2,2,30527,29910,0,25919,26383,25691,1389,0,25919,1000,0,19283,0
8287,140000,2,2,2,32,0,0,0,0,0,0,136497,135505,137629,120147,122247,122574,5000,5000,4300,5000,5158,4200,0
8288,70000,1,2,2,36,1,0,0,0,0,0,0,690,25566,26227,26375,26510,690,25566,1066,1091,1100,1312,0
8289,80000,2,2,1,42,0,0,0,0,0,0,23931,23366,22275,21631,22961,19269,1500,2000,1000,3000,1000,1000,1
8290,100000,2,1,2,31,0,0,0,0,0,0,0,0,0,960,960,1185,0,0,960,0,1185,379,0
8291,180000,1,3,2,40,0,0,0,0,0,0,66218,15155,11052,8541,37951,57757,1811,5008,5000,30000,62010,50077,0
8292,50000,2,2,2,28,0,0,0,0,0,0,48370,39618,27417,25542,26160,26686,1468,1400,900,1000,1000,600,0
8293,170000,1,1,1,35,0,0,0,0,0,0,473,-103,-103,-103,-103,2297,0,0,0,0,2400,0,1
8294,50000,2,3,2,23,2,2,2,2,2,2,42304,45327,46294,47147,46272,49050,3695,2000,1900,0,3700,0,1
8295,140000,1,1,2,28,0,0,0,0,0,0,135648,138049,99274,100878,102984,106628,5247,3213,2857,2963,4566,1969,1
8296,100000,1,1,2,29,2,2,2,2,2,2,74396,75317,77084,78308,79901,81630,2700,3600,3100,3000,3200,3000,1
8297,10000,1,2,1,36,0,0,0,0,0,0,8593,9582,8986,9691,9889,10131,1300,1200,1000,1000,569,200,0
8298,50000,2,2,2,22,1,0,0,0,0,0,0,0,0,0,0,0,0,0,0,0,0,0,0
8299,30000,2,2,1,24,0,0,0,2,2,0,26755,27828,29103,29565,26319,27738,1507,2172,1523,0,2000,2000,1
8300,80000,2,2,2,27,0,0,0,0,0,0,26144,26625,3600,0,68424,42601,1075,1200,0,68424,1264,0,0
8301,290000,2,2,2,29,0,0,0,0,0,0,263796,268765,209697,212359,216989,221260,11320,10000,7600,8000,8000,8200,0
8302,110000,2,1,2,27,0,0,0,0,0,0,8086,8848,9283,8950,8943,333,1232,1000,0,326,333,12425,0
8303,30000,2,3,2,24,1,3,2,2,2,0,23031,22393,21736,23192,22701,22954,0,0,1800,0,1000,1000,0
8304,70000,2,2,1,23,0,0,0,0,0,0,43397,44336,35757,27906,25731,21430,2500,21000,2000,687,1500,2000,0
8305,300000,2,1,2,26,0,0,0,0,0,0,277680,281719,284381,155562,158448,162626,12005,10155,6000,5000,6000,6000,0
8306,30000,1,2,1,47,0,0,0,0,2,0,24422,25480,26425,30525,29063,29022,1455,1400,4500,0,1500,2000,1
8307,200000,2,1,2,36,0,0,0,0,0,0,0,0,0,932,2469,0,0,0,932,2487,0,0,0
8308,130000,1,2,2,27,0,0,0,0,0,0,81603,84249,85424,82632,84522,86061,3963,3500,2956,3220,3100,3344,1
8309,80000,1,1,2,25,0,0,0,0,0,0,0,0,0,0,0,0,0,0,0,0,0,0,0
8310,50000,2,2,2,37,0,0,0,0,0,0,67570,61248,54707,29250,29905,29519,3000,3000,2100,1500,1300,1200,0
8311,310000,2,1,2,30,0,0,0,0,0,0,33376,34587,30488,27112,24722,9862,2000,2000,1000,1000,661,1000,0
8312,160000,2,2,1,31,0,0,0,0,0,0,11648,780,0,5100,0,0,780,0,5100,0,0,0,0
8313,240000,1,2,1,30,0,0,0,0,0,0,227675,181461,186160,191355,192406,190086,10003,10009,10014,8500,10000,8000,0
8314,100000,2,2,1,36,0,0,0,0,0,0,21237,16723,15868,8275,5954,7075,3013,4031,3012,2006,3121,5781,0
8315,200000,2,5,2,27,0,0,0,0,0,0,98761,85583,84398,88612,86159,89751,4000,3000,3000,3338,5000,4000,0
8316,50000,2,1,2,38,0,0,0,0,0,0,46179,38055,28857,27495,26344,24879,1881,1683,1064,900,862,1000,0
8317,320000,2,3,2,45,0,0,0,0,0,0,300598,308931,186223,114605,117159,119733,14227,9334,4106,4405,4678,4527,0
8318,60000,1,1,1,37,0,0,0,0,0,0,57985,59312,27420,27965,28552,29276,2550,1500,1001,1038,1200,1233,0
8319,60000,1,2,1,43,0,0,0,0,0,0,58777,40584,12617,22670,17701,950,5005,5000,10216,876,1252,0,0
8320,50000,1,2,1,42,0,0,0,0,0,0,46100,46949,18755,11112,11374,5919,2133,1058,2000,2043,5919,16346,1
8321,360000,1,2,1,41,1,0,0,0,0,0,0,0,0,0,0,0,0,0,0,0,0,0,1
8322,60000,2,2,2,32,0,0,0,0,0,0,60745,61085,56863,18473,15434,7301,2613,5900,1000,428,1000,2000,0
8323,210000,2,2,2,28,0,0,0,0,0,0,2162,61,259323,139861,1684,826,61,130000,10000,1684,826,1793,0
8324,20000,1,2,1,39,2,2,2,2,2,2,20591,20284,20645,20750,20300,20482,1500,1000,718,3,1800,0,1
8325,100000,2,2,1,40,0,0,0,0,0,0,10228,50764,52520,24550,5973,57200,50836,39033,524,18,57227,422,0
8326,200000,2,1,2,32,0,0,0,0,0,0,47517,8219,9000,10000,11340,0,1219,1000,1000,1340,0,0,0
8327,180000,2,2,1,28,0,0,0,0,0,0,454,14213,10621,3913,1707,15087,14213,10628,7826,1707,15087,5379,0
8328,70000,2,1,2,50,0,0,0,0,0,0,64315,58564,56741,25172,29186,25430,3000,10032,8000,5139,1000,1000,1
8329,170000,2,2,2,48,0,0,0,0,0,0,83074,85834,87003,88753,90624,92455,4100,3500,3200,3300,3334,4000,0
8330,80000,1,1,2,36,0,0,0,0,0,0,68931,67706,67017,65159,64152,65208,2500,3000,2244,2478,4800,0,0
8331,400000,2,1,1,41,0,0,0,0,0,0,8,1274,19143,20305,22063,20695,1274,19143,1305,2063,1695,195000,0
8332,140000,2,2,1,40,0,0,0,0,0,0,138389,110701,83468,41202,41687,36335,5148,3216,2003,3000,3041,5056,0
8333,60000,1,3,1,57,0,0,0,0,0,0,20865,16590,10816,6956,2489,0,1262,1003,0,1050,0,0,0
8334,360000,1,1,1,44,0,0,0,0,0,0,333549,342782,340216,344545,140386,144042,15047,15000,14000,5008,10055,30015,0
8335,240000,2,2,1,43,0,0,0,0,0,0,48502,49001,47026,45827,39527,40868,2200,1923,1682,2000,2000,1300,0
8336,80000,2,2,2,27,1,2,0,0,0,0,57004,55220,43506,39025,40017,29797,0,1900,1418,1800,1300,1000,0
8337,270000,2,2,2,39,0,0,0,0,0,0,116168,118661,121106,118269,120737,123227,4173,4275,4054,4191,4302,4567,0
8338,30000,2,3,1,39,2,2,2,2,2,2,20652,24993,24293,25896,26435,25859,4700,0,2010,1100,0,2100,0
8339,480000,1,1,1,58,0,0,0,0,0,0,24610,-310,148544,18791,5909,68988,4,149654,18885,5940,69337,200655,1
8340,160000,1,2,1,50,0,0,0,0,0,0,269,0,697,697,895,1341,0,697,697,895,1341,402,0
8341,180000,2,2,2,34,2,0,0,0,2,2,51385,53925,54848,57988,59438,61974,3140,923,4663,2530,3687,5000,1
8342,300000,1,1,2,29,1,0,0,0,0,0,0,0,0,0,0,0,0,0,0,0,0,0,1
8343,200000,2,1,2,31,0,0,0,0,0,0,191953,189147,191673,192051,193348,193337,6887,7019,7000,7200,7200,7000,0
8344,50000,2,2,2,30,0,0,0,0,0,0,37522,38614,39671,40213,41064,43382,2000,2000,1500,1500,3000,2000,0
8345,320000,2,3,1,39,0,0,0,0,0,0,3065,41679,8275,8275,7606,14611,41679,8344,8275,7606,10000,11010,0
8346,30000,2,1,1,35,2,0,0,0,0,0,27703,28743,27048,26592,23874,23293,1500,1356,900,1000,1100,664,1
8347,500000,2,1,1,38,0,0,0,0,0,0,913,9724,9350,6972,11879,15574,9782,9350,6972,11879,15574,12921,0
8348,360000,1,1,1,40,0,0,0,0,0,2,21489,40715,-34041,-34503,43013,11654,41088,2,38,85155,58,13652,0
8349,50000,2,2,1,53,0,0,2,0,0,0,13868,14307,14762,15232,16988,17912,2000,1000,1000,2000,1200,2000,1
8350,80000,2,1,2,29,0,0,0,0,2,2,61565,62857,64773,68073,69538,70841,2281,2961,5000,2700,2600,2700,0
8351,10000,1,2,2,23,0,0,0,0,0,0,5324,6509,7313,6469,6988,7489,1279,1083,500,1000,1000,142,0
8352,280000,2,1,2,23,0,0,0,0,0,0,262579,235354,199360,193888,193132,188016,6453,6000,5334,5397,5400,5894,0
8353,300000,2,2,1,31,0,0,0,0,0,0,3863,4242,5090,309,2700,7593,5021,5134,322,5013,7611,8059,0
8354,280000,2,1,1,34,0,0,0,0,0,0,232834,218803,202031,111603,94050,76232,9001,6369,3864,3501,3001,1701,0
8355,170000,1,2,1,42,0,0,0,0,0,0,164824,132485,120267,117453,115778,117411,6107,6000,4500,4500,4500,4500,0
8356,260000,2,1,1,36,0,0,0,0,0,0,88273,91908,90857,-81334,142645,149655,6000,5020,81569,331788,10002,5003,0
8357,360000,1,2,1,44,1,0,0,0,0,0,-3,583,-17,3440,1368,146,586,0,3457,1375,200,754,0
8358,360000,2,2,2,31,0,0,0,0,0,0,9688,7612,7537,11227,9703,61882,2012,3004,5011,1061,65663,2019,0
8359,200000,1,3,1,38,0,0,0,0,0,0,181532,179645,180615,180127,166755,167416,8218,7912,6284,6313,6200,6419,0
8360,50000,2,1,2,28,0,0,0,0,0,0,21514,22563,23585,23894,24549,24990,1700,1700,1000,1039,1000,1000,0
8361,130000,2,3,1,45,1,0,2,0,0,0,0,780,390,540,11040,953,780,0,540,11040,953,9622,0
8362,20000,1,2,1,32,0,0,2,0,0,0,19468,20844,19362,19402,19607,19821,3000,0,850,920,750,300,1
8363,50000,2,3,1,52,0,0,2,0,0,0,22916,13238,346,14580,11231,10804,1656,0,14580,500,458,873,1
8364,190000,2,1,1,30,0,0,0,0,0,0,6936,500,0,19000,19000,19000,500,0,19000,19000,19000,19000,0
8365,140000,1,2,1,36,0,0,0,0,0,0,780,16570,17378,12568,15678,15620,16570,1220,3000,3500,332,390,0
8366,70000,2,2,1,40,0,0,0,0,0,0,69341,19472,22066,23515,10990,0,2000,3000,2000,3000,0,150,0
8367,150000,2,1,2,36,0,0,0,0,0,0,15447,0,0,0,0,0,0,0,0,0,0,0,0
8368,140000,2,2,2,29,0,0,0,0,0,0,128583,132734,132135,126622,127495,119304,7000,5000,5000,6000,6000,5300,0
8369,50000,1,2,2,27,2,0,0,0,0,0,48387,47637,48479,18616,19196,17906,2300,2100,1000,1000,1000,680,1
8370,350000,2,1,1,55,0,0,0,0,0,0,3518,1931,1630,7461,4124,1261,1935,1630,7461,4124,1261,2798,0
8371,80000,1,2,2,53,3,2,0,0,0,0,35637,34783,36198,37094,38489,40341,0,2000,1500,2000,2500,2000,1
8372,400000,1,1,2,34,1,0,0,0,0,0,-5,-5,-5,1299,4374,4986,0,0,1304,4375,1025,2952,0
8373,170000,2,1,1,38,0,0,0,0,0,0,71712,70194,43210,23096,23397,27817,3332,7770,5000,3000,5000,25000,0
8374,20000,2,2,3,47,1,2,0,0,0,0,9325,8562,9571,9912,10036,10400,1000,1159,500,432,600,0,0
8375,450000,1,1,1,40,0,0,2,0,0,0,22861,19093,6576,9133,6918,12382,6596,0,6918,4351,8161,0,0
8376,200000,2,3,1,36,1,0,0,0,0,0,-5,-5,-5,2999,4804,4402,0,0,3004,4804,5008,169,0
8377,200000,2,1,1,36,0,0,0,0,0,0,2444,1301,3207,3284,1111,8349,1301,3210,3284,1111,8349,4249,0
8378,100000,2,3,1,53,1,0,0,0,0,0,0,0,0,0,0,0,0,0,0,0,0,0,1
8379,60000,1,2,1,39,0,0,0,0,0,0,14085,14575,18423,13099,14537,16928,2000,5000,4000,2000,5000,2000,0
8380,230000,2,2,1,37,0,0,0,0,0,0,16302,15849,16884,17620,18353,18901,1265,1300,1001,1000,1000,1000,0
8381,230000,2,2,2,29,0,0,0,0,0,0,24524,24897,22219,23512,12894,15183,3000,4000,3047,3000,3000,3000,0
8382,60000,1,2,1,46,0,0,0,0,0,0,3046,286,6466,6469,5364,3664,285,6466,3,5,10,15219,0
8383,160000,2,1,1,34,1,0,0,0,0,0,5520,0,0,708,560,0,0,0,708,560,0,560,0
8384,310000,1,1,1,34,0,0,0,0,0,0,493,-7,-7,500,736,739,0,0,507,736,3,797,1
8385,430000,2,1,2,30,0,0,0,0,0,0,31423,3650,44671,81979,9120,85407,3650,44671,82555,9120,85407,14261,0
8386,240000,2,1,1,47,1,0,0,0,0,0,-40,-40,-40,1160,1160,0,0,0,1200,0,0,0,0
8387,60000,1,2,2,29,0,0,0,0,0,0,54050,54555,15177,16610,16821,20048,2500,2000,2000,628,3525,3000,0
8388,30000,1,2,2,28,0,0,0,0,0,0,26054,25144,25775,18585,0,0,2000,2000,2000,0,0,0,0
8389,180000,1,2,1,30,0,0,0,0,0,0,375,375,375,750,375,399,375,375,750,0,399,399,1
8390,20000,1,2,2,24,1,2,3,2,2,2,16706,18342,17755,17967,17538,18647,2200,0,800,0,1401,0,0
8391,30000,1,1,2,24,2,2,0,0,0,0,16035,15493,16197,16669,16865,17199,0,1270,742,613,615,646,1
8392,320000,2,2,1,55,0,0,0,0,0,0,11973,4076,7879,5436,51529,18088,4093,7917,5459,51787,18178,3659,0
8393,500000,1,2,2,32,0,0,0,0,0,0,264,286,550,286,22,14454,286,528,0,128,15239,100000,1
8394,170000,2,2,1,47,0,0,0,0,0,0,0,0,0,0,0,0,0,0,0,0,0,0,0
8395,20000,2,2,2,24,0,0,0,0,0,0,21838,20544,19991,20305,19349,20467,2349,1296,1000,696,2213,0,0
8396,360000,2,1,2,29,0,0,0,0,0,0,73753,61008,49781,12846,4548,9820,5121,10180,41,22,9865,14847,0
8397,90000,2,1,2,24,0,0,0,0,0,2,30639,25390,27618,26382,27546,17660,2913,9000,0,2000,0,10639,0
8398,100000,2,1,1,40,0,0,0,0,0,0,390,390,780,390,390,7140,390,780,0,390,7140,1230,0
8399,100000,1,1,2,37,1,0,0,0,0,0,0,0,0,0,0,0,0,0,0,0,0,0,0
8400,170000,1,1,1,38,0,0,0,0,0,0,0,0,0,1012,0,0,0,0,1012,0,0,492,0
8401,100000,2,2,2,32,2,0,0,0,2,2,50332,52644,54905,58133,60197,59226,3000,3000,4000,3000,0,4300,0
8402,20000,1,1,2,27,0,0,2,0,0,0,1760,2699,1261,780,390,1320,2200,0,780,0,1320,0,0
8403,220000,1,2,1,32,0,0,0,0,0,0,1565,3067,5797,1195,1797,1195,3082,5820,1198,1802,1198,1802,0
8404,470000,2,1,2,31,0,0,0,0,0,0,22988,10353,5603,11685,5093,2791,10363,5910,13380,5093,2791,9527,0
8405,100000,2,2,2,24,0,0,0,0,0,0,13391,10577,8905,0,4290,0,10608,8944,200,4290,0,0,0
8406,10000,1,2,2,23,0,0,0,0,0,0,1504,6007,6470,390,0,780,6007,1000,390,0,780,0,0
8407,230000,2,1,2,29,0,0,0,0,0,0,2521,-1000,12009,5627,215,3039,0,13009,8018,0,3039,2000,0
8408,50000,2,1,2,28,2,2,2,2,2,2,31336,32039,32714,32482,33807,34398,1500,1500,600,2000,1300,1500,0
8409,50000,1,3,1,30,0,0,0,0,0,0,50545,49502,46418,19980,19751,20477,2603,1621,1000,1000,1204,1000,1
8410,120000,2,2,2,30,0,0,0,0,0,0,116887,117419,116281,117392,117791,112505,4615,7175,4529,4625,4029,4237,0
8411,160000,2,1,1,33,0,0,0,0,0,0,2355,2714,12094,2855,3803,8911,2719,15000,2855,3803,8911,0,1
8412,120000,1,1,2,27,0,0,0,0,0,0,880,880,880,880,880,1030,880,880,880,880,1030,880,0
8413,30000,2,2,2,21,0,0,0,0,0,0,26757,26831,26620,26134,26865,25752,1520,1339,852,2067,1400,100,0
8414,180000,2,1,2,29,0,0,0,0,0,0,100,0,0,0,0,0,0,0,0,0,0,0,0
8415,30000,1,1,2,23,0,0,0,0,0,0,30287,28171,29410,29705,28647,28776,1496,1735,1030,1017,1033,989,0
8416,200000,2,1,1,40,0,0,0,0,0,0,3266,390,11314,-71,-467,-863,390,11320,0,0,0,2000,0
8417,10000,2,2,2,33,0,0,0,0,0,0,7659,18814,19570,19967,9908,9646,11400,1135,532,449,693,10000,0
8418,230000,1,2,2,39,0,0,0,0,0,0,35289,27678,13800,10238,6968,4704,1646,1017,214,406,412,1420,0
8419,200000,2,3,1,53,0,0,0,0,0,0,126027,129008,130376,133207,136159,138741,6500,5000,5000,5100,5000,5400,0
8420,110000,1,2,1,46,0,0,0,0,2,0,44953,47315,46997,50740,49115,49529,3087,1769,4512,0,1930,1601,1
8421,50000,1,2,1,40,0,0,0,0,0,0,18485,10767,9775,10122,9146,9341,1166,1200,481,321,336,174,0
8422,50000,2,1,2,23,0,0,0,0,0,0,48482,47226,11151,-2897,48211,48154,2500,3002,1500,52000,1900,1800,0
8423,220000,1,1,1,43,0,0,0,0,0,0,7695,2701,98376,3874,5226,14973,2725,98875,3893,5252,15047,3980,0
8424,500000,1,1,1,43,0,0,2,0,0,0,14132,35814,20089,28077,132588,115442,35820,18,28077,132588,28500,20000,0
8425,140000,1,1,1,43,0,0,0,0,0,0,100021,95122,84315,70871,70923,64202,4535,2856,2503,2378,3014,2048,0
8426,50000,2,1,2,30,2,0,0,0,0,0,2989,4008,4861,4958,5244,8134,1228,1081,178,366,3156,0,0
8427,50000,1,2,2,24,0,0,0,0,0,0,7240,8264,9273,9609,9657,9927,2644,1153,489,351,431,198,0
8428,150000,2,1,2,32,0,0,0,0,0,0,116908,107164,110884,111706,113942,116626,4000,5500,4145,4186,4630,4000,0
8429,150000,1,1,2,35,1,2,2,2,2,2,143376,145607,146509,148507,152044,136643,6000,4500,5100,5322,20,5033,0
8430,240000,1,3,1,43,0,0,0,0,0,0,191453,193548,190288,186770,180458,178722,8500,8300,7000,7000,7000,6500,0
8431,180000,1,1,2,31,2,2,7,7,7,7,2400,2400,2400,2400,2400,2400,0,0,0,0,0,0,0
8432,240000,1,2,1,44,0,0,0,0,0,0,5428,9054,13158,6507,2955,1092,9064,13158,6860,2295,1092,2076,0
8433,150000,2,1,2,27,0,0,0,0,0,2,138066,140522,138722,130494,147851,145535,5767,6100,30000,19227,0,2606,0
8434,260000,2,3,1,41,0,0,0,0,0,0,1145,-4,-4,2177,158,0,4,0,2181,158,0,0,0
8435,160000,2,1,1,34,0,0,0,0,0,0,430,430,430,850,3350,4874,430,430,850,3350,4874,9858,0
8436,290000,2,2,1,39,0,0,0,0,0,0,58281,62061,65710,69452,73627,77890,5000,5000,5000,5000,5000,7000,0
8437,240000,1,1,2,48,0,0,0,0,0,0,116058,117196,121245,122736,125599,128506,4500,6000,5000,5000,5000,5000,0
8438,50000,1,2,1,56,1,2,0,0,0,0,32134,30391,10725,10541,10052,10400,0,1159,365,448,600,0,0
8439,170000,2,3,1,46,0,0,0,0,0,0,246,123,5436,1229,93787,95816,123,5436,1229,93970,4000,3348,0
8440,130000,2,1,1,46,0,0,0,0,0,0,147582,138996,140558,90522,90917,92330,5394,4229,3211,3297,3312,3381,1
8441,80000,1,1,2,27,1,0,0,0,0,0,0,0,0,8956,8956,0,0,0,8956,0,0,0,0
8442,30000,1,1,1,45,0,0,0,0,0,0,29029,27381,28945,29373,0,0,2000,2138,1102,0,0,0,0
8443,100000,2,3,1,40,0,0,0,0,0,0,97763,93834,86360,77594,78030,78506,4500,3000,3000,3000,3000,3000,0
8444,10000,1,2,2,23,2,0,0,0,0,0,8638,8958,9414,9344,9545,9586,1294,1150,480,500,348,402,0
8445,320000,2,1,2,30,0,0,0,0,0,0,0,200,3663,992,1627,6661,200,3696,997,1635,6694,2508,0
8446,50000,1,2,1,36,0,0,0,0,0,0,48612,50525,0,0,0,0,3000,0,0,0,0,0,0
8447,80000,1,1,2,29,1,2,2,0,0,0,49373,49812,0,0,0,0,1980,19800,0,0,0,0,1
8448,70000,2,2,2,26,0,0,0,0,0,0,23409,23174,26103,28342,24894,25272,3003,5106,4026,755,1029,5303,1
8449,700000,2,2,2,28,0,0,0,0,0,0,16262,12219,9861,6384,5126,2680,2192,2015,1005,1009,1000,1000,0
8450,360000,2,1,2,26,0,0,0,0,0,0,7142,44008,21715,5064,9147,6068,44234,21823,5089,9192,6098,16495,0
8451,380000,1,1,2,30,0,0,0,0,0,0,192132,148842,177842,120027,97256,108213,10123,50434,7132,11068,20050,35925,0
8452,50000,1,2,2,40,0,0,0,0,0,0,42807,32187,48600,7514,9336,-177,10000,21019,1500,3000,1210,7900,0
8453,20000,1,2,1,45,1,2,0,0,0,0,20011,10753,10853,10670,-120,-120,0,10600,800,0,0,0,1
8454,350000,2,1,2,33,0,0,0,0,0,0,314994,322472,244792,140218,181571,167905,12695,9790,5302,95621,11920,6107,1
8455,80000,2,1,2,29,1,0,0,0,0,0,0,0,8061,8061,9390,4337,0,8061,0,9390,4500,0,1
8456,150000,1,3,1,35,2,2,2,0,0,0,135215,137863,130622,126063,118836,116865,6000,30,5050,5025,5000,3000,1
8457,300000,2,1,2,35,0,0,0,0,0,0,47295,87717,78638,77038,74345,49452,55047,27354,2124,5000,5500,4000,0
8458,400000,1,2,1,39,0,0,0,0,0,0,399099,272898,202937,169138,144434,124802,15395,10232,12115,6285,11106,3124,0
8459,250000,2,2,1,35,0,0,0,0,0,0,242971,244628,243223,245031,247911,247353,8310,7938,8101,8430,8808,7820,0
8460,50000,2,1,2,23,0,0,0,0,0,0,49061,47209,47471,21571,19005,772,2138,1400,431,380,772,8,1
8461,230000,2,3,1,44,0,0,0,0,0,0,54798,11632,4987,6222,15121,17425,11632,4987,6222,15121,17425,17007,0
8462,100000,2,2,2,27,0,0,0,0,2,0,43865,45548,46266,49290,48372,49412,2400,1776,3800,0,2000,1800,0
8463,380000,1,2,2,34,0,2,0,0,0,0,4384,3852,2300,632,316,316,0,2300,632,0,316,316,0
8464,260000,2,2,2,28,0,0,0,0,0,0,251560,379318,226538,202887,195364,181206,9139,13805,7100,6952,12812,6362,0
8465,470000,1,2,2,31,0,0,0,0,0,0,78833,80562,82718,85334,87948,90479,3000,3500,4000,4000,4000,4200,0
8466,80000,1,2,2,29,0,0,0,0,0,0,48098,49089,47184,47059,47938,48904,2081,2068,1833,1889,1915,1879,0
8467,140000,1,1,2,36,0,0,0,0,0,0,74177,65336,53578,49288,43870,44854,4000,3500,2000,2500,1800,2000,1
8468,140000,1,1,1,45,2,2,2,2,2,2,64393,65271,66606,64940,73677,75316,2500,3000,0,10000,3000,0,1
8469,50000,1,2,1,36,2,2,2,2,0,0,50808,48287,47265,20840,19568,19812,0,3259,0,844,706,677,1
8470,180000,2,2,1,37,0,0,0,0,0,0,14704,14417,13387,9537,38456,35947,1244,1064,278,31369,1268,1118,1
8471,30000,2,2,2,23,4,3,2,2,3,2,15847,15308,15910,16752,16197,16583,0,1150,1400,0,800,0,1
8472,30000,2,2,2,22,2,0,0,0,0,3,18796,20489,22142,25438,28453,27699,2000,2000,4000,3600,0,2200,1
8473,50000,2,1,1,25,0,0,0,0,0,0,30479,31200,31817,29229,29529,30053,1528,1461,1030,1070,1320,1212,1
8474,250000,2,1,2,35,1,2,0,0,0,0,45429,34800,31217,25231,17009,4553,0,1443,560,4875,400,0,0
8475,310000,2,2,2,25,0,0,0,0,0,0,38942,130331,56527,560,300,2381,135868,1306,560,300,2387,572,0
8476,360000,2,2,1,51,1,0,0,0,0,0,0,0,390,540,540,390,0,780,540,540,390,390,0
8477,50000,1,2,2,31,0,0,0,0,0,0,48640,49483,40850,0,800,400,2000,3000,0,400,20000,10000,0
8478,480000,2,1,2,30,0,0,0,0,0,0,75834,-105,37649,45469,20020,3167,105,37754,32970,8000,3167,10981,0
8479,50000,2,1,2,24,0,0,0,0,0,0,1303,1303,748,1693,1138,748,1303,748,1693,1138,895,1528,0
8480,160000,1,2,2,37,1,0,0,0,0,0,0,0,0,0,461,603,0,0,0,461,603,829,0
8481,140000,2,1,2,30,0,0,0,0,0,0,4975,5445,6455,6847,8075,8592,1200,1108,500,1500,650,0,0
8482,310000,2,1,2,27,0,0,0,0,0,0,833,323,1083,2134,2474,2097,323,1093,2140,9201,2103,6571,0
8483,30000,2,1,2,27,0,0,0,0,0,0,7843,2670,2670,2670,10302,15643,2670,2670,2670,10302,15643,9947,0
8484,40000,2,2,1,27,1,2,0,0,0,0,11310,10842,12896,14675,17265,17974,0,2554,2000,3000,1000,3000,0
8485,80000,1,3,1,55,0,0,0,0,0,0,79788,81571,75814,49784,51408,48587,25000,7704,8700,3000,12900,3000,0
8486,30000,2,2,2,41,0,0,0,0,0,0,25159,25931,27369,25111,22235,19000,1762,2200,790,922,663,1310,0
8487,200000,2,2,2,26,0,0,0,0,0,0,58147,1468,2321,327194,6680,3963,1468,2321,163597,6680,3963,2514,0
8488,270000,2,3,1,42,2,0,0,0,0,0,106986,103249,89221,86996,86384,85440,3578,3207,3000,3200,3241,3078,0
8489,180000,1,1,2,32,0,0,0,0,0,0,154374,153018,146396,136531,138502,136665,7500,7000,5000,5000,6000,5137,0
8490,180000,2,2,2,34,0,0,0,0,0,0,194,191,187,176,188,187,200,187,180,200,187,750,0
8491,10000,1,3,2,21,0,0,2,0,0,0,4797,6457,6154,6154,6280,0,2400,0,0,126,0,0,0
8492,120000,1,1,1,48,0,0,0,0,0,0,360,360,360,150,870,510,360,360,150,870,510,870,1
8493,30000,1,1,2,36,2,0,0,0,0,0,24796,26088,27032,26723,23143,17106,2000,1804,2014,1521,1204,1500,1
8494,300000,2,1,1,30,1,0,0,0,0,0,-6027,-6027,3973,3973,1244,1631,0,10000,0,1244,1631,2000,0
8495,50000,2,3,1,61,2,0,0,0,2,0,5016,6065,6985,6354,4908,3724,1135,1055,656,0,133,50,0
8496,150000,1,3,1,58,0,0,0,0,0,2,0,0,0,0,7043,1504,0,0,0,7043,0,3063,0
8497,300000,2,2,2,36,0,2,2,0,0,0,1041,654,0,780,70,430,3,0,780,150,710,1000,0
8498,50000,1,2,2,26,0,0,0,0,0,0,48065,49237,29651,30049,28376,28954,2500,1862,1150,1200,1200,1202,0
8499,10000,1,2,2,34,0,0,0,0,0,0,8097,9109,10125,10327,10552,18836,1151,2167,369,391,436,200,0
8500,260000,2,2,2,35,0,0,0,0,0,0,188,188,188,188,194,188,188,188,188,194,188,221,0
8501,400000,2,1,1,28,0,0,2,0,0,0,6500,405016,391178,392932,394410,410127,405016,0,14000,13560,28000,0,0
8502,50000,2,2,2,39,0,0,0,0,0,0,26262,15020,16460,16888,17464,18171,4000,2000,1000,1000,1000,596,0
8503,50000,2,2,2,22,2,2,2,0,0,0,50974,51688,50024,29381,28957,28435,3000,0,800,808,1200,775,0
8504,280000,2,1,2,28,0,0,0,0,0,0,3678,1829,10002,13476,23572,14603,3658,10020,10000,11000,14603,3819,0
8505,10000,2,2,2,22,0,0,0,0,0,0,10063,8632,8775,7092,7410,7311,1194,1027,176,1253,2311,3101,0
8506,80000,2,2,1,32,1,2,0,0,0,0,73181,71452,72651,74266,75892,75816,0,3000,2800,2800,2700,2800,0
8507,150000,2,3,1,52,0,0,0,0,0,0,170,905,1203,2064,2847,0,1125,1203,2064,2847,0,0,0
8508,20000,2,2,2,53,4,4,3,3,2,2,18396,17826,18547,19118,18679,19812,0,1300,1170,0,1600,0,0
8509,50000,1,2,2,24,1,0,0,0,0,0,0,0,0,0,0,0,0,0,0,0,0,0,1
8510,170000,2,1,2,31,1,0,0,0,0,0,0,843,0,0,0,1880,843,0,0,0,1880,456,0
8511,130000,2,2,2,33,0,0,0,0,0,0,79579,70067,63951,57467,51614,46071,2702,2207,2000,1717,1770,1245,0
8512,50000,2,2,2,29,0,0,0,0,0,0,1303,801,11512,11512,8490,0,801,11512,0,0,0,950,0
8513,50000,2,3,2,27,1,2,2,2,0,0,18019,9946,10319,8603,7298,6709,5559,2446,0,260,1000,1214,0
8514,180000,1,2,1,40,0,0,0,0,0,0,126937,109884,49475,50840,50090,48345,5000,2000,2000,2000,2000,2000,1
8515,20000,2,2,1,50,0,0,2,2,2,2,10511,14913,14382,16820,16411,17287,4593,0,3000,0,1304,1000,0
8516,410000,1,1,2,29,0,0,0,0,0,0,53629,50359,44596,44016,38728,36540,3037,3015,3549,5029,4325,6029,0
8517,50000,2,2,2,26,0,0,0,0,0,0,26701,28014,28725,29295,29902,30683,1749,1479,1049,1080,1280,1330,0
8518,270000,2,2,1,47,0,0,0,0,0,0,8400,7500,7500,7500,7500,7500,7500,7500,7500,7500,7500,10466,0
8519,80000,2,1,2,24,0,0,0,0,0,0,3940,4115,84,8708,8728,2793,4117,84,8708,20,2795,0,0
8520,140000,2,3,2,48,0,0,0,0,0,0,129915,132240,111948,58672,59199,54286,6000,3079,3000,2000,2000,56793,0
8521,60000,1,2,1,29,2,2,2,2,2,2,40587,41642,40673,43342,44299,45222,2000,0,3348,1800,1800,0,1
8522,180000,2,1,2,26,2,2,0,0,0,0,182218,173980,262878,128739,130929,130437,0,5000,5000,4738,4915,4661,0
8523,320000,2,1,2,34,0,0,0,0,0,0,-532,-532,-528,-1336,-1336,-1336,0,4,0,0,0,0,0
8524,40000,1,2,2,26,3,3,2,2,2,2,5754,6407,6156,7146,7384,7117,900,0,1100,500,0,708,1
8525,380000,2,1,2,32,0,0,0,0,0,0,41727,44178,82860,753,11599,8348,44178,89999,753,11599,8348,1571,0
8526,150000,2,2,1,36,1,2,2,4,3,2,125938,132110,142876,139097,138592,141447,9734,14500,0,2000,5300,5000,0
8527,110000,2,1,2,25,0,0,0,0,0,0,63594,56267,53550,44084,42077,37770,2260,1499,1309,1487,2000,5000,0
8528,110000,1,1,2,26,0,0,0,0,0,0,109386,99100,50827,51834,52921,54013,2432,3686,1850,1917,1968,1950,0
8529,100000,2,3,1,26,0,0,0,0,0,0,45807,47099,40027,37735,35437,34155,5000,2500,3000,1597,2457,5660,0
8530,240000,1,1,2,35,0,0,0,0,0,0,11906,54684,1874,1151,23169,9372,55167,1874,1151,23169,9372,396,0
8531,50000,2,2,2,25,0,0,0,0,0,0,30857,28481,27634,26691,26329,25923,1800,1400,915,1500,1500,2000,0
8532,50000,1,1,2,38,0,0,0,0,0,0,27148,27619,20997,21018,20556,20302,1655,1323,734,1058,406,0,0
8533,200000,1,2,2,29,1,2,0,0,0,0,204212,186635,137983,82191,83964,86067,0,4075,3000,3100,4400,2930,0
8534,80000,2,1,2,27,2,0,0,0,0,0,100,980,28798,29398,15037,0,980,28798,1000,1000,0,0,0
8535,40000,1,3,2,49,2,0,0,0,0,0,34470,31226,30321,30124,33614,35665,2000,3000,3000,4000,3000,2000,1
8536,250000,1,2,1,29,1,0,0,0,0,0,-24,-24,-24,746,7146,434,0,0,770,7200,688,0,0
8537,230000,2,1,2,24,0,0,0,0,0,0,69158,73712,68831,61534,25914,36313,8149,2214,5904,5542,15502,5000,0
8538,30000,1,1,2,26,2,2,0,0,0,0,7510,7247,8165,8529,8743,8949,0,1200,500,500,500,500,1
8539,80000,2,3,2,52,0,0,0,0,0,0,73056,74736,65581,63939,65278,66578,2953,2333,2288,2369,2385,2458,1
8540,100000,2,1,2,37,0,0,0,0,0,0,1725,21711,10487,780,0,0,21711,1000,780,0,0,0,0
8541,230000,2,2,1,28,0,0,0,0,0,0,54228,21092,18481,15609,5802,72049,1500,1139,600,800,70196,3000,0
8542,490000,1,1,1,50,0,0,0,0,0,0,17884,6836,4657,3398,1476,1602,6836,4657,3398,1476,1602,7531,1
8543,30000,2,3,2,44,2,0,0,0,0,2,25039,25989,23078,23697,25257,25595,1700,1384,1003,2100,900,0,1
8544,40000,1,3,1,49,0,0,0,0,0,0,34203,33885,34605,35970,35711,39360,1880,1600,22703,1280,4632,0,0
8545,450000,1,1,1,34,0,0,0,0,0,0,-9,1844,0,0,0,0,1853,0,0,0,0,0,1
8546,50000,2,2,2,23,2,0,0,0,0,0,48537,30271,26283,26547,27119,27697,2000,2000,1000,1000,1028,1000,1
8547,20000,1,2,2,26,1,4,3,2,3,2,19276,18691,18048,18553,19465,16523,0,0,1000,1400,0,3000,0
8548,260000,2,3,1,36,0,0,0,0,0,0,118028,113611,107853,103031,98487,77783,4379,3670,4000,4000,3000,3000,0
8549,10000,1,2,2,28,0,2,0,0,2,2,200,100,370,1766,1496,8356,0,370,1496,0,7000,0,0
8550,500000,1,1,2,38,0,0,0,0,0,0,0,0,0,218,11959,13692,0,0,218,11959,2000,403,0
8551,70000,2,2,1,25,0,0,0,0,0,0,34645,36021,32128,27265,27133,26234,2000,1804,1100,1005,1504,1007,0
8552,100000,2,3,1,28,0,0,0,0,0,0,3166,6896,416,416,416,412,6896,416,416,416,412,1223,0
8553,50000,2,3,1,30,0,0,0,0,0,0,0,614,0,0,0,0,614,0,0,0,0,0,0
8554,400000,2,1,2,33,0,0,0,0,0,0,0,0,0,0,0,0,0,0,0,0,0,0,1
8555,270000,1,2,1,49,0,0,0,0,0,0,3197,61164,61145,62186,62123,58995,61164,4000,5000,6000,5000,5000,0
8556,260000,1,1,2,38,0,0,0,0,0,0,3953,3953,3953,3953,16466,14246,3953,3953,3953,16466,2000,5217,0
8557,250000,2,2,2,32,0,0,0,0,0,0,72618,72972,43497,13877,14395,14063,3800,3000,4500,3000,5000,6000,0
8558,360000,1,1,2,30,0,0,0,0,0,0,28245,8017,19703,7474,2741,9526,8057,19764,37,2752,9573,25462,0
8559,230000,1,2,2,30,0,0,0,0,0,0,120113,112301,104587,98333,88909,78872,4501,4585,3328,3500,2872,3000,0
8560,110000,1,2,2,27,0,0,0,0,0,0,84342,89446,38580,39359,42021,43324,6657,2000,1418,3306,2000,2000,0
8561,50000,2,2,1,32,0,0,0,0,0,0,316,282,316,316,316,316,282,350,316,316,316,316,0
8562,80000,1,1,1,38,0,0,0,2,0,0,39410,41460,46307,45324,41887,38600,3000,6000,0,2033,5000,1500,0
8563,10000,2,2,1,32,0,0,0,0,0,0,4695,5719,6733,7616,7779,8646,1103,1117,1000,286,1000,200,1
8564,20000,1,3,1,52,1,2,2,0,0,0,10474,10000,0,0,0,0,0,0,0,0,0,0,1
8565,200000,2,3,2,33,0,0,0,0,0,0,834,165,6682,16045,4679,280,165,6682,10000,4679,280,0,0
8566,180000,1,1,2,40,0,0,0,0,0,0,93648,92017,87173,83205,84996,89723,4246,3000,3100,3200,7500,2916,0
8567,120000,2,3,1,69,0,0,0,0,0,0,106775,108715,100937,102939,105307,106617,3810,3700,3658,4000,4515,3500,0
8568,80000,2,2,1,47,0,0,0,0,0,0,6612,7118,7930,6674,6810,0,1188,1000,133,136,0,1407,1
8569,220000,1,1,1,50,0,0,0,0,0,0,3484,6742,4028,3576,2378,5946,6758,4028,3576,2378,5946,1489,0
8570,360000,1,1,2,32,0,0,0,0,0,0,8140,0,20470,10357,8540,0,0,20470,207,0,0,3185,0
8571,50000,2,1,2,25,0,0,0,0,0,0,49604,29449,16005,16472,18072,18405,2000,1600,1000,2000,618,2000,0
8572,150000,2,2,1,31,0,0,0,0,0,0,23427,25252,19004,15206,1423,8923,5554,5070,5076,1457,9047,22720,0
8573,70000,2,2,2,27,0,0,0,0,0,0,67661,68482,69309,36808,37734,38353,3409,2908,1318,1520,1400,1524,0
8574,20000,2,1,2,25,1,2,2,2,2,3,8483,10186,10871,10402,12077,11594,2000,1000,0,2000,0,0,1
8575,150000,2,1,1,32,1,0,0,0,0,0,0,0,0,0,0,0,0,0,0,0,0,0,1
8576,40000,1,2,1,35,1,0,0,0,0,0,0,0,0,0,0,0,0,0,0,0,0,0,0
8577,170000,1,1,2,27,0,0,2,2,2,2,133149,138769,145050,146641,149603,157601,11936,13314,5801,5800,11000,1000,0
8578,220000,2,2,1,37,2,0,0,2,0,0,48166,49164,46730,45680,46651,49507,2100,3900,0,1858,3800,0,0
8579,110000,2,2,1,41,0,0,0,0,0,0,108936,111169,108740,0,0,0,3991,2375,0,0,0,0,1
8580,30000,2,2,1,47,0,0,0,0,0,0,29187,29254,30206,58287,29522,30103,1505,1457,1016,1207,1600,1000,0
8581,230000,2,1,2,32,0,0,0,0,0,0,195409,203432,180786,95445,63048,99961,21844,14105,21124,2520,50961,2670,0
8582,270000,2,2,2,38,0,0,0,0,0,0,11421,6060,4180,1833,511,6635,2000,1000,2,1,6668,1026,0
8583,360000,2,1,2,47,2,2,3,2,0,0,291410,296936,283943,266246,258197,114052,22913,7000,0,8500,5145,106000,1
8584,180000,2,2,2,25,0,0,0,2,0,0,169225,172888,182533,176099,178391,181986,7800,14010,4,6431,6600,6675,0
8585,360000,1,2,1,49,1,0,0,0,0,0,0,0,8209,-41,-41,-41,0,8209,0,0,0,0,1
8586,280000,2,1,2,47,0,0,0,0,0,0,269124,266163,215177,184270,130954,92215,11268,8196,6281,4403,3532,3510,0
8587,170000,2,1,1,63,0,0,0,0,0,0,54957,56462,58023,59560,61442,63422,3000,2500,2500,3000,3000,2651,0
8588,50000,2,2,3,33,0,0,0,0,0,0,48111,47583,38897,20190,19633,19035,2100,1690,11700,1200,1200,1000,0
8589,160000,1,3,2,44,0,0,0,0,0,0,325,325,650,325,475,650,325,650,0,475,650,625,0
8590,160000,2,1,2,42,0,0,0,0,0,0,0,0,0,0,741,0,0,0,0,741,0,0,0
8591,160000,2,3,2,24,0,0,0,0,0,0,153470,151486,153378,93971,96587,96623,10000,4600,4800,5000,3000,1000,0
8592,50000,1,2,2,27,2,2,0,0,0,0,94297,49377,41247,9818,9003,9203,5600,1595,505,500,500,659,0
8593,50000,2,2,2,49,2,0,0,0,0,0,50986,48599,17815,16362,14694,13520,1325,1512,532,514,524,384,0
8594,180000,2,2,2,30,0,0,0,0,0,0,101281,102650,0,975,4645,1000,4650,0,975,4645,1000,0,0
8595,210000,2,1,2,38,0,0,0,0,0,0,0,0,0,0,0,0,0,0,0,0,0,0,0
8596,20000,1,2,1,40,1,2,2,0,0,0,21447,20650,0,0,0,0,0,0,0,0,0,0,0
8597,570000,1,1,2,29,0,0,0,0,0,0,4119,-1031,5100,5150,5150,5138,0,11500,5200,5150,5138,81438,0
8598,280000,1,1,2,27,0,0,0,0,0,0,5521,-7,1485,5727,1247,2037,7,1492,5727,1247,2037,26920,0
8599,50000,2,2,2,24,1,2,0,0,0,0,49469,42983,40307,17575,14691,14393,0,2199,1000,5000,2000,5000,1
8600,20000,2,2,2,46,1,2,2,2,0,0,16626,16071,19205,19712,19249,38900,0,3473,1000,727,1100,1100,1
8601,30000,1,1,2,28,0,0,2,0,0,0,9262,11792,11311,11820,13558,20271,3000,0,1000,2100,7000,0,1
8602,240000,1,1,1,37,0,0,0,0,0,0,222976,227463,220804,217991,221981,214320,8494,7762,7176,7505,7273,7509,0
8603,30000,1,1,2,47,2,0,0,0,2,2,25690,26719,27774,28809,30399,29760,1445,1500,1500,2200,0,1200,0
8604,90000,2,2,1,47,0,0,0,0,0,0,28477,28718,28847,28747,29177,29452,2000,2000,2000,2000,2000,2000,0
8605,60000,1,2,2,25,0,0,0,0,0,0,56598,47311,25227,26039,27493,26416,3000,2000,1500,2000,1500,1500,0
8606,500000,1,1,2,34,0,0,0,0,0,0,203729,147289,63994,40501,11248,4189,10043,8078,10000,10000,4200,0,0
8607,70000,1,2,1,34,0,0,0,0,0,0,66977,68904,68863,33809,34764,36989,3013,2627,1210,1500,3000,2000,1
8608,140000,1,2,2,27,2,2,2,0,0,2,30121,33315,32485,33142,35443,34724,4000,0,1500,3000,0,1500,0
8609,30000,1,2,2,32,3,2,2,2,0,0,31895,31091,31002,29879,29382,23110,0,2300,0,996,1000,0,0
8610,140000,1,2,1,55,0,0,0,0,0,0,78314,81049,82810,83544,85692,87425,4000,4000,3000,3500,3158,8000,0
8611,290000,1,1,2,44,0,0,0,0,0,0,0,0,0,0,0,0,0,0,0,0,0,0,0
8612,360000,2,1,1,36,0,0,0,0,0,0,0,0,0,0,0,0,0,0,0,0,0,0,0
8613,30000,1,1,2,34,0,0,0,0,2,2,29160,29302,29698,31157,31714,30496,1494,1466,2501,1759,0,15912,0
8614,170000,2,2,1,33,0,0,0,0,0,0,1870,0,400,1000,0,1243,0,400,1000,0,1243,6912,0
8615,290000,1,1,1,46,0,0,0,0,0,0,2052,4146,700,5055,694,3207,4146,700,5077,694,3207,0,0
8616,270000,2,2,2,53,1,1,0,0,0,0,716,-1524,-3764,-4,-19205,42418,2,2,6002,2,64446,5002,0
8617,200000,1,1,1,49,0,0,0,0,0,0,1377,528,216,1311,2842,0,792,216,1311,2842,0,623,1
8618,140000,2,1,1,45,0,0,0,0,0,0,316,316,316,316,632,150,316,316,316,632,150,316,0
8619,230000,2,3,2,39,0,0,0,0,0,0,1876,1876,1876,2848,1876,4634,1876,1876,2848,1876,4634,1876,0
8620,80000,1,1,2,26,0,0,0,0,0,0,76867,51936,28221,28809,19551,19925,1600,1300,859,3000,800,50000,0
8621,350000,1,2,2,36,0,0,0,0,0,0,230738,232382,234254,211309,210897,191037,9503,9015,7511,8011,7361,7011,0
8622,50000,2,3,1,42,0,0,0,0,0,0,51123,50646,41150,30405,30671,30664,2089,2190,1100,1271,1264,2778,0
8623,50000,1,3,2,32,0,0,0,0,0,0,50114,50893,49660,29742,29311,29739,1991,1875,1044,1060,1211,1179,0
8624,390000,2,2,1,45,1,0,0,0,0,0,0,0,0,0,0,0,0,0,0,0,0,3971,1
8625,80000,2,1,2,25,1,0,0,0,0,0,0,0,300,0,0,0,0,300,0,0,0,500,0
8626,150000,2,2,2,23,0,0,0,0,0,0,27414,10053,151996,152753,153844,151252,10096,156292,4700,5019,5300,5002,0
8627,10000,1,2,2,23,0,0,0,0,0,2,8109,9219,10200,9694,9684,9872,1400,1300,500,1000,500,0,0
8628,100000,1,2,2,31,1,2,0,0,0,0,97669,92311,90519,80051,76446,76815,0,3631,3000,3000,2800,2697,0
8629,310000,2,1,1,41,0,0,0,0,0,0,48815,39593,104341,76635,46219,55045,2063,76651,7129,3000,10000,10000,0
8630,80000,1,1,2,31,0,0,0,0,0,0,46516,30122,24099,7764,4804,10221,15029,5048,229,303,6018,500,0
8631,40000,1,1,1,46,0,2,2,0,0,0,780,390,0,1170,780,0,0,0,1170,0,0,0,1
8632,180000,2,2,1,43,0,0,0,0,0,0,1091,2062,0,0,6017,0,2062,0,0,6017,0,0,0
8633,100000,1,1,1,60,1,3,2,0,0,0,8311,8031,5790,3860,2599,2712,0,0,0,0,2712,0,0
8634,140000,2,1,1,31,0,0,0,0,0,0,1094,421,-6,2319,4051,418,422,0,2325,4063,419,969,0
8635,230000,1,2,2,27,0,0,0,0,0,0,396,396,396,396,396,546,396,396,396,396,546,396,0
8636,20000,1,2,2,24,1,2,0,0,2,2,10248,10783,12291,14666,14289,17525,1000,2000,2900,0,3500,0,1
8637,90000,2,3,1,55,0,0,0,0,0,0,23379,23715,24310,24561,22829,22486,1402,1387,1028,816,804,987,0
8638,50000,1,1,2,29,0,0,0,0,0,0,16303,47714,48916,19894,20572,21230,32000,2000,1000,1000,1000,2000,0
8639,50000,2,2,1,39,0,0,0,0,0,0,22187,23755,21772,22541,22871,23989,5000,2049,5000,1500,1500,3000,0
8640,50000,1,2,1,51,0,0,0,0,0,0,46926,49161,49366,29441,30061,28728,3000,1500,1024,1064,1029,1023,0
8641,200000,1,1,2,28,0,0,0,0,0,0,13383,1183,14714,11938,303,3262,1183,14714,0,303,3262,3635,0
8642,20000,1,1,2,23,1,2,3,2,0,0,18679,20380,19753,19160,19661,19816,2300,0,0,788,558,198,1
8643,400000,1,1,2,46,0,0,0,0,0,0,10965,9280,13582,7272,414,10799,9283,7276,7,417,10802,21202,0
8644,20000,1,2,2,38,0,0,0,0,0,0,17760,19646,17922,18895,19325,19859,6500,2000,2000,1500,1000,1000,0
8645,40000,1,2,2,36,1,0,0,0,0,0,0,0,0,0,0,0,0,0,0,10000,0,0,0
8646,240000,1,1,2,28,0,0,0,0,0,0,134245,137044,138197,140983,138214,141187,4967,4916,4982,5017,5272,5200,0
8647,240000,2,1,1,37,0,0,0,0,0,0,5024,17181,28395,24582,10715,9346,17267,28473,12069,21,2978,25895,0
8648,80000,2,2,2,38,0,0,0,0,0,0,70590,62162,51770,49506,45722,46660,2200,2000,2015,1700,1700,2000,0
8649,180000,1,1,1,37,0,0,0,0,0,0,121744,121125,122498,123916,125661,127458,4406,4397,4405,4711,5040,4571,0
8650,20000,2,1,2,22,0,0,0,0,2,0,3978,5249,6362,7256,6995,7228,1500,1362,1000,0,350,300,1
8651,20000,1,3,1,44,0,0,0,0,0,0,18467,19106,19690,19684,19697,19849,1328,1302,686,701,855,988,0
8652,20000,1,2,1,41,0,0,0,0,0,0,9598,0,2889,0,1448,0,0,2889,0,1448,0,0,0
8653,360000,2,2,2,25,0,0,0,0,0,0,947,4075,6385,991,4632,2014,4098,6401,997,4641,2014,5,0
8654,130000,2,2,1,31,0,0,0,0,0,0,6279,10862,5878,15306,8015,5965,11054,5172,14593,727,5222,4200,0
8655,30000,1,1,1,47,2,2,8,8,8,8,2400,2400,2400,2400,2400,2400,0,0,0,0,0,0,1
8656,110000,2,2,1,33,1,2,0,0,0,0,7801,5289,9893,9986,9981,11714,0,5000,500,400,2000,0,0
8657,30000,1,3,2,46,6,5,4,3,2,0,33134,32351,31397,30321,30000,28961,0,0,0,0,5000,0,0
8658,80000,2,1,2,26,0,0,0,0,0,0,29322,28563,25443,28790,29929,23796,3000,3000,4000,1500,1000,2000,1
8659,350000,2,3,1,31,0,0,0,0,0,0,144718,214075,102601,99735,107130,0,100012,62635,99735,107130,0,0,0
8660,50000,2,2,2,24,1,0,0,0,0,0,0,0,0,0,0,0,0,0,0,0,0,0,0
8661,110000,2,1,2,23,0,0,0,0,0,0,83914,85064,78997,71276,68385,62475,4022,3300,2000,3000,2500,2310,0
8662,180000,2,2,2,32,0,0,0,0,0,0,134,357,288,837,467,15868,357,288,837,467,15868,351,0
8663,440000,2,5,1,32,0,0,0,0,0,0,324469,324109,287932,287892,276902,221866,11129,10300,11098,11200,12000,131400,0
8664,100000,2,1,2,42,0,0,0,0,0,0,91141,93027,94925,96837,98894,100500,2635,2688,2718,2854,2500,0,0
8665,200000,1,1,2,33,0,0,0,0,0,0,5448,7616,14771,1973,9500,40647,7616,14771,1973,9500,40647,589,0
8666,140000,2,2,1,39,0,0,0,0,0,0,131764,134654,138303,119845,122457,125487,6500,7500,5000,4700,5228,4500,0
8667,230000,2,1,2,31,1,0,0,0,0,0,-22,227,3480,3555,1850,1580,249,3480,3555,0,1580,520,1
8668,10000,2,2,2,44,0,0,0,0,0,0,390,390,780,17585,18301,18663,390,780,17585,1000,667,692,1
8669,280000,2,2,2,35,0,0,0,0,0,0,184050,171714,154940,136894,138467,128473,7088,6107,5000,5057,5005,50012,0
8670,310000,1,2,1,42,0,0,0,0,0,0,2647,4206,1858,3057,2538,3069,4206,1858,3057,2538,3069,6591,1
8671,260000,2,5,1,33,0,0,0,0,0,0,3140,2740,107139,105188,104418,106990,2740,107139,4000,4000,4696,5000,0
8672,270000,1,1,2,29,0,0,0,0,0,0,38840,197,-61,-61,20207,538,197,0,0,20268,538,29995,0
8673,50000,1,1,2,23,0,0,0,0,0,0,48954,35213,33404,18727,13793,19354,2000,4005,1000,1000,6000,1000,0
8674,450000,1,1,1,46,0,0,0,0,0,0,1135,1135,1135,1135,1135,1135,1135,1135,1135,1135,1135,1135,0
8675,190000,1,3,1,54,1,0,0,0,0,0,-596,-1072,-1548,40733,10876,2907,0,0,43500,2000,2907,3000,0
8676,290000,2,1,2,28,0,0,0,0,0,0,42601,34927,32034,29620,29822,28502,5000,6010,5000,1200,2000,901,0
8677,480000,2,1,1,60,0,0,0,0,0,0,13406,7233,96977,67030,24334,28699,13736,96989,4,241,15819,28966,0
8678,360000,1,5,1,34,0,0,0,0,0,0,30447,9428,11704,19036,41147,53733,10052,11767,20036,22207,54981,2227,0
8679,380000,1,1,2,32,0,0,0,0,0,0,326,24899,2816,11773,23397,10551,24899,2816,11773,23397,10551,43302,0
8680,20000,1,3,2,24,0,0,0,0,0,0,9249,10439,11448,11561,12221,12865,1500,1487,600,1000,1000,1000,1
8681,50000,1,3,1,52,0,0,0,0,0,0,39429,39548,39490,38801,36087,25189,1781,1770,1148,1174,949,590,0
8682,450000,1,1,1,34,0,0,0,0,0,0,451113,460261,455701,451559,429235,391559,18500,20000,17000,16300,14108,16000,0
8683,50000,2,2,2,24,2,2,2,0,0,0,48283,48767,35917,26946,22458,23569,1700,0,1036,817,1486,3500,1
8684,380000,1,1,1,34,0,0,0,0,0,0,106065,97979,100599,81087,82793,85301,3385,4074,2592,2696,3569,5240,0
8685,150000,2,3,2,34,0,0,0,0,0,0,1464,1576,264,330,1350,386,1586,264,330,1350,386,1259,0
8686,50000,2,2,2,23,0,0,0,0,0,0,21249,20771,17626,10078,9654,9648,1649,1300,500,500,300,500,0
8687,150000,2,1,2,33,1,0,0,0,0,0,-286,-286,-286,-286,-286,-286,0,0,0,0,0,750,0
8688,50000,2,3,1,43,0,0,0,0,0,0,39177,39607,17070,13038,8904,4740,2000,1500,3500,600,500,4000,0
8689,50000,1,2,2,24,0,0,0,0,0,0,34695,38561,36086,32945,29348,23570,6013,3011,1019,1019,2015,17,0
8690,230000,2,1,2,26,0,0,0,0,0,0,3741,0,0,0,0,0,0,0,0,0,0,1010,1
8691,310000,2,1,2,32,0,0,0,0,0,0,13560,-65,6500,0,0,0,0,6565,0,0,0,0,0
8692,310000,2,2,1,34,0,0,0,0,0,0,3595,4073,11263,2710,2371,2318,4073,11321,2710,2371,2318,4352,0
8693,50000,2,2,1,50,0,0,0,0,0,0,50658,48999,49388,48853,47765,48145,2357,1746,1628,1520,2202,934,0
8694,240000,1,2,2,32,1,0,0,0,0,0,0,0,0,0,0,0,0,0,0,0,0,0,0
8695,400000,2,1,2,26,0,0,0,0,0,0,1140,937,1663,5019,9539,1697,940,1667,5039,9579,1703,12856,0
8696,90000,2,2,2,47,0,0,0,0,0,0,17247,11691,0,0,0,0,1000,0,0,0,0,0,0
8697,50000,1,3,1,43,2,2,2,0,0,0,10413,12923,12030,12650,13405,13793,3000,0,1500,1500,1000,1500,0
8698,250000,2,1,2,30,0,0,0,0,0,0,156155,153647,153535,153122,149564,152470,5560,6809,5443,5376,5665,6000,0
8699,200000,1,1,1,44,0,0,0,0,2,0,66689,65515,49492,51802,38896,36436,2362,1706,4185,15,1537,1064,0
8700,10000,1,3,1,37,0,0,0,0,0,0,14498,7512,7308,5275,0,0,2248,1120,375,0,0,0,0
8701,310000,1,2,1,36,0,0,0,0,0,0,32782,33587,39572,44598,50570,64916,11406,10773,10819,15766,20645,5000,0
8702,340000,2,3,2,46,1,0,0,0,0,0,0,1321,35028,35028,8500,1612,1321,35028,0,0,1612,0,1
8703,220000,1,2,1,34,0,0,0,0,0,0,144544,137465,134420,132066,131319,130478,6500,4700,5000,5000,5000,10000,0
8704,500000,1,1,2,36,0,0,0,0,0,0,151630,150824,117130,146443,122439,83535,12074,10000,40561,12550,20803,65678,0
8705,80000,2,2,1,41,0,0,0,0,0,0,52564,53681,56893,59021,117568,72869,1963,4120,3069,2215,30000,3000,0
8706,200000,1,1,2,36,0,0,0,0,0,0,103457,111541,113809,35797,36087,38505,10000,5000,1412,1300,3000,0,0
8707,270000,2,2,1,36,0,0,0,0,0,0,72364,65094,30704,12383,143874,15081,65140,30773,12383,144570,20081,112791,0
8708,100000,2,2,2,29,2,0,0,0,0,0,42440,43303,35304,33365,29260,30073,1599,2000,1500,1500,1300,4000,1
8709,100000,1,2,2,29,1,3,3,2,2,2,99679,101249,98768,96287,102069,81931,4000,0,0,7629,0,18895,1
8710,50000,1,1,2,25,0,0,0,0,0,0,0,0,0,0,0,0,0,0,0,0,0,0,0
8711,260000,2,3,2,33,1,0,0,0,0,0,0,926,650,3562,3044,3044,926,650,3562,0,0,0,0
8712,100000,2,2,2,24,0,0,0,0,0,0,396,0,1967,5476,396,811,0,1967,7142,396,811,817,0
8713,240000,2,3,2,31,0,0,0,0,0,0,298,0,0,0,0,0,0,0,0,0,0,0,0
8714,50000,2,3,1,28,0,0,2,0,0,0,14484,18528,18923,19310,19848,20367,4300,1000,1000,1000,1000,1000,1
8715,50000,1,2,2,54,0,0,0,0,0,0,72374,81665,67450,0,0,16271,15000,2650,0,0,16271,2000,0
8716,200000,2,1,2,44,0,0,0,0,0,0,34606,34800,33275,33435,32778,3277,2100,2000,3435,3000,3277,29928,0
8717,150000,1,2,1,36,2,0,0,0,0,0,86333,88931,92441,102903,105240,109479,4000,5000,12000,4000,6000,50000,1
8718,150000,1,2,1,41,0,0,0,0,0,0,19350,20703,10403,10927,11598,13235,2000,3000,1000,1000,2000,2000,0
8719,50000,1,2,1,40,0,0,0,0,0,0,50066,47636,9762,8620,9303,8693,1450,1500,400,1000,1000,2000,0
8720,100000,1,1,2,27,0,0,0,0,0,0,70204,63931,65119,61153,64976,66309,4000,2276,2377,5000,2411,2384,0
8721,30000,1,1,2,25,1,0,0,0,0,2,0,327,1871,337,1846,333,327,1871,337,1996,0,3135,0
8722,350000,2,1,2,31,0,0,0,0,0,0,96659,86985,77472,68901,58259,47743,3500,5300,2500,2000,2000,2000,0
8723,50000,1,2,2,50,0,0,0,0,0,0,25925,0,0,0,0,0,0,0,0,0,0,0,0
8724,50000,2,2,1,34,2,2,2,2,0,0,20377,19427,19590,19209,19456,35976,1650,800,200,674,636,660,0
8725,250000,2,1,2,43,0,0,0,0,0,0,2177,2000,12327,10538,8712,3002,2000,12327,211,174,2228,5642,0
8726,300000,2,3,2,24,0,0,0,0,0,0,7571,6156,5475,13581,13930,14000,1181,1475,13581,349,14070,268,1
8727,80000,2,2,2,22,0,0,0,0,0,0,1812,390,388,1187,263,1913,390,388,1191,263,2259,1815,0
8728,30000,1,2,1,45,1,2,2,0,0,2,14286,15304,14766,14763,16662,16247,1542,0,539,2148,0,724,1
8729,370000,2,3,2,29,0,0,0,0,0,0,28397,19340,-400,-1900,-1900,-1900,19438,7,0,0,0,0,0
8730,50000,1,2,1,43,0,0,0,0,0,0,8214,8034,9044,9225,9417,9617,1140,1150,331,341,356,330,0
8731,30000,2,1,1,22,0,0,0,0,0,2,22479,22650,22513,22391,23654,22738,2004,2004,2001,2001,1,1701,0
8732,200000,2,2,2,26,0,0,0,0,0,0,26179,26643,23524,23788,26089,25908,4022,3000,3000,4092,1000,3000,0
8733,230000,2,3,1,48,1,0,0,0,0,0,-5,4582,2883,20099,13870,4234,4587,2883,20099,13870,4234,0,0
8734,290000,2,2,2,29,0,0,0,0,0,0,68652,70695,71523,73099,74469,76200,3149,2598,2767,2702,2968,2703,0
8735,100000,2,2,1,39,0,0,0,0,0,0,0,0,0,7700,0,0,0,0,7700,0,0,0,0
8736,80000,1,1,2,26,1,2,2,0,0,0,40029,41095,40137,40793,42990,42854,2000,0,1603,3000,2000,1056,0
8737,90000,2,2,2,39,0,0,0,0,0,0,45709,45045,42151,37842,30849,28061,2000,2000,1200,1018,1200,710,1
8738,90000,1,1,1,37,0,0,0,0,0,0,40028,38704,37135,35141,33502,34173,2000,1800,1150,1200,1150,1100,0
8739,80000,1,2,2,26,0,0,0,0,0,0,15387,20847,23059,0,526,678,6000,3070,0,526,680,0,0
8740,260000,2,1,2,39,0,0,2,0,0,0,1550,978,588,390,390,540,978,0,390,390,540,390,0
8741,210000,1,1,2,34,0,0,0,0,0,0,44947,45610,47836,50344,51074,52229,2000,3000,3942,2000,2000,2050,0
8742,80000,2,2,1,26,2,2,2,2,2,2,27458,28522,27770,29396,29974,30529,1800,0,2400,1200,1200,1200,1
8743,170000,2,2,2,25,0,0,0,0,0,0,4360,7927,49946,49464,46476,19417,7000,49008,1000,949,1143,17336,0
8744,240000,2,1,2,38,0,0,0,0,0,0,167856,172145,178840,186168,166745,165582,7000,10000,10000,10000,5000,10000,0
8745,150000,2,1,2,32,1,0,0,0,0,0,-300,7628,0,1089,1089,843,7928,0,1089,0,0,0,0
8746,220000,2,1,2,28,0,0,0,0,0,0,25000,25000,0,0,0,0,25000,0,0,0,0,0,0
8747,80000,1,1,2,27,0,0,0,0,0,0,42653,46609,47306,51179,52073,52833,5000,1801,5000,2035,2100,6200,0
8748,160000,1,1,1,41,0,0,0,0,0,0,155458,157690,150209,151343,154456,157632,7200,6100,5300,5400,165759,4872,0
8749,140000,2,2,1,37,0,0,0,0,0,0,136650,137562,141347,134503,137015,136581,5420,6500,5000,5200,5100,5000,0
8750,130000,2,2,2,25,0,0,0,0,0,0,0,0,0,0,0,0,0,0,0,0,0,0,0
8751,280000,2,1,2,34,0,0,0,0,0,0,95278,98281,101651,103776,105617,107788,4525,5000,3800,3500,3500,3500,0
8752,200000,1,1,2,28,0,2,0,0,0,0,4420,460,99165,0,0,0,0,99165,0,0,0,3090,0
8753,50000,1,2,3,36,0,0,0,0,0,0,26432,27708,28928,29475,29579,30445,1700,2000,1300,1200,1500,2000,1
8754,150000,2,2,2,44,0,0,0,0,0,0,39471,41515,43879,44446,45394,46702,2636,3000,1528,1600,2000,2000,0
8755,210000,2,1,1,36,0,0,0,0,0,0,15991,0,0,0,0,0,0,0,0,0,0,0,0
8756,190000,1,1,1,39,1,0,0,0,0,0,-2,-2,-472,-472,-472,-472,0,0,0,0,0,0,1
8757,140000,2,1,2,28,0,0,0,0,2,2,123662,124785,128906,137279,140419,142254,4600,6200,12000,5500,5300,0,0
8758,160000,2,3,1,41,0,0,0,0,0,0,2392,316,416,416,416,2606,316,416,416,416,2606,316,0
8759,180000,2,1,1,39,0,0,0,0,0,0,177893,134212,128505,130078,128771,106396,6200,6000,5000,5001,4100,3600,1
8760,20000,2,1,2,22,0,0,0,0,0,0,9930,8176,6860,7000,10199,1500,1336,1000,140,3199,1500,780,0
8761,50000,2,2,1,37,0,0,0,0,0,0,23325,21940,20718,24048,5017,3570,1400,1200,5000,5017,71,2710,0
8762,150000,2,1,1,34,1,0,0,0,0,0,0,0,0,600,-150,-150,0,0,600,0,0,0,0
8763,210000,2,3,1,33,0,0,0,0,0,0,127491,118800,105606,94344,82676,73154,6018,4900,4340,2880,2650,2000,0
8764,500000,2,2,2,43,0,0,0,0,0,0,374776,26890,12866,162415,122430,188547,27024,12930,162434,123042,188715,200284,0
8765,70000,2,2,2,22,0,0,0,0,0,0,24817,27424,28406,29013,29625,30404,3018,1500,1000,1001,1191,1000,0
8766,100000,1,1,2,27,0,2,0,0,0,0,17553,10628,5836,6746,7889,0,0,1000,2000,3323,0,0,1
8767,20000,2,2,2,27,0,0,0,0,0,0,15703,17140,18127,18605,16351,16928,2000,1600,1030,1000,1000,1000,0
8768,20000,1,2,2,23,0,0,2,0,0,0,13987,15958,16168,16268,16600,0,2200,900,500,332,2000,0,0
8769,50000,1,2,2,25,2,0,0,0,0,0,47987,49084,46759,8195,8367,8534,2690,2359,293,304,306,316,1
8770,340000,2,3,2,27,1,2,0,0,0,0,29221,14802,153697,153381,143426,139945,12,145000,5055,5017,5059,7382,0
8771,130000,1,1,2,29,0,0,0,0,2,0,9700,0,72,10458,10149,11805,0,72,10458,0,2000,1230,0
8772,320000,2,2,1,53,0,0,0,0,0,0,8513,151835,153327,155528,158745,161937,150000,8510,5000,4500,4544,5000,0
8773,220000,2,1,1,41,7,6,5,4,3,2,243234,238172,232446,227800,225044,222356,0,0,0,0,0,6000,1
8774,50000,1,3,1,24,0,0,0,0,0,0,48497,49564,19207,18963,19741,19901,2089,1580,1000,1000,1500,1500,1
8775,150000,2,1,2,25,0,0,0,0,0,2,39445,40799,40832,33843,37015,30074,2000,1417,1256,4429,1000,0,0
8776,500000,1,1,2,29,0,0,0,0,0,0,20641,25986,23721,20799,34132,56917,26111,24112,20886,28032,57196,49720,0
8777,220000,2,1,2,29,0,0,0,0,0,0,13488,16105,17563,13184,14111,15549,16130,17563,13184,14111,20239,179580,0
8778,70000,2,1,2,24,0,0,0,0,0,0,28059,17712,18642,20011,19147,19056,2000,3000,3000,2000,2000,3668,0
8779,70000,2,2,2,24,0,0,0,0,0,0,27431,27163,18987,20170,15900,0,5006,1400,2013,370,0,0,0
8780,360000,2,1,2,26,0,0,0,0,0,0,0,0,0,23707,25233,23504,0,0,23707,2000,3391,4217,0
8781,100000,1,1,2,30,2,0,0,0,0,0,53718,55851,56424,57584,58957,60317,3000,2100,2100,2300,2500,2500,0
8782,360000,1,3,2,30,1,0,0,0,0,0,0,0,0,0,0,0,0,0,0,0,0,0,1
8783,210000,2,2,2,29,0,0,0,0,0,0,14073,13034,2569,36116,36287,5695,2059,2576,36120,1093,2968,1430,0
8784,50000,2,2,1,34,0,0,0,0,2,0,37643,29647,24965,7592,1582,1099,1538,1575,1582,593,242,17012,0
8785,50000,2,1,2,25,0,0,0,0,0,0,34476,25857,26621,27178,28038,28871,2000,1500,1000,1300,1300,1011,0
8786,400000,2,1,2,30,0,0,0,0,0,0,139862,125280,109278,94511,64995,28654,9209,3807,2403,1933,1014,104078,0
8787,290000,2,1,1,36,0,0,0,0,0,0,49885,51400,0,0,0,0,2400,0,0,0,0,0,0
8788,320000,2,2,1,39,0,0,0,0,0,0,38332,63396,66871,69339,31525,30861,30000,4700,3000,5000,5000,7000,0
8789,20000,2,2,1,24,2,0,0,0,0,0,17597,18629,19318,19434,19571,19792,1619,1308,688,706,806,595,1
8790,500000,1,1,1,51,0,0,0,0,0,0,225233,235045,244517,243132,243869,251540,15000,15006,10000,10000,12000,15000,0
8791,290000,1,1,1,40,0,0,0,0,0,2,63421,40201,13802,0,2242,1850,1619,4000,0,2242,0,4450,0
8792,50000,1,1,1,38,0,0,0,0,0,0,47036,47876,28754,29137,-711,29578,1704,1200,583,711,30289,989,0
8793,50000,1,1,1,60,0,0,0,0,0,0,50546,50854,50024,20281,20285,20066,2112,1712,705,759,748,487,0
8794,390000,2,3,1,53,0,0,0,0,0,0,2820,513,55120,2011,380,380,513,55120,2011,380,0,0,0
8795,90000,2,1,2,27,0,0,0,0,0,0,700,2122,1897,1190,0,0,2122,1897,0,0,0,0,1
8796,50000,2,3,1,53,0,0,0,0,0,2,20225,21190,90,390,1080,540,1800,90,690,1080,0,780,0
8797,230000,2,1,2,28,0,0,0,0,0,0,51545,42151,44532,42517,44087,40581,2000,3000,2000,2000,1242,2759,1
8798,70000,1,2,1,37,2,2,2,2,2,2,44207,45305,46067,45029,47835,48797,2100,1800,0,3700,1900,2000,1
8799,360000,2,2,1,36,0,0,2,0,0,2,63389,48359,37054,50009,53984,25258,15000,11,20000,5000,0,37000,0
8800,300000,2,2,2,31,0,0,0,0,0,0,10817,8785,10282,11797,15571,17303,2000,2000,2000,4000,2000,3000,0
8801,50000,1,3,1,51,0,0,0,0,0,0,5703,7596,8511,10361,11039,11107,2000,1200,2000,1000,400,1000,1
8802,80000,2,3,2,26,1,2,0,0,0,0,4923,3121,1551,1100,0,4374,0,1551,1100,0,4374,73,1
8803,10000,1,2,1,50,2,2,2,0,0,0,9415,8852,8297,8792,9277,9744,1000,1000,1000,1000,1000,1000,0
8804,10000,1,2,2,28,0,0,2,0,0,0,5236,7202,7434,7660,7822,8191,2200,500,500,285,500,500,0
8805,140000,2,2,2,29,0,0,0,0,0,0,743,896,2385,732,100,1526,900,2385,735,0,1526,981,0
8806,100000,1,2,1,50,0,0,0,0,0,0,23908,3360,560,480,480,390,1000,560,500,480,390,390,0
8807,30000,1,3,2,42,0,0,0,0,0,0,8185,9395,10928,11445,12108,12753,1500,2000,1000,1000,1000,1243,1
8808,280000,1,1,1,49,0,0,0,0,0,0,503,694,695,10639,13158,768,694,695,10639,3158,768,517,0
8809,80000,2,1,2,25,1,2,0,0,2,2,5999,5758,7039,7595,7053,7082,0,1416,943,100,443,0,1
8810,30000,1,2,1,59,0,0,0,0,0,0,20044,21246,22115,22158,22610,0,1531,1400,443,452,0,0,0
8811,390000,2,1,1,64,1,0,0,0,0,0,0,0,0,0,0,8668,0,0,0,0,8668,4490,1
8812,10000,2,3,1,49,0,2,2,0,0,0,1409,864,0,0,0,0,0,0,0,0,0,0,1
8813,70000,1,1,1,49,0,0,0,0,0,0,1261,2041,1261,2431,904,1801,2431,1261,2431,904,2191,0,1
8814,160000,2,2,2,37,0,0,0,0,0,0,12037,5123,2460,6460,5360,0,5123,2460,4000,107,0,3960,0
8815,80000,2,2,1,51,1,2,2,2,2,2,15839,16591,16027,17160,16743,17961,1300,0,1400,0,1500,800,0
8816,30000,1,2,2,24,0,0,2,0,0,0,22885,25886,25172,27239,57036,28789,3700,0,2500,2100,3000,1700,1
8817,200000,2,2,1,40,0,0,0,0,0,0,7236,12958,0,2797,5982,8339,13003,0,2797,5982,8339,0,0
8818,60000,2,1,2,24,0,0,0,0,0,0,836,390,317,-73,-463,7942,390,317,0,0,10000,1000,1
8819,220000,2,1,1,36,0,0,0,0,0,0,56477,32919,24175,37975,39752,33351,9005,10000,15000,9000,21000,0,0
8820,30000,2,1,1,41,0,0,0,0,0,0,26480,27529,28783,28312,28159,28870,1481,1735,994,2003,1180,1238,0
8821,60000,2,1,2,33,0,0,2,0,0,0,11237,20978,12861,7888,7463,3192,10000,0,0,7463,6384,18704,1
8822,30000,2,2,2,23,3,3,3,3,2,2,29093,29532,29954,29176,29958,30520,1200,1200,0,1400,1200,0,1
8823,180000,1,1,2,36,0,0,0,0,0,2,141489,84237,82508,81808,86024,67747,4000,3000,4000,9000,0,3000,0
8824,430000,2,1,1,34,0,0,0,0,0,0,5149,4588,11164,1531,9848,10178,4600,11220,1531,9902,10202,5926,0
8825,190000,1,2,2,28,0,0,0,0,0,0,0,0,0,0,0,0,0,0,0,0,0,0,1
8826,20000,2,3,3,39,0,0,0,0,0,0,18988,15975,16579,15102,16795,34457,1400,4500,2500,3240,3000,4000,0
8827,150000,2,1,1,48,0,0,0,0,0,0,6773,1731,21886,447,3458,898,1731,21888,447,3458,898,2001,0
8828,140000,1,2,2,61,0,0,0,0,0,0,131978,135760,127508,92126,69050,73537,6000,3600,2500,5000,5000,5000,0
8829,200000,1,1,1,40,0,0,2,0,0,0,3061,13342,6143,2982,6013,15916,13681,24,2991,6031,16028,4211,0
8830,240000,2,1,2,35,0,0,0,0,0,0,0,0,0,2429,0,799,0,0,2429,0,799,17125,0
8831,50000,1,2,1,33,2,0,0,0,0,0,42923,42803,1473,390,1573,390,2330,1473,390,1573,0,780,0
8832,50000,1,2,1,37,0,0,2,2,2,2,24801,27600,26858,28209,29108,29980,3200,0,1800,1500,1500,2500,1
8833,470000,1,2,2,34,0,0,0,0,0,0,247503,245552,238161,240607,230142,198171,9024,10400,10000,25000,8000,8000,0
8834,90000,1,2,1,37,2,0,0,0,0,0,117793,93777,87401,38144,39177,36687,6732,92113,1317,1598,1461,1354,0
8835,420000,2,1,1,45,1,0,0,0,0,0,-34,10321,6244,2970,3608,3019,2686,6500,3004,3797,3103,4302,0
8836,430000,2,2,1,32,0,0,0,2,0,0,-15308,-33350,95740,77875,62675,48764,8,145740,7,2500,2021,2000,0
8837,150000,2,5,2,27,0,0,0,0,0,0,12178,22344,65330,20333,8433,10332,22452,65676,20368,25,10363,4881,0
8838,450000,2,1,1,35,0,0,0,0,0,0,6126,6869,16895,7312,6213,5073,6869,16918,7316,6213,5073,15532,0
8839,220000,2,2,1,41,1,2,0,0,0,0,6516,194,3619,7069,4092,0,0,3655,7069,4092,0,0,0
8840,150000,1,1,2,35,0,0,0,0,0,0,251063,244285,238438,232570,226808,220586,9000,10000,10000,8000,8000,7000,0
8841,120000,1,1,2,31,0,0,0,0,0,0,2340,4908,70,220,220,220,4908,70,220,220,220,360,0
8842,80000,2,1,1,32,0,0,0,0,0,0,871,3179,3344,3552,0,0,3381,3384,3958,0,0,0,0
8843,230000,2,2,2,32,1,2,0,0,0,0,73757,69748,23266,13565,80,0,0,1200,1027,80,0,0,0
8844,40000,2,3,1,24,1,8,7,6,5,4,25933,25589,25234,24579,23635,22680,0,0,0,0,0,0,0
8845,300000,2,2,1,66,1,0,2,0,0,0,0,200,200,22935,16858,0,200,0,22935,0,0,0,0
8846,360000,2,2,1,51,0,0,0,0,0,0,19155,1473,1430,18697,659,781,1473,1430,18740,659,781,1557,0
8847,50000,2,1,2,22,2,2,2,0,0,0,8823,10606,4991,4461,2561,0,2000,300,200,0,0,0,1
8848,200000,1,1,2,33,0,0,0,0,0,0,3557,-60,-60,1740,0,0,0,0,1800,0,0,0,0
8849,170000,1,2,1,38,0,0,0,0,0,0,157174,139101,192575,157028,135838,125483,9900,83200,0,3006,132854,5003,0
8850,100000,2,3,2,56,0,0,0,0,0,0,70048,67942,45591,39764,33091,34265,2200,1505,1300,1210,3000,2000,0
8851,20000,2,1,2,21,0,0,0,0,0,0,17374,18555,19489,19479,19705,8440,1466,1400,390,394,629,0,0
8852,20000,1,3,2,24,0,0,0,0,0,0,1473,390,8595,7454,7208,0,390,8595,149,144,0,780,0
8853,210000,2,2,1,36,0,0,0,0,0,0,47718,233289,227143,221126,215358,163444,199000,7613,7116,6980,5813,5762,0
8854,50000,2,2,2,29,0,0,0,0,0,0,49793,50466,50085,50686,46805,47220,1866,1733,1724,1684,2058,1341,0
8855,50000,1,2,2,42,0,0,0,0,0,0,47689,42338,31539,17342,17541,18149,2000,1281,700,700,1000,1000,0
8856,120000,1,2,2,26,0,0,0,0,0,0,114815,113360,116797,92346,88542,80225,6159,10008,3051,3100,3052,2908,1
8857,80000,2,3,1,52,2,2,3,3,3,2,36649,39448,40101,40748,39816,40607,3700,1600,1600,0,1600,1600,1
8858,190000,1,1,2,29,1,0,2,2,2,0,0,2214,66,66,0,4433,2214,0,0,66,4433,0,1
8859,180000,2,1,2,31,1,0,0,0,0,0,0,0,0,0,0,0,0,0,0,0,0,0,1
8860,180000,1,1,2,29,0,0,0,0,0,0,996,1593,2597,998,847,1912,1597,2604,1001,849,1915,4055,1
8861,110000,2,2,2,26,0,0,2,0,0,0,46633,49569,42867,43875,45036,46319,4029,0,2000,2000,2180,2000,0
8862,220000,1,1,2,35,0,0,0,0,0,0,53419,53358,0,0,0,0,7000,0,0,0,0,0,0
8863,80000,2,2,2,22,0,0,0,0,0,0,2524,5097,6107,7141,7355,7357,3000,1500,1500,700,500,500,0
8864,200000,1,1,1,40,0,0,0,0,0,0,15596,1470,7289,0,0,2376,1470,7289,0,0,2376,0,0
8865,60000,1,1,1,51,0,0,0,3,2,0,35619,36688,40841,39952,38081,36483,1647,4800,0,0,1326,3500,1
8866,500000,2,1,1,42,1,0,0,0,0,0,0,0,0,0,0,0,0,0,0,0,0,0,1
8867,300000,1,1,2,33,0,0,0,0,0,0,34339,962,4215,2579,970,2656,962,4247,2595,970,2672,978,0
8868,150000,2,1,1,30,2,0,0,0,0,0,151060,139648,119043,112072,113932,105706,3864,3868,2808,3037,2583,1079,1
8869,90000,2,2,2,24,1,2,0,0,2,0,13137,10724,9621,17701,15496,9341,0,1000,10000,0,1000,3105,0
8870,240000,1,1,1,44,0,0,0,0,0,0,1473,1473,1473,1473,1473,1473,1473,1473,1473,1473,1473,390,1
8871,190000,2,2,1,45,0,0,0,0,0,0,143701,126337,121378,75252,79028,81548,4664,4222,2705,5000,4000,5000,0
8872,80000,1,1,2,37,1,0,0,0,0,0,0,0,0,0,0,0,0,0,0,0,0,0,0
8873,500000,2,2,2,37,0,0,0,0,0,0,51652,29550,33040,30757,35559,38981,5300,4000,3000,5300,5000,5000,0
8874,360000,2,1,2,42,0,0,0,0,0,0,45603,29788,2950,6366,11480,222,29882,2950,6366,11480,222,4285,0
8875,60000,1,3,2,24,0,0,0,0,0,0,33270,16636,17321,17421,18421,891,1715,1400,500,1000,900,19000,0
8876,140000,2,1,2,25,0,0,0,0,0,0,1605,1844,1311,643,2561,1440,1844,1311,643,2561,1440,1582,0
8877,50000,2,2,1,37,0,0,0,0,0,0,25234,23518,21746,18082,18461,18830,1384,1300,700,670,676,700,0
8878,30000,1,3,1,41,1,2,2,2,2,2,4743,5609,5371,5833,5594,6074,1090,0,552,0,573,0,1
8879,150000,2,3,1,28,0,0,0,0,0,0,70537,38474,9299,10299,759,0,8000,2000,1000,759,0,0,0
8880,180000,2,2,1,26,0,0,0,0,0,0,52666,181987,181255,174825,140909,177257,272817,7017,8201,8246,186732,8000,0
8881,660000,2,2,2,33,0,0,0,0,0,0,495736,390258,349361,331565,329604,322581,13393,12113,12004,12008,11503,12019,0
8882,210000,1,1,2,28,1,0,0,0,0,0,5397,5079,6020,6143,6268,399,5000,1000,123,125,0,1280,0
8883,230000,2,5,2,52,0,0,0,0,0,0,155131,156687,153635,74503,46254,141916,6641,6015,2663,5015,100095,5027,0
8884,100000,1,2,1,24,1,2,2,2,2,2,13233,13427,13609,14683,15001,15306,700,700,1300,700,700,0,1
8885,50000,1,3,1,43,0,0,0,0,0,0,5653,16890,17606,17955,18418,18601,11340,1300,641,751,573,476,0
8886,340000,1,2,1,38,0,0,0,0,0,0,8347,5190,612,1429,19513,19650,2000,612,1429,19513,3000,3000,0
8887,70000,1,3,0,26,1,2,2,0,0,0,39073,40154,39214,39861,41063,42918,2000,0,1600,2000,2700,1500,1
8888,220000,2,1,1,43,0,0,2,0,0,0,6873,4911,2080,2080,4160,2080,2230,0,2080,2080,2080,4160,0
8889,170000,2,2,1,30,0,0,0,0,0,2,2457,4599,25158,61524,62779,59390,4599,23000,40000,4418,0,2800,1
8890,280000,1,2,2,26,0,0,0,0,0,0,2103,2768,4425,23083,489,2937,2781,4447,23198,491,2951,0,0
8891,370000,2,1,1,39,0,0,0,0,0,0,141552,67739,49097,48216,47675,48074,2157,2000,1668,2000,3000,1000,0
8892,450000,1,1,2,36,0,0,0,0,0,0,2500,0,0,0,0,0,0,0,0,0,0,0,1
8893,130000,1,2,2,28,0,0,0,0,0,0,88549,74624,76133,77648,79370,80071,2709,2750,2767,2961,2913,3000,0
8894,400000,2,1,1,32,1,0,0,0,0,0,0,3328,3328,3828,4893,4687,6656,3328,3828,4893,4687,3008,0
8895,90000,1,1,2,29,0,0,0,0,0,0,72774,67584,57985,56268,55970,56825,2900,2700,2200,2100,2200,2200,0
8896,450000,1,1,1,33,0,0,0,0,0,0,390,390,390,390,389,990,390,390,390,389,992,780,0
8897,130000,2,2,2,33,0,0,0,0,0,0,127781,122319,107674,89780,90625,90492,4700,3500,3200,3200,3300,3100,0
8898,20000,2,1,2,24,0,2,0,0,0,2,19214,15703,9914,8200,11876,4792,0,1000,0,5000,5400,13324,0
8899,50000,2,2,1,27,2,2,0,0,0,0,49882,44110,44443,19522,19775,20325,0,1280,662,837,1000,1120,1
8900,200000,2,2,2,29,0,0,0,0,0,0,93005,82750,79064,75657,72451,63919,3500,3000,3000,3000,3000,2000,0
8901,150000,1,1,2,55,0,0,0,0,0,0,291,291,291,285,2085,8669,291,291,285,2091,8695,74646,0
8902,250000,2,1,2,40,0,0,0,0,0,0,3264,2395,2986,24971,500,2162,2395,2991,25185,500,2162,0,0
8903,270000,1,1,1,47,0,0,0,0,0,0,5908,8003,8156,5572,3697,19529,2222,2040,5599,3715,19626,2777,0
8904,260000,1,1,2,36,0,0,0,0,0,0,97626,99675,59934,61680,65403,66745,5195,2961,3000,5000,2700,2800,0
8905,110000,1,2,1,34,0,0,0,0,0,0,102638,101681,100316,100512,102215,103909,4600,4000,4000,3800,4000,4000,0
8906,50000,1,2,2,25,2,2,4,3,2,2,42883,47887,46836,45785,47003,48085,6000,0,0,2100,2000,0,0
8907,200000,1,2,1,49,0,0,0,0,0,0,8143,39869,38685,22125,17778,24354,39100,38759,102,17868,25125,35031,0
8908,60000,2,2,2,25,0,0,0,0,0,0,53447,51734,50293,26667,26608,27665,2025,5000,2000,1000,1500,1000,0
8909,200000,1,2,1,46,1,0,0,0,0,0,0,760,1281,1328,1114,1205,760,1281,1328,1114,1205,1403,0
8910,50000,1,3,1,38,0,0,0,0,0,0,9536,0,1261,1261,2522,1261,7014,1261,1261,2522,0,780,0
8911,70000,2,1,2,22,3,2,2,0,0,0,71501,71769,68530,29959,29315,28805,1966,49,1168,1032,1200,1200,0
8912,50000,2,1,2,24,0,0,0,0,0,0,48482,39603,23610,18079,18668,17273,2000,1504,1000,1000,1000,1000,0
8913,230000,2,3,2,34,0,0,0,0,0,0,1181,1394,1413,1382,1201,820,1394,1200,1150,1000,800,2000,0
8914,20000,2,2,1,45,0,0,0,0,0,0,10827,8264,2480,390,880,1560,8264,2480,0,880,1070,40000,0
8915,330000,1,2,2,28,0,0,0,0,0,0,53260,37207,40560,41978,46728,40502,2000,4000,2000,5039,2164,2000,0
8916,50000,2,3,2,51,0,0,0,0,0,0,26660,26909,27485,27477,27651,27853,1763,1729,1111,1137,1188,997,1
8917,460000,1,1,1,42,0,0,0,0,0,2,11924,7721,1711,-2,7126,1996,7728,2229,2,7128,10,957,0
8918,30000,2,2,2,27,0,0,0,0,0,0,26264,27536,28771,27744,28302,29725,2000,2005,1000,1000,2250,0,1
8919,200000,1,3,2,30,0,0,0,0,0,0,111053,112269,76726,72487,74108,67036,5020,4005,2800,3300,3000,2700,0
8920,50000,1,1,2,23,2,3,2,0,0,0,7557,7293,8017,8687,9048,9306,0,1000,810,500,408,500,1
8921,50000,1,2,1,38,0,0,0,0,0,0,25742,23300,21266,19418,19315,18559,1372,1286,666,680,816,819,0
8922,200000,1,2,1,33,0,0,0,0,0,0,3353,5341,5966,3348,5051,7128,5341,5966,3348,5061,7128,4722,0
8923,360000,2,1,2,38,0,0,0,0,0,0,53035,54125,55135,54645,54859,55112,3492,3452,1912,2000,2091,1929,0
8924,230000,1,1,2,43,0,0,0,0,0,0,1156,10892,20039,29045,74551,92182,10000,10000,10000,1681,103197,3267,0
8925,200000,2,2,1,34,0,0,0,0,0,0,68262,53329,44222,36869,31640,25334,2791,2668,1820,2000,882,600,0
8926,20000,1,3,1,51,0,0,0,0,2,2,14341,15371,16375,18905,19462,18967,1266,1270,2800,1000,0,512,1
8927,200000,1,2,1,41,0,0,0,0,0,0,193781,197132,195011,196986,187687,193978,10000,7010,8000,7000,14500,5600,0
8928,30000,2,1,2,27,0,0,0,0,0,0,1784,6801,2118,4171,1714,2001,6855,2118,4171,1714,2001,0,0
8929,360000,2,1,1,31,0,0,0,0,0,0,6656,6722,8605,28405,-105,3895,2000,4000,20000,5000,4000,889,0
8930,10000,1,2,2,29,2,2,2,2,3,2,5833,8162,8480,9089,8658,8372,2600,600,895,0,0,764,1
8931,180000,2,2,1,34,0,0,0,0,0,0,181076,168338,169278,171274,169691,173760,6013,6307,6300,6300,7000,14000,0
8932,270000,1,2,2,31,0,0,0,0,0,0,0,1521,0,0,0,0,1521,0,0,0,0,200,0
8933,240000,2,2,2,42,1,2,2,0,0,0,187558,187333,163332,166813,170739,174532,6700,0,6900,6000,6000,6000,1
8934,280000,2,2,2,43,0,0,0,0,0,0,31248,32081,32897,33350,34047,34525,1527,1541,1192,1233,1239,1273,0
8935,330000,1,2,1,34,0,0,0,0,0,0,901,0,0,0,0,0,0,0,0,0,0,0,0
8936,200000,2,3,2,46,0,0,0,0,0,0,13929,2837,5892,2267,11679,0,2837,5892,2267,11679,0,0,0
8937,100000,1,3,2,36,2,0,0,0,0,2,38546,42298,42636,44728,49192,51391,4400,1028,3120,6218,4016,4536,0
8938,170000,2,1,2,30,2,0,0,0,0,0,27267,28523,29742,30183,31041,31871,2000,2000,1233,1500,1500,2000,1
8939,210000,2,1,2,29,0,0,0,0,0,0,3675,4460,5542,15378,18106,18804,1082,1164,10000,3000,1000,1000,0
8940,100000,1,2,2,26,0,0,0,0,0,0,32186,32949,33680,34419,37782,76185,2000,2000,2000,4500,40000,3000,0
8941,200000,2,3,1,67,0,0,0,0,0,0,188072,166668,159513,150852,151996,147690,17014,15019,15000,15000,10000,10000,0
8942,230000,1,2,2,30,0,0,0,0,0,0,101832,92396,84297,49681,46224,44800,5000,4000,2029,2000,2500,1300,0
8943,90000,2,3,2,35,0,0,0,0,0,0,101106,96216,89964,29802,29174,26111,4208,4022,686,753,740,5034,0
8944,170000,2,2,1,28,0,0,0,0,0,0,105509,106445,68703,66338,62135,65706,4285,3000,3000,3000,5000,3000,0
8945,100000,2,2,1,42,2,2,0,0,0,0,101494,98994,96845,97037,93480,95516,13,3709,4000,3500,3600,3500,1
8946,20000,1,3,2,24,0,0,0,0,0,0,17895,19598,19701,3486,199,0,2000,1000,400,199,0,0,0
8947,50000,1,3,1,53,0,0,0,0,0,0,6618,7641,8651,8824,9008,9187,1133,1143,316,326,328,339,0
8948,180000,2,3,2,40,0,0,0,0,0,0,0,0,0,0,0,0,0,0,0,0,0,0,1
8949,60000,2,2,1,28,0,0,0,0,0,0,29701,27243,28227,28393,29149,28819,1463,1447,1393,1200,1000,1283,1
8950,80000,2,2,1,39,0,0,0,0,0,0,8755,13290,11244,13444,6782,226,5000,5000,3000,2000,226,0,0
8951,350000,1,1,1,30,0,0,0,0,0,0,51672,31250,29178,29180,52550,43538,13113,12110,15044,32244,40218,112406,0
8952,20000,1,3,1,28,1,0,0,0,0,0,0,0,0,0,0,0,0,0,0,0,0,0,0
8953,160000,2,3,1,30,0,0,0,0,0,0,2215,8977,3300,10770,11800,10043,8977,1000,10770,11800,10043,5325,0
8954,150000,1,3,2,29,1,3,2,2,2,2,54803,52996,51169,53979,52639,58508,0,0,4000,0,7127,0,1
8955,150000,1,3,1,44,0,0,0,0,0,0,80015,19386,39008,19483,32901,8790,19418,40010,19,20000,0,13669,0
8956,50000,1,2,2,46,0,0,0,0,0,0,45206,45836,49577,18666,19058,19450,2362,20103,667,692,709,689,0
8957,500000,1,1,1,45,0,0,0,0,0,0,6197,4934,6783,11507,4883,5897,4969,6802,11523,14,5914,7622,0
8958,480000,2,2,1,37,0,0,0,0,0,0,5269,2217,9731,9272,2718,1498,2217,9731,9272,2718,1498,1138,0
8959,340000,1,1,2,44,0,0,0,0,0,0,83059,85634,73950,59324,156094,110234,20000,5000,2000,112000,4234,4000,1
8960,180000,2,1,1,47,1,0,0,0,0,0,0,0,0,0,0,0,0,0,0,0,0,0,0
8961,50000,2,3,3,45,0,0,0,0,0,0,25649,22379,16670,8433,8609,8783,1347,1138,302,312,317,321,0
8962,360000,2,1,2,31,0,0,0,0,0,0,114287,114746,115304,114966,113208,113504,5200,5000,4000,5000,8000,4000,0
8963,350000,1,3,1,31,0,0,0,0,0,0,232501,231747,197689,207984,183208,190436,20000,20023,20014,20000,20000,20000,0
8964,180000,1,2,2,30,0,0,0,0,0,0,10000,10000,10970,12786,10300,10000,10000,10970,12786,10300,10000,11080,0
8965,50000,1,1,1,34,0,0,0,0,0,0,45341,31383,16235,17035,15601,16349,2115,2000,2022,1000,1000,2000,0
8966,70000,2,2,1,31,0,0,0,0,2,2,6895,16381,18715,22630,22276,13564,10000,3000,4100,0,1000,0,1
8967,40000,2,3,2,23,2,2,2,0,0,0,34415,35170,34305,34985,35719,36428,1600,0,1250,1296,1302,1348,1
8968,270000,2,1,1,37,0,0,0,0,0,0,1257,71665,69256,67842,68235,72706,73700,3168,3000,4000,8000,3000,0
8969,70000,2,2,2,23,0,0,0,0,0,0,4753,5843,6720,8171,7127,9044,1172,1049,1500,500,2000,3000,0
8970,280000,1,1,2,41,0,0,0,0,0,0,5819,14656,8971,5747,11927,40170,3683,9059,5787,11985,40370,8314,0
8971,260000,2,2,1,42,0,0,0,0,0,0,194654,184008,174268,181592,174184,153907,6540,7691,12831,6015,6410,9606,0
8972,20000,2,1,2,23,0,0,2,0,0,0,6988,8310,10015,9195,9539,9574,1444,2000,329,492,342,354,1
8973,80000,2,1,2,26,0,0,0,0,0,0,78128,71083,58715,39389,12012,2900,3362,1389,889,900,58,0,1
8974,20000,1,3,1,27,1,3,2,0,0,0,20386,20757,19200,20000,0,0,1000,0,1000,0,0,0,0
8975,290000,1,1,2,37,2,0,0,0,0,0,131279,134113,136948,139674,142793,162091,4700,4800,4735,5100,21500,6000,1
8976,180000,2,2,2,33,0,0,0,0,0,0,10083,11211,13669,316,120961,123355,1600,3316,316,120961,5000,3100,0
8977,250000,2,1,1,43,0,0,2,0,0,0,1041,6854,3774,4508,2916,4969,6854,0,4508,2916,4969,0,0
8978,230000,1,1,2,30,0,0,0,0,0,0,149545,136888,74555,45100,64387,45782,60000,20000,5000,30000,35000,90000,0
8979,240000,2,2,2,41,0,0,0,0,0,0,8435,169,1913,150,482,5482,169,1921,150,482,5000,5000,0
8980,190000,2,2,1,34,0,0,0,0,0,0,139569,101823,100209,85218,112672,76224,4500,40000,25000,35000,2897,20000,0
8981,200000,1,1,2,29,0,0,0,0,0,0,170,3300,38526,-93,18681,12399,3318,42497,0,18774,12461,9526,0
8982,30000,1,2,2,43,0,0,0,0,0,0,28118,29266,28829,15762,0,0,2000,1209,700,0,0,0,0
8983,180000,2,3,2,42,0,0,0,0,0,0,102646,82849,78064,73437,108072,49206,5006,5000,5005,42500,3000,2000,0
8984,210000,2,1,2,33,0,0,0,0,0,0,1888,320,1403,418,-16,-342,320,1409,0,0,0,2108,1
8985,30000,2,2,1,34,0,0,2,0,0,3,5088,996,888,656,1957,1536,996,0,656,1957,0,0,1
8986,60000,2,2,2,44,0,0,0,0,0,0,43221,41539,40356,39672,39863,40319,2021,1918,1390,1576,1647,1516,0
8987,200000,1,1,1,29,0,0,0,0,0,0,295,1130,12791,40341,9238,1017,1130,12791,28000,1000,2000,74179,0
8988,150000,2,1,2,35,0,0,2,2,0,0,128102,136722,137525,133431,135837,143319,12644,4926,0,5122,10349,0,1
8989,130000,2,1,1,41,0,0,2,2,2,0,767,9637,8256,14890,13742,7630,9804,0,7600,0,5000,10000,1
8990,210000,2,2,1,34,0,0,0,0,0,0,149092,153941,157358,3561,34600,32581,7000,7600,1019,36500,3000,3000,0
8991,140000,2,2,1,37,0,0,0,0,0,0,65863,63803,61998,63517,62463,62168,3000,10000,6500,3900,6700,2000,0
8992,80000,2,2,1,39,1,2,0,0,0,0,38986,34931,33890,2065,5215,3745,6,1000,2065,5215,3745,1390,1
8993,240000,2,1,1,36,0,0,0,0,0,0,12181,6746,12104,2788,4084,3288,6746,12104,2788,4084,3288,4788,0
8994,50000,1,3,2,44,0,0,0,0,0,0,48138,49262,49878,16748,17177,17691,2203,2139,700,700,800,1000,0
8995,50000,1,1,2,30,0,0,2,2,2,0,45948,50813,45393,49351,45473,48595,6012,10,8212,1200,4008,4407,0
8996,160000,1,2,1,49,0,0,0,0,0,0,435,435,435,435,435,435,435,435,435,435,435,870,0
8997,260000,2,1,2,31,0,0,0,0,0,0,597,1304,5734,24898,150,381,1306,5734,24898,3883,381,2234,0
8998,80000,1,2,2,31,8,7,6,5,4,3,126786,124971,121216,97622,88878,80518,0,0,0,0,0,0,0
8999,100000,2,2,1,46,0,3,2,0,0,0,5291,5045,3336,1863,390,930,0,0,0,0,930,0,1
9000,280000,2,2,1,35,1,0,2,0,0,0,-3,146,146,1596,1672,1596,149,0,1600,1672,1562,326,0
9001,50000,1,3,2,36,0,0,0,0,0,0,47911,48418,7000,0,0,0,2166,1000,0,0,0,0,0
9002,260000,2,1,2,31,0,0,0,0,0,0,1629,933,2218,4068,9829,21270,933,2220,4068,9829,11680,553,0
9003,30000,1,2,1,36,0,0,2,0,0,0,18441,19936,20803,21655,22646,23764,1800,1500,1500,1500,1500,1500,1
9004,30000,2,2,1,25,1,2,0,0,0,0,30347,28517,29709,29833,29306,29348,0,1800,1000,1041,1138,932,0
9005,130000,1,2,2,33,2,2,0,0,0,0,2183,2000,700,0,0,0,13,700,0,0,0,0,0
9006,50000,2,3,2,48,0,0,0,0,0,0,1500,2000,1382,-118,13656,13927,2000,1382,0,13925,498,516,0
9007,150000,1,2,1,35,2,2,2,2,2,2,144194,145889,146189,146838,148754,150746,6600,5300,5600,5500,5700,5500,1
9008,200000,2,1,1,58,0,0,0,0,0,0,-200,-200,-200,0,5957,0,0,0,200,5957,0,0,0
9009,560000,1,2,1,32,1,0,0,0,0,0,19924,16297,4593,2512,11461,3402,1163,1023,2519,46518,3421,11467,0
9010,20000,1,3,2,26,0,3,2,0,0,0,20780,20172,19400,20000,20000,0,0,0,1000,0,0,0,0
9011,270000,1,1,1,41,0,0,0,0,0,0,316,316,316,571,7711,571,316,316,571,7711,571,571,0
9012,300000,2,1,2,48,2,0,0,0,0,0,304040,305627,305697,269017,275230,260419,11500,12000,10000,10500,10000,10000,1
9013,100000,2,2,1,29,1,4,3,2,2,2,85264,83376,81445,82710,84242,82730,0,0,3200,3000,0,3300,0
9014,20000,1,3,2,43,0,0,0,0,0,0,19107,20120,19445,19831,19473,20009,1330,1274,660,752,906,650,0
9015,20000,1,3,1,69,0,0,0,0,0,0,18516,19193,18578,17989,19533,20039,1700,2000,2000,2000,831,400,0
9016,70000,1,3,1,56,0,0,0,0,0,0,42039,46330,47480,49242,29993,29618,5000,2238,3000,3000,1500,1500,0
9017,60000,2,2,2,31,2,0,0,0,2,2,19921,20993,21736,23172,22661,24087,1700,1400,1800,0,1800,0,0
9018,180000,2,2,1,51,2,2,0,0,0,0,15100,14627,15632,15787,16117,17162,0,1495,650,671,1401,706,0
9019,360000,2,1,2,31,0,0,0,0,0,0,1041,5792,1358,5209,697,-4,5821,1367,5220,700,0,934,0
9020,200000,1,1,1,34,2,2,2,2,2,2,170487,174258,175905,178528,175581,180145,8000,6000,7000,0,7500,6000,1
9021,170000,2,2,1,42,0,0,0,0,0,0,37772,38862,39914,40559,41953,42210,2000,2000,1610,2200,1600,1600,0
9022,170000,2,1,1,51,0,0,0,0,0,0,4667,5910,1630,2326,660,1373,5914,1630,2326,660,1373,6674,0
9023,60000,2,3,1,51,1,0,0,0,0,0,0,724,0,785,0,0,724,0,785,0,0,0,0
9024,30000,1,2,2,27,1,2,0,0,2,0,29956,28469,58384,29553,29933,30000,0,2000,30000,1000,1000,0,1
9025,140000,2,1,1,37,0,0,0,0,0,0,37625,38023,39577,39465,45180,44213,1657,2211,1459,6398,1729,1633,0
9026,20000,1,1,2,25,0,0,0,0,0,0,15848,16883,17839,18040,18414,16213,1595,1551,752,773,772,354,0
9027,20000,2,1,2,27,0,0,0,0,0,0,14088,8842,6653,2946,1186,416,1111,1009,7,1190,416,831,0
9028,520000,1,1,2,39,0,0,0,0,0,0,13273,12709,5480,5397,70137,11819,12712,5487,5397,70137,11820,7888,0
9029,30000,2,2,2,22,0,0,0,2,0,0,10348,9287,1900,150,2558,2829,1013,1900,0,2558,2829,3000,0
9030,70000,2,1,2,24,1,2,0,0,2,0,71017,64454,64182,30351,29826,29699,0,1809,2500,0,2000,1500,0
9031,80000,2,3,1,54,0,0,0,0,0,0,76752,77528,68966,63972,50072,51239,3768,3009,2009,1818,2000,6000,0
9032,50000,1,3,1,36,1,3,2,5,4,3,21031,20411,23766,23114,22173,21521,0,4000,0,0,0,1250,1
9033,170000,2,1,2,25,0,0,0,0,0,0,26359,5275,0,0,0,0,1275,0,0,0,0,0,0
9034,160000,2,2,2,24,2,2,2,2,2,2,67018,67257,68939,72267,73602,75133,1900,3400,5100,2800,2900,2800,0
9035,360000,2,2,2,30,1,2,2,0,0,0,7102,6922,1861,1457,-129,-2629,1893,0,1457,2500,326,0,0
9036,420000,2,2,2,25,0,2,0,0,0,0,2804,2615,3392,4392,-796,-796,0,1000,1000,0,0,20500,0
9037,30000,1,3,2,45,0,0,0,0,0,0,28185,28296,23455,24179,24289,24649,1377,1370,1294,1015,900,913,0
9038,60000,1,2,1,36,1,2,0,0,0,0,36544,37357,38067,38823,39638,40424,1700,1632,1388,1439,1445,1500,0
9039,160000,2,2,1,31,0,0,0,0,0,0,135320,146230,76660,79825,82951,85168,5000,10000,5000,5000,4000,4000,0
9040,170000,2,1,1,44,0,0,0,0,0,0,10309,4944,28144,1883,27938,14832,4944,28144,1883,27938,14832,0,0
9041,20000,1,3,1,52,1,2,0,0,0,0,20838,20212,20148,19845,0,0,0,1200,397,0,0,0,1
9042,290000,2,1,1,45,0,0,0,0,0,0,1092,1335,1222,1513,2661,2436,1335,1222,1513,2661,2436,37015,0
9043,340000,2,2,2,52,0,0,0,0,0,0,3375,3267,-2,498,11466,412,3283,0,500,11523,414,15055,0
9044,60000,1,1,2,31,1,0,0,0,0,0,0,-880,-2640,1760,880,3110,0,0,4400,0,3110,0,1
9045,500000,2,1,1,36,0,0,0,0,0,0,51465,24201,384973,349790,315125,16576,24201,384986,7017,6342,16576,43710,0
9046,230000,2,3,2,54,0,0,0,0,0,0,66108,45000,33477,34914,36352,37745,6840,3000,2000,2000,2000,2000,0
9047,30000,2,5,1,53,0,0,0,0,0,0,28191,27166,17769,18107,18541,4770,1600,1300,1000,1200,2000,1000,0
9048,20000,1,1,2,25,1,0,2,2,2,2,0,1825,1346,587,338,1239,3650,0,300,0,1000,0,0
9049,140000,2,2,2,30,0,0,0,0,0,0,854,0,0,0,0,0,0,0,0,0,0,0,0
9050,500000,1,2,1,31,0,0,0,0,0,0,39291,29122,26639,22828,21293,17544,1700,1174,1007,1013,1018,264,0
9051,120000,2,1,1,39,1,0,0,0,0,0,0,0,0,0,0,0,0,0,0,0,0,0,0
9052,70000,2,2,2,25,0,0,0,0,0,0,63745,55670,47413,44590,45890,47126,2294,2100,1600,2000,2000,1750,1
9053,280000,2,2,1,50,0,0,0,0,0,0,25040,41270,570,1068,48313,10252,41275,570,1074,48313,10252,19226,0
9054,130000,1,2,1,53,0,0,0,0,0,0,780,0,390,390,390,390,0,390,390,390,390,390,0
9055,70000,1,1,2,30,0,0,0,0,2,0,68971,69872,66932,69043,70252,55732,2700,3100,3900,2500,2500,2500,1
9056,340000,2,2,1,42,0,0,0,0,0,0,14087,11007,16971,10734,9200,23818,11013,17025,10734,9200,23818,46291,0
9057,210000,1,1,2,28,0,0,0,0,0,0,1832,1074,1002,711,420,1572,1074,1002,711,420,1572,0,0
9058,80000,2,2,2,57,0,0,0,0,0,0,3072,2856,0,0,0,0,2856,0,0,0,0,0,0
9059,120000,2,2,2,43,0,0,0,0,0,0,316,71316,316,316,2766,1996,71316,316,316,2766,1996,2054,0
9060,100000,2,1,2,28,0,0,0,0,0,0,102697,100462,101879,100999,101188,99328,4600,4000,4000,4000,4000,4400,0
9061,20000,1,1,2,22,0,0,0,0,0,0,14720,15432,16252,14877,9487,-5910,3880,1200,298,5390,4000,9666,0
9062,220000,2,1,1,46,2,2,0,0,0,0,243517,228368,224414,196229,190050,183779,0,10000,7200,7001,6900,6400,0
9063,70000,2,1,2,34,2,2,2,2,2,2,44347,43357,46626,47562,48651,49700,0,4000,2000,2000,2000,2000,1
9064,20000,2,2,1,26,0,0,0,0,0,0,73404,75132,77264,74319,9968,10769,2600,2500,2000,1000,1000,1000,0
9065,100000,2,2,2,32,0,0,0,0,0,0,54933,56151,56677,58237,59643,63275,2700,2055,2500,2500,4800,2500,0
9066,110000,2,2,2,24,0,0,0,0,0,0,49782,50858,51780,53647,53308,54366,1878,1800,2647,1892,1901,1728,0
9067,80000,2,3,2,27,2,2,2,2,0,0,3682,4714,2336,0,5471,5415,3193,0,0,5471,5415,5124,0
9068,30000,2,1,2,29,1,0,0,0,0,0,0,686,405,3190,2844,0,686,409,3190,2844,0,0,0
9069,30000,2,2,1,34,0,0,0,0,0,0,27816,1250,24135,24745,22805,10745,1260,24135,1000,2000,10745,18572,0
9070,60000,1,1,2,27,0,0,0,0,0,0,57753,59186,59001,27971,28619,29213,2960,1628,1002,1100,1100,922,1
9071,50000,2,1,2,27,0,0,0,0,0,2,44421,45897,46920,47864,50856,48390,2500,2100,2000,3900,0,2000,0
9072,260000,2,2,1,53,0,0,0,0,0,0,222134,223345,225258,189500,182771,188876,10020,10007,10017,10003,10007,10036,0
9073,500000,2,1,2,29,0,0,0,0,2,2,201500,196051,161342,154127,149472,139130,10000,7031,10100,5663,0,4448,0
9074,110000,2,1,2,35,0,2,0,0,0,0,549,179,1166,790,806,1729,0,1166,0,446,1729,0,0
9075,30000,2,3,1,33,2,2,2,2,2,2,27126,29970,29192,31103,31771,30404,3600,0,2700,1300,0,1300,0
9076,180000,2,1,2,31,0,0,0,0,0,0,8260,5921,0,0,0,0,5921,0,0,0,0,0,1
9077,170000,2,1,1,35,1,0,0,0,0,0,0,3209,0,0,0,0,3209,0,0,0,0,0,1
9078,320000,2,1,1,34,0,0,0,0,0,0,800,18873,-150,150,21565,4818,18873,0,500,21565,5000,168492,1
9079,10000,2,2,1,53,0,0,0,0,0,0,9269,10400,0,0,0,0,1400,0,0,0,0,0,1
9080,50000,1,2,2,26,1,5,4,8,7,6,48481,47426,56623,55815,55033,53625,0,10000,0,0,0,0,0
9081,170000,2,1,2,32,1,0,0,0,0,0,0,0,0,0,500,500,0,0,0,500,500,500,1
9082,120000,2,1,1,51,0,0,0,0,0,2,120290,116082,118405,99081,106300,104433,6000,6000,4000,9000,0,5000,0
9083,30000,2,3,1,47,1,2,0,0,0,0,32724,29279,27149,14930,14400,0,0,1500,797,680,0,0,0
9084,160000,1,2,2,29,0,0,0,0,0,0,157186,136159,96395,58773,60737,115158,6227,5000,5000,3000,60000,5000,0
9085,50000,2,1,2,27,2,2,2,2,2,2,45722,46694,47617,48542,49630,50047,2000,2000,2000,2000,1700,2000,1
9086,30000,2,2,1,44,0,0,0,0,0,0,4180,390,0,780,0,0,390,0,780,0,0,0,0
9087,50000,1,2,1,36,0,0,0,0,0,0,47606,48653,50144,47838,48914,50442,1815,2306,2000,2000,2500,1700,0
9088,240000,2,2,1,45,1,0,0,0,0,0,0,396,396,396,396,396,396,396,396,396,396,396,0
9089,50000,1,3,0,50,0,0,0,0,0,0,45771,23343,0,3400,2769,0,2266,0,3400,2769,1700,0,0
9090,180000,2,1,2,31,4,4,4,3,2,2,83020,84654,82852,81162,79958,178148,3500,0,0,0,100000,0,1
9091,500000,2,2,2,28,0,0,0,0,0,0,215459,201715,141177,130352,126422,113148,7412,4721,3854,3622,3433,3201,0
9092,240000,2,3,2,50,0,0,0,0,0,0,223045,218120,221051,191997,196221,200058,9490,8163,6753,7197,7176,5265,0
9093,50000,1,2,2,23,0,0,0,0,0,0,30101,0,780,0,0,0,434,780,0,0,0,0,0
9094,50000,2,2,1,30,2,0,0,0,0,0,6425,4580,0,0,0,0,1050,0,0,0,0,0,1
9095,220000,1,1,2,38,0,0,0,0,0,0,197600,201708,121499,124409,68319,0,8200,5100,5400,3300,0,0,0
9096,200000,1,2,1,36,1,0,0,0,0,0,0,0,0,0,0,0,0,0,0,0,0,0,1
9097,230000,2,1,1,35,0,0,0,0,0,0,4043,10609,4982,43509,2271,13486,10670,5008,43736,2282,13553,2980,0
9098,20000,1,3,2,56,0,0,0,0,0,0,15552,16596,17609,17329,17850,18046,1300,1300,700,800,602,600,0
9099,130000,2,1,1,37,2,2,2,2,2,2,41795,43914,44396,45365,46093,47185,3100,1500,2000,1600,2000,2000,1
9100,100000,1,2,1,50,0,0,0,0,0,0,95549,98909,81181,48194,40692,18110,5025,2939,18263,15761,418,583,0
9101,20000,1,2,2,39,0,0,0,0,0,0,15972,16432,17618,17365,17719,17740,1500,1600,347,354,355,0,1
9102,50000,2,2,2,26,0,0,0,0,0,0,48801,50140,48776,19251,19650,14974,2144,1000,19251,622,558,290,0
9103,140000,1,3,1,45,2,2,2,2,2,2,78663,76839,80561,83643,82183,90823,0,5000,5000,0,10000,0,1
9104,90000,1,2,2,32,0,0,0,0,0,0,23730,24693,6470,9882,28283,27893,2000,5000,5000,25000,22000,5000,0
9105,290000,2,1,1,39,1,0,0,0,0,0,1358,2586,11101,21101,2833,4820,2613,11101,10000,2839,4826,1352,0
9106,180000,2,2,2,34,0,0,0,0,0,0,181385,170946,171079,126724,125786,127419,8194,8500,4600,5000,4600,5000,1
9107,200000,2,3,1,57,1,0,0,0,0,0,0,0,0,0,0,0,0,0,0,0,0,0,1
9108,110000,1,1,1,32,2,2,2,2,2,2,95686,98374,99562,100532,102779,100966,5100,3700,3500,4000,0,10060,1
9109,50000,1,3,2,28,0,0,0,0,0,0,17141,18361,19214,15519,15129,13747,1500,1211,516,520,622,5000,0
9110,290000,2,2,1,48,0,0,0,0,0,0,10608,34470,11888,27114,3501,12511,34470,11890,27114,3501,12511,5797,0
9111,380000,1,1,1,46,2,2,2,2,2,2,88069,90418,88327,92492,94617,96579,4400,0,6300,3500,3400,0,1
9112,480000,1,2,1,39,0,0,0,0,0,0,428927,436425,300134,315067,321825,328781,15000,30000,20000,12000,12500,12200,0
9113,30000,2,2,2,22,0,0,0,0,0,0,18830,0,0,0,0,0,0,0,0,0,0,0,0
9114,380000,1,1,1,50,0,0,0,0,0,0,211463,201613,191343,184267,172328,230031,10000,10000,10000,20000,95000,50000,0
9115,340000,2,1,1,42,0,0,0,0,0,0,221587,216472,218817,223329,226176,230921,8409,8500,8500,8500,8500,8500,0
9116,30000,2,2,2,22,0,0,0,0,2,2,17358,-36,23114,24727,24192,25905,0,23150,2000,0,2119,0,0
9117,200000,1,3,1,29,0,0,0,0,0,0,15456,46620,22935,8335,971,4278,46722,22985,8346,971,4296,21767,0
9118,360000,2,1,2,30,0,0,0,0,0,0,40514,31871,27793,19409,18093,10800,1800,2025,3000,2000,1000,2000,0
9119,160000,1,1,1,49,0,0,2,0,0,0,316,632,316,316,316,316,632,0,316,316,316,316,1
9120,50000,1,2,2,40,1,1,0,0,0,0,50209,-2522,409,29148,30270,22814,0,2931,30000,5270,2814,3089,0
9121,200000,1,2,2,32,0,0,0,0,0,0,1473,1473,390,390,540,390,1473,390,390,540,390,0,0
9122,60000,1,2,2,30,0,0,0,0,0,0,39264,41622,42627,43914,45053,46303,3000,2000,2000,2000,2000,2000,0
9123,80000,2,3,1,53,0,2,0,0,0,0,780,390,390,390,390,1320,0,390,390,390,1320,0,0
9124,100000,2,2,1,38,2,2,0,0,0,0,50721,49635,50509,51666,52834,54955,0,2000,2000,2000,3000,3000,1
9125,330000,1,1,1,37,0,0,0,0,0,0,18807,15865,34284,2780,20247,1806,2087,10054,2840,21101,1814,1861,1
9126,500000,2,1,2,44,0,0,0,0,0,0,0,5218,3981,0,3672,7617,5218,3981,0,3672,7617,2691,0
9127,180000,2,2,1,32,0,0,0,0,0,0,54842,55435,56810,63562,41150,0,2073,2359,8000,3000,0,0,0
9128,200000,2,2,1,44,0,0,0,2,0,0,120515,117292,24612,19527,16471,13408,3030,4452,0,708,656,1000,0
9129,420000,2,1,1,39,0,0,0,0,0,0,304964,312224,315822,275393,278745,244543,14000,11230,10000,8091,6965,6362,0
9130,110000,2,2,2,23,0,0,0,0,0,0,34486,43872,45140,46885,48129,49327,10000,2000,2500,2000,2000,2000,0
9131,50000,2,2,1,24,2,0,0,0,0,0,50710,45641,29259,9442,9792,9684,1974,1552,334,498,500,493,1
9132,130000,2,3,1,46,0,0,0,0,0,0,17505,18529,19545,20217,20890,21541,1312,1328,1000,1000,1000,799,1
9133,250000,1,2,1,36,0,0,0,0,0,0,168899,174479,157088,136787,139385,122947,10000,8300,5200,5500,5000,5000,0
9134,50000,2,2,2,26,0,0,0,0,0,3,528,378,-150,-678,2057,1206,378,0,0,3263,0,0,0
9135,260000,1,2,1,43,0,0,0,0,0,0,99523,76712,55185,82040,60867,59005,3514,3049,58312,3018,3020,1511,0
9136,240000,1,2,1,54,0,0,2,0,0,0,16135,249258,243589,204754,201426,198736,234000,30,7046,7023,10005,8014,0
9137,300000,2,1,2,28,0,0,2,0,0,0,24763,33484,31501,32678,36147,40503,10700,0,2000,4000,5000,0,0
9138,200000,2,1,1,35,0,0,0,0,0,0,82831,15081,32105,4476,6491,1262,15089,32130,4476,6619,1262,1974,0
9139,600000,2,3,1,46,0,0,0,0,0,0,22921,11441,23471,30871,17314,10000,11444,23537,31171,17348,10000,10000,0
9140,130000,2,2,2,29,0,0,2,0,0,2,88345,94597,92077,93272,96298,95745,8600,0,3500,7100,3600,2900,0
9141,150000,2,1,2,28,0,0,0,0,0,0,9625,2099,5306,8240,1686,149,2099,5306,8240,1686,149,1760,0
9142,200000,1,1,2,30,0,0,0,0,0,2,-1883,9208,103360,77818,26276,3235,15143,100057,292,10019,16,810,0
9143,80000,2,2,1,34,1,2,2,2,2,2,46461,47526,46466,48183,49057,51091,2100,0,2800,1800,3000,0,1
9144,60000,2,2,1,34,0,0,0,0,0,0,30834,33011,33434,34935,36344,37803,3000,2000,3000,4000,3000,3000,0
9145,360000,1,2,1,31,1,0,0,0,0,0,0,0,0,0,0,0,0,0,0,0,0,0,0
9146,110000,2,4,1,37,0,0,0,0,0,0,70204,69876,69584,59666,60916,61423,2745,2800,2200,2200,2207,3003,0
9147,70000,2,3,1,35,3,2,2,2,0,0,69852,67531,28650,27590,27850,28085,0,2708,0,1010,1013,2000,1
9148,50000,1,1,2,27,1,0,0,2,2,2,0,0,71,71,3871,3612,0,71,0,3800,0,0,1
9149,10000,2,2,2,46,0,0,2,2,3,2,2496,4245,4525,5450,5073,4843,1800,500,1000,0,0,800,1
9150,120000,1,1,1,51,0,0,0,0,0,0,117446,117781,122030,114294,114144,116894,4400,8002,4200,4200,8000,4000,0
9151,220000,1,2,1,41,0,0,0,0,0,0,8840,1369,5924,1759,1824,7022,6643,5924,1759,1824,7022,2515,0
9152,440000,1,1,2,33,0,2,0,2,0,3,1137,343,812,168,2653,2203,0,1300,0,2777,0,0,1
9153,50000,1,2,1,49,0,0,0,0,0,0,1261,1261,1261,480,390,540,1261,1261,480,300,540,780,0
9154,210000,1,2,2,32,0,0,2,0,0,0,155913,165227,161427,164860,187329,186079,13000,0,5666,24886,6282,6494,0
9155,490000,2,2,2,34,0,0,0,0,0,0,13955,10859,57426,35554,15858,23033,52280,57428,1068,3000,23033,20225,0
9156,160000,1,1,2,30,0,0,0,0,0,0,4180,7781,1256,14160,6180,2000,7781,1276,14160,6180,2000,290,0
9157,180000,2,2,1,39,0,0,0,0,0,0,46202,47359,48316,28220,29260,30173,2200,2111,1015,1500,1400,5350,0
9158,330000,2,2,1,45,0,0,0,0,0,0,123813,127050,135631,138036,141330,144529,5100,10600,5000,5000,5000,5000,0
9159,20000,1,2,2,34,0,0,2,0,0,0,17650,18740,18373,18768,19315,20836,2500,1000,1000,1000,2000,0,0
9160,120000,2,2,2,37,0,0,0,0,0,0,93822,96916,99051,99927,101541,103379,4848,4877,3625,3600,3751,3900,0
9161,360000,2,1,2,30,0,0,0,0,0,0,-28,-28,1072,1980,10780,2036,0,1100,2025,10819,2110,5600,0
9162,440000,2,5,2,29,0,0,0,0,0,0,217407,219860,265058,142132,92400,0,8005,50000,7000,9000,0,1058,0
9163,70000,2,2,2,34,0,0,0,0,0,0,62694,63995,66446,67786,69686,70500,1818,3000,1903,2458,1900,0,0
9164,230000,2,1,1,44,1,0,0,0,0,0,3884,949,2864,933,0,0,949,2873,933,0,0,0,0
9165,30000,1,2,2,28,2,0,0,2,2,2,26177,27249,29473,28719,29513,28890,1800,3000,0,2400,0,1600,1
9166,260000,1,2,1,34,0,0,0,0,0,0,176688,179281,180957,165911,169863,71403,6929,5088,4138,4789,2450,1507,0
9167,30000,1,2,2,25,2,2,4,3,2,2,18941,24602,23921,23259,22369,23408,6000,0,0,0,1800,0,1
9168,20000,2,3,3,56,0,2,0,0,0,0,190,2946,1473,780,390,1738,1473,1473,780,0,1766,0,1
9169,70000,2,3,2,55,0,0,0,0,0,0,69997,41409,31450,29592,29703,19582,1700,3018,3338,3000,717,595,0
9170,90000,1,3,1,31,0,0,0,0,0,0,68476,68485,67000,45837,49959,52981,4017,4000,4000,5000,4000,4000,0
9171,70000,2,2,2,30,2,0,0,2,0,0,29773,30542,33033,32203,32884,33587,1550,3000,0,1200,1250,2000,1
9172,30000,2,2,2,22,1,2,0,0,0,0,29676,28532,29510,29040,29178,0,0,1493,803,420,0,0,0
9173,270000,1,2,1,51,0,0,0,0,0,0,32108,32784,29891,24531,19391,8850,15000,10000,10000,10000,8850,22123,0
9174,30000,1,2,1,35,0,0,0,0,0,0,25989,27100,27868,28430,29077,29540,1533,1301,863,947,836,915,0
9175,410000,2,1,1,46,0,0,0,0,0,0,0,0,0,0,0,0,0,0,0,0,0,0,1
9176,240000,1,2,2,30,0,0,0,0,0,0,151127,155421,154926,148681,24105,9770,10000,10000,300,1000,9770,18037,0
9177,30000,2,2,2,31,0,0,0,0,0,2,30589,31547,28734,27551,28836,11718,1488,1400,1300,3000,0,500,0
9178,110000,1,2,1,32,0,0,0,0,0,0,56573,26953,28190,-18,-18,-18,2000,2000,0,0,0,0,0
9179,20000,1,2,2,24,0,0,0,0,0,0,17850,15528,13597,14088,13723,16318,2019,2000,1003,1000,3000,2000,0
9180,500000,1,3,1,55,0,0,0,0,0,0,735,-5,-5,1012,500,0,0,0,1017,500,0,1059,0
9181,240000,2,2,2,32,0,0,0,0,0,0,308013,190907,192181,189877,188205,182325,7000,6615,6401,6503,6393,6051,0
9182,140000,2,2,2,25,0,0,0,0,0,0,137585,131666,114989,81475,82812,71484,6200,4246,5000,3000,3000,2800,0
9183,50000,1,1,2,24,0,0,0,0,0,0,42058,35340,22110,19837,19855,20151,1367,1606,692,709,721,692,0
9184,130000,1,1,2,27,0,0,0,0,0,0,32464,33805,34810,35194,35951,36703,1867,1872,1256,1500,1500,1500,0
9185,50000,2,3,1,51,0,0,0,0,0,0,50448,34741,21312,17398,17773,17368,2017,2130,500,2000,2000,2000,1
9186,260000,2,1,2,25,0,0,0,0,0,0,359,7822,13926,15393,22746,2946,9188,13907,3015,10413,2960,3820,0
9187,100000,1,2,1,35,0,0,0,0,0,0,1131,291,291,291,291,502,291,291,291,291,502,80,0
9188,30000,2,3,1,47,2,2,0,0,2,0,25280,24589,26160,29927,29336,29820,0,2000,4200,0,1100,1100,1
9189,60000,1,1,2,26,0,0,2,0,0,0,440,880,440,880,440,1681,880,0,880,0,1681,811,0
9190,20000,2,3,1,35,0,0,2,2,0,0,15791,18218,18621,18024,18434,19826,3000,1000,0,700,1700,0,1
9191,60000,2,2,1,24,3,2,2,2,0,0,33866,33041,35284,31602,32221,30208,0,2900,0,1200,1409,1115,1
9192,350000,2,2,3,44,2,2,0,0,0,0,52949,-4577,-4577,-2699,-2699,297301,3682,0,1878,0,300000,0,0
9193,130000,2,2,1,41,2,2,0,0,0,0,133894,130312,128653,100795,95299,86564,0,7347,4000,3450,3300,4000,1
9194,390000,2,2,2,26,2,2,2,0,0,0,185111,172865,153795,140387,128112,115514,5000,3000,5000,4548,4100,3300,0
9195,460000,1,1,1,39,2,2,5,5,5,5,2495,2495,2495,2495,2495,2495,0,0,0,0,0,0,1
9196,30000,1,3,2,31,0,0,0,0,0,0,27838,28791,27788,29784,0,0,1703,1200,2196,2500,0,0,1
9197,170000,2,2,1,35,0,0,0,0,0,0,10316,2798,4543,3229,2062,0,2798,4022,3229,2062,0,0,1
9198,20000,1,2,2,27,3,2,0,0,0,0,20771,19935,3110,2140,0,0,0,1000,100,2000,0,0,1
9199,260000,1,2,1,31,0,0,0,0,0,0,12695,9277,7065,0,0,0,4005,4150,0,0,0,0,0
9200,190000,2,1,2,32,0,0,0,0,0,0,161248,157952,157663,161039,161907,161729,6500,7000,10000,7000,6500,6000,0
9201,480000,1,1,1,37,0,0,0,0,0,2,470317,469673,450172,371819,390178,383822,18507,19307,13534,28001,14,11568,0
9202,60000,1,2,2,33,0,0,0,0,0,0,58760,57635,56706,56452,58542,60273,2500,2000,2100,3000,3210,10000,0
9203,260000,2,1,1,38,0,0,0,0,0,0,256359,208852,192782,189886,196398,194568,10027,10107,20000,10000,10000,10000,0
9204,50000,2,3,2,50,0,0,0,0,0,0,48781,50283,51400,9463,9661,9854,2283,2400,9463,350,353,365,0
9205,160000,2,1,2,25,0,0,0,0,0,0,76038,64399,52532,39455,26505,13302,2791,3000,1286,890,497,267,0
9206,280000,2,1,2,29,0,0,0,0,0,0,768,786,1379,1885,143,1250,788,1383,1890,143,1253,316,0
9207,290000,2,3,1,29,0,0,0,0,0,0,161623,166345,167924,170227,164584,161912,11200,6000,6000,6000,6700,5000,0
9208,240000,2,3,1,36,0,0,0,0,0,0,8020,717,0,0,0,0,724,0,0,0,0,6516,0
9209,20000,2,2,1,41,0,0,0,0,0,0,7434,8453,9249,9438,5700,1140,1300,3000,189,0,1140,390,0
9210,230000,2,3,1,40,0,0,0,0,0,0,1856,32254,4805,1600,4712,3466,32254,4819,1600,4712,3466,3199,0
9211,120000,2,2,1,31,0,0,0,0,2,2,46736,75853,79570,106523,108614,107519,30000,5000,30000,3900,4000,3800,1
9212,400000,1,1,2,28,0,0,0,0,0,0,1202,-14,2893,13854,13860,12215,0,2907,13863,13869,12216,29171,0
9213,80000,1,2,1,34,1,2,2,0,0,0,64575,65961,64308,65047,66504,74360,3000,0,2400,2500,9000,0,0
9214,200000,2,1,1,37,0,0,0,0,0,0,74418,3251,86800,84144,83699,121930,3251,86804,1820,29000,71439,2738,0
9215,20000,1,2,1,48,1,4,3,2,3,2,17453,16898,16334,17270,16713,16297,0,0,1500,0,0,3000,1
9216,100000,1,2,2,26,0,2,0,0,0,0,214,107,214,107,107,38362,0,214,0,107,38362,1600,1
9217,150000,1,2,3,25,0,0,0,0,0,0,1180,7667,9044,8397,6763,0,7705,9047,8,33,0,0,1
9218,180000,2,2,2,23,0,0,0,0,0,2,178239,178856,177754,178191,183051,179546,7969,6379,6319,10671,3000,5400,1
9219,500000,2,2,1,47,0,0,0,0,0,0,396,396,396,396,396,396,396,396,396,396,396,396,1
9220,360000,2,2,2,46,0,0,0,0,0,0,4000,311,913,465,157,4247,311,920,465,157,4247,157,0
9221,320000,1,1,2,38,0,0,0,0,0,0,3872,5409,16770,83490,0,52281,5409,16778,83490,0,52281,15643,0
9222,220000,1,1,1,42,1,0,0,0,0,0,0,0,0,0,0,0,0,0,0,0,0,0,1
9223,50000,2,1,2,36,1,2,2,2,2,2,29003,29244,30827,31224,30587,32763,1000,2363,1200,0,2700,1157,1
9224,310000,1,1,1,47,0,0,0,0,0,0,960,1863,2667,0,2654,0,1869,2681,0,2654,0,2397,0
9225,50000,1,2,2,50,0,0,0,0,0,0,16242,13277,10834,10531,10239,5741,1215,1087,297,309,220,100,0
9226,160000,2,2,2,23,0,0,0,0,0,0,21905,22473,21380,283,0,-17149,1373,1000,283,0,0,20261,0
9227,280000,2,2,1,40,0,0,0,0,0,2,415,415,415,565,830,415,415,415,565,830,0,415,0
9228,20000,1,3,2,44,4,3,2,0,0,2,12480,12001,11516,11436,12553,12501,0,0,408,1300,300,0,1
9229,60000,1,1,2,24,0,0,0,0,0,0,390,780,0,0,371,18239,780,0,0,371,18239,650,1
9230,390000,1,2,1,37,0,0,0,0,0,0,178087,185212,187648,192538,198828,206489,10000,7001,8001,10000,10000,14807,0
9231,50000,1,2,2,25,1,0,0,0,0,0,0,0,0,0,0,0,0,0,0,0,0,0,0
9232,450000,1,1,2,31,0,0,0,2,0,0,757,1422,2469,1562,20030,9248,1422,2000,0,20030,1000,1000,0
9233,180000,1,2,2,26,0,0,0,0,0,0,171041,111580,71902,10045,10484,10816,5000,3340,500,1000,1000,416,0
9234,140000,1,3,2,30,2,2,2,2,2,0,145627,145339,136223,113942,109652,109118,6005,210,7903,0,4183,4213,0
9235,40000,2,2,2,33,1,2,2,0,0,0,21576,23242,21057,20746,20613,867,3000,0,1000,1062,1600,1542,0
9236,80000,1,2,2,26,0,0,0,0,0,2,24906,26242,27360,27480,29642,28779,2000,1800,1100,3000,0,1000,0
9237,240000,2,3,2,35,0,0,0,0,0,0,4215,0,0,0,0,0,0,0,0,0,0,0,0
9238,80000,1,2,2,33,0,0,0,0,0,0,69963,64081,62582,47595,44724,44287,5000,2012,2000,3000,44287,3000,0
9239,360000,2,3,1,45,0,0,0,0,0,0,167370,183070,190369,185069,195069,27004,20000,16000,5000,20000,30000,10000,0
9240,300000,2,2,1,31,0,0,0,0,0,0,3862,-3,6367,570,3749,127,0,6370,570,3749,1217,60959,0
9241,390000,2,1,2,29,0,0,0,0,0,0,0,0,1630,1871,2400,3480,0,1630,1871,2400,3480,1600,0
9242,320000,1,1,1,37,0,0,0,0,0,0,14515,0,0,0,0,13439,0,0,0,0,13439,0,1
9243,220000,2,1,1,26,0,0,0,0,0,0,52593,65221,73395,81697,57517,58920,15000,10000,10000,5000,1776,10000,0
9244,340000,2,1,2,29,0,0,0,0,0,0,132024,135687,138933,139824,142461,145269,6400,7000,5000,5200,5500,25000,0
9245,90000,2,2,1,32,1,0,0,0,0,0,0,323,0,2520,1651,0,323,0,2520,1651,0,0,0
9246,130000,2,2,2,33,0,0,0,0,0,0,7547,3773,4329,8638,2279,-1,1011,4345,9261,2285,0,338,0
9247,160000,1,2,1,37,2,0,0,0,0,0,833,833,833,833,833,833,833,833,833,833,833,833,1
9248,280000,1,1,1,38,0,0,0,0,0,0,101259,7224,11169,2300,0,10551,7259,11055,2311,0,10551,15000,1
9249,310000,2,2,2,38,0,0,0,0,0,0,1276,3666,2779,3140,1831,5347,3666,2787,3140,0,5347,1420,0
9250,130000,1,2,2,29,0,0,0,0,0,0,30857,43333,0,0,0,0,13333,0,0,0,0,0,0
9251,180000,2,2,1,30,0,0,2,0,0,0,149218,217602,96169,70083,59509,78312,10915,5,5050,10000,20000,2000,0
9252,30000,1,2,1,39,1,2,0,0,0,0,30559,26457,27469,28013,28614,29636,129,1456,1000,1050,1500,1505,0
9253,170000,2,2,2,34,0,0,0,0,0,0,8069,2855,11744,5886,12916,3177,2855,11900,5886,12916,3177,4511,1
9254,240000,1,1,1,29,0,0,0,0,0,0,17882,367,-4661,-23,4638,2500,403,4838,4638,4661,2500,0,0
9255,70000,1,1,2,31,0,0,0,0,0,0,52440,55961,63341,64694,67905,59383,5000,10000,3000,5000,3000,2900,0
9256,110000,2,1,2,28,1,0,0,0,0,0,-100,200,400,46952,48455,47324,500,400,46952,3000,3000,2000,1
9257,20000,2,3,1,23,1,2,2,0,0,0,14428,14310,0,0,0,0,480,0,0,0,0,0,1
9258,210000,2,1,2,30,0,0,0,0,0,0,7056,2881,1166,13740,6813,2144,3033,1172,13940,0,0,0,0
9259,20000,2,2,2,21,0,0,0,0,0,0,20040,17850,13560,11748,10632,10019,1499,1099,333,2000,2000,800,0
9260,360000,2,2,1,43,0,0,0,0,0,0,1999,10145,4005,19158,3569,31171,10145,4723,19158,3569,31171,3283,0
9261,80000,1,3,1,59,0,0,0,0,0,0,71720,73024,74297,33412,30070,30254,3234,3075,1126,1091,1074,1028,0
9262,170000,2,1,2,34,0,0,0,0,0,0,55623,49216,46239,36300,29350,28164,2253,1888,1200,3782,1160,976,0
9263,70000,2,2,2,30,0,0,0,0,0,0,3878,4957,6209,6338,6587,6828,1300,1500,380,500,500,800,0
9264,110000,1,2,1,30,0,0,0,2,2,2,26000,9000,63853,59308,60576,42784,1500,63853,1500,2062,0,7222,0
9265,10000,2,1,2,27,0,0,0,2,2,0,8128,8470,10255,9389,8345,8572,1400,2500,500,0,500,2000,0
9266,60000,2,1,2,23,0,0,0,0,0,0,17191,17864,18408,18393,18238,18345,1700,1600,1000,1000,1000,2000,0
9267,220000,1,1,1,39,0,0,0,0,0,0,38647,27796,12372,4610,3668,-809,2017,3000,1000,0,0,3000,0
9268,50000,1,1,2,33,0,0,0,0,0,0,21171,22698,14125,18025,9063,10747,2028,2000,4000,2000,2000,2000,0
9269,50000,2,2,2,22,0,0,0,0,0,0,1470,627,14596,19323,19728,20142,627,14596,5000,716,742,404,0
9270,70000,2,2,2,26,0,0,0,0,0,0,23790,23880,24843,25338,25461,26008,1425,1388,883,906,952,877,0
9271,180000,1,2,2,26,0,0,0,0,0,0,145574,108617,102711,95652,97661,99656,3907,3600,3415,3542,3616,2000,0
9272,60000,1,1,2,31,2,2,2,2,2,2,60705,62352,60745,58828,55606,58551,3200,0,4580,0,4727,0,1
9273,100000,2,2,1,40,2,2,2,2,2,2,44421,45504,46157,46900,47999,49057,2100,1700,1800,2000,2000,2000,1
9274,500000,1,2,2,28,0,0,0,0,0,0,24677,28287,32988,21579,26674,28697,7013,8071,3013,8012,5019,2006,0
9275,50000,1,2,2,38,0,0,0,0,0,0,26533,16426,0,0,0,0,1000,0,0,0,0,0,0
9276,340000,2,2,2,27,0,0,0,0,0,0,24583,1954,11271,6559,1924,10057,1964,11337,6591,1933,10072,33,0
9277,450000,1,1,2,31,0,0,0,0,0,0,3960,4397,2177,17871,11451,3570,4412,2180,17895,11502,3581,37092,0
9278,160000,1,1,2,31,0,0,0,0,0,0,813,1351,0,2773,215,2026,1351,0,2773,215,2026,0,0
9279,180000,1,2,1,33,0,0,0,0,0,0,177017,107267,11426,96562,144345,141659,20135,12099,96562,49000,140000,6000,0
9280,50000,1,2,1,25,1,0,0,0,0,0,-8,37230,10496,3614,2254,1494,18631,1000,0,0,0,0,1
9281,500000,1,2,1,38,1,2,0,0,2,0,91662,88467,90193,94629,92621,80971,0,4500,7200,8,3403,2311,0
9282,80000,2,2,2,23,0,0,0,0,0,0,3796,7913,7012,11009,16418,27694,7913,1000,9000,6000,12000,5000,0
9283,280000,1,3,1,49,0,0,0,0,0,0,4792,3410,2295,3105,582,14013,3410,2295,3105,582,14013,4240,0
9284,240000,2,5,1,41,2,2,2,2,2,2,239633,242710,229923,238940,238775,238202,9000,0,18000,9000,8600,0,0
9285,20000,2,1,2,24,0,0,0,0,0,0,15036,16069,16774,17266,17539,18033,1580,1280,770,700,785,600,0
9286,50000,1,2,2,27,0,0,0,0,0,0,46858,22534,18131,18530,19079,19608,2000,4131,1000,1000,1000,1000,0
9287,100000,2,1,1,42,2,2,2,2,2,2,46195,47166,46112,48925,49794,50823,2000,0,3900,1800,2000,2000,1
9288,80000,2,2,2,34,1,3,2,0,0,0,84054,82194,78715,26681,0,0,3,5,1075,0,0,0,1
9289,150000,2,1,2,40,0,0,0,0,0,0,7296,1819,1012,0,0,0,1819,1012,0,0,0,0,1
9290,220000,1,2,2,30,1,2,2,2,2,2,105348,106432,102996,100198,100357,95471,4268,3251,2900,5000,0,105300,1
9291,270000,2,2,2,34,0,0,0,0,0,0,131310,123737,115927,106350,98365,89909,6000,5700,3800,3700,3300,3100,0
9292,230000,2,3,2,25,0,0,0,0,0,0,26214,26504,20010,0,104160,0,2000,1067,0,104160,0,0,0
9293,140000,2,2,1,30,0,0,2,4,3,2,106298,111040,122612,120270,118091,122963,6451,15000,1100,0,7000,0,1
9294,180000,1,2,2,40,0,0,0,0,0,0,4289,1000,0,0,0,0,1000,0,0,0,0,10443,0
9295,140000,2,2,2,27,1,2,2,0,0,0,28332,27464,-1116,90558,92530,83880,0,28,92000,3800,3600,2604,0
9296,30000,1,2,2,35,0,0,2,2,2,0,20290,24727,24031,25579,25030,25526,5100,0,1949,0,912,2100,1
9297,80000,1,2,1,36,0,0,0,0,0,0,25028,26054,20344,7311,6100,2160,3033,3379,0,0,0,0,0
9298,140000,1,2,2,30,0,0,0,0,0,0,131026,130023,76098,50419,47202,43946,5006,2169,1651,2122,3006,2505,0
9299,20000,1,3,2,38,0,0,0,0,0,0,18878,19286,18977,18335,18718,18475,1318,1289,647,669,664,682,0
9300,360000,1,1,1,37,0,0,0,0,0,0,797,357,759,0,0,2318,360,759,0,0,2318,0,0
9301,130000,2,1,2,28,0,0,0,0,0,0,9821,8582,0,0,1170,0,8611,0,0,1170,0,1070,1
9302,70000,2,1,1,36,1,2,0,0,0,0,31919,31123,32203,34656,36927,38308,0,1600,3000,3000,2000,1420,1
9303,300000,1,1,2,41,0,0,0,0,0,0,2930,1610,0,800,0,1951,1610,0,800,0,1951,0,0
9304,500000,1,2,2,32,0,0,0,0,0,0,71731,75357,62407,63706,59452,47868,25487,80389,50132,22208,30167,25036,0
9305,20000,1,2,2,30,0,0,0,0,0,0,39508,16063,17090,17506,17924,18526,2546,1300,700,700,900,600,0
9306,140000,1,2,1,45,0,3,2,2,2,2,104144,106179,106947,107690,109821,107893,5200,4000,4000,4000,0,4100,1
9307,400000,2,2,2,27,1,0,0,0,0,0,0,0,890,0,0,1180,0,890,0,0,1180,1470,0
9308,30000,2,2,2,28,0,0,0,0,0,3,15280,16230,17153,17351,19509,18900,1500,1500,780,2600,0,900,1
9309,50000,1,1,1,33,2,2,0,0,0,0,12632,13131,14817,13725,13147,5932,1000,2000,7000,5000,5932,25497,0
9310,380000,1,2,1,38,0,0,0,0,0,0,88112,91640,93480,95256,96964,71250,4569,4000,3000,5000,5000,2070,0
9311,360000,2,2,2,27,0,0,0,0,0,0,5497,3300,512,2512,2593,0,3000,512,2000,2473,0,947,1
9312,620000,2,1,2,52,0,0,0,0,0,0,31400,32166,17206,164582,75743,54737,32335,17244,154826,76300,55012,55136,0
9313,200000,1,3,1,69,0,0,0,0,0,0,83858,66979,65728,64490,53186,52136,3207,3042,2100,2008,2508,2000,0
9314,20000,2,2,1,25,0,2,0,0,0,0,19744,19137,19476,16911,11893,9583,0,1200,0,5000,1000,0,1
9315,170000,2,1,2,29,0,0,0,0,0,0,5539,337,11277,11277,14277,-47,1147,11477,0,3000,0,0,1
9316,250000,2,1,2,26,0,0,0,2,2,2,195126,199972,205635,212608,207919,205377,9500,10800,12018,3000,5000,12000,0
9317,120000,2,2,2,25,1,0,0,0,0,0,0,0,0,0,-10810,-15296,0,0,0,0,0,85929,1
9318,150000,1,3,1,46,0,0,0,0,0,0,96396,98366,99456,79956,78154,76634,4073,3404,2722,54788,2770,2798,0
9319,200000,2,3,1,41,2,0,0,0,0,0,199802,195038,129415,88682,74132,71281,9231,4872,2894,2637,2591,2410,0
9320,200000,1,1,1,39,0,0,0,0,0,0,91415,79928,23532,23632,12852,5799,20387,2023,5060,1549,3029,8419,0
9321,180000,2,1,1,44,0,0,0,0,0,0,97925,98817,98495,96309,98484,100319,4303,4200,3500,3700,3600,3800,0
9322,500000,2,1,2,34,0,0,0,0,0,0,119451,143348,159291,262663,308074,400050,26000,20000,106700,50000,100000,200000,0
9323,20000,2,2,2,24,0,0,0,0,0,0,13867,14834,15931,15850,16226,14411,1500,1450,369,429,288,250,0
9324,500000,1,2,1,39,0,0,0,0,0,0,342548,290244,250186,276579,239874,226502,8628,6242,231888,7945,7840,6966,1
9325,80000,2,1,1,47,0,0,0,0,0,0,15739,17253,35369,18351,14249,10637,17253,35369,18351,14249,10637,12331,0
9326,80000,2,3,2,23,0,0,2,2,2,2,71988,76940,68255,55983,59823,51519,6200,2000,2,6278,0,1567,0
9327,360000,1,1,2,30,0,0,0,0,0,0,36590,29751,22581,12936,7970,7970,1400,1000,1000,3000,0,0,0
9328,230000,2,1,2,28,0,0,0,0,0,0,12089,2306,13827,11686,46963,15962,2306,13835,11686,46963,15962,1596,0
9329,70000,1,2,2,32,3,2,0,0,0,2,21986,21351,22090,22723,24351,23809,0,1400,1000,2000,0,2074,1
9330,20000,1,2,2,25,0,0,0,2,0,0,1000,0,16668,16105,16496,16872,0,25464,0,800,800,800,0
9331,250000,2,2,1,37,0,0,0,0,0,0,215928,221963,224949,229577,234221,238960,9510,8160,8364,8493,8625,8737,0
9332,400000,1,2,2,33,0,0,0,0,0,0,61705,58018,52383,48139,35898,30754,3000,3000,3000,4000,3000,4000,0
9333,420000,2,1,1,30,0,0,0,0,0,0,3790,19292,15068,37435,-1896,18995,19292,15087,37435,287,25087,3046,0
9334,320000,1,2,2,37,0,0,0,0,0,0,31989,35554,85376,88585,101546,41685,5001,92586,5001,15001,3011,6001,0
9335,30000,1,1,2,25,0,0,0,0,0,0,29108,29806,30477,30651,30107,26304,1800,1800,1300,1560,1000,1100,1
9336,470000,1,1,2,30,0,0,0,0,0,0,290137,294980,276255,241089,223366,207733,15128,12235,10123,10019,10102,10000,0
9337,70000,1,1,2,31,1,2,2,0,0,0,65779,34480,33632,35747,38981,43331,3000,0,3000,4000,5000,0,1
9338,70000,2,2,2,23,0,0,0,0,0,0,18193,19241,19346,15754,15855,15011,1352,1237,545,726,353,99,1
9339,30000,2,1,2,25,0,0,0,0,0,0,22399,25859,26540,13842,16299,18547,5000,1500,499,3000,3000,3000,0
9340,30000,2,2,1,22,1,2,2,0,0,0,14274,14367,13296,12516,0,0,1000,0,0,0,0,0,1
9341,30000,2,2,1,45,2,2,2,0,0,0,30330,30948,29480,28805,19733,16543,1400,0,928,602,768,1299,1
9342,70000,1,2,2,35,0,0,0,0,0,0,67306,69023,69340,39191,40009,40893,3400,2310,1600,1600,1700,2000,0
9343,20000,2,3,2,50,0,0,0,0,0,0,16350,17382,18488,19179,19720,19822,1300,1400,1000,1000,626,300,0
9344,210000,1,2,2,31,2,2,0,0,2,0,200332,195530,176634,128137,130500,128838,0,6800,4900,4500,4700,4900,1
9345,170000,2,1,1,36,0,0,0,0,0,0,1000,1000,3000,1000,1000,1500,1000,3000,0,1000,1500,1000,0
9346,300000,1,2,2,31,0,0,0,0,0,0,86267,78176,48163,13461,5121,5663,78580,48408,13538,5145,5690,13535,0
9347,10000,2,2,2,24,0,0,0,0,0,0,7199,8275,9232,9266,9501,9729,1350,1270,300,350,350,300,1
9348,50000,2,1,2,24,0,0,0,0,0,0,220,220,677,1200,666,1480,220,677,1200,666,1480,3710,0
9349,200000,2,2,1,30,1,2,0,0,0,0,35706,34064,30519,26166,28097,29855,1500,2547,2500,2500,3500,2000,0
9350,220000,2,1,2,36,0,0,0,0,0,0,2978,125,15064,101,1011,1411,125,15064,101,1011,1906,486,0
9351,400000,2,2,1,34,0,0,0,0,0,0,14986,25772,12621,13983,3378,3770,25772,1500,13983,3378,2000,9353,0
9352,260000,2,1,2,30,0,0,0,0,0,0,449,1340,0,0,0,0,1340,0,0,0,0,3250,0
9353,10000,2,2,1,37,0,0,0,0,0,0,10000,7419,7392,8265,8631,17974,7419,1400,1000,500,500,500,0
9354,140000,1,1,2,28,0,0,0,0,0,0,23702,23917,24460,435,435,435,1457,1000,435,435,435,435,0
9355,50000,1,3,2,43,0,0,0,0,0,0,97348,49221,29457,9279,888,19947,3711,1060,212,888,19709,690,0
9356,330000,2,2,1,42,0,0,0,0,0,0,18516,24202,32912,36710,40442,42283,10000,10000,5000,5000,5000,5000,0
9357,130000,2,1,2,29,0,0,0,0,0,0,-200,-200,0,2115,0,0,0,200,2115,0,0,0,1
9358,360000,2,1,2,33,0,0,2,0,0,0,0,883,887,26292,22279,550,883,4,26514,557,550,2500,0
9359,450000,1,1,2,28,0,0,0,0,0,0,9845,11991,17111,19585,9756,3282,3000,10000,3000,10000,3300,326,0
9360,500000,1,1,2,36,0,0,0,0,0,0,15401,23032,54759,52030,71797,93159,23128,40105,52221,71852,93218,179568,0
9361,240000,1,2,1,33,0,0,0,0,0,0,8383,3470,2220,2220,3356,2220,3470,2220,2220,3356,2220,3829,0
9362,60000,2,2,2,29,1,2,0,0,0,0,9045,7910,6770,6880,5021,4952,1000,1000,1000,2000,2000,3000,0
9363,340000,1,2,1,42,0,0,0,0,0,0,76166,83909,169911,130718,131684,126223,10000,115000,5000,6000,10000,10000,0
9364,500000,2,2,1,53,0,0,0,0,0,0,7855,17481,12021,132906,122256,37380,17512,12021,132906,0,37380,3500,0
9365,270000,2,2,1,33,0,0,0,0,0,0,121065,96197,92217,94082,96367,97793,3500,3349,3400,3800,3300,2601,1
9366,50000,1,2,2,33,0,0,0,0,0,2,24060,17474,18297,20114,13235,12482,1400,1183,2000,1200,0,610,0
9367,20000,1,3,2,29,0,0,0,0,0,0,11455,12866,5596,7337,8063,8769,2000,1500,2000,1000,1000,2100,0
9368,130000,2,1,1,36,0,0,0,0,0,0,9164,4603,5000,1500,0,390,4605,5000,1500,0,390,5874,0
9369,200000,2,1,1,55,0,0,0,0,0,0,110778,111431,96867,77140,81849,78046,3796,4262,2645,5834,2771,2945,1
9370,360000,2,2,2,25,0,0,0,0,0,0,336179,173781,161223,145172,131346,134135,6781,7226,5032,5346,15003,15011,0
9371,90000,2,2,1,55,0,0,0,0,0,0,15000,1055,-180,2320,1286,1132,1055,0,2500,2000,1132,1110,1
9372,200000,2,1,1,50,0,0,0,0,0,0,1662,2482,19272,22388,21105,3471,2482,19272,10004,10000,3471,13754,0
9373,80000,2,1,1,43,0,0,0,0,0,0,21057,2282,-185,-185,-185,665,2282,0,0,0,1000,0,0
9374,30000,2,3,1,45,1,2,2,2,0,0,29334,28198,29497,28268,30817,17219,0,2457,0,3000,344,0,0
9375,50000,1,2,2,28,0,0,0,0,0,0,48566,47893,48760,22967,39687,23755,2000,2313,813,875,1008,695,0
9376,50000,1,2,2,33,0,0,0,0,0,0,53282,50936,49911,19817,20492,20365,3000,2300,715,1000,878,1000,1
9377,450000,2,1,1,69,0,0,0,0,0,0,2000,0,1173,0,6265,2374,0,1173,0,6265,2374,708,1
9378,130000,2,2,1,37,0,0,0,0,0,0,3811,8692,10467,10067,12567,12567,5000,2000,0,2500,0,0,1
9379,350000,1,1,2,33,0,0,0,0,0,0,53562,49396,42968,38575,34226,31026,2045,1660,1338,1300,2000,865,0
9380,20000,1,3,2,22,0,0,0,0,2,2,20732,19981,431,20786,20355,18752,2,431,20355,0,2732,7189,1
9381,170000,1,2,2,27,0,0,0,0,0,0,21958,22572,14549,10849,12509,64218,1300,2000,1000,2000,52292,2200,0
9382,240000,2,2,1,38,1,2,0,0,2,2,47320,46392,51652,54969,42373,48952,0,6000,4059,14,10022,0,0
9383,130000,1,1,2,30,0,0,0,0,0,0,77939,78524,63421,60269,59984,27126,3916,3000,3000,3000,1000,2000,0
9384,360000,2,1,1,28,1,0,0,0,0,0,0,0,0,0,0,0,0,0,0,0,0,0,0
9385,10000,1,2,2,26,1,4,3,2,0,0,9526,9240,8950,8660,8840,9472,0,0,0,468,929,0,0
9386,10000,2,3,1,42,2,0,0,0,0,0,8965,8640,9412,9604,9800,0,1228,1000,192,196,0,8138,1
9387,200000,2,3,2,70,0,0,0,0,0,0,7109,9999,5300,5300,0,0,10025,5300,0,0,0,0,0
9388,150000,2,2,1,35,0,0,0,0,2,0,39883,41045,41701,40699,25218,9340,1806,1462,2000,0,2000,44,0
9389,50000,1,5,2,33,0,0,0,0,0,0,47423,33843,31251,30935,28905,27487,1600,1600,1200,1200,1000,972,0
9390,40000,1,2,2,26,1,2,2,2,2,2,39826,40690,32183,38897,40234,40536,1900,390,8000,2500,1500,0,0
9391,400000,1,1,2,42,0,0,0,0,0,0,4279,100815,15906,81768,4887,43827,101319,15942,82308,4903,44257,53406,0
9392,80000,1,2,2,25,0,2,0,0,0,0,832,416,832,416,832,416,0,832,0,832,0,416,1
9393,50000,1,2,2,28,0,2,0,0,0,0,2809,187,3135,937,-3,894,0,3141,2,0,897,906,0
9394,170000,1,2,2,42,0,0,0,0,0,0,142118,144803,133868,119956,121277,122926,7040,6165,5004,5003,5001,5009,0
9395,190000,1,3,2,34,0,0,0,0,0,0,47713,49242,52394,55521,113760,116299,3000,5000,5000,60000,5000,5000,0
9396,20000,1,2,1,62,0,0,0,0,0,0,19724,19581,0,0,0,0,1000,0,20500,0,0,0,1
9397,30000,2,1,2,23,1,3,2,2,2,2,12271,11791,11305,12216,12374,12026,0,0,1100,500,0,445,0
9398,20000,1,1,2,29,0,0,0,0,0,0,14492,15759,17371,17873,18073,10817,1500,2000,651,500,1000,500,0
9399,390000,2,2,2,48,0,0,0,0,0,0,171189,176989,178698,182101,155517,154668,10000,10000,8004,10000,6000,10000,0
9400,100000,2,3,2,66,0,0,0,0,0,0,82583,83398,85103,86802,88912,90400,3035,3100,3100,3500,3500,7100,1
9401,50000,1,2,1,34,0,0,0,0,0,0,44849,41873,28077,18291,16886,27476,2550,1636,1000,1000,1000,1000,1
9402,120000,2,3,1,54,0,0,0,0,0,0,67094,69010,70683,71504,73230,73613,3000,3000,2300,2600,2500,1500,0
9403,80000,2,1,2,24,0,0,0,0,0,0,329,49,317,827,390,120,500,320,900,400,120,400,0
9404,340000,2,2,2,39,0,0,0,0,0,0,132749,134235,128079,64598,12014,710,5290,6706,3003,241,712,43974,0
9405,110000,2,2,2,23,0,0,0,0,0,0,111271,111532,107998,79211,77881,80628,6000,4016,3000,3000,4000,4000,0
9406,90000,2,2,1,42,0,0,0,0,0,0,390,0,-390,-780,780,0,0,0,0,1560,0,0,0
9407,10000,1,2,2,26,0,0,0,0,0,0,2989,3454,2917,1473,390,1320,2000,1000,29,390,1320,0,1
9408,160000,1,2,2,28,0,0,0,0,0,0,0,0,0,0,0,0,0,0,0,0,0,0,0
9409,170000,1,1,2,34,1,2,2,2,0,0,23535,22876,25674,24963,25640,26278,0,3503,0,1078,1215,1000,0
9410,440000,2,2,1,28,0,0,0,0,0,0,8325,-4341,-15641,7059,-4220,-16370,0,752,34000,284,3650,52719,0
9411,310000,1,1,2,32,0,0,0,0,0,0,6023,23782,26024,26201,20896,6579,18000,3000,1500,500,6579,40200,0
9412,110000,1,2,1,55,0,0,0,0,0,0,106670,108727,107386,78268,75846,75685,6000,3300,3012,3008,3000,3069,0
9413,50000,1,3,2,23,1,0,0,0,0,0,0,0,0,0,0,0,0,0,0,0,0,0,0
9414,100000,2,1,1,39,2,2,2,2,2,2,97284,99542,99898,99786,97670,100959,4700,2950,3100,5,6170,7,1
9415,350000,2,1,2,29,0,0,0,0,0,0,42518,31386,24540,22187,12900,7938,1740,1000,452,448,2000,8206,0
9416,310000,2,2,2,27,1,2,0,0,2,0,192910,188501,190938,202835,199417,203830,0,7000,15001,1,8001,8001,0
9417,120000,2,2,1,40,0,0,0,0,0,0,109399,109397,36850,37739,38381,39142,3900,1700,1500,1400,1400,1500,0
9418,50000,2,3,1,25,1,0,0,0,0,0,-1159,40819,11143,9580,9793,8768,48000,3009,1000,321,2000,1000,0
9419,300000,1,1,2,32,1,2,2,0,0,0,10566,11293,12000,3458,56338,56735,1200,1200,9427,55000,2000,2000,0
9420,130000,2,2,2,29,2,2,0,0,0,0,172094,156589,145398,136115,138893,127502,0,3300,2500,2778,130000,3689,0
9421,260000,1,1,2,30,0,0,0,0,0,0,1943,855,7288,1055,710,755,855,7288,1055,710,755,955,0
9422,490000,1,1,2,35,0,0,0,0,0,0,-13,2639,1610,1231,1419,14143,2652,1618,1237,1426,14214,11493,0
9423,500000,1,1,1,43,0,0,0,0,0,0,14872,53132,74478,61069,37369,2581,53421,74559,1343,907,2592,42767,0
9424,30000,2,1,2,25,0,0,0,0,0,0,9634,4476,8830,8153,6422,500,7,7002,13,155,1,0,0
9425,60000,2,1,2,31,0,0,0,0,2,0,32632,34099,35525,38820,38066,39681,2000,2000,3900,0,2400,1500,1
9426,140000,2,2,1,45,0,0,0,2,2,2,55444,57549,60971,61374,63243,64554,3000,5000,2000,3000,2500,0,0
9427,180000,2,1,2,30,0,0,0,0,2,2,149525,152460,154206,135881,130728,123155,7320,6100,9710,4800,0,4300,0
9428,20000,1,1,2,23,0,0,0,0,0,0,18436,19219,6140,6140,0,0,1500,1000,0,0,0,0,0
9429,50000,2,2,1,29,0,0,2,2,2,0,40117,45598,44570,47133,46249,47179,6138,0,3618,0,1850,1862,1
9430,400000,2,2,2,30,2,0,0,0,0,0,24054,25381,26085,26779,29283,29764,1624,1328,1022,3000,1000,1171,0
9431,20000,1,3,2,24,1,0,0,0,0,2,0,5536,18884,18059,18163,16990,5536,14000,137,500,0,0,0
9432,430000,2,2,1,43,0,0,0,0,0,0,8894,11198,14861,13846,13451,16162,11198,14861,1400,951,14082,14482,0
9433,400000,2,1,1,32,0,0,0,0,0,0,110,532,2651,0,644,636,587,2651,0,644,636,572,0
9434,200000,2,2,2,36,0,0,0,0,0,0,694,2695,660,2315,1290,5745,2721,660,2315,1290,5745,0,1
9435,10000,2,2,2,22,0,0,0,0,0,0,656,8748,9644,9541,8971,9645,10128,1200,400,323,1600,300,0
9436,80000,1,3,2,43,2,2,0,0,0,0,76292,77465,78834,12577,18376,23766,3006,5250,33,18431,23944,28457,0
9437,140000,2,1,2,28,0,0,0,0,0,0,115743,117357,112527,91802,94114,91201,5000,5000,3600,4000,4000,4000,0
9438,20000,2,2,2,28,2,2,0,0,0,0,24611,18920,13124,18859,19828,36666,0,1200,7500,1015,15000,0,1
9439,340000,2,2,1,33,2,0,0,0,0,0,411,10983,8548,11190,8210,7981,11038,8591,11246,8251,8021,0,0
9440,230000,2,2,1,44,0,0,0,0,0,0,5630,390,5090,19394,205,0,390,5090,19394,0,3916,3916,1
9441,120000,2,2,1,37,0,2,0,0,0,0,200,200,42200,42000,42000,0,0,42000,200,0,0,0,0
9442,210000,2,1,1,34,0,0,0,0,0,0,8011,5832,7906,5111,2069,0,1126,2400,200,205,0,0,0
9443,80000,2,1,2,25,0,0,0,0,0,0,45392,46723,41986,40060,38124,37140,5000,2000,2000,2000,3000,2000,0
9444,150000,1,1,2,31,0,0,0,0,0,0,3084,-1,600,4102,4102,6121,0,601,4102,0,2019,5515,0
9445,130000,2,2,1,53,0,0,0,0,0,0,126750,119997,108738,71835,62539,61906,5996,4148,2477,2346,2640,30000,0
9446,20000,1,1,2,35,0,2,2,0,0,0,17007,16200,0,8303,8519,9371,0,0,8303,500,1000,460,1
9447,200000,2,2,1,29,0,0,0,0,0,0,204541,170572,80620,82300,0,0,7186,3900,3900,0,0,0,0
9448,200000,1,1,2,29,0,0,0,0,0,0,99,99,99,99,99,348,99,99,99,99,348,0,0
9449,80000,2,1,2,22,0,0,0,0,0,0,78028,79347,76022,58897,54512,51937,3200,2229,1900,4000,5000,21000,0
9450,80000,1,2,2,30,0,0,0,0,0,0,2688,2208,0,1000,0,0,2208,0,1000,0,0,0,1
9451,500000,1,1,1,44,0,0,0,0,0,0,150758,62931,21296,19897,4460,4195,63256,21408,19996,4482,4212,16748,0
9452,50000,1,2,1,43,2,2,2,2,2,2,15641,15105,16545,16977,16563,17688,0,2000,1000,0,1400,0,1
9453,200000,2,1,1,44,0,0,0,0,0,0,798,4130,6952,827,1426,763,4150,6952,827,1426,763,870,0
9454,80000,1,2,1,45,0,0,0,0,0,0,4089,5015,2521,531,9766,10042,1042,1000,531,9354,438,200,0
9455,50000,1,2,2,26,0,0,0,0,0,0,47169,48197,47738,47676,46694,47807,1804,1746,1681,1695,1890,4005,0
9456,130000,1,2,2,37,0,0,0,0,0,0,117471,104341,96395,82476,84205,84162,3857,3734,2924,3029,3009,3116,0
9457,310000,2,1,1,35,0,0,0,0,0,0,2948,62593,152141,125325,109142,103020,62635,100042,4017,9184,4081,6042,0
9458,190000,1,2,1,37,2,0,0,0,0,2,2461,8040,9640,0,5100,2350,8040,2000,0,5100,0,2792,1
9459,100000,1,2,2,29,0,0,0,0,0,0,70878,72753,58789,53091,55229,57144,3100,2640,2000,3000,3000,3000,1
9460,230000,2,1,1,38,0,0,0,0,0,0,2130,62469,62583,59047,52574,43723,62469,5000,2000,5000,5000,3000,0
9461,70000,2,2,2,25,0,0,0,0,0,0,66174,67555,25059,26834,14112,28191,3000,2000,2400,2012,14500,3000,1
9462,500000,2,1,1,30,0,0,0,0,0,0,8371,8759,5574,10403,2293,2702,1015,5584,6348,46,2702,4648,0
9463,50000,1,2,1,36,2,2,2,2,0,0,49732,48658,51802,50737,48763,50908,0,4000,7,1900,3903,2,1
9464,120000,1,2,2,35,1,0,0,0,0,0,0,0,0,0,0,0,0,0,0,0,0,0,0
9465,80000,2,2,1,39,0,0,0,0,0,0,51644,53177,52446,49999,41411,42328,3000,2037,2000,1499,2000,1623,0
9466,50000,2,2,1,34,0,0,2,0,0,0,11367,10982,10243,10826,11699,10146,3000,1000,1000,1000,2000,2000,0
9467,350000,1,2,2,51,0,0,0,0,0,0,39943,40859,45398,50634,60540,65074,1859,5398,5634,10540,5096,2296,0
9468,60000,2,2,2,29,0,0,0,0,0,2,60000,60594,57606,33159,36183,27572,3100,2000,3000,3800,0,2000,0
9469,200000,2,1,1,47,0,0,0,0,0,0,935,1418,-2,120,150,928,1418,0,122,300,928,464,1
9470,50000,2,2,2,23,0,0,0,0,0,0,45078,44291,39408,29689,23879,23355,3000,3000,947,1000,837,866,0
9471,90000,2,2,1,43,0,0,0,0,0,0,7489,5798,15112,0,0,0,5833,15114,0,0,0,0,0
9472,360000,1,2,2,31,0,0,0,0,0,0,744,9613,18748,18694,11606,7516,9667,18781,6729,58,7553,8758,0
9473,440000,2,2,2,25,2,2,0,0,0,0,225416,220405,226731,231456,237707,243555,0,10000,10000,10000,10000,10000,1
9474,170000,2,2,1,52,0,0,0,0,0,0,168516,168529,169956,119844,117944,118163,6791,7333,4218,4269,4481,4144,0
9475,190000,2,2,1,33,0,0,0,0,0,0,142272,143386,141711,142569,141733,142982,8007,8000,8000,5500,5339,5058,0
9476,290000,1,1,2,29,1,0,0,0,0,0,0,0,0,0,0,0,0,0,0,0,0,0,1
9477,210000,1,1,2,37,1,0,0,0,0,0,0,1422,0,0,0,478,1422,0,0,0,478,0,0
9478,20000,1,1,2,24,0,0,0,0,0,0,3395,2296,396,396,8972,3984,2296,396,396,8972,3984,396,1
9479,400000,2,1,1,35,0,0,0,0,0,0,10043,17883,9322,15693,5588,10161,18057,9368,15771,5616,10173,10077,0
9480,360000,2,1,1,32,1,0,0,0,0,0,0,0,0,0,0,0,0,0,0,0,0,0,1
9481,250000,1,1,1,53,1,0,0,0,0,0,0,4190,21500,0,10180,7680,4190,25690,0,10180,7680,0,1
9482,30000,1,2,1,30,0,0,0,0,0,0,27836,28998,29480,29500,0,0,2000,1200,1000,0,1500,0,0
9483,280000,2,1,1,47,0,0,0,0,0,0,257561,270827,212405,194345,161084,174622,20000,15000,0,161084,15000,20000,0
9484,70000,2,3,1,59,2,2,2,2,2,2,68766,70772,71622,68443,72210,70267,3700,2604,0,5001,9,2603,1
9485,70000,1,1,2,26,0,0,0,0,0,0,35666,18116,18397,17262,24921,0,5000,17831,17262,15001,0,11672,0
9486,20000,1,2,2,47,0,0,2,0,0,0,14591,16254,16686,17406,18123,19680,1900,1000,1000,1000,1864,1000,0
9487,350000,1,1,2,32,0,0,0,0,0,0,15179,4981,19194,4389,1717,4066,4983,15084,2028,1725,4086,2476,0
9488,200000,2,1,2,37,0,0,0,0,0,0,21111,25562,8603,28692,29019,43308,5000,5000,20089,30000,15093,15051,0
9489,90000,1,3,2,25,0,0,0,0,0,0,6822,6995,7884,0,0,0,1172,1061,0,0,0,193,1
9490,100000,2,1,1,52,0,0,0,0,0,0,4740,3584,3609,3381,3666,2233,2000,2000,2054,2000,0,975,0
9491,50000,2,2,1,22,0,0,0,0,0,0,48255,41550,35553,23711,25975,900,2400,1842,1000,1928,900,31150,0
9492,280000,2,3,1,51,0,0,0,0,0,0,2158,0,0,0,0,0,0,0,0,0,0,0,0
9493,50000,1,3,1,38,1,5,4,3,2,0,51106,50059,48988,47917,47020,48027,0,0,0,0,1943,1727,1
9494,120000,2,2,2,29,0,0,0,0,0,0,3570,3362,0,0,0,0,0,0,0,0,0,6330,1
9495,100000,1,3,2,25,2,2,2,0,0,0,96889,102893,99176,80358,75007,76805,8513,128,3011,3000,3200,3400,1
9496,130000,1,2,2,29,0,0,0,0,0,0,3920,3848,942,942,768,-174,4000,942,942,768,0,0,0
9497,200000,2,1,2,30,0,0,0,0,0,0,196845,189104,183255,147612,148088,99985,8990,7000,5500,6000,4220,3610,0
9498,350000,1,1,2,34,0,0,0,0,0,0,147070,109978,77151,73814,79692,79949,7331,10000,5000,10000,5000,5000,0
9499,20000,2,1,2,44,0,0,0,0,0,0,19018,18581,19864,20181,20210,20043,1327,2000,1000,710,1043,1000,0
9500,150000,2,1,2,32,0,0,0,0,0,2,125995,127467,130080,131238,141612,140868,5000,4723,3323,11086,0,4000,0
9501,130000,2,1,1,30,0,0,0,0,0,0,9255,10264,7060,4480,3000,0,1204,1000,3990,3000,0,200,0
9502,330000,2,1,2,34,0,0,0,0,0,0,173630,178833,187820,190202,194964,199008,8000,12000,7000,8000,7287,7400,0
9503,80000,2,2,3,52,0,0,0,0,0,0,63134,57072,55618,50345,52031,53141,2087,2019,2000,2500,2095,2002,0
9504,10000,1,5,2,35,3,2,0,0,0,0,10281,9949,8838,8838,0,0,25,4000,0,1000,0,0,0
9505,360000,1,1,2,29,1,0,0,0,0,0,-1808,-1808,6458,825,825,825,0,9091,825,825,825,825,0
9506,120000,1,1,1,36,0,0,0,0,0,0,43488,44785,47195,12432,13226,14258,2000,3200,37432,1000,1258,1000,0
9507,20000,2,2,2,22,0,0,0,0,0,0,7130,8185,9084,8667,8848,5328,1177,1076,249,258,500,500,0
9508,280000,2,1,2,35,0,2,2,0,2,0,199,199,-127,1012,536,982,0,0,1548,0,982,601,0
9509,100000,2,2,1,45,0,0,0,0,0,0,0,0,0,0,0,1505,0,0,0,0,1505,0,0
9510,70000,1,2,2,31,0,0,0,0,0,0,63441,29091,29802,30395,31034,31668,1789,1500,1089,1130,1150,1200,0
9511,350000,2,1,1,31,0,0,0,0,0,0,7914,4221,23907,28528,24965,5727,4221,23916,25528,2965,5753,8095,0
9512,50000,1,2,1,36,0,0,0,0,0,0,22430,23763,24564,26145,26774,27476,2000,1500,2000,1200,1300,1150,0
9513,470000,2,1,2,35,0,0,0,0,0,0,37342,39348,43806,48213,52585,56883,2500,5000,5000,5000,5000,5000,0
9514,350000,1,1,2,31,0,0,0,0,0,0,297967,286352,160042,131977,133067,41470,100066,5715,6005,6287,2103,3,0
9515,140000,1,1,2,56,0,0,0,0,0,0,140630,142166,51334,51533,52233,53826,6100,2411,2000,2041,3000,1874,0
9516,140000,2,2,2,23,0,0,0,0,0,0,49235,45173,39585,36189,21772,21417,2517,1559,2000,1003,1000,1002,0
9517,380000,1,1,2,27,0,0,0,0,0,0,73903,66541,58665,43837,72069,61925,2924,2555,1515,37056,2413,1522,0
9518,50000,1,2,2,24,1,2,2,2,2,2,33991,33168,34805,34933,36692,37934,0,2500,1000,2900,2000,1500,1
9519,260000,2,3,1,48,0,0,0,0,0,0,97908,84773,70259,58341,58730,52789,2980,2338,1911,5014,5004,2007,0
9520,20000,2,3,1,25,1,2,3,2,2,0,19045,20438,19771,20241,19364,18260,2000,0,1000,0,1000,0,0
9521,190000,2,3,1,39,0,0,0,0,0,0,157,-1049,-2681,1975,2244,3294,0,0,6475,2244,2284,0,0
9522,220000,1,2,1,39,5,4,3,2,0,0,187665,175338,163018,128157,131067,108683,0,11,0,4561,5007,170806,0
9523,230000,2,1,2,36,0,0,0,0,0,0,111691,117858,121697,119772,115730,111222,8000,6000,5000,5000,5000,5000,0
9524,20000,2,2,1,43,0,0,0,0,0,0,7470,8492,9547,20766,12197,12994,1145,1200,2000,3000,1000,2000,0
9525,100000,1,2,1,52,0,0,0,0,0,0,21641,22983,24290,25080,25768,27407,2000,2000,1500,1093,2228,0,0
9526,150000,2,1,2,26,0,0,0,0,0,0,38052,0,18600,18400,1527,1527,0,18600,0,1527,0,0,0
9527,320000,2,1,2,28,0,0,0,0,0,0,11684,1127,1943,13312,-5,-5,1135,1952,13375,5,0,0,0
9528,50000,2,2,1,33,0,0,0,0,0,0,76025,78548,77882,79471,81121,1685,3750,1558,1589,1650,9980,0,1
9529,50000,1,2,2,53,0,0,0,0,0,0,50302,49440,49891,20503,20159,20268,2100,1793,700,731,735,616,0
9530,370000,2,2,2,39,0,0,0,0,0,0,181221,180616,114073,57660,23093,18436,10073,6367,5100,2000,3000,3000,0
9531,150000,2,1,1,37,0,0,0,0,0,0,58337,0,0,14515,8758,6882,0,0,14515,8758,6880,8267,0
9532,200000,2,2,1,40,0,0,0,0,0,0,390,390,390,390,390,390,390,390,390,390,390,390,1
9533,200000,1,2,1,34,0,0,0,0,0,0,170,1512,-15,1067,2176,3378,1525,0,1082,2179,2013,165,1
9534,30000,1,2,2,37,0,0,2,0,0,0,1197,2536,1100,710,320,-70,2600,0,0,0,0,1000,1
9535,200000,2,2,2,46,0,0,0,0,0,0,121198,123834,136629,139504,142269,145250,4593,14955,5143,5166,5349,5538,0
9536,200000,1,1,2,26,0,0,0,0,0,0,0,1516,11533,9463,3884,3033,1516,11533,189,1000,2050,11300,0
9537,240000,2,2,2,26,0,0,0,0,0,0,138859,136521,135459,117308,107928,103799,5308,4915,4100,4000,4002,4000,1
9538,40000,2,2,1,24,2,2,2,2,2,0,28953,35389,34205,39361,35125,35890,6918,0,6000,0,2000,5000,1
9539,140000,1,1,2,31,0,0,0,0,0,0,97448,70631,0,0,0,0,1413,0,0,0,0,0,0
9540,50000,1,2,2,35,0,0,0,0,0,0,50497,49289,36295,20067,20197,20202,2011,5009,2000,1000,1500,3000,0
9541,50000,2,3,1,48,0,0,0,0,0,0,38031,31677,27240,31505,25979,25925,2000,2000,5000,2000,21000,0,0
9542,160000,2,2,2,25,0,0,0,0,0,0,227,0,354,355,47,605,861,354,1,48,906,0,0
9543,140000,1,1,2,32,0,0,0,0,0,0,12319,0,0,61,561,528,0,0,61,500,528,498,0
9544,240000,2,3,1,28,0,0,0,0,0,0,230184,228640,227399,200357,197198,186551,9000,9000,7000,7000,6512,6000,1
9545,230000,2,1,2,29,0,0,0,0,0,0,495,466,3432,495,495,495,466,3461,495,495,495,0,0
9546,200000,2,2,2,32,0,0,0,0,0,0,165074,170905,186093,188139,141208,144242,10000,20000,6000,5300,5500,4600,0
9547,50000,2,1,1,49,0,0,0,0,0,0,44767,45719,45665,49287,48290,50000,5001,2007,5003,303,3000,0,0
9548,360000,2,1,2,30,0,0,0,0,0,0,23725,45913,80945,54064,52342,33074,61137,79800,42015,53710,33074,119504,0
9549,500000,2,1,1,42,1,0,0,0,0,0,0,0,1680,0,6745,0,0,1680,0,6745,0,756,0
9550,20000,1,3,2,22,1,2,0,0,0,0,18977,18374,18458,18852,19546,21165,0,1680,1000,1000,2100,0,0
9551,80000,1,2,2,30,2,2,2,2,2,2,73113,74639,75408,76618,77459,75327,3300,2600,3000,3000,1580,5800,0
9552,30000,2,1,1,44,0,0,0,0,0,0,616,0,0,0,0,0,0,0,0,0,0,0,0
9553,80000,2,2,1,35,0,0,0,0,0,0,14376,15689,16393,16724,17086,17431,1435,1139,470,500,490,544,0
9554,30000,2,2,1,52,0,0,2,0,0,0,27101,30360,28002,23879,4178,0,4110,94,1879,84,0,0,0
9555,200000,2,3,1,48,0,0,0,0,0,0,0,0,0,0,0,0,0,0,0,0,0,0,0
9556,240000,1,4,2,29,0,0,0,0,0,0,219419,151914,159320,148705,134563,195628,7000,10082,8095,7015,67006,7026,0
9557,280000,1,2,2,29,0,0,0,2,2,0,255317,259137,276794,281455,276403,234607,9439,22000,10694,0,8475,9266,1
9558,170000,2,2,2,33,0,0,0,0,0,0,1547,0,0,0,0,0,0,0,0,0,0,0,0
9559,100000,2,3,2,44,0,0,0,0,0,0,89988,92388,94478,59387,60953,59786,3852,4135,2200,2521,2162,2697,0
9560,70000,2,2,2,24,0,0,2,0,0,0,65508,50382,49271,50449,51636,53666,4000,0,2000,2000,3000,2000,1
9561,110000,2,2,3,27,0,0,0,0,0,0,91538,84348,78925,49341,50289,44221,3354,2745,2341,1959,5000,3000,0
9562,100000,2,3,2,27,0,0,0,0,0,0,83587,85389,86981,81522,81171,79766,3151,3065,2892,2936,3000,3000,0
9563,80000,1,1,2,39,2,2,2,2,0,0,78246,79404,80388,78128,75762,73873,3000,3001,0,2703,3100,8302,1
9564,300000,2,2,1,33,0,0,0,0,0,0,1496,1496,1496,2490,1996,1494,1500,1500,2494,1006,1498,2003,0
9565,150000,2,1,1,40,0,0,0,0,0,0,52097,30188,20242,5332,61826,5220,2000,1000,5003,61826,5000,20000,0
9566,150000,1,2,2,26,0,0,0,0,0,0,69358,42457,92213,70406,70037,14461,4213,92457,5023,4311,7030,3054,0
9567,10000,1,3,1,52,1,2,0,0,0,0,6969,6712,7722,7875,8041,8357,0,1128,281,292,450,1415,1
9568,210000,2,1,2,35,0,0,0,0,0,0,0,0,0,820,0,0,0,0,820,0,0,0,0
9569,20000,1,2,2,25,0,0,0,0,0,0,19770,19463,20998,19468,36702,0,1465,4000,0,367,0,0,1
9570,20000,1,2,1,38,0,0,0,0,2,0,6715,7736,8745,9394,9101,9282,1287,1296,945,0,481,829,0
9571,80000,2,3,1,48,2,2,2,0,0,0,63695,33283,22442,15553,5593,1350,6056,652,517,0,27,5200,0
9572,270000,1,2,1,49,0,0,0,0,0,0,-173,-173,-173,-173,-173,-173,0,0,0,0,0,0,0
9573,200000,2,1,1,33,0,0,0,0,0,0,0,225,5628,5540,16378,4850,225,5628,23,16378,4850,2255,0
9574,200000,1,1,1,34,0,0,0,0,0,2,2727,1332,2003,816,4530,4245,1332,2003,816,4530,0,0,0
9575,10000,1,2,2,34,0,0,0,0,0,0,9323,8708,0,9601,10005,9058,1000,0,9601,800,1000,1000,0
9576,360000,1,1,2,34,0,0,0,0,0,0,5275,24267,33473,51900,30424,48646,24267,10000,20000,3003,20000,30000,0
9577,20000,1,2,1,40,1,2,0,0,0,0,20138,19531,18867,19253,20003,19470,0,1146,532,900,781,0,1
9578,40000,2,1,1,27,0,0,0,0,0,0,40856,39045,39825,38847,31535,32159,2023,1803,1425,1293,1300,1339,0
9579,110000,1,3,1,50,0,0,0,0,0,0,109192,106322,67727,47313,47255,47255,4300,3000,2000,1700,1800,1664,0
9580,50000,1,3,1,50,0,0,0,2,0,0,63889,65512,68764,14353,16110,17832,2800,4000,0,2000,2000,1000,0
9581,100000,2,1,2,28,0,0,0,0,0,0,46430,47679,48783,49981,44211,48568,2000,2000,2000,1514,5000,0,0
9582,50000,1,2,2,21,0,0,0,0,0,0,21023,27270,11342,8305,7288,0,3000,1000,0,0,0,0,0
9583,30000,2,3,1,23,2,2,0,0,2,2,15955,15410,17149,18362,18919,19161,0,2000,1500,1000,700,0,1
9584,20000,1,1,2,23,2,2,2,2,2,2,7040,7897,7622,8294,8016,9382,1128,0,800,0,1500,815,1
9585,100000,1,2,1,44,2,2,2,2,0,0,30094,31111,31407,30603,31411,32089,1800,1100,0,1300,1200,1400,1
9586,80000,2,2,1,24,0,0,0,0,0,0,1462,2472,0,492,0,0,1502,0,492,0,0,0,0
9587,120000,1,1,2,29,0,0,0,0,0,0,118303,98232,150952,77639,79966,61248,3358,3400,6000,3200,4000,845,1
9588,30000,1,2,2,36,0,0,2,0,0,0,3024,3462,390,240,2150,780,3462,0,240,2300,780,0,0
9589,80000,1,5,1,25,0,0,0,0,0,0,59366,49079,0,16638,18367,33081,15027,0,16638,2000,15081,0,0
9590,170000,2,1,2,30,1,0,0,0,0,0,0,0,550,0,0,0,0,550,0,0,0,0,1
9591,20000,1,1,1,40,0,0,0,0,0,0,30832,17896,17258,18981,19496,18594,3500,1500,2000,800,800,700,0
9592,50000,2,3,1,36,0,0,0,0,0,0,46311,47579,47897,28263,8548,8906,2014,1332,698,310,500,330,0
9593,300000,2,1,1,31,0,0,0,0,0,0,149893,152529,152882,113347,114554,116357,7000,6000,4084,4056,4300,6609,0
9594,20000,2,1,2,26,2,2,2,2,2,2,300,300,300,300,300,300,0,0,0,0,0,0,1
9595,130000,1,2,2,29,0,0,0,0,0,0,29252,30086,30680,30797,31147,31996,2000,1793,1300,1223,1851,1000,0
9596,500000,2,2,1,41,0,0,0,0,2,2,2503,613,2339,4333,1285,1969,1043,4401,3150,0,1000,498,0
9597,30000,1,2,2,41,0,0,0,0,3,2,9736,10453,11771,13032,12538,12187,1182,1500,1761,0,0,1100,0
9598,180000,2,2,1,41,0,0,0,0,0,0,139184,141752,122164,111328,113890,116823,6411,6000,5000,4500,5000,4200,0
9599,340000,1,1,2,33,0,0,0,0,0,0,8427,10289,9452,22630,8819,9327,10300,9461,22676,8007,9336,32776,0
9600,480000,2,1,2,29,1,0,0,0,0,0,0,0,0,0,0,0,0,0,0,0,0,0,0
9601,80000,2,2,2,30,1,0,0,0,0,0,0,0,0,0,0,0,0,0,0,0,0,0,0
9602,140000,2,3,2,24,0,0,0,0,0,0,20923,19713,19385,19244,17185,36377,1633,1600,800,1753,20000,938,0
9603,180000,2,3,2,30,0,0,0,0,0,0,105873,90251,62144,56728,52918,20856,5000,3500,1000,1420,1000,500,0
9604,30000,2,2,2,30,0,0,2,0,0,0,16570,18989,18387,22047,23691,25547,3000,0,4000,2000,2250,1500,0
9605,290000,1,1,3,55,0,0,2,0,0,0,7970,10320,10005,10838,11663,13301,2482,0,1000,1000,2000,2000,1
9606,110000,2,3,2,45,0,0,0,0,0,0,9242,9484,13922,18766,28498,30667,5000,5000,5000,10000,5000,5000,0
9607,60000,1,1,2,25,0,0,0,0,0,0,24200,34708,25326,27914,30476,31982,11000,2000,3000,3000,2000,2000,0
9608,80000,2,1,1,35,0,2,0,0,0,0,3614,82,3723,303,662,3295,0,3723,891,662,3295,1088,0
9609,110000,1,1,2,25,0,0,0,0,0,0,64155,65743,66533,67677,39066,39884,2621,2123,1952,2000,1468,800,0
9610,20000,1,2,1,42,1,2,0,0,0,0,17614,17042,18052,18562,18814,19500,0,1300,810,700,1000,900,1
9611,150000,1,3,2,31,0,0,0,0,0,0,4213,5897,2365,5004,5531,3567,5914,2378,5019,5547,3576,5138,0
9612,240000,2,3,1,44,0,0,0,0,0,0,24469,11511,4670,17480,5489,7740,11511,4670,17480,0,7740,6788,0
9613,400000,1,1,1,44,0,0,0,0,0,0,18432,24198,22584,22655,23417,16845,6838,2159,1000,3000,1008,1000,0
9614,120000,1,1,1,34,2,2,2,2,2,2,97463,99018,100493,101937,104159,102324,4000,4000,4000,4000,0,8000,1
9615,330000,1,1,2,39,0,0,0,0,0,0,365672,346014,334826,265256,264516,264079,12350,12780,9400,20000,9610,10200,0
9616,30000,1,2,2,29,0,0,0,0,0,0,390,390,390,1438,719,1588,390,390,1438,0,1588,0,0
9617,100000,1,3,1,55,2,0,0,0,0,0,435,435,285,-150,-585,1020,435,285,0,0,2040,0,0
9618,140000,1,1,2,37,0,0,0,0,0,0,291,291,291,291,291,441,291,291,291,291,441,291,0
9619,50000,1,5,2,33,0,0,0,0,0,0,45226,46080,32218,20650,0,0,1618,1647,1050,0,0,0,0
9620,310000,1,1,2,37,0,0,0,0,0,0,0,0,0,0,0,0,0,0,0,0,0,0,1
9621,160000,2,3,1,49,0,0,0,0,0,0,741,6339,3334,3086,6959,5404,6339,3338,3090,6971,5410,1816,0
9622,110000,2,1,2,25,0,0,0,0,0,0,86107,83894,85037,44819,24512,25447,0,4000,2100,2000,1500,1500,0
9623,20000,1,2,1,45,0,0,0,0,0,0,1651,0,390,390,780,0,0,390,390,780,0,0,0
9624,30000,2,3,2,23,0,0,0,0,0,0,528,913,10773,916,3091,700,913,10773,916,3091,700,0,0
9625,50000,1,2,1,47,1,0,0,0,0,0,0,835,226,-1300,-1300,-1300,835,226,0,0,0,0,0
9626,20000,1,3,2,24,0,0,0,0,2,2,13470,14748,15761,17497,17075,19777,1500,1264,2000,0,3000,0,1
9627,220000,2,1,2,36,0,0,0,0,0,0,1838,921,943,1467,25075,6862,923,945,1471,25150,6882,7715,0
9628,460000,1,1,2,36,0,0,0,0,0,0,11469,13749,32838,33203,3129,5945,13766,32871,21000,165,3551,28979,0
9629,150000,2,1,2,34,1,0,0,0,0,2,0,0,0,0,552,252,0,0,0,552,0,13404,1
9630,50000,2,3,1,53,0,0,0,0,0,0,20211,48672,34694,35503,2025,0,36396,1662,1471,2125,0,0,0
9631,100000,2,1,1,32,2,0,0,0,0,2,98033,97995,98781,97946,101885,98015,4620,4700,3900,7900,0,7700,0
9632,260000,1,1,1,50,0,0,0,0,0,0,115937,118957,119649,122448,-3353,123939,5800,6000,8000,40000,127292,6000,0
9633,50000,1,3,1,41,4,3,2,0,0,0,52955,51847,50307,27707,28479,28979,0,0,0,974,31100,1200,1
9634,50000,2,2,2,27,0,0,0,0,0,0,46465,47776,47626,45227,29436,10363,2367,1606,1198,1196,343,154,0
9635,240000,2,1,2,34,0,0,0,0,0,0,4970,0,0,0,0,0,0,0,0,0,0,0,0
9636,230000,1,3,2,24,0,0,0,0,2,0,82066,80317,70854,74413,72447,73418,4000,3500,6000,0,3000,2800,0
9637,90000,2,2,2,28,0,0,0,0,0,2,69186,72450,73798,74682,79586,78261,5000,3158,2600,6000,0,19000,0
9638,20000,2,2,2,22,0,0,2,0,0,0,5473,7492,4988,11680,6590,0,2300,0,102,1500,0,0,0
9639,70000,2,3,2,25,0,0,0,0,2,0,68658,68618,61208,50111,49207,50524,4500,2783,25000,0,3000,6000,0
9640,260000,1,1,2,29,0,0,0,0,0,0,128208,100939,92549,90038,88772,111287,17000,6000,5000,6500,25000,4000,0
9641,20000,2,2,2,35,1,2,0,0,0,0,14181,12467,6689,0,0,0,0,1000,0,0,0,0,1
9642,150000,2,2,2,29,0,0,0,0,0,0,94409,92047,79088,81399,74009,65871,5000,5000,5000,6000,5000,4000,0
9643,200000,2,3,2,51,0,0,0,0,0,0,196875,180428,131111,112995,107300,101918,7657,4814,3921,4000,4365,11000,0
9644,50000,1,1,2,57,0,0,0,0,0,0,50770,50709,49814,51199,20306,20306,1814,1816,2201,716,721,693,0
9645,210000,1,2,1,39,0,0,0,0,0,0,1443,1443,1443,1443,1443,1443,1443,1443,1443,1443,1443,1443,0
9646,360000,1,1,2,27,0,0,0,0,0,0,759,5695,1390,8531,8531,-33,5702,1395,8531,0,0,0,0
9647,30000,2,2,2,34,1,2,2,2,2,2,23860,23192,30042,28276,30483,29848,0,7300,0,2666,0,1000,0
9648,170000,2,2,2,35,0,0,0,0,0,0,13500,7499,7301,10342,14295,20471,1315,1200,10342,14295,20471,6401,0
9649,500000,2,2,2,32,0,0,0,0,0,0,44462,37890,28527,27030,27454,30486,7000,7000,8000,10000,12000,2876,0
9650,80000,1,2,2,31,0,0,0,0,0,0,45605,46669,47892,49098,50152,51812,1800,2000,2000,2000,2500,4000,0
9651,70000,1,2,2,24,3,2,2,2,2,2,63000,64397,65253,63609,68397,69605,3000,2500,0,6000,2500,2700,1
9652,100000,1,3,2,26,0,0,0,0,0,0,30627,31894,33049,33112,0,715,2326,2000,1300,0,715,0,0
9653,300000,2,2,1,26,0,0,0,0,0,0,316,316,316,316,316,466,316,316,316,316,466,316,0
9654,200000,2,2,1,49,0,0,2,0,0,0,3024,11080,8736,26383,27959,20360,10000,0,20000,10000,5000,1520,0
9655,190000,1,1,2,30,0,0,0,0,0,0,25953,1590,478,10035,24345,1150,1698,478,10035,24345,1191,14512,0
9656,30000,2,3,1,43,0,0,0,0,0,0,23101,16480,15459,15366,15680,15000,1481,1400,307,314,300,1770,0
9657,230000,2,3,1,58,1,0,0,0,0,0,0,0,3000,1800,29387,22980,0,3000,1800,29387,1200,2525,0
9658,80000,1,1,1,46,0,0,0,0,0,0,39115,40176,39681,29213,25356,22723,2000,2490,1522,1100,960,988,0
9659,280000,2,1,2,36,1,0,0,0,0,0,124,0,0,428,0,0,0,0,428,0,0,0,0
9660,140000,2,1,2,29,1,2,0,0,0,0,144922,141289,137377,93261,95368,97063,17,5547,3242,3512,3333,4383,0
9661,30000,2,3,1,35,2,2,2,2,2,2,27160,26444,28694,27936,29930,29302,0,3000,0,2600,0,1600,1
9662,30000,2,2,1,36,2,2,2,2,2,2,16818,20213,19590,21261,20783,22081,4000,0,2000,0,1800,0,1
9663,20000,1,2,1,51,0,0,0,0,0,0,18673,17572,18584,19097,19328,37576,1297,1309,822,682,0,1558,0
9664,230000,2,2,1,30,0,0,0,0,0,0,3686,5557,5816,1288,23196,15072,5619,5838,7,23312,15147,16518,0
9665,20000,1,2,2,23,0,0,2,0,0,0,16831,20404,19621,14051,0,0,4183,0,281,0,0,0,1
9666,360000,2,1,2,27,0,0,0,0,0,2,21275,22517,23707,24145,24068,24350,1800,1800,1000,1649,1003,3,1
9667,60000,2,1,2,24,0,0,0,0,0,0,56119,57282,58533,59349,55302,56563,2664,2800,2400,2100,2181,2213,0
9668,20000,2,2,2,48,0,0,0,2,0,0,14218,15247,16986,16418,16615,16944,1562,2301,0,610,604,779,1
9669,500000,1,1,1,44,0,0,0,0,0,0,367,15272,12925,75667,67609,71946,16652,76146,67697,67609,71946,14000,0
9670,380000,1,2,1,39,0,0,0,0,0,0,0,4107,2517,710,0,0,4107,2517,716,0,0,1183,0
9671,160000,1,1,2,27,1,0,0,0,0,0,-1860,-2790,-4650,930,930,2010,0,0,5580,930,2010,0,0
9672,170000,1,1,2,48,2,2,7,7,7,7,2400,2400,2400,2400,2400,2400,0,0,0,0,0,0,0
9673,430000,2,1,2,29,0,0,0,0,0,0,67336,53400,52214,32386,32848,28557,3261,3051,1199,2000,2000,140908,0
9674,320000,1,1,1,39,0,0,0,0,0,0,8374,17634,38000,1140,997,1633,17634,21000,1140,997,1633,0,0
9675,180000,1,1,1,31,0,0,0,0,0,0,1100,860,1480,380,740,1100,860,1000,0,740,1100,380,1
9676,50000,1,2,2,42,0,0,0,0,0,0,47612,97918,49376,19693,19677,19657,2113,1949,685,700,712,674,0
9677,60000,1,2,2,29,2,2,2,2,2,2,47631,48574,49476,50360,50509,52522,2000,2000,2000,1100,3000,0,0
9678,360000,2,3,2,38,1,0,0,0,0,0,-507,751,15369,7845,6786,0,1502,15369,200,0,0,0,0
9679,80000,2,2,2,23,0,0,0,0,0,0,80998,63184,58346,56361,55933,56936,4500,1973,3000,5000,2100,3200,0
9680,50000,1,3,1,41,0,0,0,0,0,0,26948,16272,1000,0,0,0,5017,1103,0,0,0,0,0
9681,200000,2,2,2,37,2,0,0,0,0,0,214261,210315,206563,202896,173111,170326,8000,9000,8000,7000,7200,10500,0
9682,460000,2,1,2,36,0,0,0,0,0,0,58312,36388,52920,50106,50147,1341,36570,52937,1006,1019,1347,1965,0
9683,130000,2,2,2,23,0,0,0,0,0,0,78426,77613,62963,58470,59069,51599,3000,3000,3000,2500,2000,3000,0
9684,440000,1,2,2,29,0,0,0,0,0,0,430990,436979,329814,289341,287809,293176,18887,12076,10042,11005,11069,9006,0
9685,280000,1,2,2,38,2,2,2,0,0,0,168581,170775,166749,168739,166757,161777,6000,5,5858,5741,5608,5712,1
9686,20000,1,3,2,39,0,0,0,0,0,0,6530,8389,10090,3450,13030,9507,8389,5000,3450,13030,9507,19794,0
9687,60000,2,2,2,24,0,0,0,0,0,0,57925,58188,58411,58743,60042,57781,2100,3000,2500,2500,2300,5000,0
9688,210000,2,2,2,38,0,0,0,0,0,0,194358,185907,180618,184110,189134,194966,8000,10000,8000,8000,9000,8000,0
9689,100000,2,3,2,46,0,0,0,0,0,0,56009,58104,62126,68082,73858,77226,3000,5000,7000,6900,4600,4200,0
9690,240000,1,1,1,46,0,0,0,0,0,0,0,0,0,0,0,0,0,0,0,0,0,0,0
9691,280000,2,3,2,43,0,0,0,0,0,0,194868,178774,172045,175487,179270,183394,7000,7000,6200,6500,7000,7000,0
9692,130000,2,1,2,29,0,3,2,2,2,2,78,78,78,78,78,-121,0,0,0,0,0,0,0
9693,360000,1,1,2,35,0,0,0,0,0,0,1533,-12,2493,-6,1299,-2,24,2505,0,1305,0,0,1
9694,210000,2,3,2,36,0,0,0,0,0,0,203447,206683,99411,63322,73433,75381,6549,4500,2407,12700,3200,4000,0
9695,20000,1,3,2,23,2,2,2,2,3,2,15034,17676,17100,19111,18525,18080,3200,0,2600,0,0,1700,1
9696,20000,2,2,2,23,0,0,0,0,0,0,4731,6642,11508,16953,17310,18466,2000,5000,6000,626,1441,0,0
9697,50000,1,2,1,34,1,2,2,2,2,2,16501,15947,18134,17622,19249,14259,0,2500,0,2000,0,1000,1
9698,100000,2,2,1,39,0,0,0,0,0,0,97040,65668,66046,66779,45833,46369,2617,2098,1916,1707,1732,1379,0
9699,50000,1,3,2,29,0,0,0,0,0,0,0,0,0,0,0,0,0,0,0,0,0,0,0
9700,130000,1,2,2,27,1,2,2,2,2,2,123371,125905,126524,127534,130524,132416,6000,4300,4400,5000,4000,63,1
9701,270000,2,1,2,31,0,0,0,0,0,0,13759,0,0,2786,4686,3184,0,0,2786,4686,0,0,0
9702,50000,2,2,2,24,0,0,0,0,0,0,390,390,390,780,780,0,390,390,780,0,0,0,0
9703,80000,2,2,1,35,0,0,0,0,0,0,9647,10390,10816,9746,9798,10401,1206,1131,322,490,1402,201,0
9704,10000,2,1,2,29,0,0,0,0,0,0,1727,1508,3096,3400,4522,-240,1508,3098,3400,4522,0,1000,0
9705,190000,2,2,1,34,0,0,0,0,0,0,500,300,0,0,418,964,300,0,0,418,964,670,0
9706,50000,1,1,2,27,0,0,2,0,0,2,40688,43816,42816,43528,46258,47340,4100,0,1723,3600,2000,2780,0
9707,100000,2,3,1,46,2,2,2,2,2,0,42674,45983,46927,47759,46865,47930,4000,2000,1900,0,2000,4000,1
9708,150000,1,2,2,49,0,0,0,0,0,0,151822,86002,75782,76333,77956,77553,2985,2700,5000,2823,2865,2679,1
9709,510000,1,3,2,30,0,0,0,0,0,0,548,0,0,0,0,1769,0,0,0,0,1769,0,0
9710,110000,2,2,2,24,0,0,0,0,0,0,1362,1352,1867,36986,40053,41196,1352,1867,36986,5000,3000,23000,0
9711,150000,2,1,1,58,0,0,0,0,0,0,1657,2277,4049,1665,559,0,2277,4066,1665,559,0,663,0
9712,50000,2,2,1,54,0,0,0,0,0,0,48403,48119,43590,18264,18659,18918,2020,3128,1000,656,645,630,0
9713,50000,2,2,2,23,0,0,0,0,0,0,25622,33564,25680,13577,1148,-6,10122,10028,5000,6,0,0,0
9714,360000,2,2,1,29,1,0,2,0,0,0,0,828,414,414,414,414,1244,2,416,416,416,600,0
9715,10000,2,1,2,24,2,0,0,2,2,2,6524,7559,9564,9264,9862,10050,1300,2300,0,900,500,0,0
9716,210000,2,1,2,26,1,2,2,0,0,0,120098,121222,117783,120126,122643,125123,4500,0,4302,4455,4523,4516,0
9717,370000,1,2,2,28,0,0,0,0,0,0,261021,265512,269491,223905,226566,226817,10001,10000,10000,8207,7641,7521,0
9718,360000,2,2,1,33,0,0,0,0,0,0,3177,0,0,1672,0,986,0,0,1672,0,986,780,0
9719,50000,2,2,1,31,0,0,2,0,0,2,44970,48101,46993,47940,50903,49794,3855,0,1694,3713,2000,1900,1
9720,360000,1,2,2,38,0,0,0,0,0,0,0,0,0,0,3189,177585,0,0,0,3189,177000,5000,0
9721,170000,2,1,1,35,0,0,0,0,0,0,86239,75600,2800,21881,0,6780,1512,2800,21881,0,6780,530,0
9722,70000,1,2,2,26,0,0,0,0,0,0,67864,68284,67375,71270,71157,71008,3517,3700,71270,3000,3000,3000,1
9723,360000,2,1,2,34,0,0,0,0,0,0,8871,6378,26648,6707,3450,0,6411,26987,6740,3467,0,239400,0
9724,230000,1,5,1,42,0,0,0,0,0,0,92230,90614,90385,59317,60404,61604,3292,2755,2270,2193,2205,2284,0
9725,50000,1,1,1,38,0,0,0,0,0,0,12650,0,0,0,0,0,0,0,0,0,0,0,0
9726,200000,1,1,1,41,0,0,0,0,0,0,1378,-22,5440,-2,796,1390,0,5462,0,798,1394,3600,0
9727,140000,1,2,2,30,0,0,0,0,0,0,326,326,326,326,326,326,326,326,326,326,326,326,1
9728,120000,2,2,2,33,0,0,0,0,0,0,120411,122717,118886,117170,117403,117388,6300,6100,4600,5000,4800,5000,0
9729,280000,2,3,2,46,0,0,0,0,0,0,1401,5201,3615,1963,2086,1297,5201,3615,1963,2086,1297,1154,0
9730,300000,2,1,2,29,0,0,0,0,0,0,26857,9505,8933,14357,24549,3031,9511,8933,14357,15000,3031,20993,0
9731,20000,2,2,2,22,0,0,2,2,2,2,15169,17793,17207,20409,20844,20349,2874,0,3490,900,0,361,0
9732,160000,2,2,2,25,2,2,2,2,2,0,158629,162097,163567,163617,156554,156557,7500,5600,5822,14,5700,5800,1
9733,20000,1,1,2,24,2,0,0,0,0,0,17781,19388,19933,17331,12822,19924,2000,1300,390,388,10000,400,1
9734,120000,1,2,1,41,0,0,0,0,0,0,44966,45726,40795,39938,40610,39397,1690,2562,1392,1442,1415,1422,0
9735,290000,2,2,1,37,0,0,0,0,0,0,1961,3144,500,0,0,0,3148,501,0,0,0,0,0
9736,60000,1,2,1,32,0,0,0,0,0,2,30781,25870,26964,27265,30329,24104,1505,1599,900,4500,0,1000,0
9737,110000,2,1,2,29,0,0,0,0,0,0,69718,67961,68306,69786,48728,18574,3000,2000,2049,2000,1000,1000,0
9738,50000,2,3,1,43,0,0,0,0,0,0,42874,43727,28742,8150,6771,6713,1862,1077,1000,1000,1000,1000,0
9739,630000,1,1,2,32,0,0,0,0,0,0,2731,3817,4679,5679,6679,6850,1138,1000,1000,1000,171,73415,0
9740,30000,1,1,2,28,0,0,0,0,2,0,23837,24948,25611,29245,28686,26549,1800,1400,4000,0,2631,500,0
9741,50000,1,2,2,33,0,0,0,0,0,0,50094,50461,50994,30521,30242,30193,2479,2412,1162,1199,1223,1199,0
9742,60000,1,2,1,42,0,0,0,0,0,0,49244,48310,41746,25488,26199,28200,2000,2000,1000,1501,3000,1500,0
9743,150000,1,2,2,27,0,0,0,0,0,0,12593,39494,33616,24519,10656,30168,38018,1203,41,2587,31382,11027,0
9744,10000,1,3,2,24,0,0,0,0,0,0,273,8327,9379,9566,9766,10042,8327,1200,342,354,438,200,0
9745,20000,1,2,2,27,0,0,0,0,0,0,18860,17904,15300,12776,3585,0,1360,1206,256,72,0,0,0
9746,80000,1,3,2,32,0,0,0,0,0,0,71375,18353,94675,90470,85449,80309,1414,83402,4000,3058,2903,2626,0
9747,160000,2,2,2,52,0,0,0,0,0,0,38695,40757,42769,44448,46269,48036,3000,2700,2700,2700,2700,2700,0
9748,100000,1,2,2,43,0,0,0,0,0,0,103601,105282,83616,67825,66756,57075,5088,3098,5010,3038,4031,3000,0
9749,90000,2,3,1,34,0,0,2,0,0,0,49771,52930,48683,44102,35577,28500,4000,0,1312,1200,1070,2882,0
9750,50000,2,3,2,60,0,0,2,2,0,0,27943,31060,31293,29256,29870,30503,3577,1042,0,1080,1515,862,0
9751,170000,1,1,2,30,0,0,0,0,0,0,117010,119463,123476,124934,127918,130782,4337,6000,5000,5000,5000,4898,0
9752,240000,2,1,2,32,0,0,0,0,0,0,5695,9420,16278,8998,10242,19098,9420,16290,8998,10421,19098,6697,0
9753,80000,2,2,2,25,0,0,0,0,0,0,3002,1921,13454,1807,3560,3337,1921,13454,1807,3560,3337,6240,0
9754,80000,2,1,2,30,0,0,0,0,0,0,69533,71314,73027,74215,75865,77448,3500,3500,3000,3000,3000,3000,0
9755,360000,2,2,1,37,0,0,0,0,0,0,0,0,0,0,474,0,0,0,0,474,0,0,0
9756,140000,1,1,1,31,2,0,0,2,2,2,51028,52112,55232,55932,54910,57344,2500,4600,2200,0,3513,3000,0
9757,60000,1,2,2,49,0,0,0,0,0,0,81411,52017,35423,24023,20175,16137,38709,1609,661,656,1000,5000,0
9758,110000,1,3,2,27,0,0,0,0,0,0,55567,65753,65379,65467,64596,62405,15753,5379,5467,4596,3405,1492,0
9759,160000,2,1,2,28,0,0,0,0,0,0,164262,158903,150548,152170,155476,165902,7900,7000,5600,5900,13200,0,0
9760,200000,2,3,1,45,0,0,0,0,0,0,80,-460,4091,5463,4978,975,2230,5029,5463,100,975,255,1
9761,280000,2,2,1,29,0,0,0,0,0,0,233717,87171,87786,86510,83560,84808,10004,3066,3171,3501,3030,2789,0
9762,360000,1,2,1,33,1,2,2,7,6,5,296148,304249,383030,377145,370850,364365,14906,97225,0,0,0,0,0
9763,90000,2,1,2,26,0,0,0,0,0,0,13416,5206,0,0,1980,170,7380,0,0,1980,170,1397,1
9764,200000,1,2,2,46,0,0,0,0,0,0,18564,77518,82794,80248,64174,51204,60000,20000,20248,45000,40000,54600,0
9765,50000,1,1,1,50,1,2,3,2,2,2,29394,31722,30928,30134,32085,32609,3100,0,0,2600,1200,0,1
9766,400000,2,1,1,32,0,0,0,0,0,0,7217,-507,-3,8067,1154,2061,0,1000,8070,1154,2061,0,0
9767,360000,1,1,1,49,1,0,0,0,0,0,-3,630,1019,320,5817,907,633,1030,321,5846,911,6965,0
9768,150000,1,3,1,50,0,0,0,0,0,0,88900,91812,92411,94416,96328,74550,4161,2971,3151,3200,3990,0,0
9769,50000,2,3,2,61,1,2,0,0,2,0,47731,45925,47041,49180,47500,48479,0,2200,3600,0,1763,1725,1
9770,150000,1,2,2,35,0,0,0,0,0,0,6008,8765,19674,57858,53588,56892,8008,20155,63992,3004,6002,5702,0
9771,100000,2,2,2,37,1,2,0,0,0,0,3492,3293,326,324,174,1367,10,650,324,0,1367,4166,1
9772,310000,2,1,1,30,0,0,0,0,0,0,27289,28020,31140,27695,17338,17731,1489,4415,1084,491,540,4000,0
9773,120000,1,2,2,39,1,0,2,2,0,0,0,780,780,0,0,0,1170,0,0,0,0,0,0
9774,90000,2,2,1,44,0,0,0,0,0,0,82253,88238,83204,81645,84629,87981,8238,3200,3000,5000,5000,3000,0
9775,150000,2,1,1,36,0,0,0,0,0,0,14843,14528,11317,14037,12030,10738,14528,11322,14042,12030,10738,322,0
9776,50000,1,2,1,42,0,0,0,0,0,0,35255,21317,22252,22541,22863,20288,1690,1620,900,780,750,1670,0
9777,210000,1,1,1,53,0,0,0,0,0,0,6060,5934,9303,10976,2543,3483,5983,9331,11008,2550,3493,1308,0
9778,300000,2,2,2,42,0,0,0,0,0,0,28077,1063,11510,10310,0,0,1500,11516,0,0,0,7000,0
9779,110000,2,2,1,33,2,0,0,0,0,0,87514,75394,82627,57533,59289,60828,4000,10090,2100,3000,3000,3000,1
9780,150000,2,1,2,25,0,0,0,0,0,0,150562,148689,147296,144927,54116,6072,5196,3171,3699,69245,1030,0,0
9781,210000,1,1,1,42,0,0,0,0,0,0,1729,1262,6867,2271,1054,1197,1315,6867,2271,1054,1197,701,0
9782,30000,1,1,2,34,2,2,2,2,2,0,21107,24117,24424,24627,24093,24785,3374,1000,900,0,1094,1000,1
9783,240000,2,2,1,42,0,0,0,0,0,0,632,0,316,632,0,316,0,316,632,0,316,948,0
9784,120000,1,2,2,34,0,0,0,0,0,0,856,856,856,856,856,856,856,856,856,856,856,2664,0
9785,80000,2,1,2,24,0,0,0,0,0,0,31815,30672,33185,28600,29101,28939,4038,3199,914,850,2055,8318,0
9786,80000,2,2,2,25,1,2,0,0,2,0,31040,30259,31712,33734,29822,30966,0,2000,2444,0,3000,1000,1
9787,360000,1,1,1,32,0,0,0,0,0,0,2612,3218,6989,2729,1436,-14,3234,7021,6,7,0,0,0
9788,130000,1,1,2,34,2,2,2,0,0,2,72996,75241,73442,75115,79230,81278,4000,0,3500,5500,3500,0,1
9789,290000,1,2,1,36,2,0,0,0,0,0,322,326,652,326,326,11757,330,652,0,326,11757,550,0
9790,240000,2,3,1,33,0,0,0,0,0,0,129600,133161,30098,366,725,2576,7000,1030,7,725,2217,158215,0
9791,60000,1,2,2,23,0,0,2,2,0,0,4553,7730,12944,-7511,12606,6540,3258,0,0,28000,2000,50,0
9792,200000,2,2,1,60,1,0,0,0,0,0,0,0,0,0,0,0,0,0,0,0,0,0,1
9793,150000,2,2,1,28,0,0,0,0,0,0,99294,96094,97642,70371,72257,72536,5008,5000,2499,3000,2789,2439,0
9794,300000,1,3,2,29,0,0,0,0,0,0,103792,108297,75385,76864,124477,192001,8401,4266,3087,49195,70000,7016,0
9795,30000,2,2,2,24,0,0,2,2,2,2,2590,8346,8069,13042,12690,15503,6000,0,5464,0,3027,0,0
9796,250000,1,2,1,40,0,0,0,0,0,0,142477,85965,71453,54063,52723,56752,7000,3000,2000,3500,5000,3000,1
9797,20000,1,3,2,40,0,0,0,0,0,0,17180,17715,18841,18989,11583,11859,1500,1500,1000,1000,1000,1000,0
9798,370000,2,1,2,34,0,0,0,0,0,0,206161,203907,178625,164483,157497,141493,10000,7014,6000,6000,6000,4000,0
9799,20000,2,1,2,23,1,2,0,0,0,0,6081,3408,4016,3282,1814,2232,0,1000,100,1814,1000,0,1
9800,120000,2,2,2,23,0,0,0,0,0,0,7945,3077,700,268,632,8815,1000,1200,200,632,8815,8400,1
9801,50000,1,2,2,23,0,0,0,0,0,0,19766,14066,11524,10812,11643,12458,1300,1162,1000,1000,1000,1000,0
9802,190000,2,1,2,27,0,0,0,0,0,0,72656,38054,39410,38288,39276,36885,2000,2000,1500,1500,1300,1302,1
9803,20000,2,2,2,22,0,0,0,2,2,2,15034,16285,20498,19509,20038,18982,1500,4500,0,1600,0,1000,0
9804,240000,2,2,1,42,1,2,0,0,0,0,15100,14557,24893,14782,2381,2381,0,14782,0,2381,2381,0,0
9805,150000,1,2,2,32,0,0,0,0,0,0,80437,84560,35726,27886,32415,39531,7000,3000,3000,5000,8000,2000,0
9806,180000,2,2,1,35,0,0,0,0,0,0,8694,7607,6801,6759,6918,9777,1500,2000,1000,3000,4000,2000,0
9807,180000,1,2,2,36,0,0,0,0,0,0,136613,133557,129909,133043,133835,132587,6600,6000,6000,6000,5000,6000,0
9808,70000,1,1,2,31,0,0,0,0,0,0,45450,0,0,0,0,0,0,0,0,0,0,0,0
9809,230000,2,1,2,32,0,0,0,0,0,0,441,28641,713,1344,3786,6571,28200,720,1344,4674,6571,1814,0
9810,360000,1,1,2,27,0,0,0,0,0,0,5810,4036,2310,1300,0,348,4041,2310,1300,0,348,1080,0
9811,120000,2,2,2,33,0,0,0,0,0,2,52266,53351,54425,54925,59010,60191,2522,2559,2000,5000,2300,0,0
9812,90000,1,3,1,49,2,2,2,2,2,2,74766,76470,77514,78730,80316,82321,3500,2900,3100,3000,3500,6500,1
9813,110000,1,2,1,32,0,0,0,0,0,2,110198,107710,83913,47369,48905,46046,3851,3021,1649,3513,0,1664,0
9814,100000,2,3,1,53,0,0,0,0,0,0,36838,37785,32905,29866,30503,28518,1607,1385,971,1018,984,810,0
9815,90000,1,1,2,26,1,2,2,0,0,0,58518,52526,45640,41539,39373,32080,3006,99,1500,1500,2015,1200,0
9816,50000,2,1,1,35,1,2,2,2,0,0,47438,46400,49276,48286,47915,48386,0,3700,0,2000,6000,0,0
9817,50000,2,2,2,53,0,0,0,0,0,2,7343,7969,8832,10931,11578,10547,1139,1002,13359,800,0,426,0
9818,180000,2,1,1,28,1,0,0,0,0,0,0,0,0,0,0,0,0,0,0,0,0,0,0
9819,50000,1,2,1,41,0,0,0,0,0,0,36696,46041,47890,8412,9412,0,10000,3012,1000,1000,0,0,0
9820,20000,2,3,2,26,0,0,0,0,0,0,13804,14578,15893,16330,16517,16944,1300,1563,1000,600,700,2000,0
9821,20000,1,2,2,26,2,2,2,2,2,3,36060,31741,30013,25938,28447,24288,0,2600,0,6500,0,0,0
9822,20000,2,2,1,23,1,2,2,2,2,3,7979,8700,9907,9599,14422,18885,1000,1500,0,5000,5000,900,0
9823,20000,1,3,2,49,0,0,0,0,0,0,19363,19609,-391,19413,12223,2110,1200,160,20394,347,2110,12996,0
9824,50000,2,3,1,48,0,0,0,0,0,0,390,390,390,390,390,390,390,390,390,390,390,0,1
9825,210000,1,2,1,46,0,0,0,0,0,0,0,1828,765,0,0,0,1828,765,0,0,0,0,0
9826,490000,1,4,1,51,0,0,0,0,0,2,4770,16917,739,-11,5132,2724,17143,742,0,5143,13,5744,0
9827,280000,2,1,2,28,1,0,0,0,0,0,0,5072,4872,4284,4322,9887,5072,4900,0,4322,9887,49300,1
9828,200000,2,3,2,54,0,0,0,0,0,0,880,1948,3635,1186,0,0,1948,3635,1362,0,0,0,0
9829,100000,2,2,2,24,1,0,0,0,0,0,0,670,0,0,0,150,670,0,0,0,150,477,1
9830,250000,1,1,2,56,0,0,0,0,0,0,777,-3,772,-8,-8,1726,0,775,0,0,1734,0,0
9831,240000,1,2,2,54,0,0,0,0,0,2,7832,64445,11680,4060,17903,15961,64461,11680,0,17964,61,620,0
9832,80000,2,2,1,26,0,0,0,0,0,0,75405,75681,72263,50312,49878,50101,3000,2200,1730,1800,2500,3000,0
9833,100000,1,3,1,67,2,2,2,2,2,2,16918,20511,19944,22915,23472,23016,4145,0,3260,1000,0,2286,1
9834,30000,2,3,1,41,0,0,0,0,0,0,0,18393,7501,11216,14333,0,18393,7501,11216,14387,0,0,0
9835,180000,2,1,2,42,0,0,0,0,0,0,177061,180778,3647,1593,1228,1006,8000,3653,32,0,1006,0,0
9836,80000,2,1,2,32,0,0,0,0,2,2,60918,62445,63905,67943,68811,70526,2500,2500,5100,2100,3000,3000,0
9837,110000,2,2,1,46,0,0,0,0,0,0,1495,83590,82293,78622,78430,78120,86367,2846,2755,2838,2808,2740,0
9838,180000,2,2,1,30,0,0,0,0,0,0,39259,41054,25590,5817,13623,-2202,3000,6000,1000,13623,388,77001,0
9839,150000,2,2,1,29,2,2,2,2,2,2,99986,103662,103978,105272,106437,109108,6800,3500,4500,3000,4600,2500,1
9840,50000,2,2,1,52,0,0,0,0,0,0,15377,17121,17832,18532,19233,20650,2000,1300,1000,1000,2000,0,0
9841,230000,2,2,2,23,0,0,2,2,0,0,1050,2203,2005,0,0,780,2203,0,0,0,780,0,1
9842,340000,1,1,1,41,0,0,0,0,0,0,624,2431,595,1193,25235,5868,2431,595,1193,25235,5868,2387,1
9843,30000,1,2,2,25,1,2,2,2,2,2,26623,27703,26753,30107,30614,27190,1800,0,4100,900,0,40925,1
9844,270000,2,2,1,45,0,0,0,0,0,0,17074,28137,32602,9462,8835,8054,15000,5000,5000,5000,5000,1500,0
9845,50000,2,1,2,36,0,0,0,0,0,0,11684,45135,34539,7000,6000,0,45135,34539,7000,6000,0,0,0
9846,130000,2,3,1,43,0,0,0,0,0,2,74020,71527,66370,43882,41063,29215,5000,3000,2500,4100,0,5000,0
9847,200000,2,1,2,27,0,0,0,0,0,0,31789,22289,29815,35442,8321,20718,22091,29851,283,1387,20057,51281,0
9848,360000,1,1,1,46,0,0,0,0,0,0,14591,14828,14250,13780,15077,14009,3005,3024,4004,4008,3008,2024,1
9849,500000,1,2,2,27,0,0,0,0,0,0,131519,127055,122368,108543,93906,82288,6662,12105,8610,3555,4073,2666,0
9850,100000,2,1,2,25,0,0,0,0,0,0,11801,12905,14378,14838,15447,16539,1600,2000,1000,1000,1500,0,0
9851,270000,2,2,1,50,0,0,0,0,0,0,22821,24949,26526,27778,29322,30677,2500,2000,2000,2000,2000,2000,0
9852,100000,1,2,1,52,0,0,0,0,0,0,64254,21178,101565,82087,81201,77928,2211,81565,2625,3931,2900,2800,1
9853,20000,2,2,2,25,0,0,0,0,0,0,17950,17330,18560,14509,17972,15352,2000,2000,1000,6000,1000,3000,0
9854,50000,2,2,1,45,0,0,0,0,0,0,47823,48468,50955,49813,49290,50603,3144,3878,3000,2500,2000,1787,0
9855,200000,2,2,2,32,0,0,0,0,0,0,2147,1173,912,1140,293,0,1173,912,1140,293,0,308,0
9856,170000,1,1,1,44,1,2,0,0,0,0,84947,78724,68387,51511,33939,34330,2000,2000,3057,2000,5000,2000,1
9857,20000,2,1,2,28,2,0,0,0,0,0,18540,19726,8564,19775,19878,19898,2000,8568,19000,800,1000,20000,1
9858,70000,1,3,1,50,2,3,2,2,2,0,56781,55327,52927,30432,16546,16722,2,3,2214,0,600,800,1
9859,260000,2,1,2,38,0,0,0,0,0,0,252,0,0,0,0,0,0,0,0,0,0,0,0
9860,200000,2,1,1,28,0,0,0,0,0,0,1760,0,0,0,0,0,0,0,0,0,0,0,0
9861,190000,2,1,2,25,0,0,0,0,0,0,106223,103922,106082,95645,89762,91835,7500,16027,9000,2919,3220,22000,0
9862,220000,1,3,1,58,0,0,0,0,0,0,22599,23875,0,0,0,52884,1875,0,0,0,52884,105660,0
9863,170000,2,3,2,30,0,0,2,0,0,0,38903,37979,37069,37960,38796,39267,5144,0,1508,1600,1264,1391,0
9864,290000,2,1,2,47,0,0,0,0,0,0,281950,263710,262786,254495,247060,220298,11900,11000,7900,9050,6900,6000,0
9865,60000,2,1,2,25,0,0,0,0,0,0,31493,32634,30312,22999,23484,24438,2000,2000,1000,1005,1500,2000,0
9866,100000,2,3,1,50,0,0,0,0,0,2,36925,38324,39680,41687,43607,43739,2000,2000,2680,2600,1000,5261,1
9867,130000,2,3,1,44,0,2,2,0,0,0,632,316,0,632,316,316,0,0,948,0,316,316,0
9868,360000,1,1,1,40,0,0,0,0,0,0,1126,3449,3168,1469,1833,1449,3455,3168,1469,1833,1449,0,0
9869,30000,2,2,1,38,3,2,0,0,0,0,3379,1715,1170,780,390,150,0,1100,0,0,150,780,0
9870,20000,1,3,2,28,0,0,0,0,0,0,16122,16787,14459,14743,16351,17126,2000,2000,2000,2000,2000,2000,1
9871,110000,2,1,2,37,2,2,2,2,2,2,600,600,600,600,600,600,0,0,0,0,0,0,1
9872,130000,2,2,2,43,0,0,0,0,0,0,87289,81818,41268,31836,33559,10390,5000,2000,2000,2000,2000,2000,0
9873,50000,2,2,2,23,0,0,0,0,0,0,49026,48983,38417,27038,26254,26352,1748,1408,1000,1000,1000,1000,0
9874,110000,1,2,1,48,0,0,0,0,0,0,107767,108561,108895,78194,76385,76858,5700,5000,2700,2901,3000,3000,0
9875,80000,2,1,2,25,0,0,0,0,0,0,78327,79322,76290,58987,57947,58077,3000,2454,2059,2100,2149,1956,0
9876,150000,2,2,1,34,0,0,0,0,0,0,316,1801,1139,2246,5435,466,1801,1139,2246,5435,466,316,0
9877,80000,2,2,1,29,1,2,2,0,0,0,56340,57022,55081,55350,55906,57538,2600,0,2200,2028,3000,2200,0
9878,320000,1,1,2,35,0,0,0,0,0,0,164511,177809,155421,166507,170930,171359,15000,34000,12000,5000,81000,4100,0
9879,170000,2,1,2,35,0,0,0,0,0,0,897,861,3749,1487,1939,588,861,3761,1495,1939,0,10613,0
9880,60000,2,1,2,26,0,0,0,0,0,0,41525,33907,27517,27506,28115,28815,1815,1760,1100,1052,1200,1100,0
9881,180000,1,1,2,23,2,2,2,2,2,2,157074,158088,166492,168487,172662,172027,5000,12552,6200,7000,2304,6180,1
9882,470000,1,2,2,29,0,0,0,0,0,0,59235,47091,34901,33953,34188,35444,3106,5017,3007,2001,2093,10076,0
9883,70000,2,3,1,47,1,0,0,2,0,0,30950,33087,42935,28346,27279,28976,3107,48323,0,2001,3000,3003,0
9884,280000,2,2,1,41,0,0,0,0,0,0,40483,42538,44561,45450,46715,47642,2718,2741,1630,2000,1705,1572,0
9885,210000,2,1,2,26,0,0,0,0,0,0,231,1608,0,0,312,0,1624,0,0,312,0,0,0
9886,300000,1,1,2,30,0,0,0,0,0,0,185327,29446,21689,12500,12500,12500,1500,5000,3500,12500,12500,12500,0
9887,140000,2,2,1,42,0,0,0,0,0,0,158495,160681,144194,144802,147311,150207,5530,6600,5100,5460,5460,5100,0
9888,450000,1,1,1,41,0,0,0,0,0,0,70825,17236,8680,113233,5907,0,17913,9278,114865,6411,0,0,0
9889,160000,2,2,1,38,0,0,0,0,2,2,105313,109030,109731,116452,114481,121885,5416,4002,8565,0,9502,0,0
9890,50000,2,3,1,45,1,0,0,0,0,0,0,0,0,0,0,0,0,0,0,0,0,0,0
9891,50000,1,1,2,42,0,0,0,0,0,0,12751,19660,14659,14951,14195,14471,22660,1300,519,518,515,528,0
9892,50000,1,2,1,32,0,0,0,0,0,0,50669,48942,27836,40346,38668,20016,1613,1484,3675,698,1000,706,0
9893,150000,2,1,2,25,0,0,2,2,2,2,129911,140013,137279,143848,146986,149805,12200,1000,10400,5600,5400,5000,1
9894,90000,1,1,1,53,0,0,0,0,0,0,23551,23607,22132,63204,19412,18099,2400,1582,770,1696,820,520,0
9895,270000,2,2,1,42,0,0,0,0,0,0,225245,211517,165608,223292,220582,218090,10000,118000,113300,9000,8000,10000,0
9896,70000,1,1,2,36,0,0,0,0,0,0,65275,68595,67916,56766,50395,42214,5000,3000,3000,3000,7000,7000,0
9897,360000,1,2,2,33,0,0,0,0,0,0,9582,2119,10549,4409,2567,6234,2139,10580,110,2578,6265,0,0
9898,200000,2,2,1,34,1,0,0,0,0,0,2500,9814,0,4379,1699,0,9814,0,4379,0,0,0,1
9899,250000,2,1,1,42,0,0,0,0,0,0,249406,256400,13600,3274,2446,26710,11400,13600,3274,0,26710,12000,0
9900,360000,2,2,2,34,0,0,0,0,0,0,205363,207315,211278,215020,218771,222172,8000,8000,8000,7766,7803,7971,0
9901,20000,2,2,1,39,1,2,0,0,0,0,19565,18968,19612,16213,16812,18382,0,1300,717,1000,2000,1000,0
9902,250000,2,1,2,28,2,2,2,0,0,0,21404,48774,28705,32017,19052,9847,28705,0,4000,3000,1500,1000,1
9903,60000,2,2,2,25,2,2,4,4,3,2,600,600,600,600,300,150,0,0,0,0,0,586,1
9904,200000,1,2,2,36,1,0,0,0,0,0,0,0,0,0,0,0,0,0,0,0,0,0,0
9905,30000,2,3,2,38,0,0,0,0,0,0,25546,28820,28538,28208,29326,29508,3700,718,1500,1500,3000,12357,1
9906,500000,2,1,2,39,1,0,0,0,0,0,0,0,0,0,0,0,0,0,0,0,0,0,0
9907,280000,2,3,1,45,0,0,0,0,0,0,50415,59538,67642,39396,26096,34104,10000,10000,36432,0,10000,28580,0
9908,200000,2,2,1,42,0,0,0,0,0,0,1261,0,2521,6934,2255,3021,0,2521,6935,2255,3021,0,0
9909,360000,2,2,1,35,1,0,0,0,0,0,0,0,0,3602,1197,0,0,0,3602,1197,0,474,0
9910,50000,2,3,2,44,2,2,2,2,2,0,42115,41164,43658,44644,43798,44912,0,3500,2000,0,2000,2000,1
9911,60000,1,2,2,30,0,0,0,0,0,0,57041,58268,59568,61298,29587,27267,2148,2303,2669,1032,1000,1300,0
9912,110000,1,2,1,42,0,0,0,0,0,0,100534,90201,77817,64246,65746,57715,3678,1948,1285,1500,60589,1620,0
9913,200000,2,3,1,44,0,0,0,0,0,0,34760,37871,39879,42946,46141,46305,4000,3000,4000,4000,3000,3000,0
9914,70000,2,2,2,39,2,0,0,0,0,0,67607,69623,71030,30087,29742,29191,3700,3700,1300,1300,1100,1200,0
9915,220000,2,5,1,37,2,2,2,0,0,0,189976,189665,171669,167294,172042,162565,15510,0,5500,7250,6500,3500,1
9916,20000,2,1,2,24,0,0,0,0,0,0,379,0,0,0,0,0,0,0,0,0,0,0,0
9917,220000,2,1,2,27,0,0,0,0,0,0,4289,4637,1252,8069,18117,23176,1031,3077,7500,10048,15010,9000,0
9918,180000,1,2,1,40,1,2,0,0,0,0,172584,167622,130083,64398,62277,58216,1000,4052,2293,2295,2400,2110,0
9919,100000,1,2,1,53,2,0,0,0,0,0,43611,45415,47053,47747,48459,49560,2500,2400,1845,2400,2500,0,1
9920,200000,2,1,1,41,0,0,0,0,0,0,6402,5189,2394,15612,525,0,5189,2394,15648,0,0,0,0
9921,200000,1,3,2,34,1,2,2,3,2,2,138839,142121,193777,189225,192304,188695,7001,56100,5,7269,28,5828,0
9922,400000,2,1,1,38,0,0,0,0,0,0,123,123,123,0,349,0,123,123,0,349,0,0,0
9923,60000,1,1,1,38,2,2,2,0,0,0,59310,60482,58748,49375,38433,38378,2700,0,2100,1600,1600,1600,0
9924,60000,1,2,2,22,0,0,0,0,0,0,59575,51991,35435,19262,19285,19565,2051,1653,680,700,700,693,0
9925,210000,2,2,1,37,0,0,0,0,0,0,1094,1335,3056,213,825,1240,1335,3056,213,825,1240,5693,0
9926,200000,1,1,1,32,0,0,0,0,0,0,30144,32649,32425,32625,9687,5526,3000,1000,1000,400,1000,752,0
9927,50000,2,1,2,29,0,0,0,0,0,0,0,0,0,0,2900,0,0,0,0,2900,0,0,0
9928,300000,2,1,2,38,0,0,0,2,0,2,2984,-46,154,154,1626,976,0,200,0,1626,0,0,1
9929,510000,2,1,1,48,0,0,0,0,0,0,9686,19121,9891,8600,3365,6011,19121,9922,8600,3365,6011,3301,0
9930,160000,2,1,2,32,1,0,0,0,0,0,0,0,0,0,0,0,0,0,0,0,0,0,0
9931,50000,2,2,1,36,0,0,0,0,0,0,3477,1909,1726,991,5777,5968,1909,1726,991,5782,5968,2045,0
9932,220000,2,1,2,32,0,0,0,0,0,0,21332,27844,33260,9142,15687,9148,28567,34393,9203,15765,9194,11317,0
9933,20000,1,2,2,22,1,3,2,2,0,0,6792,6540,7278,7013,7398,8775,0,1000,0,500,1500,0,1
9934,410000,1,1,2,31,0,0,0,0,0,0,4182,0,4120,4120,0,3086,0,4120,0,0,3086,4320,1
9935,50000,2,2,1,25,0,0,0,0,0,0,42726,43072,34984,30090,23820,18012,3941,1432,1000,2000,2036,404,1
9936,50000,1,3,1,38,0,0,0,0,0,0,10825,11377,10760,10973,10693,9888,1500,1155,368,372,356,500,0
9937,50000,1,3,1,48,0,0,0,0,0,0,10420,8451,9641,9468,9294,9263,1310,1500,500,500,500,200,0
9938,70000,2,2,2,29,0,0,2,0,0,0,4059,5791,208,4170,4563,5331,2000,0,4170,1000,1000,1000,0
9939,120000,1,2,2,25,0,0,0,0,0,0,120633,118741,104754,79227,77751,69889,4622,3384,2589,3000,2460,1300,0
9940,170000,1,2,1,30,0,0,0,0,0,0,416,416,632,416,416,566,832,632,200,416,566,416,0
9941,160000,1,1,1,51,0,0,0,2,2,2,1380,1481,2623,2457,4912,3669,1331,2473,0,2500,0,0,1
9942,30000,2,2,2,22,0,0,2,0,0,0,30397,31148,28755,30720,28298,9064,3500,0,3500,694,343,266,0
9943,10000,2,2,1,40,1,0,0,0,0,0,0,1912,3071,4012,9882,5857,1912,1200,1000,1000,1000,0,0
9944,160000,2,2,1,33,0,0,0,0,0,0,189935,183501,175363,172417,165800,158671,8113,6395,10000,6160,5772,5854,0
9945,20000,1,2,2,33,0,0,0,2,0,0,17439,18498,21335,33247,17261,17601,1340,3177,0,1546,776,646,0
9946,250000,2,1,2,35,0,0,0,0,0,0,0,0,26267,26599,2948,2065,0,26267,532,2948,2065,13780,0
9947,30000,2,2,2,26,2,2,2,0,0,2,23064,25479,24705,25202,26608,25926,3100,0,791,1699,0,1000,1
9948,180000,2,1,2,29,0,0,0,0,0,0,123154,126078,78070,50730,48039,47665,5200,3045,3500,2700,2720,2000,0
9949,240000,2,2,2,34,0,0,0,0,0,0,3403,2858,3619,3262,3228,3127,3502,4099,3500,3228,3127,2221,1
9950,30000,2,2,2,25,1,3,2,2,2,2,16368,15825,15274,17018,16608,18020,0,0,2000,0,2000,0,0
9951,50000,2,1,2,28,1,2,0,0,0,3,4323,3851,2808,3325,3989,3610,0,602,569,718,0,0,0
9952,280000,2,2,2,24,0,0,0,0,0,0,1481,11884,-27,5443,-13,-13,11943,0,5470,0,0,0,1
9953,20000,1,1,2,37,2,2,2,2,2,0,14688,16827,17251,17672,17250,18305,2700,1000,1000,0,1500,1500,1
9954,130000,2,3,1,54,0,0,0,0,0,0,77506,78535,72776,66053,52505,12242,2900,2564,2368,2200,364,152,0
9955,70000,1,1,2,29,1,2,0,0,0,0,71267,67401,63239,23163,41106,42021,5,2910,1000,20000,1600,2000,1
9956,180000,2,2,1,32,0,2,0,0,0,0,1991,991,7658,1000,1650,1000,0,7667,0,1650,1000,2000,0
9957,320000,1,1,1,46,0,0,0,0,0,0,3266,12186,1403,24305,7463,1957,12253,3290,11465,7537,1966,2987,0
9958,30000,2,2,1,33,2,0,0,2,2,0,31947,31564,34804,33808,31740,31135,1872,5550,1238,0,1515,4665,1
9959,280000,2,2,2,33,1,0,0,0,0,0,0,0,0,0,0,35833,0,0,0,0,35833,1500,0
9960,80000,2,2,2,50,0,0,0,0,0,0,8985,5305,2992,2984,2992,2992,2000,2992,2984,3000,2992,2992,0
9961,140000,2,2,2,27,0,0,0,0,0,0,136899,139889,142460,142020,139879,140810,5200,6000,5500,5900,5200,5000,0
9962,180000,1,2,1,27,0,0,0,0,0,0,181219,183311,183936,181370,179904,172758,7000,8021,6315,6432,6409,6008,0
9963,20000,1,2,2,55,2,2,2,2,0,0,11736,11180,780,0,0,0,780,0,0,0,0,0,0
9964,420000,2,1,2,29,0,0,0,0,0,0,105582,97913,75353,78322,77048,23007,23004,20002,7096,20261,3068,10009,0
9965,200000,2,1,2,29,0,0,0,0,0,0,53493,3123,3221,3287,63687,65034,1060,1000,66,65437,2422,2418,1
9966,140000,2,1,2,25,0,0,0,0,0,0,45068,44158,48437,50667,52888,54060,5000,5000,3000,3000,2000,2000,0
9967,170000,2,3,2,33,0,0,0,0,0,0,166348,162319,165592,167482,171106,164042,7354,7464,6127,6550,6100,10000,0
9968,30000,2,2,2,24,0,0,0,2,0,0,18220,20606,22880,22217,23694,24151,3000,2620,0,2000,1000,1000,0
9969,50000,2,1,2,26,1,0,0,0,0,0,0,0,0,6954,7361,6957,0,0,6954,500,1000,500,0
9970,150000,2,1,1,45,0,0,0,0,0,0,123580,126136,128709,131292,134011,136711,3575,3647,3678,3793,3835,3952,0
9971,30000,1,2,2,30,0,0,0,0,0,0,6933,9640,10094,10300,10300,0,3000,1000,206,0,0,0,1
9972,50000,1,3,2,38,0,0,0,0,0,0,50174,32012,34274,38668,40416,20355,3000,3000,5000,2000,3000,1200,0
9973,300000,2,1,2,39,0,0,0,0,0,0,2019,-1,-1,-1,-1,-1,1,0,0,0,0,2774,1
9974,80000,2,3,0,34,0,0,0,0,0,0,59451,29668,22740,13099,6551,0,1834,2124,0,0,0,0,0
9975,50000,2,1,2,27,0,0,0,0,0,0,39607,40399,36712,33485,37712,40065,5014,5000,5000,5000,5000,5000,0
9976,110000,2,2,1,41,0,0,0,0,0,0,100143,98338,92457,79496,72458,72168,4000,4000,3530,4000,4000,5000,0
9977,110000,2,1,2,32,1,0,0,0,0,0,0,1670,11693,7903,-18,-18,1670,10200,0,0,0,0,0
9978,390000,2,1,1,34,0,0,0,0,0,0,3060,60248,53157,73183,69592,24629,60248,7183,66000,0,24629,43433,0
9979,200000,1,3,2,46,0,0,0,0,0,0,396,396,396,396,396,396,396,396,396,396,396,396,0
9980,30000,1,1,1,38,8,7,6,5,4,3,35031,34552,33756,32960,31881,31085,0,0,0,0,0,0,1
9981,230000,1,1,2,30,0,0,0,0,0,0,101874,97302,97383,97487,96588,95221,8000,5016,5000,5000,5000,5200,0
9982,210000,2,1,1,44,0,0,0,0,0,0,0,70,24329,780,0,1615,70,24259,780,0,1615,8198,0
9983,30000,2,2,1,54,0,0,0,0,0,0,3334,3366,890,2662,1542,-2695,3366,890,2662,1542,0,6000,0
9984,130000,2,3,1,41,0,0,0,0,0,0,101885,72686,70672,64530,63041,56493,3500,2389,2368,5000,1964,1707,0
9985,130000,1,3,2,37,1,0,0,0,0,0,-896,-896,2604,2604,1,1,0,3500,0,0,0,0,0
9986,480000,2,1,2,27,0,0,0,0,0,0,12759,15410,20116,10060,9301,923,3001,5000,500,500,500,21299,0
9987,160000,2,1,1,37,0,0,0,0,0,0,9293,5875,9121,2412,2271,2187,5902,9128,2412,2271,2187,4792,0
9988,10000,1,1,2,27,0,0,0,0,0,0,6599,7736,8492,8138,4990,1598,1400,1000,1009,1000,1598,0,0
9989,360000,2,2,2,33,0,0,0,0,0,0,8552,1118,1227,1541,1389,390,1118,1227,1541,1389,390,390,0
9990,260000,2,2,1,28,0,0,0,0,0,0,251811,256753,143240,150000,14098,28736,9388,5000,10000,14098,15000,15000,0
9991,330000,2,2,1,45,0,0,0,0,0,0,47644,48906,50531,50595,40491,31020,2000,2500,1309,1243,2027,1056,0
9992,30000,2,2,1,47,1,2,2,0,0,0,5163,2475,0,0,0,0,0,0,0,0,0,0,1
9993,80000,1,2,1,31,2,0,0,0,0,0,81712,78535,0,0,0,0,3271,0,0,0,0,0,1
9994,120000,2,2,1,29,0,0,0,0,0,0,7778,3157,5456,0,2777,0,3179,5463,0,2777,0,0,1
9995,170000,1,2,2,30,0,0,0,0,0,0,6383,7189,-1,192,0,397,1000,0,193,0,397,0,1
9996,140000,2,1,2,31,1,0,0,0,0,0,0,241,0,0,0,0,241,0,0,0,0,1419,0
9997,80000,2,2,2,37,0,0,0,0,0,0,3946,0,0,0,0,0,0,0,0,0,0,0,0
9998,200000,1,3,1,44,0,0,0,0,0,0,138877,144085,142520,151078,176717,168431,6437,5000,10000,27080,10017,4200,0
9999,80000,2,2,2,26,0,2,2,0,0,0,780,780,0,0,0,0,0,0,0,0,0,0,1
10000,230000,1,2,1,36,0,0,0,0,0,0,19505,20715,19750,19506,19255,17479,3000,3000,3000,3000,3000,3000,0
10001,260000,2,1,1,40,0,0,0,0,0,0,2500,0,0,0,0,0,0,0,0,0,0,0,0
10002,50000,2,2,2,28,0,0,0,0,0,0,780,0,390,390,885,885,0,390,390,885,885,885,0
10003,340000,1,2,1,35,1,0,0,0,0,0,-6,-6,-6,-6,-6,-6,0,0,0,0,0,0,0
10004,50000,1,1,2,39,0,0,0,0,0,0,49869,42146,43927,19234,18799,16412,2146,3927,1234,1000,1450,2000,0
10005,200000,2,3,2,45,1,0,0,0,0,0,666,1928,-15,1753,4717,1230,1937,0,1768,6137,0,27,0
10006,280000,2,2,2,36,0,0,0,0,0,0,91093,92775,81718,83347,85623,87252,3224,2965,2987,3623,3148,3194,0
10007,170000,1,2,2,35,0,0,0,0,0,2,115634,118823,120475,109993,115151,112232,5935,6040,4000,8000,0,4320,0
10008,100000,2,2,1,38,2,2,2,0,0,2,37516,38622,37706,38148,40630,39827,2000,0,1369,3100,0,1443,0
10009,360000,2,1,1,48,1,0,0,0,0,0,491,3670,-114,-200,-200,-200,3700,0,0,0,0,0,1
10010,30000,2,1,2,23,0,0,0,0,0,0,14790,19563,16671,13353,13232,9601,12037,10038,8057,6000,4221,3258,1
10011,150000,2,2,2,26,1,0,0,0,0,0,2341,340,380,462,3,166,340,380,462,103,266,0,0
10012,50000,1,2,2,29,0,0,0,0,0,0,15519,19259,18652,24312,28903,28294,4000,0,6000,5000,0,2000,0
10013,40000,2,1,2,35,0,0,0,0,0,0,26801,36208,25378,28058,31145,38030,10000,5000,5000,5000,7500,4596,0
10014,30000,1,3,2,58,0,0,0,0,0,0,390,390,1170,780,780,0,390,1170,0,0,0,0,0
10015,140000,2,1,1,35,0,0,0,0,0,0,26187,28431,26141,24958,27574,27151,3000,2000,2000,3000,1661,3500,0
10016,150000,1,2,2,30,0,0,0,0,0,0,8821,5943,6569,24604,4878,1477,5964,6588,24677,4896,1477,4303,0
10017,150000,2,2,2,37,0,0,0,0,0,0,152349,152359,150257,79162,79617,79670,7000,7000,5000,3000,4000,3500,0
10018,360000,2,1,2,47,1,2,0,0,2,0,366577,345484,354469,187836,186172,189759,0,14148,11500,0,5324,5500,0
10019,170000,1,2,2,43,0,0,0,0,0,0,136485,87236,79244,59144,60228,61578,3602,3903,2265,2188,2353,2411,0
10020,50000,1,1,2,26,0,0,0,0,0,2,44838,45894,47121,45625,49367,46001,1769,1996,1800,4603,0,1486,1
10021,260000,2,1,1,43,0,0,0,0,0,0,3209,0,2552,2236,2236,2450,0,2552,2236,0,2500,0,0
10022,350000,2,3,1,32,0,0,0,0,0,0,70910,30372,90588,3047,-4,920,30516,91041,3062,0,924,5124,0
10023,210000,2,2,1,41,0,0,0,0,0,0,17605,2032,106,-10,-10,-10,2164,106,0,0,0,0,0
10024,50000,2,2,1,39,3,2,2,0,0,0,5171,4925,-350,-350,-350,-350,0,350,0,0,0,0,0
10025,170000,1,2,1,46,0,0,0,0,0,0,94791,89330,88384,84456,69871,62012,4300,3314,3050,2600,2600,4860,1
10026,50000,2,2,2,24,0,0,0,0,0,0,48600,47819,48527,39147,38314,37758,2200,1889,1510,1400,1700,2000,1
10027,50000,2,2,1,32,0,0,0,0,0,2,24402,26872,28430,29160,31187,30537,8442,2000,1200,2500,0,1200,0
10028,280000,2,2,2,33,0,0,0,0,0,0,281,5631,5525,0,21339,607,5631,5549,0,21339,607,0,0
10029,430000,1,2,2,42,0,0,0,0,0,0,59648,52811,45441,39174,28261,25411,2035,1587,1161,1943,995,606,0
10030,340000,2,1,2,30,0,0,0,0,0,0,8571,21012,10607,47258,35675,20691,21041,10607,47258,983,20691,23849,0
10031,310000,2,1,2,32,0,0,0,0,0,0,90654,20784,5649,9141,5122,380,27778,5649,9141,5122,380,2475,0
10032,120000,1,1,1,41,0,0,0,0,0,0,416,0,0,832,416,416,0,416,1248,0,416,0,0
10033,200000,1,2,2,27,0,0,0,0,0,0,1990,2035,1577,2424,671,1606,2035,1577,2424,671,1606,27124,1
10034,500000,2,2,2,41,0,0,0,0,0,0,48650,15183,11626,8986,4465,24166,15183,11727,8986,0,24166,4117,0
10035,270000,1,3,1,53,0,0,0,0,0,0,239963,224278,196747,108242,72480,36440,8710,8119,4500,3000,2000,131904,1
10036,190000,1,1,2,26,0,0,0,0,0,0,184136,186387,172506,89806,91744,93903,9000,6500,3500,3500,3800,3600,0
10037,340000,2,3,1,37,0,0,0,0,0,0,16275,20037,9085,9461,12654,7296,20047,9126,9481,12657,7306,9928,0
10038,390000,2,3,2,30,0,0,0,0,0,0,338174,256104,221739,184529,175781,173442,8738,6545,6601,5700,6100,5000,0
10039,90000,2,1,2,31,0,0,2,0,0,0,63872,66983,63070,1184,4154,3502,5003,0,1000,4000,3502,1400,0
10040,200000,2,2,1,27,0,0,0,0,2,2,174381,177078,184026,192069,198862,176770,7000,10000,11000,10043,0,7000,0
10041,230000,2,1,1,43,0,0,0,0,0,0,0,0,200,43998,23400,13000,0,200,43998,52,13000,26200,0
10042,100000,2,3,1,39,0,0,0,0,0,0,1890,24105,52262,9920,8633,53312,24105,52282,9920,8633,53312,4589,0
10043,30000,2,1,2,24,2,0,0,0,2,2,11483,12810,13591,14530,14154,15320,1519,1300,1166,0,1400,0,1
10044,50000,1,2,1,50,0,0,0,0,0,0,6449,7314,8474,8488,8665,8843,1129,1289,303,313,321,472,0
10045,200000,2,1,1,44,1,0,0,0,0,0,-40,-40,-40,-40,-40,-40,0,0,0,0,0,0,0
10046,50000,2,2,1,39,0,0,0,0,0,0,42822,43872,25400,24202,25904,27567,2000,2000,1000,2000,2000,2000,0
10047,130000,1,2,2,31,0,0,0,0,0,0,5551,6953,8176,8884,9737,11404,1500,1500,1000,1000,2000,2000,1
10048,260000,1,2,1,46,0,0,0,0,0,0,29562,22429,11333,11651,12651,9247,1500,1000,1000,1000,205,1988,0
10049,80000,2,1,1,28,0,2,0,0,0,0,9598,6278,8721,3589,8209,10253,60,8721,3589,8209,10253,4829,0
10050,20000,1,2,2,30,1,0,0,0,0,0,-2610,390,0,780,0,0,3000,0,780,0,0,0,0
10051,160000,2,2,1,27,0,0,0,0,0,0,31666,31865,32691,31490,28324,30798,3000,3000,3000,3000,3000,3000,0
10052,70000,2,3,2,24,0,0,0,0,0,0,65429,67513,67767,69275,1058,48376,3136,2076,2243,1058,48000,2000,0
10053,70000,1,1,2,26,0,0,0,0,0,0,60701,61865,63063,10879,11127,13004,2735,2726,311,343,3000,2000,0
10054,400000,1,1,2,38,0,0,0,0,2,2,3456,49709,8834,57959,49590,22972,50263,8834,50000,0,8695,0,1
10055,30000,1,1,2,26,1,0,0,0,0,0,0,780,0,0,0,0,780,0,8000,0,0,0,0
10056,240000,2,1,2,35,0,0,0,0,0,0,18336,19648,11138,11481,18265,4365,5118,5015,5000,10000,2000,5326,0
10057,40000,2,2,1,43,0,0,0,0,0,0,36415,37409,30019,30426,22867,12900,1939,1399,806,862,258,0,0
10058,510000,2,3,1,61,0,0,2,0,0,0,181733,192903,181801,178179,223100,216225,17000,0,6508,50000,7000,6000,0
10059,20000,2,2,2,23,1,2,0,0,0,0,17538,16975,17651,17603,17962,0,0,1400,352,1139,0,1500,0
10060,80000,1,2,2,26,0,0,0,0,0,0,60315,61650,0,0,0,0,2850,0,0,0,0,0,0
10061,10000,2,1,1,37,0,0,0,0,0,0,5300,0,0,0,0,0,0,0,0,0,0,0,0
10062,50000,2,3,1,61,0,0,0,2,0,0,38158,35961,37417,24663,24655,26088,2220,2943,0,887,2000,716,0
10063,200000,1,2,1,31,1,2,2,0,0,0,29070,31302,29192,28170,28763,28453,3019,6,991,1032,1310,2000,0
10064,140000,1,3,1,59,0,0,0,0,2,0,129684,130838,131910,136810,133090,134415,6193,6200,10000,0,5000,5000,0
10065,60000,1,2,2,28,0,0,0,0,0,0,60721,61452,59797,30372,45283,24588,4000,1353,27826,1300,1903,3000,1
10066,100000,1,1,2,27,0,0,0,0,0,0,5552,4784,4743,2805,354,443,1120,1000,0,354,443,441,1
10067,30000,2,2,1,34,2,2,0,0,0,0,30082,29315,30369,29787,30284,29057,0,1750,1025,1100,1500,1000,0
10068,500000,1,2,1,42,0,0,0,0,0,0,1131,0,157,2025,-1,-1,0,157,2029,0,0,649,0
10069,420000,2,2,2,31,0,0,0,0,0,0,50771,48196,46932,45546,46369,42651,1862,2010,1700,1622,1520,1316,0
10070,130000,2,2,1,36,2,2,0,0,0,2,131989,128467,131073,132399,140254,139209,0,6230,5000,10200,4400,4570,1
10071,360000,2,1,1,56,0,0,0,0,0,0,60206,7690,0,0,0,6232,7690,0,0,0,6232,158,0
10072,150000,2,1,2,36,0,0,0,0,0,0,9788,6252,30244,2434,29139,26987,6252,30620,2434,29139,1210,10000,0
10073,360000,1,1,2,33,0,0,0,0,0,0,845,-4,831,899,1172,820,0,835,899,1172,820,670,0
10074,230000,2,2,2,29,0,0,0,0,0,0,157107,119402,78875,76117,75428,150130,6000,3020,3000,2500,80000,5000,0
10075,180000,2,1,1,31,0,0,0,0,0,0,18710,45460,3700,0,228,-372,45460,3700,0,228,0,0,0
10076,160000,2,1,1,34,1,0,0,0,0,0,-49,-375,-1027,603,277,1451,0,0,1630,0,1500,0,1
10077,250000,2,2,1,43,0,0,0,0,0,0,399,508,-3,-3,51169,51482,508,3,24,51800,1826,1787,0
10078,170000,1,3,1,40,0,0,0,0,0,0,6115,868,2687,2885,2092,36612,872,2700,2899,2102,101556,8496,0
10079,100000,2,2,1,28,0,0,0,0,0,0,95251,98226,98295,100406,100430,101392,5401,3576,3754,3806,3796,4000,0
10080,200000,2,1,1,37,0,0,0,0,0,0,3660,16991,19200,18856,14301,913,17302,20891,7377,2000,0,127188,1
10081,60000,2,2,1,53,0,0,0,0,0,0,55505,57374,35751,25824,25831,27393,3000,2015,2000,1000,2000,2000,0
10082,300000,1,1,1,44,0,0,0,0,0,0,58137,51459,49737,48015,36004,6748,3000,2000,1500,3000,1000,3000,0
10083,290000,1,2,2,29,0,2,0,0,0,0,22277,21451,2467,166,4030,9097,0,2467,200,6000,6000,6000,0
10084,30000,2,2,2,23,2,2,2,0,0,2,19674,21050,20414,22008,23480,23777,2000,0,1934,1824,830,0,0
10085,340000,1,2,1,35,0,0,0,0,0,0,292302,88857,92068,91367,89601,86899,3904,4708,3163,3209,3102,3194,0
10086,90000,1,2,2,31,0,0,0,0,0,0,34704,36426,35387,36838,35867,36841,3000,1549,2000,2000,2000,1000,0
10087,140000,2,1,2,28,1,2,0,0,0,2,99215,96776,98949,100673,106935,104427,0,3932,3717,8000,0,4000,1
10088,150000,1,1,2,31,0,0,0,0,0,0,110921,64600,58158,24856,704,1899,3000,1500,1000,704,1899,0,0
10089,70000,1,3,1,47,0,0,2,2,0,0,62080,67523,68334,67132,66796,67743,6874,2030,0,1866,1878,1909,1
10090,750000,2,1,1,41,0,0,0,0,0,0,184022,163441,92767,75696,35485,4889,6817,2330,2705,50854,4913,550,0
10091,200000,2,2,2,26,0,0,0,0,0,0,116070,111996,88327,73717,56921,48160,5096,2700,4017,7921,10160,5594,0
10092,230000,2,2,1,39,2,0,0,0,0,0,183718,187811,176457,125552,127993,112107,7236,5603,4187,4327,5237,15226,1
10093,180000,2,3,1,43,0,0,0,0,0,0,1473,22969,27315,13315,8194,12800,22969,27392,13315,9000,12800,9460,0
10094,210000,2,2,1,40,0,0,2,0,0,0,2216,6142,1108,1499,2447,888,5258,0,1500,2500,1000,1500,0
10095,170000,1,2,2,31,0,0,0,0,0,2,136330,173367,160847,87399,74761,67855,46000,10002,3046,5000,0,10000,0
10096,30000,2,2,2,26,0,0,2,2,0,2,8009,10181,10064,150,1150,1000,2316,199,0,1150,0,0,0
10097,30000,1,1,2,24,0,0,0,0,0,0,28749,29457,29530,28433,21365,0,2004,2169,1260,819,0,0,0
10098,90000,2,2,1,33,0,0,0,2,2,2,76395,79168,84904,87914,90043,91534,4000,8000,5348,3700,3128,0,0
10099,50000,2,2,1,30,2,2,0,0,0,0,29826,29068,29778,30370,31003,32291,0,1496,1088,1123,1800,2200,1
10100,240000,2,1,2,28,1,0,0,0,0,0,0,1748,0,14944,968,10408,1748,0,14944,968,10408,0,1
10101,280000,2,1,1,63,0,0,0,0,0,0,4108,2219,4734,0,1420,2705,2219,4734,0,1420,2705,3275,0
10102,410000,2,3,2,31,0,0,0,0,0,0,0,0,0,0,0,3932,0,0,0,0,3932,1238,0
10103,30000,2,2,1,42,2,2,2,0,0,2,4641,7071,6811,6795,7342,7075,2521,0,245,658,0,268,1
10104,260000,1,1,1,40,0,0,0,0,0,0,524,248,552,0,80,121,248,552,0,80,121,219,0
10105,30000,2,2,1,51,0,0,0,0,0,0,16883,17909,18920,19297,19699,20091,1303,1314,691,713,718,742,0
10106,10000,1,2,1,23,1,3,2,2,2,0,8679,8399,8101,8995,8216,7756,0,0,1000,0,500,500,0
10107,290000,1,1,1,41,1,0,0,0,0,0,0,0,0,0,0,0,0,0,0,0,0,0,0
10108,150000,2,1,2,37,0,0,0,0,0,0,2195,0,0,0,0,0,0,0,0,0,0,0,1
10109,30000,1,2,1,24,0,0,0,0,0,0,29416,30476,30386,29769,30395,30348,1540,1447,1027,1066,1288,1104,0
10110,360000,2,1,2,44,0,0,0,0,0,0,347696,329864,322159,289377,146946,130085,20000,20009,30000,10000,10000,10000,0
10111,240000,2,2,1,47,1,0,0,0,0,0,0,0,0,0,0,0,0,0,0,0,0,0,0
10112,60000,1,1,2,28,1,0,0,0,2,2,0,3132,3144,3638,3436,22219,3132,1053,547,0,19000,0,1
10113,50000,2,2,2,31,0,0,0,0,0,0,9514,2067,-6,-409,793,2385,2100,405,0,2385,2385,3000,0
10114,50000,2,1,2,42,0,0,0,0,0,0,1618,0,0,0,0,3702,0,0,0,0,3702,4817,0
10115,50000,1,2,2,29,0,0,0,0,0,0,23236,19132,15138,14036,14752,15445,1660,1065,5000,5000,5000,2000,0
10116,10000,1,2,2,24,1,2,2,2,2,2,4231,5508,5271,6182,5937,6838,1500,0,1000,0,1000,0,1
10117,110000,2,3,1,48,1,2,0,0,0,2,35341,24107,34090,24843,18105,16952,0,11412,739,1560,0,691,1
10118,220000,2,1,2,29,1,0,0,0,0,0,0,3003,2646,1125,0,3455,3003,2646,1125,0,3455,1000,0
10119,400000,2,3,1,44,0,0,0,0,0,0,120456,113855,87798,19583,20453,21309,3557,2350,5700,1000,1000,1000,0
10120,90000,2,2,2,26,0,0,0,0,2,2,70206,71353,72707,74101,72818,73940,3300,3168,3143,2700,3600,1700,0
10121,150000,2,3,1,48,2,2,2,2,2,2,84647,76858,62650,59255,45983,52986,5950,0,10000,0,20000,0,1
10122,80000,2,2,2,26,0,0,0,2,0,0,77037,71799,75743,67626,69081,70772,3300,5800,0,2700,3000,2700,0
10123,50000,1,3,2,23,0,0,0,0,0,0,7965,8404,10240,170,-220,390,1500,2000,170,0,1000,3309,0
10124,50000,1,2,2,33,0,0,0,0,0,0,48355,49715,49736,17599,16753,10582,2140,1161,510,503,500,1000,0
10125,20000,1,2,1,38,2,2,2,2,2,2,6313,8625,8338,9199,9378,9081,2426,0,1000,471,0,482,0
10126,50000,1,2,2,29,0,0,0,0,0,0,10498,8238,6411,5341,3483,4093,1345,1000,2000,1000,1000,2000,0
10127,140000,2,2,2,27,0,0,0,0,0,0,62986,64498,63093,58650,54946,53773,5000,3000,5000,3000,3000,3000,0
10128,280000,2,1,1,36,0,0,0,0,0,0,4480,2120,1627,2649,0,0,2120,1627,2649,0,0,0,1
10129,130000,2,2,1,37,1,2,2,2,0,0,67612,65997,70604,68904,70369,71682,0,6300,0,2700,2600,2800,1
10130,70000,2,1,1,25,1,0,0,0,2,0,0,0,0,398,248,3408,0,0,398,0,3408,1067,0
10131,470000,1,1,1,38,0,0,0,0,0,0,156454,152017,153651,155381,155287,160843,5526,5484,5504,5655,9471,5269,0
10132,500000,1,2,2,33,0,0,0,0,0,0,134503,114682,124240,131006,137911,119343,20031,20029,20058,20127,10000,10027,0
10133,40000,1,2,2,35,2,0,0,0,0,0,21072,20454,19977,20650,0,0,1504,1427,1100,0,0,0,0
10134,40000,2,2,1,45,1,2,0,0,0,0,40910,39592,40135,37403,30159,27854,0,2196,4,603,925,389,0
10135,50000,2,1,1,22,0,0,0,0,0,0,5856,8725,10000,17916,6789,150,3005,2700,7916,0,150,198,0
10136,40000,2,1,2,24,0,2,0,0,0,0,780,390,390,780,390,150,0,390,780,0,150,780,1
10137,50000,2,2,2,26,0,0,0,0,0,0,48457,44932,20024,18830,18087,17616,1351,1561,628,775,1602,594,0
10138,310000,2,2,2,44,0,0,0,0,0,0,6571,1156,1156,1889,3367,2267,1156,1156,1889,3367,2267,0,0
10139,140000,2,2,2,34,0,0,2,2,2,0,27098,29832,29354,30609,29981,30581,3485,300,2038,0,1100,2570,1
10140,80000,2,2,2,27,0,0,0,0,0,0,36406,31472,10246,20202,20077,20247,2000,5056,20202,726,891,10000,1
10141,210000,1,2,2,26,1,0,0,0,0,3,0,0,0,0,1290,990,0,0,0,1290,0,0,1
10142,50000,2,1,2,23,0,0,0,0,0,0,18975,19763,21081,21432,21933,22569,1400,1649,1000,1000,1000,1200,0
10143,400000,1,1,2,39,2,2,2,2,2,2,50747,49666,52727,51286,55077,55500,0,4500,0,4800,1600,0,0
10144,60000,2,2,1,36,0,0,0,0,0,0,57262,27275,22095,14293,12217,16170,5816,1000,5000,12217,8000,1100,0
10145,160000,2,3,2,54,1,0,0,0,0,0,0,0,0,1690,0,0,0,0,1690,0,0,0,0
10146,400000,1,1,2,31,1,0,0,0,0,0,-166,-490,29186,30789,7879,13928,1,30001,2128,3009,8006,1028,0
10147,450000,2,1,1,46,0,0,0,0,0,0,28205,3760,4148,2312,6909,4189,3793,4148,2312,6909,4189,1539,1
10148,20000,2,3,2,35,0,0,0,2,0,0,10704,11352,13297,12418,12581,12305,1517,2852,0,500,700,500,0
10149,50000,2,2,1,47,0,0,0,0,2,2,47500,46937,44681,47537,46644,49765,2700,2000,3600,0,3890,0,0
10150,200000,2,2,1,41,0,0,0,0,0,0,23570,735,0,0,0,0,742,0,0,0,0,0,1
10151,160000,1,1,2,42,0,0,0,0,0,0,51997,0,0,0,0,0,0,0,0,0,0,0,0
10152,60000,2,2,2,48,2,3,2,3,2,2,60717,59183,62075,60501,61808,60668,0,4500,0,2400,0,2200,1
10153,280000,2,2,2,30,0,0,0,0,0,0,3510,-32,4628,2589,3120,4334,0,4660,2601,3135,4354,3027,0
10154,200000,2,2,2,28,0,0,0,0,0,0,1243,0,0,0,0,0,0,0,0,0,0,1434,0
10155,100000,1,2,1,56,0,0,0,0,0,0,96392,87986,89230,90745,92774,101275,4424,3600,3000,3200,9800,0,0
10156,10000,2,1,2,22,0,0,0,2,2,2,6579,7611,8926,8634,9442,9144,1300,1602,0,948,0,484,1
10157,80000,1,1,2,28,0,0,0,0,0,0,49740,48501,48117,48502,48610,49650,2000,2000,2000,1800,1800,2000,1
10158,440000,1,1,2,35,0,0,0,0,0,0,421895,413687,420892,352705,359770,351535,15100,16076,12445,13183,12874,12146,1
10159,500000,2,2,2,36,0,0,0,0,0,0,11168,9287,9963,17145,7645,16079,9287,9963,17223,7645,16079,11288,0
10160,20000,1,3,2,24,0,0,0,0,0,0,14628,16391,18045,18055,0,0,3000,2000,1000,0,0,0,0
10161,500000,2,1,2,30,0,0,0,0,0,0,5800,7210,229,3377,441,24116,7210,229,3377,441,24116,0,0
10162,30000,1,1,2,24,0,0,0,0,0,0,8217,3000,0,504,279,254,5000,0,504,300,500,1000,0
10163,180000,2,1,2,32,2,0,0,0,0,0,326,2241,2579,326,1005,625,2241,2583,326,1005,625,605,0
10164,120000,2,1,2,23,0,0,0,0,0,0,100904,91354,160932,54967,42017,30455,6629,3117,1551,2000,1273,2000,0
10165,120000,2,3,2,50,0,0,0,0,0,0,149540,118675,120047,100637,79613,79286,125000,4065,4000,3000,3000,3000,1
10166,140000,1,2,1,40,0,0,0,0,0,0,77356,80113,82083,83029,84737,94101,4000,3900,3200,3200,10800,0,0
10167,60000,1,2,2,26,0,0,0,0,2,0,23146,23868,26447,28109,28720,28308,1400,3000,2100,1200,1200,2000,1
10168,10000,2,2,2,22,0,0,0,0,0,0,528,0,264,264,264,264,0,264,264,264,264,1056,1
10169,120000,2,1,1,39,0,0,0,0,0,0,51662,30285,24879,29479,27553,14587,10000,6000,5000,7553,14587,1706,0
10170,70000,2,2,2,26,0,0,2,0,0,0,28986,30609,31301,31980,32813,33614,2400,1500,1500,1500,1500,1500,0
10171,330000,2,1,2,28,1,0,0,0,0,0,0,1056,2006,-2,1683,1382,1056,2014,0,1685,1388,967,0
10172,70000,2,2,2,40,0,0,0,0,0,0,65059,65204,55018,27430,25498,27678,3141,7000,5505,3000,4000,5000,0
10173,410000,2,3,1,48,0,0,0,0,0,0,6578,43564,16813,11080,16595,15843,43821,16865,11100,16615,15866,1547,0
10174,360000,1,1,1,57,0,0,0,0,0,0,2505,4070,3307,0,380,2566,4070,3307,0,380,2566,166,0
10175,200000,1,1,2,28,0,0,0,0,0,0,0,0,0,0,0,0,0,0,0,0,0,597,0
10176,20000,2,3,1,34,0,0,0,0,0,0,1030,4177,1786,1050,0,0,4177,1786,1050,0,0,0,0
10177,90000,2,3,1,49,0,2,2,0,0,0,69380,70886,69402,1332,1604,958,2800,0,0,272,166,3756,0
10178,60000,2,2,1,30,0,0,0,0,0,0,36082,37127,38117,38874,38667,39544,1628,1618,1375,1403,1520,1205,0
10179,120000,1,1,2,34,1,0,0,0,0,2,-325,279,-117,-513,1091,545,1000,0,0,2000,0,550,0
10180,210000,2,1,2,30,1,0,0,0,0,0,0,0,0,830,0,10533,0,0,830,0,10533,13877,0
10181,40000,2,2,2,25,2,0,0,0,2,2,25741,26772,27794,29333,29816,30577,1750,1772,2311,1100,1400,0,1
10182,130000,2,3,1,42,0,0,0,0,0,0,105406,95012,83245,76631,75607,73006,4349,3000,2410,7639,12962,2889,0
10183,150000,2,1,2,38,0,0,0,0,0,0,675,0,0,0,0,0,0,0,0,0,0,0,0
10184,30000,1,2,1,39,1,2,2,0,0,2,22595,24928,24230,26811,28702,28092,3000,0,3000,2327,0,1200,1
10185,380000,1,3,1,52,2,0,0,0,0,2,390409,369065,375150,383319,385813,365587,15353,14219,15022,29000,0,27000,0
10186,150000,2,3,1,40,0,0,0,0,0,0,56690,58775,62769,64233,65704,69835,3606,5600,2500,2500,5400,2600,1
10187,50000,2,1,2,22,2,2,2,0,0,0,41632,44069,37395,32284,32805,33751,3509,0,1302,1191,1492,1949,1
10188,170000,1,1,2,27,0,0,0,0,0,0,17066,20456,24644,25739,30372,34924,4000,5000,5000,5000,5000,5000,0
10189,360000,1,3,1,41,0,0,0,0,0,0,498,498,498,498,498,498,498,498,498,498,498,498,1
10190,500000,2,1,1,38,0,0,0,0,0,0,238708,313903,323841,319331,316208,304388,90012,28000,15000,9494,108914,18200,0
10191,200000,2,1,2,36,1,0,0,0,0,0,12099,0,1540,0,3045,0,0,1540,0,3045,0,0,0
10192,240000,2,1,1,33,0,0,0,0,0,0,30973,32008,32889,33410,34327,34500,1537,1418,939,1193,690,0,0
10193,210000,2,2,1,38,0,0,0,0,0,0,142,307,307,614,307,307,307,307,307,614,307,307,0
10194,110000,2,2,1,28,0,0,0,0,0,2,66831,62435,59977,59411,55112,45025,3021,2800,2710,5227,0,1900,0
10195,10000,1,3,1,46,0,2,2,4,3,2,6277,7019,9557,9269,8836,8548,1000,2819,0,0,0,250,1
10196,180000,2,1,2,34,0,0,0,0,0,0,1599,0,0,0,0,0,0,0,0,0,0,0,0
10197,50000,2,2,1,41,2,3,2,2,2,2,29463,28715,28950,29684,29078,29944,0,1000,1500,0,1500,2100,0
10198,180000,1,1,2,32,0,0,0,0,0,0,63461,54673,53358,41379,32620,19061,3018,3071,3042,1161,3023,32,0
10199,40000,2,2,2,24,0,0,0,0,0,0,38221,34975,19606,21272,22923,24539,3107,3000,2000,2000,2000,0,1
10200,50000,1,1,2,25,0,0,0,0,0,0,910,1597,997,-3,999,491,1607,1000,0,1002,492,3243,0
10201,200000,2,1,2,29,0,0,0,0,0,0,390,390,192,-198,-588,691,390,192,140,0,1727,287,0
10202,120000,2,1,2,27,2,2,0,0,0,0,500,0,0,41150,0,125,0,0,41150,0,125,0,0
10203,90000,1,3,1,62,0,0,0,0,0,0,98784,52485,46978,47512,48111,48761,1050,47003,1680,1734,1828,1737,0
10204,130000,1,2,2,32,0,0,0,0,0,0,65599,63875,57122,56003,57992,61049,3000,3000,4000,4000,4000,5000,0
10205,120000,2,2,2,48,0,0,0,0,0,2,72528,74047,75564,77242,81826,83630,2680,2741,2933,6000,3300,0,0
10206,350000,2,1,1,46,0,0,0,0,0,0,102060,86242,63012,47172,19482,125875,10069,5631,20036,5000,125000,3000,0
10207,200000,1,1,2,28,0,0,0,0,0,0,778,504,3724,445,8963,482,506,3742,447,9007,484,489,0
10208,80000,1,2,2,26,0,0,0,0,0,0,76158,81858,80337,61002,58148,52515,8000,5000,4000,5000,3000,5000,0
10209,50000,2,1,0,45,0,0,0,0,0,2,4736,0,0,0,4881,4634,0,0,0,4881,0,0,0
10210,20000,2,2,2,46,1,2,2,0,0,0,15481,16537,15979,16410,17142,17705,1600,0,1000,1000,1000,650,0
10211,90000,2,2,2,31,0,0,0,2,2,2,23418,24443,26695,25967,26946,28346,1408,2660,0,1400,2000,1200,0
10212,160000,2,2,1,34,0,0,0,0,0,0,5283,5920,6999,8109,8596,9455,1500,1200,2000,1000,1000,500,1
10213,50000,1,3,1,41,2,2,2,0,0,0,31303,35716,30087,29610,40736,25690,5700,0,1000,12000,2000,900,0
10214,220000,2,1,2,30,1,2,0,0,0,0,29007,23428,339,207,207,12890,0,339,500,0,12999,0,0
10215,70000,2,1,1,29,0,0,0,0,0,0,68532,69475,69582,69589,68728,69304,3300,3100,2800,2600,2940,3000,0
10216,30000,1,3,1,52,2,3,2,0,0,0,31521,30749,29506,29106,29106,29700,0,0,0,0,594,0,0
10217,80000,2,3,1,46,2,0,0,0,0,0,58934,52253,34721,5544,9318,7298,2254,2086,19,9346,7319,1352,1
10218,10000,1,2,2,23,0,0,0,0,0,0,3072,2529,390,9478,8170,953,2535,390,9478,0,953,0,0
10219,80000,2,2,1,46,0,0,0,0,0,0,4742,3913,6383,5016,1760,2783,1277,6387,102,35,1850,6099,0
10220,50000,1,3,2,25,0,0,0,0,0,0,45943,45922,34514,23610,21760,6398,1818,1400,472,435,128,25518,0
10221,60000,1,1,3,47,0,0,0,0,0,0,49689,2497,59271,28101,29724,25664,3007,59274,1500,2013,1000,1000,0
10222,50000,1,2,2,41,0,0,0,0,0,0,40710,42736,43751,44619,45900,46845,3000,1729,1597,2000,1709,1665,0
10223,80000,2,3,2,26,0,0,0,0,0,0,78513,76475,80131,75920,75421,73991,3000,5000,3500,8000,3000,3200,0
10224,120000,1,2,2,32,0,0,0,0,0,0,113650,105592,105428,76543,144089,74115,3999,6025,3069,3001,6000,3112,0
10225,80000,2,3,3,60,0,0,0,0,0,2,30959,15774,9365,6515,6845,5789,1458,1230,250,800,0,300,0
10226,110000,1,1,2,33,0,0,0,0,0,0,111249,111480,64237,57066,112716,57044,4000,2800,2200,2200,3000,2000,0
10227,140000,2,3,1,51,0,0,0,0,0,0,58213,60764,59949,40979,42339,43529,3500,2000,1447,2000,2184,2000,0
10228,50000,2,2,2,22,1,2,0,0,0,2,5139,4911,5924,6822,7411,9146,0,1102,1000,1000,2000,3000,0
10229,50000,1,3,1,38,0,0,0,0,0,0,44837,45385,45763,27659,28236,28797,1871,1852,990,1023,1029,1137,0
10230,320000,1,1,1,42,0,0,0,0,0,0,19252,21351,20819,20993,19089,16062,4027,5048,10029,10470,7027,10058,0
10231,140000,1,2,1,38,2,2,2,2,2,2,131877,135309,131671,138771,141146,127184,7000,0,10800,4800,0,5000,0
10232,180000,2,2,2,35,0,0,0,0,0,0,827,669,785,1809,2067,0,675,785,1809,2067,0,0,0
10233,50000,1,2,2,25,1,2,0,0,0,0,21679,18566,19918,19584,18508,20047,0,2000,1500,1000,2000,676,1
10234,310000,1,2,1,36,0,0,0,0,0,0,52191,36758,29180,22426,18592,14976,3012,5000,2000,5000,5000,3000,0
10235,50000,2,1,2,23,0,0,0,0,0,0,1300,628,4050,3050,1243,865,628,4050,0,1243,865,3000,0
10236,160000,1,3,1,62,0,0,0,0,0,0,37615,38707,40460,41149,-1,-1,1700,2400,2000,0,0,0,0
10237,220000,2,2,1,33,0,0,0,0,0,0,9649,8300,1590,1341,8171,14253,8300,1590,1341,8171,14253,3513,0
10238,140000,1,2,1,41,0,0,2,2,2,2,57607,60676,64072,62444,67411,71144,4000,5000,0,6000,5000,0,0
10239,50000,1,1,1,49,0,0,0,0,0,0,50430,46924,48351,28442,29481,30232,2500,2500,1500,1500,1256,1018,0
10240,60000,1,2,2,24,0,0,2,0,0,0,57480,60491,57187,57619,57033,58493,4207,1000,1690,1473,2354,2009,0
10241,20000,1,3,2,28,0,2,2,2,0,0,3515,4301,5075,4845,6753,9615,1000,1000,0,2000,3000,2000,1
10242,100000,2,1,1,27,0,0,2,0,0,2,39056,43420,42417,40287,42938,42095,5000,0,1500,3300,0,1571,0
10243,150000,2,3,1,29,0,0,0,0,0,0,149278,142117,144947,140696,143607,136575,3984,3825,3361,3469,3812,3020,0
10244,260000,1,2,2,30,0,0,0,0,0,0,326,326,326,326,476,326,326,326,326,476,326,326,0
10245,50000,1,3,1,38,0,0,0,0,0,0,31304,33479,34617,35735,37154,38380,3000,2000,2000,2000,2000,2000,0
10246,320000,1,1,2,29,0,0,0,0,0,0,838,4288,24495,29226,41415,20738,4309,24495,5036,20004,1250,9,0
10247,180000,1,2,1,35,0,0,0,0,0,0,95757,76696,77720,79430,81098,82791,3400,2900,3000,3100,3200,7300,0
10248,120000,2,2,1,35,1,0,0,0,0,2,0,0,0,0,54683,2657,0,0,0,54683,0,2239,1
10249,500000,2,1,1,41,0,0,0,0,0,3,5094,5626,1715,-285,1715,1395,6000,1715,0,2000,0,0,0
10250,220000,1,1,1,32,0,0,0,0,0,0,8757,-2323,-3322,-3322,-3622,-2852,9,23000,0,0,3000,0,0
10251,50000,1,2,2,26,1,0,0,0,0,0,0,0,0,0,0,0,0,0,0,0,0,0,0
10252,180000,2,3,1,56,0,0,0,0,0,0,440,440,440,440,440,440,440,440,440,440,440,440,1
10253,230000,2,2,2,33,1,0,0,0,0,0,-133,611,19640,13242,1782,3106,744,19640,13242,1782,3106,0,0
10254,220000,2,1,2,36,0,0,0,0,0,0,4952,1734,819,3750,657,0,1734,827,3750,0,0,0,0
10255,160000,1,2,1,41,0,0,0,0,0,0,2524,0,0,0,0,0,0,0,0,0,0,0,1
10256,50000,1,1,2,23,0,0,0,0,0,0,17528,17921,0,940,0,0,1000,0,940,0,0,0,0
10257,100000,1,2,1,41,0,0,0,0,2,2,100284,90952,92840,99296,101872,99555,3500,3400,8000,4300,0,1650,0
10258,360000,1,1,1,32,0,0,0,0,0,0,2708,5562,3906,8413,3079,4075,5588,3924,8454,3093,4095,3045,0
10259,160000,2,2,1,38,0,0,0,0,0,0,6000,6000,6228,6000,6000,6000,6000,6228,6000,6000,6000,6000,0
10260,100000,2,1,2,25,0,0,0,0,0,0,9424,1259,586,3195,3732,42605,1259,586,3195,3732,42605,30583,0
10261,170000,2,1,2,24,0,0,0,0,0,0,171465,145196,110163,112157,106497,108832,18500,13998,3760,4000,12212,4200,0
10262,80000,2,2,2,26,0,0,0,0,0,0,11284,10110,10859,59187,111059,56320,1500,1000,56500,2500,2500,2000,0
10263,50000,1,2,1,44,0,0,0,0,0,0,38736,28402,28813,29550,29106,29718,3000,2000,1500,1100,1096,1200,0
10264,500000,2,2,1,32,0,0,0,0,0,0,0,0,293,0,0,259,0,293,0,0,259,2621,0
10265,20000,1,1,3,47,0,0,0,3,2,0,16888,17928,20312,19696,19648,20154,1616,3000,0,408,826,872,0
10266,30000,2,2,2,26,0,0,0,0,0,0,14923,16277,17003,17420,17790,18993,1600,1300,700,650,1500,0,0
10267,60000,2,1,2,30,0,0,0,0,0,0,0,0,0,0,0,0,0,0,0,0,0,3789,0
10268,360000,1,1,1,44,0,0,0,0,0,0,18295,3199,6131,7662,19423,28351,3204,6195,7664,19423,28351,3250,0
10269,240000,1,1,1,50,0,0,0,0,0,0,52771,54522,55634,56628,58228,59985,3000,2400,2300,2300,2500,2100,0
10270,50000,2,3,1,36,0,0,2,0,0,0,49212,49243,5112,48455,48456,47234,5450,0,45554,2100,1900,2000,0
10271,50000,1,2,2,46,2,2,0,0,0,0,49423,48332,46043,18759,19161,19516,10,2000,655,688,666,649,0
10272,60000,2,3,1,29,0,0,0,0,0,0,59190,56704,48980,34416,28818,28546,2200,2300,3000,1100,1000,1000,0
10273,210000,2,1,2,25,1,0,0,0,0,0,0,0,0,0,0,0,0,0,0,0,0,0,0
10274,330000,1,2,1,42,0,0,0,0,0,0,870,0,870,0,435,435,0,870,0,435,435,435,0
10275,90000,2,1,2,25,0,0,2,0,0,0,3407,10839,4788,7370,1051,14014,10850,5,5042,0,14014,5812,0
10276,380000,2,1,2,27,0,0,0,0,0,0,44986,109142,43758,39106,37978,33428,70000,2014,1004,3000,2000,3302,0
10277,500000,2,2,1,34,0,0,0,0,0,0,60278,56247,46940,45607,41412,31200,1745,1635,2000,3450,3000,2000,0
10278,30000,2,3,1,35,0,0,0,0,0,0,23697,20523,20762,22535,22622,11400,3000,3102,3008,3136,1103,0,0
10279,50000,1,2,2,33,0,0,2,2,0,0,29616,34040,30385,18399,19037,17945,5000,2000,0,2000,726,510,1
10280,360000,2,1,1,33,0,0,0,0,0,0,364367,365353,346416,261694,230654,201528,14050,11992,8581,7991,9083,8000,0
10281,310000,2,1,2,28,0,0,0,0,0,0,3473,35890,29935,20339,12924,839,201153,20146,3000,512,839,165305,0
10282,60000,2,2,2,26,1,2,0,0,2,2,58603,58918,55709,54173,54065,57499,2000,2500,3200,1000,4500,0,0
10283,120000,2,3,1,47,0,0,0,0,0,0,118148,118593,101152,80503,75407,77157,5033,5000,3007,3000,3000,3000,0
10284,140000,2,1,1,33,0,0,0,0,0,0,27234,20191,26276,26847,21713,22143,1389,12000,915,788,791,821,0
10285,220000,2,1,1,41,0,0,0,0,0,0,219198,114930,100749,74457,68604,53333,5068,5000,2000,3000,3000,1000,0
10286,400000,1,1,2,29,0,0,0,0,0,0,31348,27887,38915,29926,24383,45588,28102,39186,30153,12029,38220,6004,0
10287,50000,2,2,1,56,0,0,0,0,0,0,48836,48049,47060,19171,18624,18923,2000,2000,1000,1000,1000,1000,0
10288,80000,1,2,2,35,1,0,0,0,0,0,0,0,0,19980,173,0,0,0,19980,173,0,0,1
10289,150000,2,3,1,33,0,0,0,0,0,0,21112,13155,14534,3334,318,1963,5000,4500,3300,300,2029,16368,0
10290,50000,1,1,2,26,0,0,0,0,0,0,28408,29117,28764,28390,29443,29041,1477,1444,1100,1500,1100,967,0
10291,50000,2,2,1,50,0,0,0,0,0,0,50224,47178,48400,29781,30082,26609,2200,2520,1000,1100,1000,1000,0
10292,210000,1,2,2,25,0,0,0,0,0,0,96518,35523,34809,25199,25395,25692,1681,1409,886,912,1035,900,0
10293,90000,1,1,2,30,0,0,0,0,0,2,41789,42913,44388,45348,48454,47524,2100,2500,2000,4000,0,2000,0
10294,320000,1,1,2,31,0,0,0,0,0,0,1391,48556,49210,50052,53325,53765,50006,3011,4000,4019,5000,3065,0
10295,180000,2,3,2,29,0,0,0,0,0,0,0,0,0,0,0,0,0,0,0,0,0,0,0
10296,310000,1,2,2,24,0,0,0,0,0,0,165477,167227,103601,102895,101017,95530,6000,4500,4348,3407,4000,4000,0
10297,50000,2,2,2,23,0,0,0,0,0,0,48529,44669,45684,46592,47568,48907,1743,1758,1666,1725,2128,1374,0
10298,120000,1,1,2,41,0,0,0,0,0,2,113796,116467,116060,115711,121575,120940,6000,4500,4500,7900,3000,4023,0
10299,150000,2,2,2,36,0,0,0,0,0,0,1374,-4,-4,6340,4998,5710,0,0,6344,4998,5712,5000,0
10300,20000,1,2,1,47,0,2,0,0,0,0,8424,4310,16990,3820,4350,3180,0,16990,0,4350,3180,780,0
10301,180000,2,3,1,43,0,0,0,0,0,0,130500,47346,48176,49140,48129,45759,47346,1678,1642,2000,2000,1424,0
10302,120000,2,2,1,39,0,0,0,0,0,0,114644,117110,117050,117486,117720,118773,4320,4200,4200,4300,4400,4200,0
10303,100000,1,1,2,27,1,0,0,0,0,0,0,429,858,429,429,429,429,858,0,429,429,429,0
10304,210000,2,1,1,51,0,0,0,0,0,0,1900,0,0,0,0,0,0,0,0,0,0,0,0
10305,100000,2,2,2,23,0,0,0,0,0,2,85435,85957,86295,86945,94526,91630,3143,3052,3264,10398,0,3390,0
10306,120000,2,2,1,41,0,0,0,0,0,0,7877,11532,13695,2050,804,0,11532,13740,2050,804,0,0,0
10307,190000,2,3,1,54,0,0,0,0,0,0,88,-468,-1024,-1397,-1953,-825,0,0,1580,556,2047,7932,0
10308,80000,1,4,2,30,0,0,0,0,0,0,59292,13943,0,0,0,0,5009,0,0,0,0,0,0
10309,70000,1,2,1,34,0,0,0,0,0,0,59841,60021,58476,20717,11473,22021,2610,1366,414,229,22021,668,0
10310,60000,1,2,2,42,1,2,0,0,0,0,60560,56471,36057,35077,69251,71478,2065,1988,2500,62731,3600,1600,1
10311,50000,2,1,2,25,0,0,0,0,0,0,8107,4895,12128,12128,6000,0,1000,12128,0,0,0,0,0
10312,110000,2,2,1,45,0,0,0,0,0,0,108214,107512,82828,47978,47276,48109,5300,3300,1700,1900,1770,3000,0
10313,200000,2,1,2,47,0,0,0,0,0,0,8172,20004,7737,8586,4291,52605,20003,9189,8586,4291,52605,21,0
10314,210000,2,1,2,33,1,0,0,0,0,0,0,0,0,25478,9485,0,0,0,25478,9485,0,0,0
10315,30000,1,3,1,50,1,2,0,0,2,0,22320,21674,22995,24310,23781,25383,0,1685,2000,0,2000,1000,1
10316,160000,2,1,2,32,0,0,0,0,0,0,1179,4042,270,52,0,394,4042,270,0,0,394,646,1
10317,20000,2,3,2,23,0,0,2,2,2,2,13884,16344,15784,17517,17097,18654,3000,0,2000,0,2000,0,1
10318,70000,1,2,2,42,0,0,0,0,0,0,66681,68768,69699,69484,71067,67568,3768,2699,2660,2879,2568,2570,0
10319,260000,2,3,1,51,0,0,0,0,0,0,1821,7091,1546,37708,4080,11036,7091,1555,37708,303,7500,0,0
10320,260000,2,2,2,51,0,0,0,0,0,0,200964,205714,208756,168828,155644,159135,8000,8065,7000,10000,10000,10000,0
10321,50000,2,3,2,54,0,0,0,0,0,0,42659,35552,31512,25361,26946,28492,1500,2000,2000,2000,2000,1000,0
10322,170000,2,2,2,26,1,2,0,0,0,0,16237,15692,17120,17836,18396,18935,0,2000,1000,1000,1000,1000,0
10323,20000,1,2,2,25,1,2,0,0,0,0,15863,14498,15064,13605,11844,10152,0,1157,574,423,374,648,0
10324,40000,2,1,2,24,1,2,2,0,0,0,9958,12140,11653,11762,12418,13108,2500,0,600,1000,900,1000,0
10325,220000,1,3,1,39,0,0,0,0,0,0,192815,208365,88004,31237,15980,529,20000,5003,3047,5000,1000,81000,0
10326,30000,2,2,1,23,0,0,0,0,2,2,29336,30047,29904,32025,32479,30894,1800,1470,3500,2000,0,1400,1
10327,20000,1,2,2,22,0,0,0,0,0,0,17676,18833,19002,18982,13762,0,1451,1400,380,0,0,0,1
10328,120000,2,1,2,34,0,0,0,0,0,0,67253,31954,16991,18730,21076,24134,1954,1991,3730,9076,4134,497,0
10329,110000,2,1,2,32,0,0,0,2,2,2,30852,31957,37051,36303,42800,38381,1906,6000,0,8000,0,5000,0
10330,170000,2,2,1,23,2,0,0,0,0,0,160189,150377,138779,129548,121625,108462,5936,4584,4002,4093,4187,4335,0
10331,90000,2,1,2,32,1,2,2,0,0,0,32226,33255,32426,32763,33602,34193,1839,0,1176,1367,1300,4337,1
10332,140000,1,1,2,35,0,0,0,0,0,0,2000,0,0,0,0,0,0,0,0,0,0,0,0
10333,200000,1,2,1,41,0,0,0,0,0,0,23025,22369,23344,23627,3977,1100,0,1400,1110,1000,0,1736,1
10334,50000,1,2,2,27,0,0,0,0,0,0,46301,47731,46649,48020,49439,45771,2187,1700,2000,2044,1319,30000,0
10335,70000,2,2,2,23,0,0,0,0,0,0,0,3999,44446,21436,19987,19939,3999,44446,41,19995,6000,10305,0
10336,50000,2,2,1,45,0,0,0,0,0,0,49073,12630,9215,9215,8011,5615,2022,2000,0,1000,1904,1664,0
10337,20000,1,2,2,57,0,0,0,0,0,0,20104,19887,19486,19501,19274,19703,3000,1500,1600,900,900,600,0
10338,20000,2,2,1,47,3,2,2,2,2,2,17772,18487,17892,19294,19840,19376,1300,0,1700,1000,0,850,1
10339,200000,1,1,2,32,1,2,2,2,2,2,18726,18141,20838,20217,22896,22400,0,3000,0,3000,0,3000,1
10340,460000,1,1,2,28,0,0,0,0,0,0,17919,13041,9681,3284,732,2732,1500,9681,3284,732,2000,0,0
10341,140000,2,1,2,28,1,0,0,0,0,0,0,0,0,0,50000,0,0,0,0,50000,0,0,0
10342,240000,1,1,3,65,0,0,0,0,0,0,4110,5000,0,1000,0,167747,1000,0,1000,0,167747,4810,0
10343,70000,2,2,1,53,0,0,0,0,0,0,24645,0,14000,0,0,0,0,14000,0,0,0,0,0
10344,410000,2,1,1,53,0,0,0,0,0,0,4213,187,7884,1842,1129,7592,187,7898,1842,1129,7592,0,0
10345,90000,1,2,2,28,0,0,0,0,0,0,91431,88920,88344,50209,48262,49316,4672,4042,1748,1892,2000,1861,0
10346,260000,1,2,1,35,0,0,0,0,0,0,228,340,352,364,376,388,500,400,400,400,400,284,0
10347,260000,1,3,1,53,0,0,0,0,0,0,3304,7378,3641,4726,2966,5946,7378,3696,4726,2966,5946,6020,0
10348,200000,1,3,1,36,0,2,0,0,0,2,1762,881,24842,28367,28721,20139,4,24846,5004,1540,4,6411,1
10349,500000,1,1,2,35,0,0,0,0,0,0,4814,12939,19502,128406,-200,-200,13275,19522,128406,0,0,0,0
10350,20000,1,1,1,35,0,0,0,0,0,0,5745,6023,7053,5909,3287,3604,2224,1171,500,500,500,5000,1
10351,20000,1,2,2,40,0,0,0,0,0,0,17068,18283,19424,19208,19600,20000,1800,1600,384,392,400,0,1
10352,20000,2,2,2,24,0,0,0,0,0,0,19096,20087,16752,15017,13754,4699,1335,5000,370,350,176,94,0
10353,360000,1,3,1,58,0,0,0,0,0,0,1351,554,1090,780,390,388,554,1096,780,0,388,887,0
10354,20000,1,2,2,43,2,0,0,2,2,2,9286,10176,12298,11809,12333,11986,1200,2300,0,1015,0,1900,1
10355,30000,1,2,2,25,3,2,2,2,0,0,18585,19301,19702,19102,19508,19899,1300,1000,0,700,700,1000,1
10356,180000,1,1,1,44,0,0,0,0,0,0,18896,20166,16995,15324,6758,5730,2006,6995,282,0,200,0,0
10357,30000,1,3,1,48,0,0,2,2,3,2,20817,23860,24372,25776,25088,24537,3400,1200,2100,0,0,2200,0
10358,190000,2,6,1,48,0,0,0,0,0,0,146034,142003,135885,102718,68604,45976,5704,4305,2800,2366,2066,96264,0
10359,220000,2,1,2,35,0,0,0,0,0,0,11636,11004,8392,10887,16542,10164,3004,3392,4000,6542,5000,3909,0
10360,40000,1,1,1,37,0,0,0,2,2,0,12745,6889,8530,4610,-220,1060,1500,3005,0,0,2000,4000,0
10361,100000,1,1,1,30,2,0,0,0,0,0,85806,85195,85464,86921,88524,91241,3100,4000,4000,3500,5000,10000,1
10362,30000,2,1,2,41,0,0,0,0,0,0,22346,26357,29043,29419,29848,29306,8816,4021,2000,5000,6000,6000,0
10363,60000,2,3,2,40,0,0,0,0,0,0,35602,35911,36246,29831,29667,30062,1654,1762,1044,1065,1266,979,0
10364,80000,2,2,2,28,0,0,0,2,2,2,44739,46708,49611,50496,51543,50563,3000,4000,2000,2000,0,5000,0
10365,180000,2,2,1,41,2,0,0,0,0,0,106944,78405,47542,44952,24904,26825,3500,2000,1500,2000,3000,3000,0
10366,90000,2,2,2,32,1,0,0,0,0,0,-295,-295,-295,-295,-295,9727,0,0,0,1,10022,0,0
10367,230000,2,1,2,32,1,0,0,0,0,0,0,351,0,0,0,0,351,0,0,0,0,432,0
10368,90000,2,2,2,26,0,0,0,0,0,0,83900,84236,79623,70039,70962,71013,4022,2917,2500,2451,2600,2700,1
10369,290000,2,2,1,39,0,0,0,0,0,0,316,316,316,316,316,297,316,316,316,316,297,2828,0
10370,100000,2,2,1,58,2,2,0,0,0,0,87851,85594,87095,88357,77155,80108,0,3300,2839,3000,4000,2000,1
10371,360000,2,1,1,37,0,0,0,0,0,0,4644,1417,3588,2589,1549,1278,1417,3588,0,0,1278,1998,0
10372,100000,1,2,2,28,0,0,0,0,0,0,61396,60621,58855,48570,47651,38481,3012,2500,1700,2100,2500,2708,0
10373,200000,2,1,2,33,0,0,0,0,0,0,846,4292,0,0,0,0,4974,0,0,0,0,0,0
10374,70000,2,1,2,30,0,0,0,0,0,0,19492,20054,14016,14782,15249,15595,1600,1300,1000,701,1000,1000,0
10375,200000,2,2,2,26,0,0,0,0,0,0,0,0,0,0,0,0,0,0,0,0,0,0,0
10376,70000,2,1,2,24,0,0,0,0,0,0,68689,68161,69534,67399,66963,66797,3120,3166,2609,2574,3000,3500,0
10377,460000,2,2,2,33,0,0,0,0,0,0,877,0,3352,0,0,44849,0,3352,0,0,44849,0,0
10378,80000,2,2,1,47,0,0,0,0,0,0,7345,4596,0,0,0,0,4596,0,0,0,0,0,0
10379,90000,2,2,1,49,0,0,0,0,0,0,316,714,1443,13982,4105,1594,714,1443,13982,4105,1765,2000,0
10380,310000,2,1,2,29,0,0,0,0,0,0,760,3674,368,-2444,-2444,151306,3674,500,0,0,155438,5231,0
10381,310000,2,1,1,38,1,0,0,0,0,0,0,0,0,0,0,69,0,0,0,0,69,500,1
10382,50000,2,2,2,29,0,0,0,0,0,0,48517,49391,27780,28585,28130,29005,3000,2000,1200,1000,1300,1000,0
10383,220000,2,1,2,30,0,0,0,0,0,0,15069,0,14129,28246,9995,198,680,14129,16000,5000,198,14952,0
10384,70000,2,1,2,25,0,0,0,0,0,0,31680,28410,24046,19194,16621,10797,2000,2000,2000,3000,2500,900,0
10385,60000,1,1,1,34,0,0,0,0,0,0,37749,38785,39803,40837,41783,42689,1948,1966,2000,1600,1600,1600,0
10386,450000,1,1,1,54,0,0,0,0,0,0,727,0,419,0,0,0,0,419,0,0,0,6154,0
10387,20000,2,1,2,29,0,0,0,0,0,0,342,792,677,-1,213,856,792,677,0,214,856,0,0
10388,420000,2,1,2,33,0,0,0,0,0,0,6135,-2314,-3859,172,3859,8274,51,0,4031,3859,5000,0,1
10389,10000,1,2,2,22,0,0,0,0,0,0,6579,7599,8608,8780,9114,9234,1134,1143,315,476,420,1000,1
10390,20000,2,2,1,25,2,2,4,4,4,4,1650,1650,1650,1650,1650,1650,0,0,0,0,0,0,1
10391,200000,2,2,2,49,2,2,2,2,2,2,91140,93011,90634,95464,99894,98171,4200,0,7260,6100,0,3800,1
10392,80000,2,2,1,25,0,0,0,0,0,2,78639,80188,80711,59119,62019,60955,3200,2500,2182,4700,0,2000,0
10393,80000,1,3,2,30,0,0,0,0,0,0,78010,5976,5812,4788,3758,3812,1106,1060,154,147,127,52,1
10394,60000,1,1,2,23,0,0,0,0,0,0,59318,54553,51323,38031,38825,39255,2065,1597,1473,1521,1538,1521,0
10395,230000,1,1,2,28,0,0,0,0,0,0,326,326,326,326,1176,326,326,326,326,1176,326,776,0
10396,100000,1,1,2,30,1,2,0,0,0,0,94432,92080,93046,94898,97763,99102,0,3400,3383,4380,4300,2497,0
10397,200000,1,1,2,29,0,0,0,0,0,0,0,0,0,0,0,0,0,0,0,0,0,0,1
10398,110000,1,1,2,26,0,0,0,0,0,0,57861,47409,47743,45654,26525,22937,2191,1525,18236,1500,2000,1000,0
10399,50000,1,2,2,22,0,0,0,0,0,0,47478,43300,0,0,0,0,1000,0,0,0,0,432,0
10400,260000,1,1,1,53,1,0,0,0,0,2,0,990,0,1930,4304,150,990,0,1930,4304,0,150,1
10401,220000,2,1,2,32,0,0,0,0,0,2,205310,203343,209214,210965,214989,203159,7600,9800,7200,7700,7500,7250,0
10402,200000,1,1,1,32,0,0,0,0,0,0,1727,1796,-4,-4,1565,1686,1809,0,0,1569,1691,0,0
10403,10000,2,2,1,26,1,2,2,2,0,0,5015,4789,6199,5951,6255,6401,0,1500,0,400,400,700,1
10404,180000,1,2,1,34,0,0,0,0,0,0,37671,39009,40213,41702,43687,44982,1800,2000,2000,2500,2000,2000,0
10405,210000,2,2,2,30,0,0,0,2,2,2,45998,47107,50999,51884,50926,54404,2150,5000,2020,0,4500,2000,0
10406,310000,1,1,2,29,2,0,0,0,0,0,45153,36123,26113,22661,20351,16639,2904,1500,1000,2000,1000,2000,1
10407,360000,1,1,2,29,0,0,0,0,0,0,12018,31282,28823,51120,2222,-34,32038,28982,51379,2233,0,0,0
10408,200000,1,1,1,51,0,0,0,0,0,0,102847,52556,34369,14240,23762,18198,52556,2003,1000,26068,10019,61500,0
10409,180000,1,2,1,39,2,2,2,0,0,0,180645,184303,179230,181763,180019,171711,8000,0,7000,7000,6150,6700,1
10410,140000,1,2,2,27,0,0,0,2,2,2,34229,35262,38079,37167,41146,40332,1583,3400,0,4600,0,2000,0
10411,50000,2,1,2,32,1,2,2,2,0,0,20091,20175,22718,22057,23044,24990,700,3200,0,1500,2340,924,1
10412,60000,1,3,1,33,0,0,0,0,0,0,59615,59570,60851,56113,30326,30038,2300,2317,2500,1100,1300,1198,0
10413,90000,2,2,1,27,1,0,0,0,0,0,0,0,0,0,0,0,0,0,0,0,0,0,0
10414,100000,1,2,2,40,0,0,0,0,0,0,86208,173340,36562,37298,39687,40044,3595,3218,1345,3000,1275,440,0
10415,20000,1,3,2,24,1,0,0,0,0,0,-1400,-1400,-1400,-1000,-1000,0,0,0,1000,0,1000,0,0
10416,110000,1,1,2,29,0,0,0,0,0,0,18166,18364,19742,23886,29949,34969,3000,3500,5500,10000,6000,10000,0
10417,70000,2,1,2,25,0,0,0,0,0,0,24526,25532,25971,14859,14930,15091,1790,1229,519,687,557,546,0
10418,170000,2,2,1,33,0,0,0,0,0,0,4018,6302,6844,1467,4797,2659,6330,6844,1467,9594,2659,7076,0
10419,500000,1,1,1,64,0,0,0,0,0,0,0,0,0,0,0,0,0,0,0,0,0,1063,1
10420,30000,1,2,1,38,1,2,2,2,0,0,9303,9009,13861,13344,13972,18735,0,5000,0,1000,5000,0,0
10421,50000,2,2,2,23,0,0,0,0,0,0,33109,32856,27438,4786,768,-579,1660,1600,624,768,173,30267,0
10422,10000,2,2,2,22,0,0,2,0,0,0,9721,11756,10844,10468,10101,9911,2939,0,507,365,404,459,0
10423,200000,2,1,2,35,0,0,0,0,0,0,13766,39072,44758,45571,40592,7145,39124,15000,1622,2068,1000,2031,0
10424,390000,2,1,2,29,0,0,0,0,0,0,196172,196262,157388,123706,115813,112143,9599,10054,4242,4346,5000,5000,0
10425,140000,2,2,2,32,2,2,2,3,2,2,76187,84734,91142,88800,90750,88591,9834,8742,0,3500,0,3100,1
10426,220000,2,3,1,50,0,0,0,0,0,0,612,10612,2225,4782,416,12287,10612,2225,4782,5286,12287,416,0
10427,500000,2,1,1,40,0,0,0,0,0,0,2121,0,0,0,0,522,0,0,0,0,522,117,0
10428,100000,2,2,1,49,0,0,0,0,0,0,1261,1261,1261,390,390,390,1261,1261,390,390,390,0,0
10429,400000,2,3,1,30,0,0,0,0,0,0,121219,113770,355718,298654,263190,202907,4981,263106,10900,10063,7708,5394,0
10430,80000,1,1,2,26,0,0,0,0,0,0,76436,75437,58309,59217,59955,57100,5990,2500,3000,2500,3000,1500,0
10431,30000,1,2,2,39,0,0,0,0,0,0,28138,28401,28949,28218,27262,27434,1793,1731,1200,1000,1009,1200,0
10432,240000,1,1,1,35,0,0,0,0,0,0,160161,159484,162231,163255,165436,168178,7405,8005,6005,30912,5000,5150,1
10433,500000,1,1,2,49,0,0,0,0,0,0,478030,419644,309019,292878,152025,110034,205,10500,9692,4823,3986,1188,1
10434,50000,1,2,1,36,0,0,0,0,0,0,42150,44148,45333,27095,28508,28814,3000,3000,2000,2000,967,886,0
10435,180000,1,2,1,34,0,0,0,0,0,0,1341,4185,291,570,2260,1583,4185,291,570,2260,1583,3974,0
10436,100000,2,2,1,33,0,0,0,0,0,2,70096,71667,73043,73928,80682,77485,3300,3200,2650,9000,0,3100,0
10437,180000,2,2,2,29,0,0,2,0,0,0,85465,95546,93000,93526,66726,42668,11508,0,2340,1850,4000,0,0
10438,50000,1,3,2,40,0,0,0,0,0,0,52828,93362,46645,19114,19341,20047,3000,2403,6700,1000,1000,2000,0
10439,360000,1,1,2,29,0,0,0,0,0,0,51400,0,0,0,0,0,0,0,0,0,0,0,0
10440,330000,2,2,1,27,1,0,0,0,0,0,0,0,0,0,0,0,0,0,0,0,0,0,1
10441,200000,1,1,1,38,0,0,0,0,0,0,3048,0,100000,0,0,0,0,100000,0,0,0,0,0
10442,40000,1,2,2,22,0,0,0,0,0,0,900,2833,9495,6965,2759,0,2833,9495,0,0,0,0,0
10443,260000,1,1,2,37,0,0,0,0,0,0,36664,22228,39330,39880,78787,52790,1690,19342,15000,53787,22790,3217,0
10444,320000,1,1,1,40,0,0,0,0,0,0,10853,33968,86024,232017,15622,7463,34151,86466,232242,3199,7500,30,0
10445,10000,2,2,1,22,0,0,0,0,0,0,390,390,9159,9363,8160,7552,390,9159,700,279,1000,800,0
10446,230000,2,2,1,30,0,0,0,0,0,0,218495,223270,227807,218047,223370,206937,8270,8366,6012,9474,6962,24338,0
10447,10000,2,2,2,24,0,0,0,0,0,2,5666,576,1709,1470,2010,780,576,1709,1470,2010,0,1080,1
10448,30000,1,1,2,25,2,0,2,0,0,0,581,1312,731,7300,6071,7849,1312,0,7300,6071,8000,16000,1
10449,90000,1,2,1,41,0,0,0,0,0,0,45431,46338,45129,45640,46175,46716,2749,2206,1113,1135,1153,1134,0
10450,300000,2,3,1,41,1,0,0,0,0,0,390,390,780,390,390,5144,390,780,0,390,5144,390,0
10451,230000,2,2,2,31,0,0,0,0,0,0,17587,19297,19580,8247,-6666,13334,2000,1000,2000,0,20000,8200,0
10452,150000,1,2,2,27,0,0,0,0,0,0,9489,11757,12438,14240,15288,-1000,2500,1202,3000,1048,0,23799,0
10453,60000,1,2,1,52,0,0,0,0,0,0,56893,58170,56539,29425,28013,29075,3000,2000,1000,1000,1500,2450,0
10454,50000,1,2,2,25,0,0,0,0,0,0,41739,20650,0,0,0,0,1650,0,0,0,0,0,0
10455,140000,1,2,2,31,0,0,0,0,0,0,64300,62758,77133,71397,71546,83412,20009,32637,15027,10021,20055,10037,0
10456,90000,2,3,1,25,0,0,0,0,0,0,80603,73487,70581,67336,67069,67890,2827,2370,2300,2300,2700,2700,0
10457,80000,2,3,1,50,0,0,0,2,2,2,67328,69356,73445,74645,73330,78032,3113,5850,3000,0,6103,0,1
10458,260000,2,2,1,38,0,0,0,0,0,0,892,2955,10319,4078,749,1040,2955,10319,4078,0,1040,1724,0
10459,60000,2,3,1,53,0,3,2,2,0,0,747,498,249,0,58628,59550,0,0,0,115800,2141,2134,0
10460,50000,1,2,1,48,2,2,2,2,2,2,44489,45470,46424,45377,48441,47511,2000,2000,0,3800,0,1800,1
10461,150000,1,1,2,34,0,2,2,2,0,0,40749,39815,46887,45832,52968,60034,0,8538,0,8810,8942,9344,0
10462,220000,2,1,1,36,0,0,0,0,0,0,307,191,-125,-441,10243,9927,200,0,0,11000,10000,11000,0
10463,330000,2,1,1,36,0,0,0,0,0,0,95255,101046,100349,100218,100334,98097,10500,4074,3600,4005,3600,3400,0
10464,300000,2,2,2,37,0,0,0,0,0,0,67943,69969,71387,72340,73853,75316,3121,3175,2736,2829,2843,2941,0
10465,70000,2,2,1,29,0,0,0,0,0,0,71232,71262,71509,70695,71189,70554,2751,3600,2694,2800,2743,2700,0
10466,300000,2,1,2,29,0,0,0,0,0,0,-1282,-1282,132218,133533,136877,139940,0,133500,5000,5500,5500,5500,0
10467,70000,2,2,1,43,0,0,2,0,0,2,31652,35809,34934,35652,38079,37314,5000,0,1300,3000,0,1500,0
10468,110000,1,2,2,24,2,2,2,2,2,2,101402,104878,105325,102220,107970,103301,6600,3700,0,7500,0,3906,0
10469,240000,2,2,2,28,0,0,0,0,0,0,121109,124460,126384,126917,90822,83742,6000,5000,4000,4000,4000,3000,0
10470,80000,2,3,2,54,0,0,0,0,0,0,60980,1541,4822,4918,5188,5797,1541,4822,324,500,700,500,0
10471,50000,1,3,2,26,0,0,0,0,0,0,0,0,0,0,0,0,0,0,0,0,0,0,0
10472,420000,2,1,1,32,0,0,0,0,0,0,45465,46232,31233,22768,22588,22172,1706,1401,804,852,0,8100,0
10473,220000,2,2,1,41,2,0,0,2,0,0,27094,27819,30363,29579,48933,97187,1465,3009,0,20000,50000,1240,0
10474,150000,2,1,2,31,0,0,0,0,0,0,90121,51385,26352,27607,29457,40706,2031,2000,2000,2457,12060,40000,0
10475,60000,2,1,2,31,0,0,0,0,0,0,9815,11093,699,699,0,1000,11160,699,0,0,1430,850,0
10476,260000,2,2,1,46,0,0,0,0,0,0,0,135,0,0,109,945,135,0,0,109,945,9300,0
10477,180000,2,1,2,34,1,0,0,0,0,0,0,0,0,4279,488,659,0,0,4279,488,659,5067,1
10478,130000,2,2,2,25,1,2,0,0,0,0,39728,38815,39828,40468,41315,42133,0,1960,1600,1650,1655,1725,0
10479,220000,2,2,1,45,0,0,0,0,0,0,204052,207977,214117,216712,194521,198246,7600,10000,8255,7200,7500,8500,0
10480,200000,1,5,2,40,2,0,0,0,0,0,58118,205712,194265,139360,82750,0,150000,7673,5000,5000,0,0,0
10481,130000,1,1,2,27,0,0,0,0,0,0,326,326,326,2400,1075,1650,326,326,2400,0,1650,652,1
10482,420000,2,1,2,41,0,0,0,0,0,0,22186,15258,13513,80831,39333,26831,15262,13523,80854,787,850,75341,0
10483,30000,2,1,1,23,0,0,0,0,0,0,26669,28080,28836,28812,29400,30000,1844,1600,576,588,600,0,1
10484,110000,1,3,1,43,0,0,0,0,0,0,390,5050,63032,33228,31073,25035,5050,63032,1100,1100,1000,1000,0
10485,150000,2,2,2,25,1,0,0,0,0,0,0,0,0,0,0,0,0,0,0,0,0,0,1
10486,50000,2,2,1,38,0,0,0,0,0,0,0,0,0,0,0,0,0,0,0,0,0,0,0
10487,200000,2,1,1,41,1,0,0,0,0,0,0,0,0,0,0,0,0,0,0,0,0,1433,0
10488,170000,2,1,1,33,0,0,0,0,0,0,170440,170060,115372,211577,120407,122952,8200,5200,5000,5000,5000,4000,1
10489,200000,2,4,2,25,0,0,0,0,0,0,134857,123653,108765,96918,98685,97621,4257,3274,3025,3266,3145,2176,0
10490,200000,2,2,1,31,1,2,0,0,0,0,153829,153229,148438,143121,141466,128846,7022,6700,5500,6000,9800,0,0
10491,50000,2,6,2,33,2,0,0,0,0,0,50786,50450,45210,29917,17859,0,2034,1251,848,872,0,0,0
10492,500000,1,1,2,38,0,0,0,0,0,0,477468,488083,498839,411820,422671,394599,21000,22800,15200,19000,16000,10000,0
10493,150000,1,1,2,25,0,0,0,0,0,0,3125,8418,797,-3,-3,-3,8443,799,0,0,0,0,0
10494,30000,1,2,2,25,0,0,0,0,0,0,836,836,390,390,390,0,836,390,390,390,0,780,0
10495,230000,2,1,2,33,0,0,0,0,0,0,483,0,342,955,957,1407,0,342,955,2,1511,4373,0
10496,360000,2,2,1,49,0,0,0,0,0,0,13219,8644,454,-2,-2,-2,3050,456,0,0,0,519,1
10497,380000,2,1,1,37,0,0,0,0,0,0,452092,442041,446224,419943,420016,426622,17400,16672,14088,14500,14700,14671,0
10498,30000,2,3,2,43,2,2,2,2,3,2,13509,13499,14979,15737,15201,14807,500,2000,1300,0,0,1400,0
10499,50000,2,2,2,43,0,0,0,0,0,0,53651,51703,48675,40059,41411,42722,3000,2000,1436,2000,2000,2000,0
10500,420000,2,2,1,47,1,0,0,0,0,0,0,0,0,0,0,0,0,0,0,0,0,0,0
10501,70000,1,2,2,32,0,0,0,0,0,0,66982,68817,60607,28622,24485,18419,3036,2264,858,797,814,2003,0
10502,50000,2,2,1,37,0,0,0,0,0,0,51734,51665,51105,47494,31375,30781,2003,1680,1860,1061,1392,8000,0
10503,350000,2,2,2,33,0,0,0,0,0,0,341200,328857,324873,300004,306269,273732,14000,12000,10400,12000,12000,9000,1
10504,200000,1,1,2,32,0,0,0,0,0,0,10532,0,0,0,0,2842,0,0,0,0,2842,204297,0
10505,340000,1,2,2,29,0,0,0,0,0,2,5060,7604,14900,0,2650,1000,7604,10000,0,2650,0,1000,0
10506,50000,1,2,2,25,0,0,0,0,0,0,24724,25895,23627,24827,25521,26523,2000,2000,2000,1500,2000,2000,0
10507,20000,2,2,2,22,0,0,2,2,2,2,15189,17802,17219,18377,17941,19572,2869,0,1444,0,1933,0,1
10508,360000,2,1,2,34,1,0,0,0,0,0,0,0,0,0,0,0,0,0,0,0,0,0,1
10509,140000,1,1,2,29,0,0,0,0,0,0,29785,32140,34002,23567,24377,4327,4000,3000,3000,1000,1000,2000,0
10510,150000,1,2,1,39,2,2,0,0,0,2,117485,114166,116491,118839,126102,123914,0,4225,4282,9207,0,4679,1
10511,100000,2,1,1,35,0,0,2,0,0,0,98899,102435,98188,97189,97013,96950,8800,0,3600,3500,3700,3443,1
10512,460000,1,1,1,44,0,0,0,0,0,0,1762,3152,531,522,4434,9767,3152,531,500,4434,9767,0,0
10513,150000,2,2,1,34,1,2,2,0,0,0,147833,148066,142163,135075,135309,135165,6130,27,4610,5000,5000,3760,0
10514,290000,2,1,1,39,0,0,0,0,0,0,79298,-40,122380,0,32720,-200,0,122420,0,32720,200,0,0
10515,240000,2,2,1,35,0,0,0,0,2,2,109226,110226,111030,114584,115681,112528,5500,5400,8000,4179,0,4000,0
10516,210000,2,1,2,41,0,0,0,0,0,0,779,11040,12471,13684,15356,16337,11000,2200,2000,2000,2000,2000,0
10517,350000,2,2,2,33,0,0,0,0,0,0,293303,338272,177483,182381,194678,215024,50070,10000,8000,15036,30050,8110,0
10518,280000,2,3,1,37,0,0,2,0,0,0,4591,38854,15287,14201,26133,4504,38979,16,14201,26133,4504,10748,0
10519,150000,1,2,1,43,0,0,0,0,0,0,105416,106773,106500,104670,55442,55936,5800,4648,2000,2889,2700,94000,0
10520,170000,2,2,1,29,0,0,0,0,0,0,7383,23400,49771,30929,31429,14170,23518,50026,31023,20157,14233,22818,0
10521,50000,1,3,1,40,1,2,0,0,0,0,24091,13698,14908,15033,15705,11616,0,1475,600,1000,500,570,0
10522,100000,1,2,1,51,3,4,3,2,2,2,56002,55557,54083,54601,55585,57027,1000,0,2000,2000,2500,0,1
10523,50000,1,2,2,24,0,0,0,0,0,0,47578,33666,16177,16607,17186,17749,2000,2000,1000,1000,1000,1000,0
10524,230000,2,2,1,33,1,0,0,0,0,0,0,0,0,1990,0,0,0,0,1990,0,0,0,1
10525,90000,1,2,2,28,2,0,0,0,0,0,33382,35526,37513,38637,44088,35705,3000,3000,3000,10000,3000,2000,1
10526,20000,1,2,2,24,1,2,0,0,0,0,12060,11047,780,390,12246,12409,0,780,0,12246,911,0,0
10527,260000,2,2,2,40,0,0,0,0,0,0,1022,1085,0,0,0,0,1085,0,0,0,0,300,0
10528,290000,2,1,1,40,0,0,0,0,0,0,636,6732,0,3692,0,1957,6732,0,3692,0,1957,0,1
10529,50000,2,2,1,34,1,2,0,0,0,0,49378,48052,48573,28902,28205,30388,0,2033,1119,985,2000,4000,0
10530,60000,2,3,2,42,0,0,0,0,0,0,54216,27596,28772,19067,19467,9247,4000,2000,1000,1000,331,343,0
10531,180000,2,2,1,36,0,0,0,0,0,0,787,398,0,0,0,0,398,0,0,0,0,0,0
10532,250000,2,2,1,43,0,0,0,0,0,0,82650,81977,24585,16753,17113,17298,3503,1553,1000,1000,1000,1382,0
10533,90000,1,1,1,29,0,0,0,0,0,0,82410,85150,81812,76424,77086,77634,8000,3000,3100,3000,3000,2500,0
10534,10000,2,3,1,52,2,2,2,2,2,2,3475,4366,4148,4579,4360,4787,1100,0,500,0,500,0,0
10535,290000,2,1,1,37,0,0,0,0,0,0,54966,41327,24872,20318,26030,7258,4020,8000,0,16000,7258,10000,0
10536,80000,2,2,2,27,0,0,0,0,0,0,79534,81391,77033,47413,48650,49841,3174,2308,3400,2000,2000,14410,0
10537,30000,2,2,2,25,2,2,2,2,3,2,300,300,300,1126,826,676,0,0,828,0,0,31496,0
10538,200000,2,2,1,37,0,0,0,0,0,0,24779,8313,1951,1951,3124,3259,8318,1951,0,3124,3259,0,0
10539,50000,2,3,1,56,0,0,0,0,0,0,63348,62934,60513,18712,17015,20284,2400,2500,1000,1000,5000,2000,0
10540,220000,1,2,1,47,4,3,2,2,2,2,216591,197022,198088,187000,179703,174571,0,6000,0,14004,0,7000,1
10541,430000,1,2,1,48,0,0,0,0,0,0,32263,32802,25645,25045,25568,26144,1794,2399,884,914,987,869,0
10542,50000,2,2,1,27,0,0,0,0,0,0,48945,36467,18890,30288,30003,29763,1819,2664,31057,1064,1073,1043,1
10543,410000,1,1,2,33,0,0,0,0,0,0,333,333,333,1019,2218,1216,333,333,1019,2218,1216,1019,0
10544,50000,2,2,1,39,0,2,2,2,0,0,23912,23242,25451,24743,25263,25763,0,2600,0,918,921,1127,0
10545,110000,1,2,2,47,0,0,0,0,0,0,72897,72755,71698,72418,72293,73954,3290,3200,2700,2800,3000,2650,0
10546,50000,1,1,2,28,1,2,0,0,0,0,50146,47918,48866,4372,-1203,49830,0,2400,1000,0,51830,0,0
10547,30000,2,3,3,56,3,2,2,2,2,2,26551,25844,27574,28420,29318,28704,0,2478,1600,1498,0,1100,1
10548,80000,2,1,1,25,3,2,2,2,3,3,6269,7212,7246,8073,8349,8420,1200,300,1100,700,500,0,1
10549,230000,1,2,1,39,0,0,0,0,0,0,8681,8681,8888,4932,10986,5081,8681,8888,4932,10986,5081,4321,0
10550,300000,1,2,1,66,0,0,0,0,0,0,259513,257866,261088,257288,256369,212395,10000,15000,9500,11000,9000,6000,1
10551,230000,2,2,2,28,0,0,0,0,0,0,23063,14024,11825,14765,12383,10008,2000,2000,5000,1000,2000,1000,0
10552,220000,1,1,1,36,0,0,0,0,0,0,769,0,0,0,0,0,0,0,0,0,0,863,0
10553,200000,2,1,2,26,0,0,0,0,0,0,199649,202127,198168,189696,192462,194025,7263,7266,7000,7940,7009,7000,0
10554,130000,2,1,2,30,2,0,0,2,0,0,112822,115526,123658,120259,121205,124778,4527,10122,1,4355,8918,0,1
10555,20000,1,1,2,25,0,0,0,0,0,0,17263,17581,19670,16730,18757,12875,4321,5200,350,4500,1000,4500,0
10556,400000,2,1,2,31,0,0,0,0,0,0,7912,4220,3364,2832,34967,38706,4220,3364,2500,34967,10000,22600,0
10557,230000,2,1,2,29,0,0,0,0,0,0,31206,28395,29127,25446,26141,26852,1500,1500,1000,1100,1300,710,0
10558,30000,1,2,1,36,0,0,0,0,0,0,6727,5023,6714,8714,9514,3300,2000,2000,2000,5000,0,0,0
10559,190000,1,2,1,44,0,0,0,0,0,0,197494,194913,192896,116537,112086,108660,7200,8000,4100,4000,5000,7000,0
10560,220000,2,1,2,27,0,0,0,0,0,0,471,5261,16436,16071,96,480,5272,17571,0,0,549,0,0
10561,20000,1,2,2,30,0,0,0,0,0,0,19149,20221,19812,10717,13534,15298,1392,1201,1000,3000,2000,399,0
10562,280000,2,2,2,29,0,0,0,0,0,0,0,0,0,0,0,5017,0,0,0,0,5017,101,0
10563,190000,1,2,1,36,0,0,0,0,0,0,79584,83108,82179,80874,81720,87685,7007,2912,2871,3501,8001,3234,0
10564,260000,1,1,2,36,0,0,0,0,0,0,5877,427,-73,-73,-73,-73,10000,0,0,0,0,0,0
10565,80000,2,2,1,34,0,0,0,2,0,0,63343,65325,69261,67551,71282,72942,3000,5631,0,5000,3000,4500,0
10566,60000,2,2,2,24,0,0,0,0,0,0,57147,58104,58311,58828,58945,57918,3000,3000,2500,2100,4000,2100,0
10567,80000,1,3,1,52,0,0,0,0,0,0,35861,18521,19385,20561,21261,21457,1500,1500,1500,1028,876,1449,0
10568,360000,2,1,1,36,0,0,0,0,0,2,15521,36003,51414,17993,11546,9771,36011,20094,1000,11546,0,306,1
10569,350000,2,2,1,33,0,0,0,0,0,0,598,0,0,0,0,687,0,0,0,0,687,18296,0
10570,50000,1,2,2,25,0,0,0,0,3,3,46741,48883,50074,60158,75277,90464,2900,2000,14455,16560,17000,0,0
10571,360000,2,1,1,40,0,0,0,0,0,0,10210,-1814,-11035,12319,6050,2125,0,0,32319,6050,2125,35860,0
10572,100000,2,3,2,41,0,0,0,0,0,0,7432,1633,2043,4830,3535,4307,1633,2043,4830,0,4307,0,1
10573,360000,2,1,2,29,0,0,0,0,0,0,1498,0,0,0,0,902,0,0,0,0,902,0,0
10574,120000,2,1,2,31,0,0,0,0,0,0,388,-26,74,374,1549,7101,0,100,300,1584,7010,4500,0
10575,20000,2,3,1,51,0,0,0,0,0,0,19255,20650,0,0,0,0,2000,0,0,0,0,0,0
10576,100000,1,1,2,31,2,2,2,2,2,2,84886,86729,87706,88859,90685,92736,4100,3300,3500,3400,3700,4000,1
10577,60000,1,2,2,22,0,0,0,0,0,0,60103,52193,44934,17769,10400,1760,3033,2093,560,600,1760,17933,0
10578,240000,2,1,2,28,0,2,2,0,0,0,5018,2300,0,2500,0,0,0,200,2500,0,0,0,1
10579,70000,2,1,2,25,0,0,0,0,0,0,67906,68201,69003,70146,71592,66053,2519,2371,2544,3000,1866,1266,0
10580,360000,2,1,2,31,0,0,0,0,0,0,12521,18746,47535,186,38169,2665,18843,48271,187,38359,2678,6169,0
10581,290000,1,1,1,47,0,0,0,0,0,0,3700,18019,4516,8140,59512,2716,18035,4516,8140,59512,2716,3516,0
10582,90000,2,1,2,24,0,0,0,0,0,0,85365,88054,90370,26420,27398,28295,4054,4444,1420,1398,1345,3265,0
10583,80000,2,3,2,54,0,0,0,0,0,0,12011,10484,12190,4000,0,4000,3794,6000,6500,0,4000,0,0
10584,50000,1,2,2,38,1,2,0,0,0,0,28651,24587,25468,31488,68450,31036,0,5000,10000,5000,2500,0,0
10585,50000,2,3,2,54,0,0,0,0,0,0,48065,48968,47368,9515,9483,9292,2082,1672,500,500,355,264,0
10586,160000,2,2,1,45,0,0,0,0,0,0,19477,10477,7396,5224,16989,1640,10528,7433,5245,17053,1647,30028,0
10587,120000,2,3,2,53,2,0,0,2,0,0,66963,68780,70830,71557,73052,74502,3500,3800,2500,2804,2820,3000,1
10588,500000,2,1,2,27,0,0,0,0,0,0,78335,61234,55446,47208,32019,22318,2315,2599,1500,2019,1200,1784,0
10589,50000,2,2,2,24,0,0,0,0,0,0,1572,1572,6561,5091,353,26864,1572,6561,102,353,27000,1000,0
10590,50000,1,2,2,28,0,0,0,0,0,0,35277,34627,35096,9657,9617,9404,1800,1600,500,500,341,500,1
10591,50000,1,2,2,28,0,0,0,0,0,0,2940,3989,5116,4425,6353,15829,1100,1205,2000,2000,10000,1000,0
10592,210000,2,1,2,33,0,0,0,0,0,0,591,1053,2989,2046,17239,3680,1053,2992,2046,17239,3680,0,0
10593,80000,1,2,2,26,0,0,0,0,0,0,5844,6700,0,0,0,0,1067,0,0,0,0,0,0
10594,20000,1,1,2,31,0,0,0,2,2,2,12761,13481,15322,14779,15543,16139,1229,2070,0,1000,1000,0,0
10595,310000,2,1,1,34,0,0,0,0,0,0,455,455,1415,883,883,1033,455,1415,0,883,1033,883,1
10596,150000,2,1,1,29,0,0,2,0,0,0,18231,20625,17443,21649,22045,18814,3000,2,5000,2000,1500,2107,0
10597,50000,2,2,1,50,0,0,0,0,0,0,48926,45156,27762,19238,15585,15892,2036,1243,3991,712,715,582,1
10598,100000,1,3,1,30,2,2,2,2,0,0,68436,66783,74555,72759,74131,75603,0,9557,0,2700,2707,3120,1
10599,150000,1,5,2,31,0,0,0,0,0,0,136692,91815,0,0,0,0,2000,0,0,0,0,0,0
10600,50000,1,2,2,23,1,2,0,0,0,0,6226,5981,6870,7038,2268,5051,0,1032,200,285,3000,2000,0
10601,180000,2,3,1,51,1,0,2,2,0,0,0,31,31,31,1931,878,31,0,0,1900,878,0,1
10602,50000,2,3,2,23,0,0,0,0,0,0,8647,4872,-5,2809,0,0,4890,0,2814,0,0,0,0
10603,50000,2,3,1,36,0,0,0,0,0,0,44449,35238,37551,17808,13765,14038,2500,11000,600,500,502,521,0
10604,50000,2,3,1,43,0,0,0,0,0,0,6748,1366,1173,1473,1473,1623,1366,1173,1773,1473,1623,946,0
10605,230000,1,2,1,41,0,0,0,0,0,0,231187,231272,228653,225471,224853,230078,10500,10000,9000,8200,9000,9000,0
10606,70000,2,2,2,24,0,0,0,0,0,2,68659,68259,14690,9980,15607,15209,3500,1400,700,6000,0,1000,0
10607,50000,1,3,1,51,0,0,0,0,0,0,6700,13902,42835,8500,0,0,13902,42863,8500,0,0,0,0
10608,10000,2,2,2,31,0,0,0,0,0,0,10503,9996,6528,4328,4328,4171,1140,1000,4328,4328,4171,4718,0
10609,30000,1,3,2,27,0,0,0,0,0,2,27061,28129,29377,29625,30134,28716,1504,1752,1000,2257,0,2287,0
10610,230000,2,2,1,29,0,0,0,0,0,0,69853,61844,24802,61631,46396,28311,2310,2000,49000,1500,1000,2000,0
10611,50000,2,3,1,61,0,0,0,0,0,2,20907,22236,23250,23564,30882,30242,1672,1686,1000,7764,0,1000,0
10612,20000,1,2,1,31,0,0,0,0,0,0,17766,18806,19772,18940,18587,20352,1630,1596,664,838,2241,0,0
10613,20000,2,2,2,31,0,0,0,0,0,0,16569,22372,25285,24669,20899,11968,11000,5000,0,418,5000,3816,0
10614,360000,1,2,1,26,0,0,0,0,0,0,0,2500,0,0,0,0,2500,0,0,0,0,0,0
10615,120000,1,1,2,28,0,0,0,0,0,2,8460,7729,8920,7439,26832,26287,5000,1500,7000,21300,0,1000,0
10616,400000,1,1,1,35,0,0,0,0,0,0,11802,73011,79259,87413,92269,100973,73022,10000,10009,8000,10000,10029,0
10617,360000,1,1,1,40,0,0,0,0,0,0,5772,11664,15390,7090,2115,20075,11694,10048,35,2126,21220,35114,0
10618,500000,1,1,1,55,0,0,0,0,0,0,16593,226145,216931,207423,197914,188329,226145,7815,7372,7113,6967,6261,0
10619,500000,1,1,1,50,0,0,0,0,0,0,197004,202740,203537,167013,169395,171648,20000,15000,15000,15000,15000,15000,0
10620,80000,1,2,2,26,0,0,0,0,0,0,2159,4132,5949,7144,5309,500,2000,2002,2005,15,523,0,0
10621,20000,2,2,2,23,0,0,0,0,0,0,9410,7120,0,0,0,0,7120,0,0,0,0,0,0
10622,20000,2,1,2,24,0,0,0,0,0,0,24146,25374,19075,18907,18507,20046,2024,2000,1005,1188,2002,1015,0
10623,200000,1,2,1,51,0,0,0,0,0,0,1690,0,396,792,0,396,0,396,792,0,396,792,1
10624,50000,2,3,1,27,0,0,0,2,0,0,11231,6482,8799,8033,8933,7995,2000,5000,0,1000,1000,1000,0
10625,120000,2,3,1,46,0,0,0,0,0,0,4940,0,0,0,0,0,0,0,0,0,0,0,1
10626,30000,1,2,2,37,0,0,0,0,0,0,27526,28794,29480,29679,16451,0,1714,1400,599,0,0,0,0
10627,390000,1,2,1,35,0,0,0,0,0,0,33808,15275,17331,78340,76892,57954,15347,17375,70077,15103,3290,16153,0
10628,200000,1,1,1,57,0,0,0,0,0,0,1964,2684,11764,9830,669,-716,2698,11764,1000,0,0,2000,0
10629,260000,2,1,1,52,2,2,2,2,0,0,150,150,150,150,2500,0,0,0,0,2500,0,0,1
10630,210000,1,2,2,33,0,0,0,0,0,0,1024,264,264,264,42515,43104,264,264,264,42515,1559,1472,0
10631,180000,1,1,1,46,0,3,2,0,0,0,780,780,390,390,390,540,0,0,390,390,540,390,0
10632,120000,2,2,1,27,0,0,0,0,2,0,83567,78276,78971,80907,79219,77809,4326,3000,9000,0,3000,3000,0
10633,50000,1,1,2,26,0,2,2,0,0,0,5713,5406,-978,978,652,626,0,0,1956,0,626,0,1
10634,50000,1,2,2,32,0,0,0,0,0,0,46281,27311,41032,29626,26328,28475,1658,29000,1027,1300,2600,1280,0
10635,50000,1,1,2,30,0,0,0,0,0,2,43935,47744,40339,44377,48723,49841,5000,2000,5000,5000,2010,9,0
10636,90000,2,2,2,24,0,0,0,0,0,0,80699,68100,33434,0,0,0,2991,2655,0,0,0,0,0
10637,80000,2,1,2,23,1,2,0,0,2,0,32337,31543,32141,28622,24619,23211,0,1659,4000,0,1000,25000,0
10638,50000,1,2,2,24,0,0,0,0,0,0,23553,21507,17827,7655,7881,8248,1700,2000,500,500,500,1000,0
10639,310000,2,2,2,24,0,0,0,0,0,0,203519,182513,161002,139275,120762,102598,6373,5600,5000,4500,3500,2816,0
10640,100000,1,1,2,25,0,0,0,0,0,0,18883,20272,22577,21037,22373,23352,2000,3000,1000,2000,1500,1000,0
10641,230000,2,3,1,50,1,0,0,0,0,0,0,211,3546,0,1490,0,211,3546,0,1490,0,890,0
10642,120000,2,3,2,40,0,0,0,0,0,0,31543,31641,32286,32692,32261,32644,1600,1600,1200,1200,1200,1500,1
10643,230000,1,1,1,48,0,0,0,0,0,0,160879,161797,165107,105508,108101,110094,7000,6607,3773,4290,4164,2000,0
10644,360000,2,3,1,38,1,2,2,0,0,0,29773,24395,22285,21359,21581,16065,2000,0,687,3864,1065,11500,0
10645,500000,1,1,1,37,0,0,0,0,0,0,37443,24110,28593,22707,23495,40283,24197,28832,22784,23536,40542,12169,0
10646,50000,1,3,1,44,0,0,0,0,0,0,49996,50386,24565,21098,18965,18063,1596,1291,695,668,654,637,1
10647,30000,2,2,2,49,0,0,0,0,2,2,11554,12662,13744,14712,14334,15593,1300,1300,1200,0,1500,0,0
10648,720000,2,1,1,45,0,0,0,0,0,0,125529,112933,105582,104501,83504,79411,8019,8043,10092,3020,2591,10081,0
10649,10000,1,1,2,22,0,0,0,0,0,3,4060,2774,3764,4001,5134,4762,1300,1200,300,1200,0,0,0
10650,400000,2,1,2,27,0,0,0,0,0,0,5457,4438,5048,7013,52189,16153,4460,5072,7048,52317,16232,4516,1
10651,150000,2,1,2,33,0,0,0,0,0,0,2858,9934,19312,46321,146947,237926,9934,19312,30000,105180,103752,5742,0
10652,500000,1,1,2,54,0,0,0,0,0,0,2634,1108,1318,36032,0,11270,1119,1318,36032,0,11270,28051,0
10653,50000,1,2,1,25,0,0,0,0,0,0,43259,35307,23096,18970,19514,20038,1405,1366,1000,1000,1000,600,0
10654,210000,2,2,2,26,0,0,0,0,0,0,26847,26883,27180,27035,27390,28045,1500,1500,1000,1500,2000,1000,0
10655,260000,2,1,2,36,0,0,0,0,0,0,531,0,0,1245,0,0,0,0,1245,0,0,0,0
10656,240000,2,2,1,38,1,2,0,2,2,2,7466,221,189,189,1648,1459,899,198,0,1459,0,1250,1
10657,360000,2,2,2,30,0,0,0,0,0,0,0,90,0,0,4460,2169,90,0,0,4460,2169,0,0
10658,200000,2,1,2,30,0,0,0,0,0,0,0,0,324,3741,1374,2932,0,324,3741,0,3118,0,0
10659,50000,2,3,2,43,0,0,0,0,0,0,150,809,-60,-210,-360,-510,809,0,0,0,0,0,0
10660,80000,2,2,2,23,1,0,0,0,0,0,0,0,0,0,0,0,0,0,0,0,0,0,1
10661,230000,1,1,2,29,0,0,0,0,0,0,32375,36817,40170,43473,44663,47207,5000,5000,5000,3000,5000,5000,0
10662,500000,2,1,1,40,0,0,0,0,0,0,4240,80648,110704,99984,71135,56594,80648,35000,10000,10000,2430,10000,0
10663,70000,1,1,2,40,2,2,0,0,0,2,45740,44727,45738,48977,52191,53242,0,1750,4000,4000,2060,2200,1
10664,50000,2,1,1,36,2,0,0,2,2,2,37397,40292,43073,44067,44955,44081,3500,3452,2000,1738,0,4000,1
10665,210000,1,3,2,34,0,0,0,0,0,0,862,1136,1511,54400,81139,82585,1144,1515,54409,30000,3759,435,0
10666,220000,2,1,1,41,0,0,0,0,0,0,157980,163974,140964,105353,100750,85261,11024,5198,6006,10362,5000,4000,0
10667,100000,2,2,1,29,2,2,0,0,2,2,75242,73482,76628,82320,83359,85837,0,5000,7000,2500,4000,0,0
10668,150000,1,2,2,45,0,0,0,0,0,0,9487,0,0,159,14903,410,0,0,159,14903,509,0,0
10669,50000,1,2,1,42,0,0,0,0,0,0,1464,1469,2185,0,19777,19910,1469,2185,0,19777,629,296,0
10670,50000,1,3,1,45,0,0,2,0,0,0,261,1305,1134,1073,1312,51,2305,0,1200,1500,0,0,0
10671,410000,1,2,2,48,0,0,0,0,0,0,28921,13482,8484,15286,17116,18777,5422,3040,15362,17133,5076,4040,1
10672,80000,2,2,2,29,0,0,0,0,0,0,0,0,0,0,0,0,0,0,0,0,0,0,0
10673,70000,1,2,1,35,1,2,2,0,0,0,68375,71660,66948,30406,29128,23597,5000,0,1001,944,5000,5000,0
10674,210000,2,3,2,28,0,0,0,0,0,0,1082,0,0,232,0,150,0,0,232,0,150,81,0
10675,290000,2,2,2,36,0,0,0,0,0,0,320952,326625,290268,296053,302793,307336,11149,10524,10600,11500,10000,65000,0
10676,50000,1,2,1,42,0,0,0,0,0,0,12111,12911,13990,14356,14657,15013,1300,1300,600,532,600,494,1
10677,380000,1,2,1,40,0,0,0,0,0,0,31526,51255,63052,0,1184,21852,21255,13052,0,1184,21852,40534,0
10678,60000,2,2,2,24,1,2,0,0,0,2,59201,58493,58820,57827,61055,56668,2300,2700,2200,4500,0,2200,0
10679,200000,1,1,1,37,0,0,0,0,0,0,4289,2907,3720,7720,5030,2990,1187,1000,4000,1000,3020,0,0
10680,200000,2,5,2,32,0,0,0,0,0,0,64059,66113,15421,15728,16057,16398,3372,1246,553,572,597,2000,0
10681,190000,1,1,2,33,0,0,0,0,0,0,546,1213,15571,14625,28520,24920,1213,15571,0,28520,0,0,0
10682,80000,2,2,1,46,0,0,0,0,0,0,73366,76178,78560,49399,48420,50600,4000,4000,2000,3000,3003,3003,0
10683,480000,2,1,2,33,0,0,0,0,0,0,118986,62137,79556,97836,96299,88757,30000,30276,30000,30000,15000,15000,0
10684,20000,1,3,1,53,0,0,0,0,0,0,16854,18075,19020,19000,19500,10000,1500,1400,380,500,500,0,0
10685,230000,1,3,2,30,1,0,0,0,0,0,0,0,0,0,0,0,0,0,0,0,0,0,1
10686,160000,1,2,1,31,0,0,0,0,0,0,75636,77220,79129,80710,82749,84871,3400,3800,3500,3500,3500,3600,0
10687,50000,1,3,1,49,1,2,0,0,0,0,36728,35835,32092,32581,33897,34691,36,1833,1322,2000,1358,3446,0
10688,80000,2,2,1,47,1,2,0,0,0,0,17401,8824,13261,6261,6261,6261,0,13261,6261,6261,6261,6261,0
10689,240000,2,2,1,39,0,0,0,0,0,0,11958,0,0,0,0,0,0,0,0,0,0,0,0
10690,50000,2,1,2,27,0,0,0,0,0,0,451,-49,6258,1032,2766,1401,0,6307,1035,3164,1405,1507,0
10691,300000,1,2,1,35,1,2,0,0,0,0,240394,239798,242518,224580,179060,154320,10000,10000,8000,8000,10000,3632,0
10692,200000,2,2,2,23,0,0,0,0,0,0,67821,4938,-849,107555,108177,110506,4938,473,110000,3899,4100,8000,0
10693,180000,1,2,1,43,0,0,0,0,0,0,171992,175427,150965,71478,72955,74426,6099,4427,1949,2007,2030,2000,0
10694,370000,1,3,2,27,0,0,0,0,0,0,50886,61378,96133,103773,137735,234740,11378,36133,18773,37735,100000,5600,0
10695,230000,1,2,2,28,0,0,0,0,0,0,31875,31611,32411,34162,34884,35569,2000,2000,4000,2000,2000,1500,0
10696,90000,2,2,1,27,2,2,2,0,0,0,85753,87510,85188,87112,169533,90316,4000,0,4200,3285,7787,4000,1
10697,20000,1,1,2,26,0,0,0,0,0,2,11065,11788,13082,13498,14278,13899,1206,1500,634,1151,0,514,1
10698,280000,2,1,1,57,0,0,0,2,2,3,929,1669,5707,4795,5328,4969,1669,4795,0,4115,0,0,0
10699,200000,2,1,1,39,1,0,0,0,0,0,0,0,0,0,0,0,0,0,0,0,0,0,1
10700,140000,1,2,1,73,0,0,0,0,0,0,135206,135316,134943,135772,138675,137197,5082,5008,5000,6016,5018,5264,0
10701,150000,2,1,2,27,0,0,0,0,0,0,3467,2182,1764,9558,59865,55717,2008,1764,9000,55000,4000,4000,0
10702,50000,2,2,1,31,2,2,2,2,2,2,26441,28297,29532,28758,30287,31133,2600,2000,0,2000,1500,1500,1
10703,50000,2,2,2,25,0,0,0,0,0,0,40407,31811,13898,0,0,0,1814,1000,0,0,0,0,0
10704,20000,2,1,2,23,0,0,0,2,0,0,15573,17013,19413,14871,15478,16068,2000,3000,0,1000,1000,1000,0
10705,200000,2,1,2,33,0,0,0,0,0,0,150573,140844,144245,135946,135736,134500,6550,7200,5300,5400,5240,5260,0
10706,20000,2,2,2,23,0,0,0,0,0,0,8647,9734,10594,11002,11608,9186,1232,1092,500,1000,500,500,0
10707,30000,1,2,2,24,0,0,0,0,0,0,26573,26988,14964,15428,15612,16630,1500,1600,1000,569,1280,0,1
10708,80000,2,2,1,34,2,2,2,0,0,0,17294,22256,21660,22055,22603,23133,5210,0,1000,1000,1000,1000,1
10709,230000,2,2,2,30,0,0,0,0,0,0,112402,116273,118467,108826,100862,92481,6000,6000,4000,4000,3500,4000,0
10710,240000,2,1,1,38,0,0,0,0,0,0,0,0,0,0,0,0,0,0,0,0,0,0,0
10711,200000,2,1,1,38,2,0,2,2,0,0,166,1694,1519,0,0,600,1694,0,0,0,600,0,1
10712,80000,1,2,1,49,0,0,0,0,0,0,71775,68083,50642,47283,42340,40223,2911,1920,1541,1502,1619,1472,0
10713,290000,1,2,1,39,1,0,0,0,0,0,-9,698,728,-2,-2,-2,707,730,0,0,0,0,1
10714,70000,2,2,2,23,0,0,0,2,0,0,18285,16903,18903,18443,10139,10141,1400,2332,0,365,364,527,1
10715,30000,2,2,1,38,0,0,0,0,2,0,7979,9046,10279,10610,10339,8710,1200,1423,754,0,1000,3000,0
10716,30000,2,3,1,31,2,2,2,0,0,0,18870,3222,390,390,390,390,1906,0,390,390,390,390,1
10717,280000,1,2,2,37,0,0,0,0,0,0,1152,49293,44707,39607,37542,34812,49349,3045,5028,5034,5024,5002,0
10718,200000,2,2,1,28,0,0,0,0,0,0,3099,3174,0,3239,0,500,3174,0,3239,0,500,0,0
10719,60000,1,1,2,28,0,0,0,0,0,0,20000,0,0,0,0,0,0,0,0,0,0,0,0
10720,140000,1,5,2,26,0,0,0,0,0,0,136953,133265,82163,83238,85383,86615,6350,2900,2950,4000,3576,2200,0
10721,390000,1,2,2,29,0,0,0,0,0,0,160537,186227,189792,109806,69845,48101,30000,9000,5000,2815,2111,3000,0
10722,30000,2,1,2,28,0,0,0,0,0,0,6359,7461,5172,5931,7665,9535,1230,1241,1000,2000,2000,0,0
10723,160000,1,3,1,54,0,2,0,0,0,0,780,390,1560,1170,780,390,0,1560,0,0,0,390,1
10724,500000,2,2,2,32,0,0,0,0,0,0,13631,3840,7527,77166,74397,77055,3840,7527,77166,3397,4055,2266,0
10725,180000,2,2,2,26,0,0,0,0,0,0,5000,1600,2700,12000,0,1995,1600,2700,12000,0,1995,0,0
10726,290000,2,2,1,33,0,0,0,0,0,0,117275,110481,107735,100195,84268,76356,3700,4005,4000,3000,2928,2000,0
10727,140000,1,1,2,35,0,0,0,0,0,0,142119,142362,142292,99399,101677,100867,6000,6982,3500,3800,3700,4000,0
10728,50000,2,2,1,31,0,0,0,0,0,0,13641,15409,16052,15993,15780,15549,2000,1223,1000,1000,1000,1000,0
10729,130000,1,1,1,47,2,2,2,2,2,2,115704,117277,118814,119915,121325,122052,4900,5000,4503,4605,4400,4204,0
10730,160000,1,3,1,48,0,0,0,0,0,0,156197,102650,0,0,0,0,4700,0,0,0,0,0,1
10731,110000,1,2,1,35,0,0,0,0,0,0,112820,112134,110436,50175,50874,50730,4800,4108,4100,3000,1900,1800,0
10732,180000,2,2,1,33,0,0,0,0,0,0,506,0,174,1974,3462,4114,0,174,1800,2600,2000,3500,0
10733,260000,2,5,2,32,0,0,0,0,0,0,169734,168207,155963,148701,141039,143838,6568,6025,5703,5123,5148,5368,1
10734,310000,2,1,1,32,0,0,0,0,0,0,66916,63746,58216,57112,53694,49205,2440,2041,1520,1581,1774,1523,0
10735,450000,1,2,1,44,0,0,0,0,0,0,19951,7277,1096,1968,1575,3889,8203,1105,2012,2007,4019,510,0
10736,130000,1,1,2,27,0,0,0,0,0,0,69353,49878,30242,31239,31893,32549,2139,1503,1500,1157,1186,5000,0
10737,300000,2,1,1,36,1,2,0,0,0,0,5602,2700,6300,8100,5400,2700,0,6300,5400,0,2700,7150,0
10738,160000,2,1,1,39,1,0,0,0,0,0,0,0,0,0,0,0,0,0,0,0,0,2000,0
10739,30000,1,2,2,26,0,0,0,0,0,0,12813,14899,16790,12400,780,0,3000,3000,6000,780,0,0,0
10740,270000,1,2,1,48,2,2,2,0,0,0,53624,67736,63082,73568,77642,73452,15018,0,20000,5000,10000,0,1
10741,360000,1,2,1,63,1,0,0,0,0,0,-3,-3,590,-10,2162,3528,0,593,0,2172,3545,0,1
10742,360000,1,2,1,42,1,0,0,0,0,0,0,0,0,0,0,0,0,0,0,0,0,0,1
10743,180000,1,2,1,40,0,0,0,0,0,0,3071,5630,9040,1288,1419,2385,5639,9044,1290,1421,2386,1964,0
10744,360000,2,3,1,41,0,0,0,0,0,0,390,390,390,390,390,390,390,390,390,390,390,0,0
10745,280000,1,1,1,45,2,2,2,2,2,2,2482,2482,2482,2482,2482,2482,0,0,0,0,0,18,1
10746,220000,1,2,2,44,0,0,0,0,0,0,5005,9880,10542,10903,10981,9931,5000,1147,508,374,384,1008,0
10747,20000,2,3,1,47,0,0,0,0,0,0,8152,7268,3699,780,0,0,1125,1000,780,0,0,0,0
10748,310000,1,3,1,32,0,0,0,0,0,0,172772,152397,110375,84373,57779,14163,8295,6000,4000,3000,1000,2000,0
10749,160000,1,2,2,52,1,2,0,0,0,0,2259,1869,12671,8315,5085,4900,1310,12671,166,102,1100,2610,1
10750,50000,1,1,2,27,1,0,0,0,0,0,-2900,-2900,-2900,-2900,-2900,-2900,0,0,0,0,0,0,0
10751,20000,1,2,1,38,0,0,0,0,0,0,16619,17845,19000,0,0,0,1500,1500,0,0,0,0,1
10752,20000,1,2,2,26,0,0,0,0,0,0,18626,20296,18902,38250,19709,19774,2000,1308,683,1472,714,357,1
10753,470000,1,2,1,32,0,0,0,0,0,0,181224,143173,145293,148871,152309,155769,7000,6000,6000,6000,6000,8000,0
10754,160000,2,2,1,31,0,0,0,0,0,0,42781,42774,41817,749,5572,10573,2300,2300,749,5572,5573,13793,1
10755,220000,1,1,2,31,0,0,0,0,0,0,2828,2828,2828,2828,2828,3013,2828,2828,2828,2828,3013,2828,0
10756,50000,2,2,1,42,0,0,0,0,0,0,11618,12641,13953,13924,14399,14610,1216,1528,499,700,600,541,0
10757,50000,1,2,2,22,2,2,2,0,0,0,13752,17945,17807,17430,18262,14224,4448,1003,1000,1014,1004,1468,1
10758,230000,2,1,1,53,0,0,0,0,0,0,10000,0,0,0,0,0,0,0,0,0,0,0,0
10759,70000,2,2,1,51,2,2,2,2,2,2,43913,44911,45772,46611,47508,48476,2000,1900,1900,1800,1900,1900,0
10760,360000,1,3,2,29,1,0,0,0,0,0,0,0,0,0,0,0,0,0,0,0,0,0,0
10761,90000,2,2,2,24,0,0,0,0,0,0,520,0,0,0,0,0,0,0,0,0,0,0,0
10762,180000,1,1,2,27,0,0,0,0,0,0,2658,2014,536,1123,536,536,2014,536,1123,536,536,629,1
10763,50000,1,2,1,53,0,0,0,0,0,0,47750,49149,47843,29018,29777,28722,2180,1874,1049,1237,1100,1300,1
10764,210000,2,1,2,39,0,0,0,0,0,0,0,0,0,0,0,0,0,0,0,0,0,0,0
10765,50000,2,1,2,24,0,0,2,0,0,0,52227,55264,52028,32140,32216,31482,5350,0,1085,2000,1226,2415,0
10766,10000,1,2,2,23,2,0,0,0,0,0,8206,6828,9694,9888,10094,9762,1134,3000,345,356,425,194,0
10767,80000,1,1,2,42,0,0,0,0,0,0,74380,68820,59079,30289,27415,28447,2619,2036,1215,1500,1504,1200,0
10768,200000,2,3,1,34,0,0,0,0,0,0,3600,-4,-4,752,0,2718,4,0,756,0,2718,2722,0
10769,500000,1,1,1,41,2,0,0,0,0,0,564757,572834,430774,437950,447203,456453,19850,17200,15853,17000,17000,15740,1
10770,50000,2,2,1,42,0,0,0,0,0,0,49401,47828,48416,20098,20130,20158,2100,2000,702,718,730,632,0
10771,50000,2,3,2,22,2,0,0,2,0,0,31285,30275,26633,19576,15794,19496,3000,2000,0,4532,4500,4500,0
10772,80000,1,3,1,46,2,2,0,0,0,0,40154,39021,21862,22297,22766,23531,80,1500,797,827,1144,666,0
10773,50000,2,1,2,23,1,2,0,0,0,0,10393,9895,10726,10863,11200,11272,0,1500,800,700,600,600,0
10774,50000,1,2,2,22,0,0,0,2,0,0,5696,6723,8619,8334,8510,8728,1277,2173,0,459,513,161,0
10775,80000,2,2,2,24,0,0,0,0,0,0,78749,77025,66725,21604,9352,9276,4000,2784,1882,1000,457,20000,0
10776,100000,2,2,1,39,3,2,2,2,2,0,76620,74813,69802,69887,68023,68734,0,5395,2433,0,2471,5191,1
10777,360000,1,1,2,49,1,0,0,0,0,0,0,0,0,0,0,0,0,0,0,0,0,0,0
10778,510000,2,1,1,37,0,0,0,0,0,0,386,733,739,1939,739,2739,763,739,1939,739,2739,1110,0
10779,120000,1,2,1,26,0,0,0,0,0,0,47733,49609,47753,48950,50149,51159,3000,2000,2000,2000,2000,2000,0
10780,130000,2,3,1,48,0,0,0,0,0,0,13570,785,1534,397,22262,251,785,1534,397,22262,251,1380,0
10781,330000,1,1,2,44,0,0,0,0,0,0,604019,605943,439854,404157,370686,294348,19001,14000,12000,15000,7000,7000,0
10782,50000,2,3,2,40,0,0,0,0,0,0,29311,30862,26614,15571,14971,15546,10000,5000,1500,800,2000,2000,0
10783,30000,1,2,2,43,0,0,2,0,0,0,25724,29638,27000,27382,26876,28351,5300,0,1100,1000,2300,0,0
10784,200000,2,1,1,24,0,0,0,0,0,0,156683,155336,156489,152357,150829,149851,5808,5382,5279,5389,7026,5258,0
10785,80000,2,2,1,33,2,2,2,2,2,2,53843,55933,56575,57303,58593,59738,3500,2100,2200,2300,2200,2100,0
10786,220000,2,1,1,39,0,0,0,0,0,0,6589,2901,10836,26227,18590,785,2901,10836,18590,0,785,8700,0
10787,70000,2,1,2,30,1,0,0,0,0,0,-25,-25,-25,-50,-25,475,0,0,0,0,500,0,0
10788,350000,2,2,1,48,0,0,0,0,0,0,311013,305633,301114,285750,289399,284597,11019,10728,9812,10397,10099,9967,0
10789,40000,1,2,2,27,0,0,0,0,0,0,38561,38614,39951,40552,38935,40187,1700,2000,1526,1500,1900,1400,0
10790,60000,1,2,2,24,0,0,0,0,0,2,60753,54892,59268,17967,20309,17867,2800,6100,621,2609,0,756,0
10791,120000,1,2,1,34,0,0,0,0,0,0,6059,1943,2402,18700,9900,0,1943,2500,38098,5000,0,0,0
10792,50000,2,2,2,48,0,0,0,0,0,0,50894,49333,9923,10126,10113,10130,1385,1200,350,400,360,400,0
10793,100000,2,1,1,44,0,0,0,0,0,2,68444,71722,73525,75303,79994,78550,5000,3000,3000,5900,0,5000,1
10794,210000,1,2,1,30,0,0,0,2,0,0,85988,88410,93234,90571,94653,142549,5000,7500,0,6000,50000,0,1
10795,20000,2,2,2,35,0,0,2,0,0,0,16528,19347,18600,19000,19000,20000,3400,0,1000,0,1000,0,0
10796,240000,1,3,2,42,0,0,0,0,0,0,159362,227686,177380,126645,128877,121803,146282,7005,4601,5000,5300,6100,0
10797,170000,2,2,1,43,0,0,0,0,0,0,95780,109078,115606,121493,132016,145820,13298,9913,7900,10523,16289,3600,0
10798,330000,1,1,2,34,0,0,0,0,0,0,316,310,6994,632,316,38277,310,7006,2000,0,38277,6000,0
10799,70000,1,2,2,43,0,0,0,0,0,0,59829,57240,29079,28562,29155,29448,1586,1739,1002,1033,1142,1014,0
10800,50000,2,3,1,29,0,0,0,0,0,0,45561,47322,49054,7378,8103,8963,2500,3125,417,1000,1000,500,0
10801,130000,1,2,2,38,0,0,0,0,0,0,9439,62132,48108,40918,35111,24846,63053,1478,1119,1016,1026,1049,0
10802,50000,1,3,2,36,2,2,7,7,7,7,2400,2400,2400,2400,2400,2400,0,0,0,0,0,0,1
10803,450000,2,1,2,30,0,0,0,0,0,0,46244,32387,30976,29455,30012,20109,1599,1311,2000,1000,2000,647,1
10804,100000,1,2,1,41,2,2,2,2,2,2,68786,69604,67887,72744,73932,75560,2500,0,6000,2500,3000,3000,1
10805,120000,2,1,2,26,0,0,0,0,0,0,11513,12227,13321,15090,16836,18554,1206,1300,2000,2000,2000,2000,0
10806,270000,2,1,2,29,0,0,0,0,0,0,14728,20865,24812,12674,9486,2460,10000,5000,3900,9486,2460,0,0
10807,80000,1,1,2,36,0,0,0,0,0,0,5012,1200,0,1159,0,0,1200,0,1159,0,0,6028,0
10808,80000,2,3,1,40,0,0,0,0,0,0,80855,78074,38360,60060,59322,59973,2800,2700,61400,2312,2800,2800,0
10809,320000,1,1,2,33,0,0,0,0,0,0,3903,3609,4615,5256,22760,700,3609,4615,5256,22760,700,1992,0
10810,380000,1,1,1,35,1,0,0,0,0,0,-6,15099,1299,0,0,0,15105,1300,0,0,0,0,0
10811,380000,2,2,2,41,0,0,0,0,0,0,86950,76202,63536,22345,9222,10551,3239,1283,453,9222,10551,5088,0
10812,180000,2,2,1,41,0,0,0,0,0,0,21450,0,6980,10628,9920,6205,0,6980,10628,9920,6205,6381,0
10813,100000,2,2,2,31,0,0,0,0,0,0,32430,34169,36495,36910,37838,38457,2579,2905,1320,1522,1400,1419,0
10814,290000,2,1,2,29,0,0,0,0,0,0,41435,30229,9020,-77,8123,210989,1690,3000,0,8200,205000,6000,0
10815,90000,1,1,2,27,0,0,0,0,0,0,1040,3953,6986,868,350,874,3963,6986,868,350,874,548,1
10816,10000,1,2,1,24,5,4,3,2,0,0,9829,9539,9244,8949,9137,9177,0,0,0,480,340,500,1
10817,150000,1,3,2,31,0,0,0,0,0,0,31991,18322,11429,3714,0,0,18696,11629,3814,0,0,0,0
10818,160000,2,2,2,32,2,2,2,2,0,0,400,400,400,0,20818,20818,0,0,0,20818,0,0,0
10819,200000,2,1,1,27,2,2,2,0,0,0,191406,201756,197185,146021,147473,147669,15100,3028,5169,5400,5306,5232,1
10820,30000,2,2,2,23,0,0,0,0,0,0,1393,1393,1393,1543,1596,2970,1393,1393,1543,1596,2970,0,0
10821,70000,2,1,2,24,0,0,0,0,0,0,65920,67413,68623,68867,70179,67976,3150,3000,2250,2400,2350,2400,0
10822,160000,1,2,2,30,1,0,0,0,0,0,0,0,0,0,0,0,0,0,0,0,0,679,0
10823,140000,2,1,2,27,2,2,2,2,2,2,94903,96912,98015,99155,100979,99251,4400,3600,3600,3500,0,3470,1
10824,50000,2,3,2,22,0,0,0,0,0,0,11867,12588,13089,13731,13891,1769,1309,1200,1232,891,4435,1836,0
10825,50000,2,1,2,23,0,0,0,0,0,0,496,454,-42,13109,13266,13401,454,0,14109,1000,1000,1000,0
10826,150000,1,1,2,31,0,0,0,0,0,0,1575,4711,4956,6692,14418,25825,3651,1068,1977,9118,12625,122,0
10827,120000,2,1,2,34,1,0,0,0,0,0,0,0,0,0,0,0,0,0,0,0,0,0,0
10828,160000,2,2,1,63,1,0,0,0,0,0,-2,-2,2647,1210,0,1886,0,2649,1210,0,1886,491,0
10829,180000,2,4,2,26,0,0,0,0,0,0,252810,240518,39162,5461,2309,0,8013,3060,109,46,0,0,0
10830,220000,2,2,2,27,0,0,0,0,0,0,220588,218136,177720,131874,118918,110338,9000,7500,4500,5000,5000,3000,0
10831,10000,1,2,2,22,2,0,0,0,0,0,8631,9202,9975,528,0,0,1238,1275,528,0,0,0,1
10832,80000,2,1,1,36,0,0,0,0,0,0,1069,1460,4337,0,2649,708,2000,4507,999,2649,787,288,0
10833,110000,2,2,2,28,0,0,0,0,0,0,105080,107420,107325,108545,105341,106822,5540,5361,4500,4000,4500,4100,0
10834,80000,2,2,1,51,1,0,0,0,0,0,-12,-12,-12,17691,4599,4134,0,0,17703,4599,4134,0,1
10835,270000,1,2,1,52,0,0,0,0,2,0,18758,4937,2000,9078,5058,6177,4937,2000,9078,0,6177,4600,0
10836,160000,2,1,2,36,1,2,0,0,0,0,163897,116343,118552,119376,122039,121841,0,5677,4197,4509,4412,4228,0
10837,50000,1,2,2,44,0,0,0,0,0,0,16726,18144,19116,19543,20116,18163,2000,1600,1000,1000,1000,811,0
10838,60000,2,2,1,39,0,0,0,0,0,0,58017,59481,60360,38307,35519,35356,2396,2110,1272,1257,1245,1138,0
10839,140000,1,2,2,28,0,0,2,2,2,2,137706,118294,115038,119696,87930,96561,12300,0,8200,0,10000,0,0
10840,360000,2,2,2,34,0,0,0,0,0,0,277569,246380,236139,241056,246297,246072,10500,8500,8750,9200,9800,8700,0
10841,200000,2,4,2,34,0,0,0,0,0,0,6093,4297,15765,3997,4931,429,4310,15818,4009,4945,429,0,0
10842,40000,2,2,1,36,1,2,0,0,0,0,38430,37537,38156,39581,36506,37893,0,1575,2000,1500,2000,3000,1
10843,50000,2,3,1,50,2,0,0,0,2,0,48381,47810,48123,51060,50162,48209,2200,2100,4000,0,2000,2000,1
10844,50000,2,2,1,46,0,0,0,0,0,0,48095,26873,27774,28387,28982,29599,1500,1387,1000,980,1026,843,0
10845,70000,1,1,2,27,0,0,0,0,0,0,134781,69502,117846,49535,48247,49040,6012,1936,1874,1740,2000,1800,0
10846,500000,1,1,1,41,0,0,0,0,0,0,719,1550,-50,-50,10037,79,1558,0,0,10087,79,471,0
10847,160000,1,1,2,37,0,2,0,0,0,0,17723,497,1100,652,326,5654,0,1100,652,0,5654,0,1
10848,180000,2,3,2,28,0,0,0,0,0,0,176802,179271,180382,132104,129772,124734,6963,6208,3749,4365,4517,177,0
10849,100000,1,2,2,25,0,0,0,0,0,0,48285,390,390,390,390,390,390,390,390,390,390,9528,0
10850,50000,2,2,2,38,0,0,0,0,0,0,4965,495,16982,17203,17577,17936,500,17000,800,800,800,900,0
10851,210000,1,2,1,33,0,0,0,0,0,0,141571,138588,142343,69004,70596,69388,5000,6000,2270,2500,2472,2600,1
10852,140000,1,1,2,29,0,0,0,0,0,0,700,700,700,3105,1259,700,700,700,3105,1259,700,700,0
10853,80000,2,2,2,23,0,0,0,0,0,0,50884,48709,19010,21808,15995,12290,2427,1214,600,656,282,0,1
10854,120000,2,1,2,28,0,0,0,2,0,0,75982,78213,82563,78273,79914,81514,3451,6275,0,2898,2926,6210,1
10855,280000,1,2,1,48,0,0,0,0,0,0,74267,54500,5520,0,0,0,3110,1200,0,0,0,0,0
10856,80000,2,2,1,45,0,0,0,0,0,0,30063,30399,24577,24788,18522,17873,1843,1233,882,633,842,12000,0
10857,200000,2,3,2,31,0,0,0,0,0,2,2126,99787,194779,194179,164444,83277,99787,100000,0,83277,0,77325,0
10858,300000,2,1,2,27,0,0,0,0,0,0,2566,4658,197,10767,26117,15800,4725,197,10770,15350,5000,424,0
10859,40000,1,1,1,34,0,0,0,0,0,0,7018,7402,8374,7505,7515,9120,7419,8382,7505,7515,9120,6180,0
10860,360000,1,2,1,38,1,0,0,0,2,2,0,0,0,2500,2500,0,0,0,2500,0,0,0,1
10861,60000,1,1,2,30,1,0,0,0,0,0,0,345,11736,11387,10228,10497,345,13737,0,4000,6000,0,0
10862,110000,2,2,2,29,2,2,4,4,3,2,600,600,600,600,300,150,0,0,0,0,0,921,1
10863,50000,1,2,2,42,1,0,0,0,0,0,-4,-4,0,0,0,0,0,4,700,0,0,2300,0
10864,150000,2,2,2,24,0,0,0,0,0,0,1563,5689,490,0,2893,0,5689,494,0,2893,0,499,0
10865,60000,2,5,2,22,0,0,0,0,0,0,61094,61260,55730,29846,28600,28970,3000,3000,2000,1500,1500,2000,0
10866,20000,2,1,2,25,0,0,0,0,0,0,17693,13037,600,1040,0,0,1081,600,1040,800,0,0,0
10867,360000,2,2,2,33,0,0,0,0,0,0,9797,5333,3299,8786,6801,8488,1000,3331,8786,1000,8488,0,0
10868,30000,1,1,2,25,0,0,0,0,0,0,7833,0,0,0,0,0,0,0,0,0,0,0,0
10869,70000,2,2,1,36,0,0,0,0,0,0,59331,57786,58608,28105,30656,32674,3500,3000,3000,3000,3000,3000,0
10870,50000,1,2,2,28,0,0,0,0,0,0,48433,49608,45568,9742,8790,6591,2000,1500,442,300,238,500,1
10871,80000,1,2,1,37,2,2,2,2,2,2,58024,59300,59831,60554,61938,63269,2800,2100,2300,2500,2500,500,1
10872,200000,2,2,1,35,0,0,0,0,0,0,7677,14704,8000,10285,16285,4815,7240,2000,2285,6000,1500,0,0
10873,480000,2,3,1,42,0,0,0,0,0,0,7245,0,0,0,790,0,0,0,0,790,0,0,0
10874,60000,1,2,1,46,2,0,0,0,0,0,59748,60684,59532,30193,27726,26520,2500,2108,1008,1160,2000,4000,1
10875,150000,2,3,2,60,0,0,0,0,0,0,149892,137990,136171,100508,102610,101682,6780,4800,3496,3618,4000,3497,1
10876,400000,1,1,1,40,0,0,0,0,0,0,4750,0,0,2827,0,0,0,0,2827,0,0,3347,1
10877,300000,2,1,2,36,1,0,0,0,2,0,-78,-78,-78,1222,1072,4689,0,0,1300,0,4689,0,1
10878,80000,2,3,2,26,0,0,2,0,0,0,40931,44374,43365,44143,45079,45977,4100,0,1800,1800,1800,2000,0
10879,30000,1,2,2,25,1,2,3,2,0,0,25787,28067,27332,26597,27512,57002,3000,0,0,1500,1600,900,0
10880,300000,1,2,2,33,0,0,0,0,0,0,283552,252308,204975,159596,116322,247931,10000,7009,6000,6100,245000,7600,0
10881,50000,2,2,1,23,0,0,0,0,0,0,50643,50199,23986,-17250,20129,20502,2741,2079,2177,41608,713,837,0
10882,400000,2,2,1,53,0,0,0,0,0,0,252860,257062,99832,100967,101788,117818,11416,99835,3501,3641,17823,4180,0
10883,280000,2,2,2,26,0,0,0,0,0,0,70219,69487,85733,131138,131414,130758,3165,20014,50014,5015,4518,4609,0
10884,160000,2,1,2,30,0,2,2,0,0,0,6548,3200,0,4775,456,0,7,0,4775,456,0,0,0
10885,450000,1,1,1,53,0,0,0,0,0,0,3873,3119,8970,1323,11990,8838,3128,9008,1323,12008,214,1327,0
10886,50000,1,3,1,47,1,0,0,0,0,0,0,0,0,0,0,0,0,0,0,0,0,0,0
10887,120000,2,3,1,47,0,0,0,0,0,0,16224,16085,17677,16450,18407,15841,2001,2317,1002,3009,1000,1000,0
10888,60000,2,2,1,57,0,0,0,0,0,0,20866,22131,22685,24938,25085,28862,2000,2000,2950,926,4600,0,0
10889,210000,2,1,2,26,0,0,0,0,0,0,129882,131991,134515,134141,137667,126127,6000,6000,3000,5000,5000,3000,0
10890,110000,2,2,2,24,0,0,0,0,0,0,28956,33115,31752,30539,29468,33259,5000,2000,2000,2000,7000,2000,0
10891,110000,2,1,1,32,1,2,0,0,0,0,42867,41901,44126,43483,43435,41010,0,3000,2000,2000,2000,3600,1
10892,140000,1,2,2,41,0,0,0,0,0,0,92281,92370,92446,65774,65076,64295,3551,3814,2333,2340,2279,2273,0
10893,430000,2,2,1,36,1,0,0,0,0,0,1821,2324,2250,3004,1074,1623,2324,2250,3004,1074,1623,2493,0
10894,20000,1,2,1,43,0,0,0,0,0,0,4820,1837,390,390,780,780,1837,390,390,780,0,0,0
10895,360000,2,1,1,31,1,0,0,0,0,0,-1,180,14418,8625,516,0,181,14418,0,516,0,1235,0
10896,630000,2,1,2,29,0,0,0,0,0,0,497106,497921,490093,435019,329476,338557,15868,12371,26454,8510,11039,5390,1
10897,60000,2,2,3,39,0,0,0,0,0,0,52149,32476,8128,9972,13037,-161,1173,1000,9972,10000,0,20588,0
10898,50000,1,3,2,41,0,0,2,0,0,0,48238,35194,9802,26781,28542,29235,4866,126,58542,3032,2000,2000,0
10899,200000,1,1,1,41,0,0,0,0,0,0,855,0,316,8386,316,10104,0,316,8386,8896,10104,955,0
10900,20000,1,3,2,61,2,0,0,0,0,0,18828,10400,0,0,0,0,1400,0,0,0,0,0,0
10901,260000,1,1,1,37,1,0,0,0,0,0,0,0,0,0,0,0,0,0,0,0,0,0,0
10902,210000,2,1,1,32,0,0,0,0,0,0,8600,0,4231,4221,4221,4483,0,4231,4221,4221,4483,4300,0
10903,30000,2,2,2,31,0,0,0,0,0,0,28716,26570,26829,26839,27449,25125,2000,1600,1000,1000,1000,0,0
10904,500000,1,1,2,33,0,0,0,0,0,0,1025,1691,1316,4941,8539,3842,2000,1316,5000,5000,2000,1223,0
10905,20000,2,3,1,47,0,0,0,0,2,0,19753,19728,19763,20240,18955,15255,1401,1306,2000,0,800,800,0
10906,240000,2,1,1,40,0,0,0,0,0,0,626,626,626,626,626,626,626,626,626,626,626,626,0
10907,20000,2,3,1,45,0,0,0,0,0,0,16392,16367,12426,11449,341,20875,2000,2426,1000,407,21769,793,0
10908,150000,1,1,2,30,2,2,2,2,2,2,17352,21338,20304,21585,20718,22813,5000,0,2000,0,3000,0,1
10909,150000,2,1,2,30,0,0,2,0,0,0,14883,12683,2700,1500,18439,1381,4908,0,0,18439,1381,0,0
10910,500000,1,1,1,41,0,0,0,0,0,0,231887,122499,107198,98450,93828,92237,6115,4550,3533,3525,5034,4080,0
10911,220000,2,2,1,53,0,0,0,0,0,0,207592,212099,214669,173187,176496,169649,8165,6889,6033,6247,6142,6146,1
10912,30000,2,2,2,22,0,0,0,0,0,0,13271,9277,2655,2800,4503,780,2015,2655,2800,4503,780,11500,0
10913,10000,2,2,1,40,1,2,2,2,2,2,8481,8711,6946,5863,4180,4322,2000,0,450,0,600,320,1
10914,170000,2,2,1,28,1,0,0,0,0,0,0,0,9311,10257,20872,34403,0,9311,1257,10872,14003,1500,0
10915,120000,1,1,1,45,1,0,0,0,0,0,0,106257,108360,109121,109061,112079,106257,5400,4000,3944,4817,8892,1
10916,280000,2,1,2,29,0,0,0,0,0,0,105403,51190,44598,38322,38255,31427,3109,1369,3002,3005,1505,2000,0
10917,10000,2,3,2,22,0,0,0,0,0,2,7572,8520,6118,245,10274,9963,1118,1020,250,10300,0,200,0
10918,200000,2,3,1,54,6,5,4,3,2,2,110185,107665,104686,102549,101400,0,0,0,0,0,0,0,0
10919,260000,2,2,1,36,0,0,0,0,0,0,107030,115455,115106,118811,121514,124815,13011,5000,5000,4000,4815,4500,0
10920,500000,2,1,2,43,0,0,0,0,0,0,274261,209672,179618,152069,110763,69267,11375,5066,5145,5145,5117,5086,0
10921,500000,2,1,2,32,0,0,0,0,0,0,0,0,973,229,3330,7980,0,973,229,3330,7980,538,1
10922,260000,2,1,2,50,0,0,0,0,0,0,254749,259549,258390,256252,250390,251336,11046,10004,10000,10000,10000,20000,0
10923,90000,1,2,1,32,0,0,0,0,0,0,36081,37802,29985,28447,24775,25498,3002,1600,1500,1000,1500,1500,0
10924,160000,1,2,1,52,0,0,0,0,0,0,161747,164150,0,0,0,0,7350,0,0,0,0,0,1
10925,230000,2,2,2,25,0,0,0,0,0,0,187472,188140,178221,156627,128110,121517,9200,6707,3000,2725,3544,2417,0
10926,360000,1,2,1,46,1,0,0,0,0,0,5800,0,0,0,0,0,0,0,0,0,0,76873,0
10927,50000,1,3,2,29,0,0,0,0,0,0,49156,50162,49170,49426,50906,45886,4000,2400,2000,2459,2100,5000,0
10928,130000,1,3,2,44,0,0,0,0,0,0,83648,72031,59850,49099,49015,49265,3100,2300,2000,1900,2200,1800,0
10929,240000,2,2,2,27,1,0,0,0,0,0,0,0,0,0,0,0,0,0,0,0,0,0,1
10930,50000,1,1,2,22,0,0,0,0,0,0,13444,14819,15967,16599,17329,17888,1600,1700,1200,1000,1000,1000,0
10931,320000,2,1,2,43,0,0,0,0,0,0,34702,76361,58124,70717,78149,70379,50390,20000,20000,15000,40000,40000,0
10932,130000,2,2,1,44,0,0,0,0,0,0,69120,66171,65225,65588,66662,68176,3000,3000,3000,2500,3000,3000,0
10933,50000,2,3,2,48,1,2,2,0,0,0,49295,50414,49158,29375,28050,27721,2200,0,1008,1004,1032,932,0
10934,330000,2,1,2,24,0,0,0,0,0,0,341499,334929,317997,274132,267622,261246,12500,10882,9902,10000,10000,17629,0
10935,330000,1,1,2,37,0,0,0,0,0,0,0,0,0,0,0,1624,0,0,0,0,1624,0,0
10936,120000,2,2,2,23,0,0,2,0,0,0,107934,123579,118117,77943,78834,76889,19000,8,3000,3000,3500,3500,0
10937,180000,2,2,1,29,2,2,2,2,2,2,113436,109439,111108,108476,104655,107338,1308,7623,3900,11,7700,0,1
10938,500000,2,1,1,47,0,0,0,0,0,0,97832,47708,131063,131508,182843,10790,27369,135784,15000,75550,216,27183,0
10939,250000,2,2,1,54,0,0,2,0,0,0,17582,600,600,9375,8765,3649,1200,0,9375,8765,3649,95417,0
10940,260000,2,2,2,29,0,0,0,0,0,0,56380,40882,214941,196242,193177,161731,4121,196000,6020,6330,6032,5000,0
10941,270000,2,1,1,36,0,0,0,0,0,0,3291,0,0,0,0,0,0,0,0,0,0,0,0
10942,500000,1,1,1,42,1,0,0,0,0,0,3747,11652,32269,8974,1349,7867,11684,34545,8981,1349,7867,0,0
10943,60000,2,3,1,42,0,0,2,0,0,0,1570,21835,20680,390,390,14290,20680,0,0,390,14290,2892,1
10944,240000,1,1,2,28,0,0,0,0,0,0,147974,150683,137645,140388,142521,143736,5300,4931,4966,5000,4771,4354,0
10945,500000,2,1,2,41,2,2,0,0,0,0,2500,0,0,0,0,0,0,0,0,0,0,0,1
10946,330000,1,2,2,33,0,0,0,0,0,0,137974,138692,141674,136790,141469,143453,7000,7000,5000,7004,6015,5012,0
10947,80000,2,2,2,24,0,0,0,0,0,0,2530,3041,6603,1483,1485,4665,3055,6622,1483,2,4683,1700,0
10948,80000,2,1,2,23,0,0,0,0,0,0,80133,74838,62696,27693,25594,29155,3539,3180,818,1018,10006,3616,0
10949,180000,1,3,1,39,0,0,0,0,0,2,122187,123790,125258,125214,131276,114050,6000,6000,4400,9000,0,4000,1
10950,60000,2,1,2,24,0,0,0,0,0,0,18220,18743,17624,17457,21386,4340,1553,1200,349,5345,0,316,1
10951,150000,2,2,1,44,0,0,0,0,0,0,292,7948,3363,1774,0,0,8144,18285,1774,0,0,0,0
10952,10000,2,3,1,45,2,0,0,0,0,0,390,390,0,780,5018,5275,390,0,780,5018,375,0,0
10953,340000,2,1,1,41,0,0,0,0,0,0,325371,326867,322454,275928,264601,265494,25034,11000,10000,10000,10000,10000,0
10954,80000,2,3,1,39,0,0,0,0,0,0,83482,80406,71540,68325,65105,62011,2900,2340,2300,2289,2500,1551,0
10955,430000,2,1,2,34,0,0,0,0,0,0,35792,36894,44848,39219,32008,19397,2000,10002,2000,5000,2000,7027,0
10956,340000,2,1,2,36,0,0,0,0,0,0,91938,85927,71707,92695,86244,71538,3911,5104,92695,3114,2613,2366,0
10957,80000,2,2,1,35,0,0,0,0,0,0,2227,3432,4416,5275,0,316,1250,1200,1000,0,316,31002,0
10958,150000,2,1,1,34,0,0,0,0,0,0,97874,130901,127985,126207,126814,125640,54190,6000,5000,5000,5000,5000,0
10959,320000,2,1,2,27,2,0,0,0,0,2,253197,258621,262825,268326,284625,290787,11000,10000,9876,20900,11000,0,1
10960,120000,2,2,1,28,0,0,0,0,0,0,96833,78920,74310,75710,77503,73945,3000,5000,3000,3000,4000,1500,0
10961,620000,2,1,2,31,0,0,0,0,0,0,569023,562316,475333,473182,481896,513798,23009,20004,20008,14000,35804,250005,0
10962,130000,1,1,2,37,0,0,0,0,0,0,22563,22222,21783,9421,8809,8596,1500,1505,1000,500,1000,115,0
10963,230000,2,2,1,46,0,0,0,0,0,0,4328,1518,1958,368,1613,1371,1518,1972,368,1613,1371,752,1
10964,60000,2,1,2,28,2,2,2,2,2,2,22343,24678,25079,24380,26022,26542,3000,1100,0,2200,1100,1000,1
10965,420000,1,3,2,32,0,0,0,0,0,0,41104,6784,6346,1409,14107,8379,6887,2028,1413,14109,8452,1928,0
10966,80000,1,2,2,36,0,0,0,0,0,0,59189,35690,33984,34384,29340,21985,3007,1503,2017,1024,1017,2000,0
10967,200000,2,1,1,42,0,0,0,0,0,0,23242,24575,25284,25938,26478,26889,1711,1420,1074,1107,1000,1000,0
10968,80000,1,2,1,43,1,2,0,0,0,0,77871,71898,72926,73745,75675,75999,1261,3214,3000,3500,2266,3000,0
10969,200000,1,1,2,34,3,2,0,0,0,0,1571,361,1716,460,0,0,0,1716,460,0,0,0,1
10970,110000,2,3,1,42,0,0,0,0,0,0,116292,118781,121030,119267,116142,113887,5836,5780,5000,4206,5000,5000,0
10971,60000,1,2,1,37,0,0,0,0,0,0,54770,58257,59675,60646,60071,60066,5000,3000,2500,2500,3000,2500,1
10972,340000,2,1,1,33,0,0,0,0,0,0,35695,40924,0,0,7687,21200,6018,0,0,7687,21200,10600,0
10973,50000,2,3,2,22,0,0,0,0,0,0,50089,41382,36995,17726,13623,13781,1798,1117,4749,500,508,250,0
10974,80000,2,2,2,48,0,0,0,2,0,0,60261,60129,57488,47846,48464,48940,2234,5311,0,1787,1700,1500,0
10975,30000,1,2,2,29,2,2,2,2,2,2,21959,24685,24983,25375,25923,25358,3400,1000,1100,1100,0,2100,0
10976,200000,2,2,2,24,0,0,0,0,0,0,21447,23429,26158,29486,27166,25954,2649,3500,4008,1098,1500,1000,0
10977,200000,1,1,1,49,0,0,0,0,0,0,390,390,390,390,390,390,390,390,390,390,390,390,0
10978,90000,2,2,1,34,2,0,0,0,0,0,49530,18717,3053,3537,46816,47398,1449,1213,1087,47698,1740,1888,1
10979,160000,1,1,1,49,0,0,0,0,0,0,143804,145244,145978,41600,2500,2500,6235,6632,1910,2500,2500,2500,0
10980,50000,1,2,1,44,1,2,2,2,0,0,49615,48552,50175,12790,12743,17305,0,3056,0,2000,5000,3000,1
10981,230000,2,1,1,36,1,0,0,0,0,0,0,0,0,0,0,0,0,0,0,0,0,0,0
10982,300000,2,1,2,27,0,0,0,0,0,0,525,7792,8347,10471,9813,10690,7797,8361,10490,9828,10698,6666,0
10983,300000,2,1,1,59,0,0,2,2,2,2,2500,2500,2500,2500,2500,2500,0,0,0,0,0,0,0
10984,50000,2,1,1,35,0,0,0,0,0,0,50456,51400,0,0,0,0,2400,0,0,0,0,0,0
10985,260000,1,2,1,45,0,0,0,0,0,0,3814,2688,500,2870,1141,679,2861,500,2870,1141,679,0,0
10986,140000,2,2,1,38,0,0,0,0,0,0,1156,316,1156,736,316,1156,316,1156,736,316,1156,316,0
10987,30000,1,2,2,28,0,0,0,0,0,0,25198,25988,27107,27450,29193,27372,1500,1600,1000,2100,1400,500,0
10988,230000,2,2,2,35,0,0,2,0,0,0,30300,1689,409,1333,168,140,1689,0,1333,168,140,0,0
10989,260000,2,1,1,28,0,0,0,0,0,0,0,0,0,0,0,0,0,0,0,0,0,0,1
10990,110000,2,2,1,28,1,2,0,0,0,0,106932,103381,75794,76947,79105,72344,27,4000,3000,3000,10000,3000,0
10991,360000,1,2,2,26,0,0,0,0,0,0,89635,80129,75246,72996,73177,67271,3122,2007,1500,73177,2452,2256,0
10992,20000,2,2,1,63,0,2,2,0,0,0,858,2310,1716,929,978,0,1716,0,0,978,0,0,0
10993,230000,2,1,1,41,0,0,0,0,0,0,1886,8013,3962,1410,1410,1410,8034,4007,0,1410,1410,1410,0
10994,220000,2,1,2,30,0,0,0,0,0,0,91178,99541,74718,64087,72992,74646,10128,10000,5000,10000,3000,10000,0
10995,230000,2,1,2,32,1,2,2,2,0,0,205498,210424,212979,207759,212014,225246,10000,7598,0,8000,17000,0,1
10996,500000,2,2,2,27,0,0,0,0,0,0,196931,138247,96888,16476,12534,394163,5188,3417,3000,1276,388071,11700,0
10997,50000,1,3,1,36,0,0,0,0,0,0,10849,3701,4600,2300,0,0,1101,1000,2300,0,0,0,0
10998,500000,2,1,1,49,0,0,0,0,0,0,435737,421983,414453,422168,423674,413326,20157,13670,13596,14454,33720,12284,0
10999,30000,2,2,1,22,0,0,0,0,0,0,4476,5814,5254,15570,10117,1875,5841,5280,15587,325,0,1400,1
11000,50000,1,1,2,23,0,0,0,0,0,0,20655,21718,22316,22762,20231,19445,1701,1299,745,711,1000,685,0
11001,80000,1,1,2,27,0,0,0,0,0,0,1300,179,0,0,0,0,179,0,0,0,0,0,0
11002,40000,2,1,2,23,0,0,2,0,0,0,32346,35595,34113,35513,36513,35956,4082,0,2000,1000,500,0,0
11003,500000,2,2,1,37,0,0,0,0,0,0,156951,115610,81334,78637,36993,22089,20167,2114,1751,5132,22197,156937,0
11004,30000,1,2,1,29,0,0,0,0,0,0,29852,30348,31570,32661,0,0,1600,1738,1829,0,0,0,0
11005,90000,2,1,2,28,0,0,0,0,0,0,62062,62617,57990,51537,52486,48483,2971,2168,1686,1878,1611,1334,0
11006,20000,1,2,1,35,0,0,0,0,0,0,20139,19067,19787,19682,7468,2312,1480,1200,394,210,5546,0,1
11007,60000,1,2,2,22,1,3,2,0,0,0,25300,23150,20999,21423,19049,18282,0,0,1000,1000,1000,1000,0
11008,500000,1,1,2,32,0,0,0,0,0,0,208603,211340,166739,166464,168722,170299,8444,8009,5301,5220,5419,5313,0
11009,70000,1,1,1,40,1,2,2,2,2,2,12026,13531,13017,14299,13927,15692,2000,0,1500,0,2000,0,0
11010,180000,2,1,2,26,0,0,0,0,0,0,873,7233,2701,1900,45517,9451,7233,2701,1900,45517,9451,5795,0
11011,450000,2,1,2,38,0,0,0,0,0,0,1414,1080,97,1749,0,0,1080,97,1749,0,0,0,1
11012,220000,1,2,2,35,1,0,0,0,0,0,0,0,81677,46177,3308,2912,0,220230,7308,0,2912,0,0
11013,20000,2,2,2,45,1,1,0,0,0,0,4516,-630,18976,8005,3034,9287,700,21400,1005,3034,9287,85,0
11014,170000,2,2,1,50,0,0,0,0,0,0,79210,660,15360,891,13460,32136,660,15360,891,13460,32136,0,0
11015,110000,1,1,1,48,0,0,0,0,0,0,73472,75431,76296,77260,72907,63104,3139,2529,2348,2308,2180,1687,0
11016,70000,1,2,1,45,0,0,0,0,0,0,43050,43410,36226,29369,25873,26101,1888,1225,856,6000,1097,604,0
11017,290000,1,5,1,38,0,0,0,0,0,0,555,0,0,0,0,0,0,0,0,0,0,0,0
11018,50000,2,1,2,23,0,0,0,0,0,0,1050,1050,974,1224,1224,1025,1050,974,1300,1050,1025,1050,0
11019,160000,2,2,2,32,0,0,0,0,0,0,156098,156259,155404,153234,156731,155818,6000,6000,5600,6000,6000,5500,0
11020,360000,2,2,1,37,0,0,0,0,0,0,725,1172,1619,1266,1212,1324,1002,1002,202,501,502,501,1
11021,200000,2,3,2,29,0,0,0,0,0,0,98700,0,0,0,0,-3500,0,1000,0,0,0,3976,0
11022,200000,1,2,1,38,0,0,0,0,0,0,8565,86497,138640,75983,44160,34671,85000,60000,3500,2000,2000,2000,0
11023,100000,1,2,2,29,0,0,0,0,0,0,2494,1999,6632,6150,10122,2689,2005,6633,18,10152,2697,3607,0
11024,70000,1,2,2,48,0,0,0,0,0,0,193,188,299,829,338,865,188,299,829,338,865,833,0
11025,60000,2,2,1,23,2,2,0,0,0,0,63143,59608,59182,27882,24574,22330,0,1478,2000,1000,3000,2000,0
11026,170000,2,2,1,43,0,0,0,0,0,0,51054,52127,52651,53851,53095,54316,2489,2000,2048,1927,2104,2071,0
11027,50000,1,1,2,25,0,0,0,0,0,0,40181,66569,19281,18679,12980,8592,1500,2400,5700,8000,3062,1000,1
11028,360000,1,2,1,28,0,0,0,0,0,0,207571,182384,161295,199803,198614,2383,6114,4899,202074,200395,2383,98668,0
11029,210000,1,2,2,24,0,0,0,0,0,0,40985,41028,42041,42842,43757,45403,1987,2000,1800,1757,2533,2030,1
11030,20000,2,3,2,30,0,0,0,0,0,0,390,286,9457,10311,10374,10692,286,9847,1000,1000,500,442,0
11031,20000,1,2,2,24,0,0,2,2,0,0,17196,20609,20654,19118,18104,19846,4007,700,0,1000,2000,800,1
11032,20000,2,2,1,37,0,0,0,0,0,0,17312,17762,18814,19614,0,0,1500,1500,1000,0,0,0,1
11033,460000,2,3,1,57,0,0,0,0,0,0,7516,23485,7398,6143,9634,9581,23524,7409,12286,9634,9581,38354,0
11034,30000,2,1,2,22,1,2,2,0,0,0,25229,25533,24441,24441,11255,0,1000,0,0,0,0,0,1
11035,30000,2,3,1,38,2,2,0,0,2,2,5685,5448,7347,8024,7751,9607,0,2000,800,0,2000,0,1
11036,30000,2,1,2,26,0,0,0,0,0,0,9417,4638,3617,3787,4820,914,3150,1000,1200,2000,914,7311,0
11037,20000,1,2,1,33,1,2,0,0,3,2,18139,17559,18662,21345,20721,20836,0,1400,3000,0,600,0,1
11038,150000,1,1,2,32,2,2,0,0,0,0,3354,-18,-18,-18,-18,-18,0,0,0,0,0,0,1
11039,200000,1,2,1,27,0,0,0,0,0,0,112133,116017,119576,121954,124517,127441,5693,7000,4362,4525,5000,5000,0
11040,110000,2,2,1,48,1,0,0,0,0,0,0,0,0,0,0,0,0,0,0,0,0,0,0
11041,400000,2,1,2,32,1,2,2,2,2,2,29864,29104,31379,27969,9513,1346,0,3000,0,1000,0,10025,1
11042,50000,1,2,2,25,1,2,0,0,0,0,11023,9497,4273,0,6805,5554,14,1000,0,6805,2000,3782,0
11043,100000,2,1,1,28,0,0,0,0,0,0,106203,108327,106142,102449,100212,102674,8000,5300,3605,3500,4100,3000,0
11044,120000,1,1,1,34,2,2,2,2,2,0,118096,120455,116061,116959,112050,111153,12000,0,9500,0,4100,5000,1
11045,220000,2,1,1,43,0,3,2,0,0,0,1090,1257,1090,1090,1090,0,167,0,0,0,0,0,1
11046,100000,2,2,1,40,0,0,0,0,0,0,90828,83479,73749,68512,72518,65890,3523,3025,2344,5000,3000,2000,0
11047,410000,2,1,1,35,0,0,0,0,0,0,99687,0,0,0,0,18000,0,0,0,0,18000,0,0
11048,50000,2,2,1,28,1,2,0,0,2,0,5490,4471,5570,6676,5235,3728,0,1200,1308,0,500,1000,0
11049,50000,1,1,2,26,0,0,0,0,0,0,50947,23750,11105,5960,5220,3024,3432,1071,158,500,400,337,0
11050,90000,2,3,1,33,2,2,2,2,2,2,75619,77116,78252,78470,81056,82572,3300,3000,2100,4000,3001,3100,0
11051,260000,1,1,2,30,0,0,0,0,0,0,-7,-7,-7,1544,-43,-43,0,0,1551,0,0,0,0
11052,70000,2,1,2,24,0,0,2,0,0,0,8244,10569,8159,8241,9103,9361,2500,0,1000,1000,409,1000,0
11053,130000,1,2,1,53,2,2,2,0,0,0,109994,125138,114344,96995,100086,92344,17100,17,4000,5000,4000,4000,1
11054,120000,2,3,1,43,1,2,0,0,0,0,2057,1722,716,926,0,0,524,716,926,0,0,485,0
11055,160000,2,3,1,44,1,0,0,0,0,0,0,14121,0,0,0,150,14121,0,0,0,150,790,0
11056,50000,2,2,2,32,0,0,0,0,0,0,49138,49718,49437,40186,19179,16043,2250,1900,1800,700,1000,1000,1
11057,220000,2,1,2,27,0,0,0,0,0,0,3352,3352,3352,3352,3352,3352,3352,3352,3352,3352,3352,3352,1
11058,500000,2,1,2,28,0,0,0,0,0,0,5392,6038,6972,7037,7603,10602,1502,1502,502,1003,10024,40060,0
11059,360000,1,1,2,26,0,0,0,0,0,0,7127,6872,3381,1151,1155,381,1034,3397,1156,1160,382,1902,0
11060,320000,1,2,2,32,1,2,2,2,2,2,114180,115491,109226,111673,111053,105999,5012,11,7013,4014,57,5031,0
11061,380000,1,1,1,39,1,0,0,0,0,0,0,0,0,0,0,0,0,0,0,0,0,0,1
11062,70000,1,2,1,45,0,0,0,0,0,0,31218,32321,41713,42233,43288,46001,1608,10000,1511,1735,3600,0,1
11063,120000,2,1,1,32,0,0,0,0,0,2,3556,326,326,476,802,326,652,326,476,802,0,326,1
11064,80000,2,3,1,52,1,0,0,0,0,0,0,2583,3001,21306,5051,2450,2583,3001,21306,5051,2450,0,1
11065,220000,1,1,2,25,1,2,0,0,0,0,222737,216397,207870,172612,166705,166192,0,7109,6050,6000,9111,6171,0
11066,20000,1,2,2,34,0,0,0,0,0,0,15494,11950,11292,10790,780,780,1488,1220,608,780,0,0,0
11067,50000,1,2,1,39,0,0,0,0,0,0,46410,48710,8108,7358,3098,0,5000,2001,2000,0,0,0,0
11068,120000,2,2,1,34,0,0,0,0,0,0,326,499,1870,652,326,0,499,1870,652,0,0,1705,0
11069,50000,2,1,2,30,0,0,0,0,0,0,14855,7468,12372,14029,14298,16496,7468,12534,14031,14298,16496,600,0
11070,80000,2,1,2,24,0,0,0,0,0,0,81111,67891,56993,42663,43136,43676,3000,7139,6000,1694,2000,3000,0
11071,130000,1,2,2,28,0,0,0,0,0,0,119513,121776,122440,125189,127644,74295,6000,4500,5100,5365,2846,2600,0
11072,450000,1,1,3,37,0,0,0,0,0,0,324,302,5018,317,1614,324,303,5041,1,1622,325,316,0
11073,80000,1,2,2,27,2,0,0,0,0,3,56789,58276,60102,61423,72197,71003,2400,3000,2500,11576,39,38,1
11074,100000,2,3,1,39,0,0,0,0,0,0,4247,4097,6314,3410,1396,1640,1283,2500,1500,1000,1700,300,0
11075,260000,2,2,1,43,2,2,2,2,2,2,2500,2500,2500,2500,2500,2500,0,0,0,0,0,0,1
11076,50000,1,3,3,45,0,0,0,0,0,0,24077,22385,3000,5260,1025,5900,1000,3008,5260,1025,5900,2800,0
11077,200000,2,1,2,30,0,0,0,0,0,0,74961,69702,63210,57098,46455,38265,2513,1656,5000,20000,15000,14000,0
11078,260000,2,2,1,40,0,0,0,0,0,0,209,217,613,2339,1474,1254,217,613,2339,0,1254,431,0
11079,470000,1,3,2,37,2,0,0,0,0,0,499024,494290,470617,398523,389927,381295,20600,19000,14000,13600,13600,13500,1
11080,100000,2,2,1,41,0,0,0,0,0,2,76828,77371,85154,84914,83097,1308,4000,10200,2100,2850,0,72375,0
11081,360000,1,1,2,31,0,0,0,0,0,0,509,1350,0,0,1713,4819,1363,0,0,1713,4819,6439,1
11082,50000,1,2,2,24,0,0,0,0,0,0,42025,37828,6382,6284,6681,6813,1500,2000,1000,500,243,256,0
11083,20000,2,2,1,23,0,0,0,0,0,0,18774,18608,18312,18474,18074,19618,1700,1577,2000,808,2000,2000,0
11084,360000,2,2,2,34,1,0,0,0,0,0,0,0,0,0,0,0,0,0,0,0,0,0,1
11085,190000,1,1,2,31,0,0,0,0,0,0,182396,187565,188334,182889,81409,85059,8300,5302,6037,3500,5000,4000,0
11086,180000,2,2,2,34,0,0,0,0,0,0,59076,50505,38547,63249,51437,45279,3000,3000,33000,2000,2000,2000,0
11087,220000,2,2,1,35,0,0,0,0,0,0,228754,227903,93311,67900,64150,6000,10626,3600,3100,4000,6000,0,0
11088,200000,1,3,1,34,0,0,0,0,0,0,75420,73548,47100,27112,21220,15719,3015,1903,10033,949,10078,92757,0
11089,150000,2,2,2,29,0,0,0,0,0,0,1739,1984,112,0,3865,5562,1984,112,0,3865,5575,10963,0
11090,240000,1,2,1,41,0,0,0,0,0,0,22165,21292,16469,13737,9071,177268,7002,3002,5002,3009,177004,5452,1
11091,340000,2,2,2,28,0,0,0,0,0,0,329096,259604,231178,201471,181740,140088,10025,7007,7865,5795,5000,4000,0
11092,100000,2,2,2,26,0,0,0,0,0,0,53743,52320,46686,44497,44674,42653,3000,2500,3000,2000,5000,2600,0
11093,80000,1,3,1,29,0,0,0,0,0,0,42488,43805,45126,45775,48033,56981,2000,2051,1700,3000,10000,2200,0
11094,210000,1,1,1,40,0,0,0,0,0,0,60183,63035,70237,70228,67289,85008,10000,10000,10000,2576,20000,10000,0
11095,300000,2,2,1,38,0,0,0,0,0,0,5848,24718,45114,16949,9537,0,24718,45533,17136,0,0,0,0
11096,220000,2,3,1,37,0,0,2,0,0,0,200,400,200,200,350,350,400,0,200,350,350,200,1
11097,250000,2,1,2,50,1,0,0,0,0,0,0,0,138,946,377,0,0,138,946,377,0,0,0
11098,70000,1,2,2,32,0,0,0,0,0,0,37199,38296,39357,40302,41202,41865,1700,1700,1600,1700,1500,1600,0
11099,170000,1,1,2,27,2,0,0,0,2,2,46899,45809,44572,43211,41394,37958,2732,2578,2300,2000,1200,0,0
11100,160000,2,2,2,34,0,0,0,0,0,0,57287,12226,13962,14844,15716,131874,1264,2000,1000,1000,116425,4500,0
11101,110000,1,2,2,24,0,0,0,0,0,0,105927,65575,66495,67415,68538,78911,2375,2395,2397,2583,12000,2583,0
11102,60000,2,1,2,25,0,0,0,0,0,0,564,2035,2175,3528,10260,6378,2045,2175,3528,10260,6378,6869,0
11103,290000,2,2,2,29,0,0,0,0,0,0,0,1591,0,302,390,1278,1591,0,302,390,1278,0,0
11104,240000,2,3,2,33,0,0,0,0,0,0,221960,223205,226399,203561,205730,199631,9500,10000,7100,7500,7990,7000,0
11105,30000,2,2,2,23,4,3,2,2,2,2,28607,27868,28312,28747,29439,29909,0,1200,1200,1300,1100,0,0
11106,490000,1,1,1,45,0,0,0,0,0,0,9763,7059,5606,3136,3353,12336,7059,6000,3136,3353,12336,1493,1
11107,20000,1,3,2,43,1,0,2,0,0,0,-20,780,780,1560,780,0,800,0,0,0,0,0,0
11108,260000,1,1,2,34,0,0,0,0,0,0,254332,257628,161545,0,0,0,11710,7503,0,0,0,195603,0
11109,210000,2,1,2,32,0,2,0,0,0,0,552,276,381,404,943,1909,0,381,404,943,1909,465,0
11110,300000,2,1,1,47,0,0,0,0,0,0,3289,5189,7128,5916,9634,0,5189,7128,5923,9634,0,6485,0
11111,40000,1,2,1,42,0,0,0,0,0,0,780,0,780,0,0,0,0,780,0,0,0,0,0
11112,500000,1,1,2,37,0,0,0,0,0,0,3214,0,3030,1167,2255,0,0,3030,1167,2255,0,0,0
11113,260000,2,1,2,30,2,0,0,0,0,0,1196,1563,1443,1443,1443,1443,2000,1500,1443,1443,1443,3943,0
11114,90000,2,2,1,37,0,0,0,0,0,0,85220,86745,71536,72964,64487,65845,3000,3000,2411,2294,2383,2285,1
11115,20000,1,2,2,25,0,0,0,0,0,0,0,0,0,0,0,0,0,0,0,0,0,0,0
11116,270000,2,1,2,31,0,0,0,0,0,0,167428,168827,148031,92943,94464,92899,6155,5382,3270,3377,3329,3553,1
11117,100000,1,2,1,42,0,0,2,2,0,0,58392,61562,61392,59619,59814,58571,5500,2000,2,2007,2225,1947,0
11118,350000,1,1,2,31,0,0,0,0,0,0,51900,1000,0,0,0,0,1000,0,0,0,0,0,0
11119,200000,1,2,1,39,0,0,2,0,0,0,162,1879,1707,617,620,0,1879,8,617,3,0,0,0
11120,30000,2,2,2,39,1,2,0,0,0,0,26981,26264,27240,27440,28000,0,0,1500,600,560,0,15225,0
11121,20000,2,2,2,23,0,0,0,0,0,0,390,390,390,390,390,390,390,390,390,390,390,390,0
11122,240000,2,1,2,29,0,0,0,0,0,0,1356,326,326,326,476,326,326,326,326,476,326,3926,0
11123,50000,1,1,2,30,1,2,2,0,0,0,7690,8805,9502,10189,10869,11533,1400,1000,1000,1000,1000,1000,0
11124,80000,2,1,1,44,0,0,0,0,0,0,68677,68947,67025,64850,63658,63005,3152,2873,2380,2401,2492,2073,0
11125,160000,1,1,2,29,0,0,0,0,0,0,2275,0,0,0,0,0,0,0,0,0,0,0,0
11126,250000,2,2,2,26,0,0,0,0,0,0,70522,72062,73511,75314,74172,71933,2667,2700,3000,5000,2800,1800,0
11127,50000,2,2,2,31,0,0,0,0,0,0,422,1334,3962,0,660,1840,1532,3962,0,660,1840,0,1
11128,80000,2,3,1,45,0,0,0,2,2,3,2516,0,1890,1712,4180,3820,0,1890,0,2523,0,0,0
11129,90000,2,2,1,39,0,0,0,0,0,0,27571,337,3734,-45,1905,22636,337,3740,38,1950,22636,0,0
11130,20000,1,2,2,22,0,0,0,0,0,0,19666,20076,19875,19659,19310,16286,20700,2000,800,465,1000,0,0
11131,50000,2,2,1,43,1,2,0,0,2,2,43791,42809,45085,48020,47120,50319,0,3000,4000,0,4000,2000,0
11132,150000,2,2,2,23,0,0,0,0,0,0,146480,147880,146958,147218,146817,103651,6380,4570,4500,5000,3300,1300,1
11133,50000,2,2,1,39,1,0,0,0,0,0,0,0,0,2219,390,390,0,0,2219,390,390,390,0
11134,500000,2,2,2,39,0,0,0,0,0,2,17749,22130,42532,-118,67910,54976,10106,42744,0,68445,42,1232,0
11135,200000,2,1,2,28,0,0,0,0,0,0,326,326,326,326,326,326,326,326,326,326,326,326,0
11136,90000,2,1,2,27,0,0,0,0,0,0,25118,26128,25248,26386,24171,25607,1440,1500,1500,2000,2000,2000,0
11137,100000,2,2,2,39,0,0,0,0,0,0,100224,101236,101125,96765,99823,96165,4000,3544,3519,5000,3500,4000,0
11138,600000,2,2,1,46,0,0,0,0,0,0,2585,1649,3474,1952,2182,2305,1652,3480,1957,2186,2310,7511,0
11139,20000,1,2,2,22,0,2,0,0,0,0,2880,1435,1170,780,390,0,0,1170,0,0,0,780,0
11140,60000,2,1,1,37,0,0,0,0,0,2,37934,39020,40071,41098,43536,44670,2000,2000,2000,3100,2000,0,0
11141,180000,2,3,3,40,0,0,0,0,0,0,30712,27597,25427,21230,17357,13303,1774,3000,892,1000,620,440,0
11142,290000,2,1,1,29,0,0,0,0,0,0,232319,109791,106730,93882,91746,76547,5071,4539,3000,3500,3856,3000,0
11143,230000,2,3,1,32,0,0,0,0,0,0,8756,930,8400,1900,0,9198,930,8485,1900,0,9198,0,0
11144,180000,2,2,2,34,0,0,0,0,0,0,115700,119834,121342,124337,127181,130147,6000,5000,5000,5000,6000,5000,0
11145,150000,1,1,2,30,0,0,0,0,0,0,3415,2419,1541,1345,23018,1989,2425,1541,4,23087,1996,4010,0
11146,460000,1,2,1,39,0,0,0,0,0,0,168182,165850,163366,151904,146707,140104,6051,5677,5350,5473,5218,4542,0
11147,140000,2,1,2,36,0,0,0,0,0,0,780,177,1170,390,0,930,177,1170,0,0,930,0,0
11148,500000,2,1,2,41,0,0,0,0,0,0,2345,3595,1537,360,0,785,3595,1537,363,0,785,0,1
11149,20000,1,3,1,36,0,0,0,0,0,0,6620,7114,3948,18838,-71,8929,2151,3600,20044,65,9000,5203,0
11150,70000,1,2,2,62,1,2,0,0,0,2,24635,23020,22496,22070,22101,20724,1100,1703,1000,1800,0,900,0
11151,150000,1,1,2,23,0,0,0,0,0,0,1389,7139,813,3028,5264,208,7139,813,3032,5264,208,3538,0
11152,10000,1,2,1,58,2,2,2,2,2,0,8857,9964,9654,10348,10044,10009,1400,0,1000,0,515,344,1
11153,500000,1,1,2,33,0,0,0,0,0,0,76440,1397,56449,55121,54797,19732,1397,56449,1515,1426,747,1476,0
11154,260000,2,1,1,37,0,0,0,0,0,0,2644,268,157,1484,307,157,268,157,1484,307,157,438,0
11155,10000,2,5,2,24,0,0,0,0,0,0,5742,4576,4139,2583,0,0,1500,2000,583,0,0,0,0
11156,210000,2,1,2,37,0,0,0,0,0,0,10128,19631,23906,373,3073,7418,19631,23906,0,3073,7418,11894,0
11157,180000,1,1,2,31,0,0,0,0,0,0,2930,3300,2860,4216,2609,9609,3300,2860,4216,2609,9700,6525,0
11158,40000,1,2,2,31,0,0,0,0,0,0,37408,37681,37987,37100,37098,37846,1931,1888,1458,1489,1510,1505,0
11159,180000,2,2,1,38,0,0,0,0,0,0,9705,2170,0,0,0,0,1000,0,0,0,0,0,0
11160,250000,2,2,1,39,0,0,0,0,0,0,8040,8099,45964,6496,11108,3321,8099,46224,6496,11108,3321,7154,0
11161,50000,1,2,2,23,0,0,0,0,0,0,45256,41608,36554,19367,19705,19696,2161,1621,1000,1000,1000,1000,0
11162,400000,2,3,2,35,0,0,0,0,0,0,8125,7017,10525,13295,11024,6666,7018,10542,13378,11045,6666,6862,0
11163,240000,2,1,2,30,0,0,0,0,0,0,0,0,9625,8864,9248,23353,0,9625,0,9248,23353,1205,0
11164,180000,2,1,1,33,0,0,0,0,0,0,3060,2337,766,316,4356,316,2337,766,316,4356,316,716,0
11165,300000,1,1,2,33,0,0,0,0,0,0,4499,0,2299,900,1400,0,0,2299,900,1400,0,200,0
11166,300000,2,2,2,32,0,0,0,0,0,0,192727,194694,188465,189094,179211,87266,8000,8001,5000,4030,4551,20000,0
11167,140000,1,1,1,35,1,2,0,0,2,2,91296,88979,97448,105795,103988,110769,0,10000,10000,0,8500,4100,0
11168,70000,2,1,2,25,0,0,0,0,0,0,2781,18180,3463,4256,4244,10032,18180,1500,3000,4244,10032,7329,0
11169,20000,2,1,2,25,0,0,0,0,0,0,15465,16489,17509,17856,18270,18967,1280,1300,637,700,1000,1600,0
11170,290000,1,2,1,36,0,0,0,0,0,0,16082,27310,12811,11111,24586,11992,27411,12821,11111,24586,11992,12772,0
11171,130000,2,2,2,24,2,2,0,0,0,0,1176,0,41,1062,-201,-201,0,41,1021,0,0,0,1
11172,70000,1,2,1,37,0,0,0,2,2,2,67573,68884,70511,48772,27026,26056,3000,3500,0,2200,0,1000,1
11173,60000,2,3,2,26,0,0,0,0,0,0,58643,47548,48491,28518,29157,30073,2100,2000,1000,959,1300,500,0
11174,340000,2,2,1,31,0,0,0,0,0,0,18495,1609,17707,31778,46063,43101,1611,17709,31780,47056,43117,46771,0
11175,50000,2,1,1,34,0,0,0,0,0,0,51400,0,0,0,0,0,0,0,0,0,0,0,0
11176,150000,1,2,2,29,0,0,0,0,0,0,71593,71123,29040,106509,85608,86191,3060,1531,80000,3101,4000,2438,0
11177,180000,2,1,2,28,0,0,0,0,0,2,90874,79901,82451,83201,77081,74441,3000,3900,3400,5600,0,2600,0
11178,50000,2,2,2,30,0,0,0,0,0,0,48779,50097,50313,10264,10082,9899,2400,1700,348,354,362,320,0
11179,200000,1,2,2,39,0,0,0,0,0,0,15138,16396,6989,6619,7362,7252,1513,1106,335,845,1513,413,0
11180,140000,2,1,1,33,0,0,0,0,0,0,55222,54293,53294,51558,52800,51806,2510,2450,1676,1900,1826,3968,1
11181,190000,2,2,1,45,2,0,0,0,0,0,140329,128107,131132,96083,97453,99426,6800,7000,3585,3700,3754,7900,0
11182,140000,2,1,2,26,0,0,0,0,0,0,84151,87784,90424,92022,95377,98237,5000,5000,4000,5000,5000,5000,0
11183,50000,1,2,2,34,1,2,0,0,0,2,50940,48429,23091,10202,10476,10161,0,2000,500,1200,0,500,0
11184,360000,1,2,1,47,0,0,0,0,0,0,8289,389,389,389,389,389,390,390,390,390,390,375,0
11185,180000,1,2,2,29,1,2,0,0,0,0,191262,183554,164619,133372,92101,60389,0,7100,5500,3500,3000,30000,0
11186,160000,2,5,2,40,0,0,0,0,0,0,147977,149890,124283,123733,123275,122624,6000,4370,4400,4470,4420,6350,0
11187,180000,1,2,2,30,0,0,0,2,0,0,40735,36337,36882,34000,34798,35488,1581,4626,0,1500,1419,1400,1
11188,200000,2,2,1,39,0,2,0,0,0,0,3603,272,5881,0,3331,0,0,5881,20,3331,0,8447,0
11189,350000,2,1,1,32,0,0,0,0,0,0,67761,63187,58719,60737,63593,82202,8007,2200,3000,4000,20000,8000,0
11190,90000,2,2,2,29,0,0,2,0,0,0,83158,91759,88487,88201,87219,86803,12128,0,3301,3136,3156,3244,0
11191,50000,1,3,2,34,0,0,0,2,0,0,9110,10454,12274,11780,14578,18309,1500,2000,0,3000,4000,0,0
11192,30000,1,1,2,29,1,0,0,0,0,2,0,0,22015,22649,24583,25227,0,22015,1000,2300,1200,0,0
11193,280000,1,2,2,45,0,0,0,0,0,0,170678,26031,191493,136249,111454,96425,7000,208141,5003,5002,5000,3000,0
11194,140000,2,2,1,25,0,0,0,0,0,0,140876,48005,13650,12371,12511,10697,3600,4015,600,500,800,119,0
11195,200000,1,1,2,38,0,0,0,0,0,0,0,0,0,0,0,0,0,0,0,0,0,0,0
11196,20000,1,3,1,29,0,0,0,0,0,0,11136,20649,-1001,-1,-1,-1,10000,0,1000,0,0,0,0
11197,120000,2,2,2,28,0,0,0,0,0,0,4174,3821,1113,390,390,14613,3821,1113,390,390,14613,770,0
11198,130000,1,3,1,54,3,3,2,0,0,0,131139,132596,127906,86109,81941,84545,6000,0,3029,4000,5000,3300,0
11199,150000,1,3,2,32,0,0,0,0,0,0,148352,151267,143254,137379,35290,1200,5210,5212,4610,706,1200,0,0
11200,10000,2,1,1,37,0,0,0,0,0,0,7600,8473,8793,9106,7792,7500,3000,3000,3014,3000,3000,7589,0
11201,200000,1,2,2,58,0,0,0,0,0,0,105836,108055,110258,112451,115090,117064,3923,4001,4025,4451,4167,3527,0
11202,480000,1,2,1,44,0,0,0,0,0,0,21149,1729,20468,-16,3109,18216,1743,20690,0,3125,18307,524,0
11203,80000,2,3,2,39,0,0,0,0,0,0,4285,1866,5256,4451,9937,13102,1866,5256,4451,9937,9000,22000,0
11204,200000,1,2,2,31,0,0,0,0,0,0,173103,176817,180416,184018,188151,199766,6500,6546,6600,7100,15000,0,0
11205,50000,2,2,1,40,1,2,2,2,2,0,37458,38514,30266,30897,30050,24651,2010,0,2000,0,2000,2000,0
11206,130000,2,3,1,32,0,0,0,0,0,0,326,326,4058,5732,7406,4124,326,4058,2000,2000,4124,326,1
11207,200000,1,2,1,28,2,2,7,7,7,7,2443,2443,2443,2443,2443,2443,0,0,0,0,0,0,1
11208,170000,1,1,1,36,0,0,0,0,2,0,82898,80400,29253,29196,22400,3605,10000,1400,2500,0,3605,0,0
11209,150000,1,1,1,46,0,0,0,0,0,0,97832,98403,99263,100920,86781,71408,4555,3500,3300,3027,3000,2700,0
11210,510000,2,1,2,35,0,0,0,0,0,0,198,3125,200,22397,28782,18617,3125,200,22397,18000,1000,1602,0
11211,270000,2,2,1,65,1,0,0,0,0,0,0,2521,5145,8422,6374,1566,2521,5184,8422,6374,0,1429,0
11212,130000,1,2,2,26,2,2,0,0,0,0,134836,128038,126862,97925,100484,54125,0,5000,3500,4055,10000,50000,1
11213,130000,2,3,1,57,0,0,0,0,0,0,125824,80801,81929,41671,42034,32219,4000,4000,3000,2500,1500,2000,1
11214,120000,1,2,2,34,0,0,0,0,0,0,67,0,0,222,836,1259,0,0,222,836,1259,2797,0
11215,140000,1,1,1,43,0,0,0,0,0,0,1872,1249,1872,1453,1453,1034,1249,1872,1453,1453,1034,1872,0
11216,360000,2,1,2,35,0,0,0,0,0,0,6392,3773,17917,21057,0,0,3000,18117,5371,0,0,0,0
11217,50000,1,2,2,24,0,0,0,2,0,0,15519,19520,21103,20101,20402,20132,5000,2300,0,1000,2000,1000,0
11218,30000,2,2,1,31,0,2,2,3,2,2,699,309,-471,1479,1320,930,0,0,1950,0,390,0,1
11219,30000,1,3,2,26,1,0,2,0,0,0,-857,29237,1170,780,10500,0,30484,0,0,10500,0,0,0
11220,150000,2,1,1,42,0,2,2,0,0,0,496,1188,940,965,965,726,940,0,965,0,726,0,0
11221,50000,1,3,1,58,0,0,0,0,0,0,50456,51400,0,0,0,10400,2400,0,0,0,10400,0,0
11222,10000,2,2,1,22,0,0,0,0,0,0,8730,8523,9527,9713,9762,10312,1303,1307,493,354,712,0,0
11223,60000,1,3,2,26,1,2,0,0,0,0,61966,60308,47536,17079,18219,19542,0,5021,5000,2000,2000,1720,0
11224,200000,2,2,2,28,0,0,0,0,0,0,63314,64699,66029,66836,68390,69800,3000,3000,2500,2632,2700,3500,0
11225,50000,1,3,2,46,0,0,0,0,0,0,50297,46613,46666,20162,19864,19680,1852,4050,676,730,866,3000,1
11226,10000,2,2,1,23,1,3,2,2,2,0,11640,10685,9730,11645,10702,10392,0,0,3000,0,500,1000,0
11227,310000,2,1,2,44,0,0,0,0,0,0,11983,7759,16799,32372,6680,4732,7797,16818,20313,1006,4739,6615,0
11228,170000,1,2,2,29,0,0,0,0,0,0,3362,64602,18070,910,9080,4839,64612,4000,910,9080,4839,5130,0
11229,310000,1,2,1,34,0,0,0,0,0,0,63908,64224,4595,636,72955,-18,1867,1023,641,73319,0,150,0
11230,20000,1,1,1,50,0,0,0,0,0,0,9164,0,0,0,0,0,0,50000,0,1300,0,0,1
11231,230000,2,1,1,39,1,0,0,0,0,0,0,0,0,0,0,0,0,0,0,0,0,0,1
11232,50000,1,1,2,31,0,0,0,0,0,0,4560,7302,9011,11540,14180,15307,3000,2000,3000,3000,2000,5000,0
11233,260000,2,1,2,28,0,0,0,0,0,0,39105,45868,44567,37437,41321,43970,8000,8000,9000,13000,12000,10000,0
11234,110000,2,2,2,59,2,0,0,0,0,0,89595,126322,59115,57149,54180,51796,2437,3804,1857,1840,1832,1648,0
11235,210000,2,1,2,30,1,0,0,0,0,0,0,0,0,0,0,0,0,0,0,0,0,0,1
11236,260000,1,2,2,31,0,0,0,0,0,0,62446,54074,46407,38874,31324,24031,2000,2000,2000,2000,2000,72000,0
11237,400000,1,3,1,51,0,0,0,0,0,0,373702,343591,352484,338823,283288,185288,13000,15000,14000,11500,8000,7000,0
11238,20000,1,2,1,58,0,0,2,2,0,0,21116,21470,200,0,28740,1295,21654,0,0,28740,1565,0,0
11239,180000,2,2,1,42,0,0,0,0,0,0,390,1260,598,2056,4300,1802,1260,598,2056,4300,1802,3691,0
11240,180000,1,2,2,26,3,2,2,0,0,2,129728,132185,126527,126407,131572,127154,6006,5,5008,10006,10,5004,0
11241,30000,1,3,2,44,2,2,2,0,0,0,28290,30728,29701,29121,29715,0,3600,0,600,594,0,0,0
11242,50000,2,2,1,34,0,0,0,0,0,0,40798,38937,34737,18702,15604,16333,2000,2000,1000,578,1000,1000,0
11243,150000,1,1,2,26,0,0,2,2,2,2,131490,145714,147332,149199,151978,148131,16441,5500,5800,5400,5000,0,0
11244,30000,2,1,2,23,4,4,3,2,3,2,29944,29399,28632,30363,29594,30932,206,0,2500,0,2000,0,0
11245,60000,1,1,2,24,0,0,0,0,0,0,8169,11027,27469,150,262,3467,3000,17000,0,262,3467,11250,0
11246,500000,1,1,1,40,2,2,2,0,0,2,267116,271396,265433,270868,285667,290318,10100,0,9932,19502,9600,10031,1
11247,180000,2,1,1,37,2,2,0,0,0,0,1310,0,0,0,0,1350,0,0,0,0,1350,1210,1
11248,180000,1,3,1,35,0,0,0,0,0,0,111752,54470,48311,38221,33947,24731,2258,1734,1183,1174,1000,537,0
11249,60000,2,2,1,48,0,0,0,0,0,0,46578,39085,18628,19002,19715,18900,1308,1290,664,1003,693,759,1
11250,200000,2,1,1,30,1,0,0,0,0,0,0,0,0,0,0,5659,0,0,0,0,5659,0,0
11251,150000,2,2,1,25,0,0,0,0,0,0,147476,140352,110722,98874,65258,58027,6640,4100,4000,2675,2500,1500,1
11252,190000,1,2,1,58,2,0,0,0,0,0,135184,139664,142293,113086,115433,117789,6586,5881,3292,3399,3469,5000,0
11253,170000,1,2,2,42,0,0,0,0,0,0,102141,100600,103156,94090,95922,99324,4002,5107,3600,3500,5000,3000,0
11254,280000,1,1,2,29,0,0,0,0,0,0,135056,130889,127768,130339,133035,135715,4547,4584,3647,3757,3799,3912,0
11255,290000,2,3,1,43,0,0,0,0,0,0,1994,390,390,390,390,780,390,390,390,390,780,568,0
11256,240000,1,2,1,44,0,0,0,0,0,0,21643,19743,20298,15475,15852,16208,1400,1300,1000,1000,1000,1000,0
11257,110000,2,2,1,24,0,0,0,0,0,2,42667,43734,43495,43504,45987,44274,2600,1667,1525,4000,0,3000,0
11258,140000,2,1,2,27,0,0,0,0,0,0,126785,129752,132554,268084,137061,129250,6500,6500,5000,5000,5568,3600,0
11259,250000,1,2,1,38,2,0,0,0,0,0,67788,22453,13683,22970,5409,4490,5080,5028,15127,8028,5021,6032,1
11260,100000,1,3,2,32,2,2,0,0,0,0,103540,98205,12605,10437,7920,7350,254,1418,250,306,524,23910,0
11261,20000,2,3,1,54,0,0,2,0,0,2,6268,8221,6997,8028,9510,8815,3000,0,3000,2000,0,5363,0
11262,120000,2,2,2,27,2,0,0,0,0,0,51244,51819,53375,54620,56170,57240,2000,2000,1700,2000,1700,1656,0
11263,120000,1,1,2,30,1,0,0,0,0,0,0,0,1990,0,0,0,0,1990,0,0,0,0,0
11264,130000,2,2,2,25,1,2,2,2,0,0,4393,4178,10018,5353,5465,4559,0,6000,0,173,326,80,0
11265,10000,1,2,2,24,0,0,2,2,0,0,6933,9301,9000,0,10500,10674,2500,0,1000,10500,368,184,0
11266,100000,1,1,2,31,0,0,2,2,0,0,27163,29408,29395,28895,105,955,3000,1000,0,1000,1000,1000,0
11267,70000,2,2,1,34,2,2,2,2,2,2,16965,17398,18310,18611,18966,19403,1000,1500,900,800,900,2000,1
11268,360000,1,1,1,37,0,0,0,0,0,0,25078,20970,14407,6820,10099,7806,21006,14430,6820,10099,7806,7862,0
11269,130000,2,1,2,26,0,0,0,0,0,0,0,0,0,402,0,2054,0,0,402,0,2054,0,0
11270,240000,1,2,1,38,0,0,0,0,0,0,132090,143966,155632,162379,156655,157536,20030,20000,10070,10037,13137,10052,0
11271,20000,1,2,2,34,1,0,0,0,0,0,0,0,0,0,0,8081,0,0,0,0,8081,0,1
11272,60000,2,1,1,43,0,3,2,0,0,0,495,330,495,330,165,340,0,330,0,0,340,0,0
11273,20000,1,2,1,45,4,3,2,0,0,0,21605,20987,20200,19600,19600,20000,0,0,0,0,400,0,0
11274,50000,2,2,2,29,0,0,0,0,0,0,45013,43995,39478,19865,19388,19792,2007,1358,680,845,871,1000,0
11275,230000,2,1,2,31,0,0,0,0,0,0,20356,21504,21729,23113,22936,23378,1676,1700,2007,1000,1000,1000,0
11276,60000,1,1,2,29,0,0,0,0,2,2,40851,41891,44788,47728,48617,49669,2000,3600,3700,1800,2000,0,0
11277,100000,1,2,1,42,0,0,0,0,0,0,100699,94528,89010,81545,75592,68715,3368,3995,2800,3267,2919,334,1
11278,340000,2,1,1,49,1,0,0,0,0,0,-11,-11,-11,2894,0,530,0,0,2905,0,530,0,1
11279,260000,1,1,2,30,0,0,0,0,0,0,14096,15558,16986,17700,19401,21067,2000,2000,1000,2000,2000,2000,0
11280,220000,2,1,2,41,0,0,0,0,0,0,2500,0,0,0,0,0,0,0,0,0,0,0,0
11281,130000,2,1,2,27,0,0,0,0,0,0,5188,-26,3955,0,708,2773,0,3981,0,708,2773,860,0
11282,300000,1,1,2,29,0,0,0,0,0,0,298072,305851,245210,204845,190840,165498,13636,10633,7016,10058,7125,5035,0
11283,50000,1,3,1,47,1,2,0,0,0,0,66978,65198,48951,17744,36230,37128,0,2600,635,657,750,501,1
11284,30000,2,2,2,25,1,2,2,2,2,2,26568,27456,27915,27185,28806,28208,1600,1200,0,2200,0,2500,0
11285,280000,2,1,1,32,1,0,0,0,0,0,0,0,3508,3508,-200,-200,0,3508,0,0,0,0,1
11286,50000,1,3,2,26,2,2,2,0,0,0,22578,23720,23046,23314,23801,24354,1800,0,950,862,947,814,0
11287,200000,2,3,1,42,0,0,0,0,2,0,1554,1645,1408,1800,819,886,1345,1108,669,0,886,2415,0
11288,360000,1,2,1,32,0,0,0,0,0,0,7230,9835,8217,2963,15437,15722,5017,2041,2980,16038,8032,10095,0
11289,50000,1,2,2,23,0,0,0,0,0,0,47038,51310,49956,19485,13925,15706,10020,2170,1200,4000,15706,10000,0
11290,280000,2,1,2,31,0,0,0,0,0,0,1558,0,940,0,699,0,0,940,0,699,0,399,0
11291,50000,2,1,2,43,0,0,0,0,0,0,42627,39610,26538,20818,19759,17907,1610,1279,687,690,671,506,0
11292,180000,2,3,1,31,0,0,0,0,0,0,247,1562,1548,768,0,0,1562,1548,768,0,0,0,0
11293,140000,2,2,1,37,1,0,0,0,0,0,0,177,1460,1460,0,0,177,1460,0,0,0,0,1
11294,120000,2,1,2,33,2,0,0,0,0,0,18653,19844,20908,21560,22214,22845,1500,1400,1000,1000,1000,2000,1
11295,20000,1,2,2,30,0,0,0,0,0,0,20001,20041,20205,19998,20367,20399,1400,1290,694,869,2102,1214,0
11296,130000,2,1,2,30,3,2,2,0,0,0,8830,9533,10220,10353,10636,10711,1000,1000,600,600,400,600,1
11297,60000,2,2,2,29,0,0,0,0,0,0,54932,85672,41483,19394,18893,19043,1900,1572,1000,700,668,6000,1
11298,360000,2,1,2,50,0,0,0,0,0,0,11530,11753,0,2855,1730,0,11763,0,2855,1730,0,11150,0
11299,360000,1,1,2,32,0,0,0,0,0,0,26833,23626,20571,15423,15001,14917,1722,2636,1006,1003,1011,2003,0
11300,260000,2,3,1,41,0,0,0,2,2,0,137614,137133,134970,88806,86858,89970,5700,9000,4500,0,5000,3700,1
11301,50000,2,3,1,31,0,0,0,0,0,0,50612,43616,43339,29735,30360,29697,1879,1863,1042,1081,1081,1072,0
11302,20000,1,2,2,43,0,0,0,0,0,0,54,54,54,54,54,54,0,0,0,0,0,2966,1
11303,80000,1,1,1,34,0,0,2,2,2,0,73839,78934,76649,81845,80021,82334,6700,0,7500,0,4200,3000,1
11304,210000,2,1,2,30,0,0,0,0,0,0,1993,2722,2753,291,582,291,1062,1000,0,582,0,2682,1
11305,500000,1,2,2,30,0,0,0,0,0,0,380417,377866,-3634,-3634,-3634,-3634,9027,3634,0,1907,0,210000,0
11306,50000,1,2,1,31,0,0,0,0,0,0,51319,52214,50260,32502,27697,25940,5000,2300,1100,1000,1000,1500,1
11307,30000,2,2,2,27,2,0,0,0,0,0,29810,1651,0,0,0,0,1000,0,0,0,0,0,0
11308,260000,1,2,1,38,0,0,0,0,0,0,17949,5693,28669,1207,2654,1441,5722,28811,1313,2667,1447,2588,0
11309,200000,1,1,1,40,0,0,0,0,0,0,4394,3366,9379,4253,4403,4326,3405,9436,4274,4424,4347,10741,0
11310,290000,2,2,2,41,0,0,0,0,0,0,6959,6891,980,4059,2473,3332,6891,980,4059,2473,3332,3203,0
11311,30000,1,2,2,27,0,0,0,0,0,0,10410,11431,12439,12530,12790,12891,1495,1503,594,610,462,478,0
11312,260000,2,2,3,38,0,0,0,0,0,0,8000,8000,8000,8000,24406,18043,8000,8000,8000,24406,2000,389,0
11313,500000,1,2,1,33,0,0,0,0,0,0,88832,90687,84613,89944,80339,77214,6047,5016,10055,2513,3009,14542,0
11314,180000,2,2,2,35,0,0,0,0,0,0,0,0,0,2072,-28,-28,0,0,2072,0,0,0,0
11315,50000,1,3,2,30,2,0,0,0,0,0,50110,50322,27078,19107,19506,20024,1500,1620,1000,707,841,657,1
11316,450000,2,1,2,40,0,0,0,0,0,0,9612,19253,6665,0,0,0,19293,6665,0,0,0,8768,0
11317,110000,1,3,2,24,0,0,0,0,0,0,78453,48208,8882,47695,48461,48903,1500,1900,40000,2000,1800,1400,0
11318,340000,1,1,2,29,0,0,0,0,0,0,191426,190339,148694,150872,149218,152598,8200,6500,6000,6000,6000,5000,0
11319,20000,2,2,2,22,0,2,2,0,0,0,496,496,-4,400,2800,17333,0,0,404,2800,17333,346,0
11320,50000,2,2,1,32,1,0,0,0,0,0,0,0,0,0,0,0,0,0,0,0,0,0,1
11321,140000,2,3,1,35,0,0,0,0,0,0,46915,115681,110827,113078,98901,100466,70000,4130,4600,3600,3600,3708,0
11322,400000,2,1,1,31,0,0,0,0,0,0,5581,2833,1162,325,325,325,2833,1162,325,325,325,325,0
11323,50000,2,2,2,40,0,0,0,0,0,0,15584,4377,0,0,0,0,4377,0,0,0,0,0,0
11324,130000,1,3,2,53,0,0,0,0,0,0,7477,6519,1403,5773,2464,2108,6540,1411,5790,2571,2214,4172,0
11325,70000,1,2,2,29,0,0,0,0,0,0,34449,35009,21307,8840,8131,7535,1600,1300,500,1000,1000,1500,1
11326,40000,2,1,2,24,0,0,0,0,0,0,19133,0,0,0,0,0,0,0,0,0,0,0,0
11327,130000,2,1,2,29,0,0,0,0,0,0,390,99235,98080,97224,97940,99170,99235,4368,3449,3713,3610,3531,0
11328,70000,2,2,1,40,0,0,0,0,0,0,43045,44088,45102,45861,47951,49252,2036,2050,1809,3000,2251,1627,0
11329,250000,1,1,2,30,0,0,0,0,0,0,6476,10023,12947,16095,23343,26028,5000,5000,4000,10000,4000,5000,0
11330,150000,2,5,1,25,2,0,0,0,0,0,156252,121999,28119,100540,88865,88526,3468,1867,92920,3578,3000,2200,0
11331,300000,1,2,2,31,0,0,0,0,0,0,285038,291480,298378,131103,128742,124882,12507,15056,5027,5007,5063,3039,0
11332,20000,1,2,2,24,0,0,0,0,0,0,-331,19398,1238,5300,0,16100,19729,1000,5300,0,16100,0,0
11333,20000,2,2,2,23,0,0,0,0,0,0,6872,7805,8801,18601,18909,39156,1204,1200,10000,538,10000,600,0
11334,20000,2,1,2,24,2,2,0,0,0,2,14750,14229,16438,16770,17995,17556,0,2773,605,1500,0,1456,1
11335,210000,2,3,1,42,1,0,0,0,0,0,0,1200,12466,16870,17741,13049,1200,12466,6004,6000,7282,9731,1
11336,220000,1,1,2,31,0,0,0,0,0,0,332,332,328,1024,1888,1132,333,329,1029,1897,1137,1499,0
11337,300000,1,1,2,32,0,0,0,0,0,0,2144,2085,2431,2198,14487,725,2085,2431,2198,14487,725,7818,0
11338,120000,1,1,2,38,0,0,0,0,0,0,52234,39644,19920,9155,14155,3867,1575,1800,1500,14000,4000,2850,0
11339,50000,2,2,2,25,0,2,0,0,0,0,6806,6552,7561,7712,7936,47743,0,1125,276,348,40000,1151,1
11340,210000,2,2,1,42,0,0,0,0,0,0,4221,336,0,0,0,0,336,0,0,0,0,0,0
11341,170000,2,2,2,56,0,0,0,0,0,0,4767,0,451,0,424,1482,0,451,0,424,1482,688,1
11342,60000,2,1,2,23,0,0,0,0,0,0,27369,27961,28509,28628,28785,28921,1466,1452,1009,1040,1048,856,0
11343,20000,1,2,1,41,2,2,3,2,2,2,17213,19041,18449,17857,18735,19277,2400,0,0,1320,1000,0,1
11344,50000,1,2,2,27,2,0,0,0,0,2,41932,38411,30659,30963,30505,28696,1600,1712,1016,2500,0,2848,1
11345,180000,2,3,1,43,1,0,0,0,0,0,0,8016,1200,0,0,0,8016,1200,0,0,0,0,0
11346,20000,2,2,1,28,2,2,2,0,0,0,20574,21041,19055,15335,10812,6483,1100,0,550,288,400,0,1
11347,310000,2,1,2,32,1,0,0,0,0,0,0,0,326,326,-235,-235,0,326,0,0,0,1200,0
11348,130000,1,3,1,48,0,0,2,0,0,0,11926,18095,5552,3038,11094,8670,10840,3,3041,11202,8671,6485,0
11349,160000,2,2,2,25,0,0,0,0,0,0,153392,143297,140984,120742,115637,111354,8000,7000,5000,5000,5000,10500,0
11350,500000,2,1,2,33,0,0,0,0,0,0,48206,45445,43875,34003,33079,28257,2100,1800,1500,1500,2000,10200,0
11351,20000,1,2,2,29,0,0,0,0,0,0,18920,20302,19477,20210,20077,20022,1700,1300,1000,800,700,750,0
11352,70000,1,3,2,53,0,0,0,0,0,0,14054,15078,15787,16100,16437,16764,1554,1263,576,596,600,622,0
11353,130000,2,2,1,27,0,0,0,0,0,0,792,0,396,485,46773,47313,0,396,485,46684,1700,1712,0
11354,310000,2,2,1,40,0,0,0,0,0,0,180225,85799,103459,80237,74627,52057,10000,20000,10000,6000,5000,5000,0
11355,20000,2,3,2,25,0,0,0,0,0,0,12547,14699,900,900,0,0,14745,900,0,0,0,0,1
11356,180000,2,3,1,41,0,0,0,0,0,0,3600,5184,5719,0,0,7632,5184,5719,0,0,7632,0,0
11357,30000,2,3,1,43,1,2,2,2,2,2,12603,13103,13785,13911,13548,14465,1000,1200,646,0,1300,1000,0
11358,50000,2,2,1,39,0,0,0,0,2,0,10960,12030,13125,14104,13735,14307,1250,1300,1200,0,800,600,0
11359,210000,2,1,2,27,0,0,0,0,0,0,272,894,2168,762,660,3140,902,2168,762,660,3140,0,0
11360,90000,2,1,2,42,2,0,0,0,0,0,88346,85975,86302,67592,69518,68228,3500,3500,3000,3000,3000,2800,1
11361,20000,2,2,1,58,0,0,0,0,0,0,19698,19224,18690,17392,16408,16343,1315,1254,596,592,594,553,0
11362,130000,1,1,1,29,1,2,0,0,0,0,162757,143233,130477,99119,101535,89883,5,6000,5000,5000,100207,1622,1
11363,60000,2,2,2,24,1,0,0,0,0,0,0,0,0,0,150,560,0,0,0,150,560,1170,0
11364,310000,2,2,1,35,0,0,0,0,0,0,14332,8257,11505,17264,10919,3185,1041,11512,7271,5000,3215,15558,0
11365,80000,1,2,2,40,0,0,0,0,0,0,81511,65605,62779,634,892,412,3200,3000,1000,1000,412,3542,0
11366,200000,2,2,1,40,0,0,0,0,0,0,7261,32333,12610,7850,977,9205,32543,13587,7850,0,9205,0,0
11367,180000,1,1,2,27,0,0,0,0,0,0,94450,96632,99127,100581,102800,104931,4600,5000,4000,4000,4000,4200,0
11368,200000,2,1,1,34,1,0,0,0,0,0,0,0,0,0,0,0,0,0,0,0,0,0,1
11369,180000,2,3,1,63,0,0,0,0,0,0,1344,0,0,0,0,0,0,0,0,0,0,0,1
11370,10000,1,2,2,23,0,0,0,0,0,0,17834,8511,1651,9984,10096,9847,1033,1651,9984,415,358,114,0
11371,50000,1,2,2,30,0,0,0,0,0,0,51396,52908,7456,7608,7978,10400,2481,1000,152,370,11000,511,0
11372,210000,1,3,1,33,0,0,0,0,0,0,44249,45146,30089,30400,24236,22002,8130,3027,10018,6,66,4008,0
11373,20000,2,4,2,22,0,0,0,0,0,0,17576,17632,18385,18657,8539,0,1500,1200,1000,1000,0,0,0
11374,50000,1,2,2,31,0,0,0,0,0,0,47709,47838,49597,43885,0,0,3007,5230,1927,0,0,0,0
11375,290000,1,1,2,43,0,0,0,0,0,0,197175,210932,217394,221950,228203,233974,17000,10000,10000,10000,10000,5000,0
11376,360000,2,1,2,37,0,0,0,0,0,0,16600,19190,20384,23255,22495,380,3194,2384,3271,2509,381,2469,0
11377,500000,2,2,1,38,0,0,0,0,0,0,2343,4666,3492,3008,16871,19188,4695,2506,2015,16883,5013,8031,0
11378,50000,2,2,1,41,0,0,0,0,0,0,25395,26421,27741,27982,28589,29157,1440,1760,1001,1057,1063,5699,0
11379,180000,1,2,2,25,0,0,0,0,0,0,4236,5230,6570,7192,6437,12499,2001,2000,1018,6154,12527,5016,0
11380,200000,2,2,1,44,1,0,0,0,0,0,0,0,0,0,0,0,0,0,0,0,0,0,0
11381,140000,1,2,1,48,0,0,0,0,0,0,80740,82439,84125,85968,88679,99558,3000,3060,3241,4264,12400,0,0
11382,360000,2,2,1,46,0,0,0,0,0,0,6402,13301,3762,7483,6399,9145,13389,3785,7527,6418,9187,15762,1
11383,60000,2,2,2,34,0,0,0,0,0,0,59291,60720,59503,49305,28903,28577,3000,2267,1000,1100,1300,1025,0
11384,110000,1,2,2,24,0,0,0,0,0,0,91915,92168,90705,40086,41449,42260,3800,3818,1426,2000,2000,3261,0
11385,50000,1,2,2,28,0,0,0,0,0,0,17868,18028,38126,18690,19082,19505,1711,20809,668,692,740,632,0
11386,130000,2,2,2,27,0,0,0,0,0,0,390,390,390,390,390,380,390,390,390,390,380,400,0
11387,20000,1,1,2,23,0,0,0,0,0,0,8693,10045,11776,11776,10886,-1000,1500,2000,0,0,0,0,0
11388,200000,2,1,1,35,0,2,0,0,0,0,1972,582,1891,0,1908,290,0,1891,0,1908,290,3100,1
11389,10000,1,3,2,41,2,2,2,0,0,2,3983,4764,5528,7420,8298,8019,1000,1000,2000,1000,0,1390,1
11390,330000,2,1,2,30,0,0,0,0,0,0,5014,59970,18585,13835,45476,25125,60207,18585,13835,45476,25125,21370,0
11391,360000,2,2,1,34,0,0,0,0,0,0,9561,5866,1297,0,0,0,1166,1297,0,0,0,444,0
11392,230000,2,2,1,46,0,0,0,0,0,0,3503,3354,858,5505,2263,10352,3970,858,5505,2263,10352,13000,0
11393,140000,1,2,1,37,0,2,0,0,0,0,2081,991,1982,991,1091,1420,0,1982,0,1091,1420,7351,1
11394,50000,1,1,1,38,0,0,0,0,0,0,2536,3147,8321,4453,4038,4764,3147,8321,4453,4038,4764,3662,0
11395,30000,1,2,2,31,2,0,0,0,0,0,23559,23381,540,150,-30,170,1000,500,0,600,200,5183,0
11396,170000,1,1,2,29,1,0,0,0,0,0,0,0,0,0,1015,0,0,0,0,1015,0,0,0
11397,50000,2,2,2,32,1,2,0,0,0,0,49340,48297,49255,8838,9011,9872,0,3000,1000,1000,1000,1000,0
11398,290000,2,1,1,35,0,0,0,0,0,0,703,-20,-20,-20,2663,-677,0,0,0,2800,0,0,1
11399,140000,1,1,2,43,0,0,0,0,0,0,138859,141393,135784,136258,137747,138593,5100,4779,6000,6000,6000,5200,1
11400,110000,1,2,1,39,0,0,0,0,0,0,49464,40359,34533,36819,32467,35806,3007,3000,3000,3000,4000,3000,0
11401,170000,1,1,2,27,0,0,0,0,0,0,127902,131631,133090,130937,134043,137023,5631,5090,4937,5043,5023,11939,0
11402,390000,2,2,1,31,0,0,0,0,0,0,49667,33900,33545,16666,0,0,1700,17000,333,0,16666,13807,0
11403,160000,1,1,1,47,0,0,0,0,0,0,1562,1499,-3,-3,1274,0,1503,0,0,1277,0,0,0
11404,20000,2,2,1,37,4,3,2,0,0,0,20460,19860,19100,18500,18500,18500,0,0,0,0,0,4500,0
11405,40000,1,1,2,24,0,0,0,2,0,0,36904,34372,38496,37580,38820,39693,1600,6700,0,2000,1700,1400,0
11406,400000,1,2,1,37,0,0,0,0,0,0,7011,9639,8102,8585,12633,20338,10000,8501,9003,13000,20500,11000,0
11407,260000,2,2,2,29,0,0,0,0,0,0,4400,942,1058,2106,2282,2531,942,1058,2106,2282,2531,0,0
11408,260000,2,3,1,52,0,0,0,0,0,0,207627,212821,214885,219204,223899,228279,8535,6430,6495,6849,6799,32430,0
11409,240000,1,1,2,48,1,3,4,3,2,0,180189,191054,192447,188156,183299,180090,15281,6000,0,0,9013,6183,0
11410,230000,2,2,1,38,0,0,0,0,0,0,12696,9883,2035,6337,3388,2132,9883,2035,6337,3388,2132,2204,0
11411,50000,1,2,1,45,0,0,0,0,0,0,4900,7222,3150,0,0,0,7222,3150,0,0,0,2977,0
11412,400000,1,1,2,37,0,0,0,0,0,0,1783,1251,629,0,303,219,1251,629,0,303,219,1640,0
11413,30000,1,2,1,31,0,0,0,0,0,0,29285,29390,30300,29463,29531,29901,1820,1730,1154,1034,1212,1054,0
11414,300000,1,1,2,37,0,0,0,0,0,0,52268,53440,54615,47146,47486,16937,3000,3011,582,602,627,587,0
11415,100000,2,1,2,24,0,0,2,0,0,2,7576,15532,7626,11896,15520,7156,15532,0,11896,11008,0,23164,0
11416,130000,1,1,2,26,0,0,0,0,0,0,4417,93163,90056,69832,46645,11869,105072,5000,3000,12000,10000,3500,0
11417,180000,2,1,2,41,0,0,0,0,0,0,6734,7752,8763,8938,8568,9357,1124,1135,310,378,1000,0,0
11418,130000,1,3,2,24,1,2,0,0,0,0,101767,41823,33740,17009,11580,0,12,1407,347,11,0,0,1
11419,130000,2,1,2,25,1,0,0,0,0,0,0,0,0,0,0,0,0,0,0,0,0,0,0
11420,50000,2,2,1,57,0,0,0,0,0,0,173,274,0,0,0,0,274,0,0,0,0,2590,0
11421,230000,2,2,1,36,0,0,0,0,0,0,198,29430,22925,6120,6519,12051,29439,22993,6167,6519,12086,5948,1
11422,140000,1,3,1,35,0,0,0,0,0,0,136324,138438,0,0,0,0,5407,0,0,0,0,0,0
11423,60000,1,2,2,30,0,0,0,0,0,0,41540,390,390,0,15666,15915,390,390,0,16056,1000,390,0
11424,30000,1,2,1,23,0,0,0,0,0,0,390,390,390,0,780,0,390,390,0,780,0,0,0
11425,40000,2,3,1,39,0,0,2,2,2,2,34378,37584,38072,37160,39628,40428,3768,1400,0,3081,1600,0,1
11426,250000,2,2,1,40,1,2,2,0,0,0,7067,998,0,0,0,1604,4,0,0,0,1604,0,0
11427,20000,1,2,1,53,0,0,0,0,0,0,35419,31195,26849,23060,23060,-129,0,0,0,0,129,18143,0
11428,120000,1,2,1,27,2,3,2,0,0,3,110162,107008,103800,106075,115747,113999,0,0,4000,11000,0,0,1
11429,210000,2,2,2,29,0,0,0,0,0,0,86598,88304,90648,93164,94167,97672,4000,4000,4000,10000,5000,3000,0
11430,380000,1,1,2,33,0,0,0,0,0,0,2500,0,0,0,0,0,0,0,0,0,0,0,1
11431,130000,1,2,2,28,0,0,0,0,0,0,381,550,547,226,73,-121,551,548,226,105,89,0,0
11432,80000,2,2,1,49,0,0,0,0,0,0,79545,80932,22320,22765,23393,23470,3708,1364,809,989,930,1216,1
11433,80000,2,2,1,31,0,0,0,0,0,0,3601,-876,6440,2802,1290,4547,9,9242,0,1290,4547,1850,1
11434,140000,1,2,2,36,0,0,0,0,0,2,59693,61732,62411,64372,70015,68745,3000,2300,3000,6700,0,3000,0
11435,220000,2,2,3,50,0,0,0,0,0,0,127571,116768,55863,57079,51202,53195,5200,2000,2000,2000,3200,2001,0
11436,20000,2,2,2,23,1,2,2,2,2,2,6218,6959,8635,8350,9063,8771,1000,1800,0,1000,0,1000,1
11437,200000,2,2,1,43,2,2,2,2,0,0,150,150,150,150,2500,0,0,0,0,2500,0,0,1
11438,50000,2,2,1,24,0,0,0,0,0,0,37159,30814,27382,28081,28578,29450,1500,1500,1153,1100,1346,960,0
11439,20000,1,2,2,30,0,0,0,0,0,0,20027,18971,19339,19733,19799,10400,1395,1153,547,611,600,0,0
11440,230000,1,3,2,37,0,0,0,0,0,0,36571,35484,41862,21655,64645,44627,1700,10010,5000,64667,5003,3016,0
11441,230000,2,2,2,29,2,2,2,0,0,0,232044,236365,229553,190525,192974,186407,9500,0,6829,7300,7000,7000,1
11442,60000,2,2,2,24,1,0,0,0,0,0,0,0,1668,844,200,2930,0,1668,844,1044,2930,3783,0
11443,50000,1,3,1,54,2,2,2,0,0,0,18691,21072,20039,20042,20097,20288,3000,0,700,750,900,692,1
11444,130000,1,3,1,40,0,0,0,0,0,0,3015,2620,1330,0,0,0,1000,1330,0,0,0,0,0
11445,20000,2,2,2,27,0,0,0,2,2,2,17304,0,26373,26644,26079,27941,0,26373,1000,0,2300,1200,0
11446,440000,2,2,2,31,0,0,0,0,0,0,49803,25781,18400,10978,1175,32857,1390,4375,271,497,34255,1048,0
11447,150000,2,1,2,23,0,0,0,0,0,0,227,6686,11609,3234,1414,5281,6692,11609,3623,1414,5281,2822,0
11448,410000,1,2,2,42,0,0,0,0,0,0,7114,8223,6557,16128,7539,5300,8309,6645,16141,0,5300,5600,0
11449,320000,1,2,1,32,0,0,0,0,0,0,43265,28007,24986,23844,20650,0,1528,3019,2022,2000,0,82600,0
11450,30000,1,2,2,26,0,0,0,0,2,0,26990,24706,25022,26405,25861,27778,4900,2000,2100,0,2500,1840,0
11451,80000,1,2,2,29,1,2,0,0,0,0,75234,76417,76916,51070,52727,54847,3007,5090,2001,3000,3000,3000,0
11452,50000,2,3,1,47,1,3,2,2,2,5,28164,27432,28668,29191,35551,34420,0,2000,1300,7000,0,0,1
11453,50000,1,2,2,39,1,2,0,0,0,0,50468,48621,49987,19663,16769,16550,0,2600,650,752,596,578,1
11454,140000,2,1,2,52,0,0,0,0,0,0,1388,0,980,0,0,0,0,980,0,0,0,0,0
11455,500000,2,1,1,38,0,0,0,0,0,0,7789,9656,7477,8370,8890,6424,9666,7488,8370,8890,6424,21032,0
11456,60000,2,3,1,48,0,0,0,0,0,0,59063,53377,37418,37543,35447,35641,2000,1900,1500,1300,1300,1300,0
11457,150000,1,1,2,35,0,0,0,0,0,0,5888,0,0,11310,11310,0,0,0,11310,0,0,0,0
11458,130000,1,5,2,46,2,0,0,0,0,0,79705,59716,38343,37834,37429,36991,2475,1600,1300,1400,1400,2000,0
11459,20000,1,2,2,41,0,0,0,0,0,0,18577,18961,18126,16557,17519,17111,2000,2000,1000,3000,2000,3000,0
11460,310000,1,2,1,43,0,0,0,0,0,0,4943,2691,2060,2004,2503,814,2691,2060,2018,2505,816,3052,0
11461,90000,1,2,1,42,0,0,0,0,0,0,780,0,0,0,0,0,0,0,0,0,0,0,0
11462,210000,2,1,2,46,0,0,0,0,0,0,15655,3918,29881,24247,21664,1556,4854,30366,0,433,1556,14047,1
11463,10000,2,2,2,22,1,2,0,0,0,0,7194,6934,8786,8014,0,0,0,2000,430,0,0,0,1
11464,30000,1,3,1,59,0,0,0,0,0,0,29272,29096,22088,21624,21833,18174,1404,1268,694,866,695,838,0
11465,30000,2,2,1,22,2,2,0,0,0,2,28574,14220,14188,7058,7976,7734,0,1230,1000,1000,0,2000,1
11466,30000,2,1,2,24,0,0,0,0,0,0,28885,27924,27709,27457,26848,26407,1459,1414,952,1002,832,2698,0
11467,220000,2,2,1,45,1,0,0,0,0,0,0,6010,7069,43957,30693,13264,6010,1229,43957,614,13264,700,0
11468,20000,1,3,1,45,0,2,0,0,0,0,1340,950,1560,1170,780,780,0,1000,0,0,0,0,1
11469,300000,1,1,1,30,0,0,0,0,0,0,649,949,1938,81,671,8067,949,1938,81,671,8067,1513,0
11470,160000,2,2,1,30,0,0,0,0,0,0,5331,6020,1194,694,1800,186,1153,1202,694,1800,186,3573,0
11471,10000,1,2,2,25,0,0,0,0,0,0,5378,6482,7308,5736,6236,-764,1200,1000,115,500,180,5000,0
11472,20000,2,2,2,23,2,0,0,0,0,0,16235,17857,18862,18931,19624,20049,2200,1610,679,1000,900,599,1
11473,20000,1,1,2,29,3,2,2,2,0,0,16330,15784,18200,17613,18371,19865,0,3000,0,1200,1800,0,1
11474,70000,1,2,1,26,0,0,0,0,0,0,66866,27072,26744,28087,27393,26646,2000,1396,3000,980,955,941,1
11475,50000,2,2,1,30,0,0,0,0,0,0,43334,41935,14854,14125,12176,13827,1986,1040,1000,1000,3000,1000,0
11476,130000,2,1,2,26,0,0,2,0,0,0,10274,10750,8699,7199,5699,6275,2352,0,199,199,2275,1699,0
11477,180000,2,1,1,38,0,0,0,0,0,0,27959,13855,16277,0,28743,8210,13855,16277,0,28743,8210,14004,0
11478,50000,1,2,2,28,1,2,2,2,0,0,9500,7913,9572,9281,8835,9038,0,1800,0,400,350,400,1
11479,500000,1,1,1,44,0,0,0,0,0,0,35755,72000,0,0,0,0,40000,0,0,0,0,11621,0
11480,340000,2,1,2,27,0,0,0,0,0,0,30452,36919,24268,3210,3240,11095,6919,4322,3210,3240,11095,3345,0
11481,150000,2,2,2,25,0,0,0,0,0,0,3303,125,7351,1279,0,0,125,7424,1279,0,0,0,0
11482,150000,2,2,1,40,0,0,0,0,0,0,32117,3502,2056,7756,4993,918,3505,2056,7756,0,918,22200,0
11483,100000,2,2,1,47,0,0,0,0,0,0,27555,29798,31028,33544,35328,41835,3000,2028,3354,2328,7300,0,0
11484,100000,2,1,2,28,0,0,0,0,0,0,16601,14414,11307,11139,11361,9816,1539,1124,495,500,758,0,0
11485,30000,2,1,2,23,2,2,2,2,2,2,25487,26513,27026,27871,29017,28403,1738,1251,1596,1742,0,1374,1
11486,150000,2,2,1,34,2,0,0,0,0,0,30821,33009,34867,24438,18883,14737,3000,3000,1000,2000,4500,0,0
11487,10000,1,1,2,23,0,0,0,0,0,0,7684,8685,8557,7319,7650,8862,1300,1500,500,600,1500,0,0
11488,190000,2,1,2,38,0,0,0,0,0,0,77720,79417,81326,81650,83354,85163,3774,3799,2874,2970,3138,3054,0
11489,70000,2,1,2,33,0,0,0,0,0,0,39416,40784,42791,43797,44938,47177,2000,3000,1718,2000,3000,1630,0
11490,360000,2,1,1,48,0,0,0,0,0,0,8243,10742,3300,0,1270,0,10752,3300,0,1270,0,889,0
11491,500000,2,2,1,37,0,0,0,0,0,0,71455,79079,73583,79481,115741,168319,10004,10104,10000,40000,10000,10000,0
11492,210000,1,2,1,45,0,0,0,0,0,0,82902,84897,56023,57137,58333,59373,3814,2931,2045,2117,2010,1853,0
11493,320000,1,2,1,37,0,0,0,0,0,0,188106,178067,178018,172200,164032,165857,6496,6343,6003,5967,6525,5167,0
11494,50000,2,2,1,22,0,0,0,0,0,2,39843,40662,41971,43020,46150,45288,1762,2000,2020,3800,0,2000,0
11495,500000,2,1,2,38,0,0,0,0,0,0,4590,4218,5090,2043,8479,236,1128,1000,0,8479,236,2990,0
11496,320000,1,2,1,42,0,0,0,0,0,0,730,1550,0,2000,700,760,1550,0,2000,700,760,810,0
11497,80000,1,2,2,26,0,0,0,0,0,0,76304,78680,79897,27950,28579,29138,4203,3900,1200,1230,1230,1000,0
11498,250000,1,1,1,42,1,1,1,1,2,2,352016,341600,321232,307354,285901,272322,15210,8273,8100,100,8942,254000,1
11499,250000,1,1,1,40,0,0,0,0,0,0,396,396,396,396,396,109,396,396,396,396,109,0,0
11500,220000,1,1,1,33,0,0,0,0,0,0,0,2500,0,0,0,0,2500,0,0,0,0,0,0
11501,250000,2,1,2,37,0,0,0,0,0,0,1391,3498,8963,0,14660,62832,3498,8963,0,14660,62832,4620,0
11502,50000,2,2,1,24,0,0,0,0,0,2,42120,41444,33933,28945,28131,27531,1921,1490,1148,2370,0,1179,0
11503,360000,2,1,2,43,1,0,0,0,0,0,0,10121,390,2809,390,390,10121,780,2809,390,390,390,1
11504,260000,2,1,1,38,1,0,0,0,0,0,0,0,0,0,0,0,0,0,0,0,0,0,0
11505,50000,1,2,1,45,0,0,0,0,0,0,9659,10610,6525,3660,0,0,1155,1000,73,0,0,0,0
11506,20000,1,2,2,25,0,0,0,0,0,0,390,5548,7001,6695,0,0,5548,2000,2000,0,3300,0,0
11507,10000,1,2,2,23,0,0,0,0,0,0,2068,6000,6457,6177,0,0,4400,1000,500,0,0,0,0
11508,500000,2,2,1,34,1,2,0,0,0,0,523618,483244,459273,386722,366421,241182,0,16004,15004,15004,9814,31004,0
11509,330000,2,2,2,33,1,0,0,0,0,0,-271,-1648,-2437,95131,46017,46470,0,0,102680,1728,1695,2000,0
11510,170000,1,2,2,34,0,0,0,0,0,0,113270,112012,114535,115448,117426,115675,6000,6000,4106,4312,5097,3800,0
11511,20000,1,2,2,63,2,2,4,4,4,4,1650,1650,1650,1650,1650,1650,0,0,0,0,0,0,0
11512,80000,1,2,1,29,0,0,2,0,0,0,37822,40900,39944,40744,42084,42923,3700,0,1462,2000,1536,2001,0
11513,240000,2,2,1,32,0,0,0,0,0,0,4101,7101,5500,5500,5500,5463,8500,5500,5500,5500,5463,5500,0
11514,150000,2,2,2,28,0,0,0,0,0,0,46576,43583,45569,46533,47653,49729,2500,3000,2000,2000,3000,2000,0
11515,200000,1,2,1,34,0,0,0,0,0,0,135654,173946,176894,170754,172332,175960,66022,6101,5898,6053,6288,8000,0
11516,300000,1,1,2,33,0,0,0,0,0,0,1617,7785,3420,814,-494,8006,7785,3000,0,0,8500,0,0
11517,100000,1,2,1,35,4,4,3,2,2,2,82348,82156,83318,81380,83710,88057,1700,3100,0,3800,5900,3200,1
11518,290000,2,2,2,33,0,0,0,0,0,0,14026,9154,2778,9981,23989,22667,9000,2000,9000,23000,22000,1797,0
11519,100000,1,3,1,56,0,0,0,0,0,0,10882,11952,13047,13330,14112,14477,1250,1300,500,1000,600,600,0
11520,10000,1,1,3,46,0,0,0,0,0,0,6772,7790,8799,8974,9162,9375,1128,1137,312,323,356,268,1
11521,420000,2,1,2,41,0,0,0,0,0,0,79899,82012,84079,85614,87053,88657,3391,3427,2909,2877,2976,2686,0
11522,20000,2,2,1,42,0,0,0,0,0,0,19185,18621,19605,19717,19203,19871,1323,1307,691,705,995,722,0
11523,300000,2,1,1,37,0,0,0,0,0,0,616,1370,916,316,898,748,1370,916,316,898,748,748,0
11524,50000,1,3,2,26,0,0,0,0,0,0,42040,30427,17818,17028,16387,15728,2000,2000,1000,1000,1000,1000,0
11525,180000,2,2,1,44,0,0,0,0,0,0,33800,0,0,0,1972,0,0,0,0,1972,0,1800,0
11526,420000,1,2,1,41,0,0,0,0,0,0,16657,2578,523,1855,14539,7647,2590,525,1864,14611,7685,26477,0
11527,100000,2,2,1,49,0,0,0,0,0,0,10430,3313,490,6974,8018,8441,3313,490,6974,8018,8441,11461,0
11528,80000,2,2,2,38,2,0,0,2,0,0,18733,20081,17245,13507,14479,14083,2000,2500,0,2000,2000,3000,0
11529,210000,1,1,1,42,0,0,0,0,0,0,103772,95228,87678,79254,71836,63675,4000,4000,3000,4000,3000,3000,0
11530,80000,1,3,1,42,1,0,0,0,0,0,0,0,0,0,0,7010,0,0,0,0,6204,1000,0
11531,240000,2,1,2,31,0,0,0,0,0,2,65220,68155,70184,71784,78659,81212,4000,3167,2767,8233,4000,4000,0
11532,500000,1,1,1,45,0,0,0,0,0,0,37875,150573,32413,193427,21978,38102,162003,32611,200967,22074,38272,3491,0
11533,100000,1,2,2,27,0,0,0,0,0,0,10458,9899,6618,3895,4037,12959,2500,1162,3000,159,11845,200,0
11534,610000,2,1,2,36,0,0,0,0,0,0,874,-256,-255,-538,107592,168966,0,1,0,108130,30695,179,0
11535,170000,1,2,2,27,0,0,0,0,0,0,416,416,416,416,416,416,416,416,416,416,416,416,0
11536,320000,1,1,1,45,0,0,0,0,0,0,37361,21796,10798,9198,2314,14497,21903,10832,9244,2325,14568,29249,0
11537,200000,2,3,1,38,0,0,0,0,0,2,60473,151786,109495,13785,22173,10482,101796,29894,13943,21865,0,26218,0
11538,360000,1,1,2,35,1,0,0,0,0,0,0,1010,0,0,0,0,1010,0,0,0,0,0,1
11539,200000,1,2,1,34,1,0,0,0,0,0,0,0,188,0,0,0,0,188,0,0,0,0,0
11540,150000,2,2,1,39,1,0,0,0,0,0,0,0,0,0,0,0,0,0,0,0,0,0,1
11541,100000,1,1,1,44,0,0,0,0,0,0,48850,0,0,0,0,0,0,0,0,0,0,0,0
11542,200000,1,1,2,29,0,0,0,0,0,0,45841,37221,34718,32148,25380,22701,4000,7000,7000,7000,7000,295,0
11543,30000,1,2,1,26,0,0,0,0,0,0,-201,349,-199,0,199,199,550,0,199,199,0,3915,0
11544,260000,1,1,1,36,0,0,0,0,0,0,239206,212271,191813,193555,197090,200841,9029,9000,7100,7509,8000,6888,1
11545,300000,2,2,1,34,0,0,0,0,0,0,1000,1000,1000,1000,2000,1000,1000,1000,1000,2000,1000,1000,1
11546,110000,1,2,1,32,0,0,0,0,0,0,73772,75299,72978,67877,60444,61737,2765,2404,2292,2196,2300,2200,0
11547,50000,2,1,2,24,0,0,0,0,0,0,780,0,580,-200,300,0,0,580,0,500,0,0,0
11548,500000,1,3,2,44,0,0,0,0,0,0,16179,1520,2031,2593,45858,161299,2029,5262,3023,45868,130586,5024,0
11549,60000,2,1,2,30,0,0,0,0,0,0,24396,25463,27036,27074,25911,26431,1463,2036,937,1911,951,2056,0
11550,80000,1,1,2,39,0,0,0,0,0,0,49171,50376,51536,52782,53781,55389,2000,2000,2100,2000,2500,2500,1
11551,370000,1,1,1,40,1,0,0,0,0,0,0,0,0,0,0,0,0,0,0,0,0,0,0
11552,150000,1,2,2,38,0,0,0,0,0,2,476,476,476,476,1102,476,476,476,476,1102,0,476,0
11553,210000,1,1,2,35,1,0,0,0,0,0,-36,-18,-18,-18,-18,-18,0,0,0,0,0,0,0
11554,500000,2,2,2,34,0,0,0,0,0,0,175570,141773,132747,94651,73734,62519,8734,40000,3912,2101,34000,32000,0
11555,150000,1,1,1,42,8,7,6,5,4,3,161569,159190,155821,153075,151269,149723,0,0,0,0,0,15,1
11556,110000,1,2,1,39,0,0,0,0,0,0,54806,54544,55357,56281,56483,56685,2000,2200,2200,2149,2170,2000,0
11557,60000,2,1,1,49,0,0,0,0,0,0,61618,61382,34958,33760,32946,0,2800,1400,675,659,0,3353,0
11558,480000,2,1,2,33,0,0,0,0,0,0,621749,550102,475386,384078,397682,399659,22024,21008,17134,400046,17003,4436,0
11559,30000,1,1,2,35,2,2,2,2,2,2,14489,15460,15514,14968,16026,15619,1500,600,0,1300,0,1300,0
11560,240000,2,2,1,28,1,2,2,2,0,0,210333,206332,214981,194817,186895,168541,0,12014,0,5307,5001,4505,1
11561,350000,2,1,2,40,1,0,0,0,0,0,-644,-644,5170,-1496,-2366,-2366,0,6033,1500,4,0,1500,0
11562,240000,2,2,1,38,1,0,0,0,0,0,0,0,0,0,0,0,0,0,0,0,0,0,1
11563,80000,2,1,2,27,0,0,0,0,0,0,77967,79561,61018,36084,13693,79701,3565,1752,1105,1499,78000,0,0
11564,100000,1,1,1,43,0,0,0,0,0,0,42451,43564,45522,46832,37683,28680,2100,3000,2500,2000,2000,2000,0
11565,30000,2,2,1,30,0,0,0,0,0,0,3165,13538,390,1050,1251,962,13538,390,1050,1851,962,0,0
11566,290000,1,1,2,41,0,0,0,0,0,0,3394,-186,37392,6106,14839,11209,0,37578,6136,14913,11264,2296,0
11567,200000,1,1,1,34,0,0,0,0,0,0,3692,-16,1886,4700,0,0,0,1902,4723,0,0,0,0
11568,360000,2,1,1,32,0,0,0,0,0,0,39587,17900,5307,23102,64617,10542,18011,5307,23102,64617,10542,9702,0
11569,430000,1,2,1,46,0,0,0,0,0,0,52930,960,354716,361373,368484,365148,510,358689,15066,14126,13065,12908,1
11570,150000,1,1,2,44,0,0,0,0,0,0,13786,14418,15429,15094,15525,0,1232,1243,688,825,0,0,0
11571,200000,1,2,2,30,0,0,0,0,0,0,48492,49934,24753,123439,132269,129224,20294,24891,125171,17816,26269,4349,1
11572,50000,1,3,1,31,1,0,0,0,0,0,0,0,0,0,0,0,0,0,0,0,0,0,0
11573,240000,2,3,1,36,1,0,0,0,2,0,-608,1966,4421,8521,8323,16620,5000,5000,10112,0,13000,10000,0
11574,20000,2,1,2,24,0,0,2,0,0,0,3634,6568,7307,8027,8892,9739,3000,1000,1000,1000,1000,1000,0
11575,150000,2,1,1,30,0,0,0,0,0,0,10427,-20,-20,-20,-20,-20,0,0,0,0,0,0,0
11576,230000,1,1,1,39,0,0,0,0,0,0,18835,22319,18732,11986,13596,7469,10005,8737,4000,8000,3000,5891,0
11577,20000,1,2,1,31,0,0,0,0,0,0,836,390,780,390,390,0,390,780,0,390,0,780,1
11578,100000,2,2,1,33,1,2,2,2,2,2,23384,22722,24909,24210,26103,27554,0,2569,0,2287,2028,0,0
11579,280000,2,2,1,30,0,0,0,0,0,0,71770,74066,75907,77723,79550,81801,4000,3000,3000,3000,3500,4000,1
11580,90000,2,3,1,39,0,0,0,0,0,0,4968,4713,2290,1764,1728,1954,1203,1005,1764,1728,1954,1416,0
11581,240000,2,1,2,29,0,0,0,0,0,0,23094,18951,18977,12055,7878,5531,2009,2000,300,1000,2000,2000,0
11582,80000,1,3,1,27,2,0,0,0,0,0,40846,3099,1950,1170,780,780,1149,1000,0,0,0,2440,1
11583,160000,2,2,1,34,0,0,0,0,0,0,51721,46381,25254,10740,50207,10298,2037,1000,10740,50207,10298,17413,0
11584,280000,2,1,1,37,0,0,0,0,0,0,1908,12699,7819,7831,5428,2295,12763,7819,12,27,2309,13004,0
11585,170000,2,1,1,30,2,2,2,2,2,2,158819,161487,157577,168094,170922,166972,6500,0,13000,5500,1000,7000,0
11586,90000,2,2,1,47,2,2,2,0,0,2,61066,62999,61388,64376,67347,74960,3500,0,4000,4000,8900,0,1
11587,160000,2,1,2,29,0,2,0,0,0,2,2599,1302,1852,736,3542,1852,0,1852,0,3542,0,1116,0
11588,420000,2,3,1,36,0,0,0,0,0,0,0,0,277510,279493,285447,291183,0,277510,10000,10000,10000,10500,0
11589,280000,1,2,2,30,0,0,0,0,0,0,651,1650,651,651,651,651,1650,651,651,651,651,0,0
11590,30000,1,2,2,26,1,2,2,2,2,2,17989,17417,19807,20186,19725,22225,0,3000,1000,0,3000,0,1
11591,140000,2,1,2,34,2,0,0,2,0,0,125623,128592,137440,126342,130295,132945,5000,11000,0,6000,5000,7000,0
11592,220000,1,1,1,48,2,0,0,0,0,0,1480,9202,26390,13007,7387,20018,9202,26390,13007,0,20018,14661,0
11593,260000,2,1,2,27,0,0,0,0,0,0,399,399,399,798,399,399,399,399,798,0,399,399,0
11594,170000,2,2,2,27,1,0,0,0,0,0,-1020,25607,23922,24399,24919,26884,27107,1500,863,903,3000,6186,0
11595,190000,2,2,1,33,0,0,0,0,0,0,40173,41150,0,0,0,0,2200,0,0,0,0,0,0
11596,50000,1,2,2,31,0,0,0,0,0,0,40754,41588,43409,45919,48530,0,2000,2000,3000,3000,0,0,0
11597,200000,2,1,2,31,0,0,0,0,0,0,4938,2277,1209,0,1440,0,2286,2712,0,1440,0,0,0
11598,300000,2,1,2,44,0,0,0,0,0,0,9799,299,0,800,800,180,299,0,800,0,180,0,0
11599,230000,2,1,1,34,0,0,0,0,0,0,3394,8338,11744,9359,19002,8443,8338,9359,0,19002,8740,0,0
11600,50000,1,2,1,57,0,0,0,0,0,0,53320,52754,27231,26852,27820,25529,1300,50499,1000,1500,1500,1000,0
11601,150000,1,3,2,25,0,0,0,0,0,0,9240,386,12870,11173,1719,413,386,12884,251,39,414,6556,0
11602,150000,2,3,1,35,0,0,0,0,0,0,89604,97129,98795,98925,100017,99607,10000,4275,3550,3750,3600,3100,1
11603,10000,1,1,1,50,0,0,0,0,0,0,10043,9616,9718,9916,9250,7461,1194,1076,274,370,472,375,0
11604,240000,2,3,1,43,0,0,0,0,0,0,61190,62506,63864,65130,66494,67441,2300,2400,2329,2411,2050,2000,0
11605,230000,2,2,2,27,0,0,0,0,0,0,47520,46256,32029,31397,27834,28153,2000,2500,1200,2000,18000,5000,0
11606,170000,2,2,1,34,0,0,0,0,0,0,326,326,326,326,652,326,326,326,326,652,0,326,0
11607,460000,2,1,1,38,0,0,0,0,0,0,21203,21828,13776,8226,12497,4503,21833,13779,8226,12497,4503,5844,0
11608,240000,1,2,2,46,0,0,0,0,0,0,2995,3808,5736,3328,3901,3413,4028,7266,3422,5020,3517,57,0
11609,80000,2,2,1,43,1,2,0,0,2,0,24621,23948,24751,26493,25936,26304,0,1500,2150,0,944,2000,0
11610,290000,1,2,2,29,0,0,0,0,0,0,1199,2528,3781,6076,6336,10570,2000,2000,3000,1000,5000,1000,0
11611,30000,1,2,2,22,0,0,0,0,0,0,30455,30403,30454,29227,28929,29484,1515,1455,1028,1044,1420,1111,0
11612,240000,2,2,2,35,0,0,0,0,0,0,227457,232729,223431,226361,223508,238587,9000,10000,8000,9000,19000,9000,0
11613,80000,2,2,1,42,0,0,0,0,0,0,10593,41217,8815,24012,0,2229,41217,8815,24012,1153,2229,2190,0
11614,30000,1,2,2,33,0,0,0,0,0,0,28949,30319,29400,30000,0,0,2233,1000,600,0,0,0,0
11615,180000,2,2,3,52,0,0,0,0,0,0,0,0,145,0,0,0,0,145,0,0,0,0,0
11616,50000,2,2,2,26,0,0,0,0,0,0,390,390,0,780,0,0,390,0,780,0,0,0,1
11617,30000,2,3,2,52,3,2,2,2,2,2,26494,26675,29111,28325,28840,5450,900,3974,0,600,0,0,1
11618,110000,1,1,2,32,0,0,0,2,2,2,112380,113369,113214,108350,109072,106848,6200,9900,0,8007,0,5000,1
11619,180000,2,2,2,33,1,0,0,0,0,0,5931,2294,900,0,0,0,2294,900,0,0,0,788,0
11620,50000,1,2,1,49,0,0,0,0,0,0,46693,14453,6701,3581,0,6000,1158,1010,3581,0,6000,3261,0
11621,140000,2,2,2,29,0,0,0,0,0,0,141740,138128,128812,131374,135353,137238,7001,4700,4706,6100,5300,4806,0
11622,90000,2,2,1,38,0,0,0,0,0,0,92481,90698,80720,69788,63868,40136,3507,3328,2100,2542,3000,93245,1
11623,90000,2,2,2,25,0,0,0,2,3,2,23662,25970,28531,30072,29323,28709,3000,3000,2300,0,0,4860,1
11624,180000,1,2,2,31,0,0,0,0,0,0,130171,12666,0,0,0,0,1110,0,0,0,0,0,0
11625,360000,2,1,2,29,0,0,0,0,0,0,92693,87415,69552,38898,31222,55801,20595,20200,10063,1897,30278,83275,0
11626,140000,1,2,2,28,2,2,2,2,2,2,12642,13740,13818,13994,14222,14537,1600,600,700,600,700,600,1
11627,90000,2,3,2,23,0,0,0,0,0,0,119836,21836,11036,29836,986,21615,30000,11036,19836,986,21615,5885,0
11628,150000,2,1,2,27,0,0,0,0,0,0,222,3,3359,2924,0,0,3,3461,261,0,0,0,0
11629,200000,1,2,1,56,0,0,0,0,0,0,195456,199692,171784,175197,179069,189686,8007,6300,6276,6701,13800,0,0
11630,110000,2,2,1,48,0,0,0,0,0,0,216582,110865,74340,47152,48138,49171,8788,3152,1687,1745,1831,1732,0
11631,410000,2,1,2,25,0,0,0,0,0,0,4151,4357,10513,9137,7781,28870,4357,10513,9137,7781,28870,15000,0
11632,50000,1,3,1,58,0,0,0,0,0,0,31236,30141,18683,19055,19462,19343,3088,1500,651,682,680,595,0
11633,170000,2,2,1,43,0,0,0,0,0,0,78429,81991,81688,100841,23528,32579,5000,3000,20000,5000,10000,10000,0
11634,210000,2,2,1,39,0,0,0,0,0,0,836,4247,17162,12949,12023,7324,4278,17213,6015,2083,7360,12142,0
11635,290000,1,1,2,35,0,0,0,0,0,0,247280,250007,261236,223092,185522,170190,30000,29000,10000,8000,30000,48000,0
11636,160000,2,1,2,27,0,0,0,0,0,0,2431,5026,3720,3465,4218,2913,5030,3722,4300,5000,2500,5400,0
11637,50000,1,2,2,27,0,0,0,0,0,0,48603,48338,45090,19031,19534,19301,1963,1972,672,800,700,1000,1
11638,50000,1,2,2,28,0,0,0,0,0,0,33094,47035,44384,45267,46215,47949,17012,2300,1618,1675,2500,2139,0
11639,30000,2,2,2,21,0,0,0,0,0,0,10406,5068,2023,1163,0,0,1000,1002,23,0,0,0,0
11640,30000,2,3,2,24,1,2,0,0,0,0,18103,18418,19270,19810,19583,20231,900,1215,755,639,1200,243,1
11641,80000,2,2,2,27,0,0,0,0,0,0,55647,57737,58577,60169,58426,58204,3000,3923,2500,2100,2200,2075,0
11642,20000,1,1,2,39,2,0,0,0,0,0,16869,17895,18939,19150,19549,20073,1606,1650,823,857,1000,400,1
11643,130000,2,3,1,39,0,0,2,0,0,0,1755,1890,735,1575,316,5039,1890,0,1575,316,5039,1156,0
11644,80000,2,1,1,34,0,2,2,2,2,3,4269,4057,5326,5092,6008,5618,0,1500,0,1000,0,1000,1
11645,80000,1,2,1,40,0,0,0,0,0,0,45747,40851,35933,30605,25189,19766,1618,1533,1038,852,765,627,0
11646,180000,2,3,2,39,1,0,0,0,0,0,0,4835,2220,11303,9359,9041,4835,2200,11303,187,181,3050,0
11647,150000,1,1,1,37,0,0,0,0,0,0,49112,48450,19790,50123,45987,46555,1510,1850,101123,1650,1700,0,0
11648,100000,1,2,2,26,0,0,0,0,0,0,73070,74847,97369,98232,97752,0,10000,43000,5000,3000,0,0,0
11649,50000,2,3,1,47,0,0,0,0,2,0,29336,30502,31161,25294,24843,19576,1641,1300,1629,0,1000,1007,0
11650,290000,1,2,1,48,0,0,0,0,0,0,730,4426,820,0,2653,0,4426,820,0,2653,0,0,1
11651,490000,1,1,1,54,0,0,0,0,0,0,0,0,0,0,0,0,0,0,0,0,0,0,1
11652,130000,2,1,2,30,1,0,0,0,0,0,-915,-915,-915,-915,-915,-1070,0,0,0,0,0,0,0
11653,20000,1,1,2,24,1,0,0,0,0,0,0,150,0,597,0,4740,150,0,597,0,4740,0,0
11654,30000,2,1,2,23,1,2,0,0,0,0,10764,10454,11862,12104,12351,8000,0,2000,242,247,2000,0,1
11655,230000,2,1,2,25,0,0,0,0,0,0,52906,54454,53457,55128,52788,53671,3000,2000,2500,2500,2000,2000,0
11656,260000,1,1,2,52,0,0,0,0,0,0,582,0,582,291,4471,5394,0,582,291,4471,1000,1000,0
11657,290000,1,1,1,38,0,0,0,0,0,0,2500,0,0,0,0,0,0,0,0,0,0,0,0
11658,220000,2,2,2,54,0,0,0,0,0,0,2742,3131,2664,891,1927,4250,1500,1500,891,1927,4250,3000,0
11659,60000,1,2,2,26,3,2,0,0,0,0,61014,59473,56912,47513,42945,45648,0,2100,1500,1700,3500,1341,1
11660,150000,2,3,1,45,0,0,0,0,0,0,59885,59054,60254,59604,60707,61988,2200,2200,2300,2213,2300,2245,0
11661,80000,2,2,1,39,3,2,0,0,2,2,13683,13178,13853,14823,14443,15802,0,1200,1200,0,1600,2200,1
11662,30000,2,2,2,23,2,0,0,2,2,2,16089,17127,19108,18503,20100,19629,1300,2272,0,1900,0,1000,1
11663,210000,2,2,1,34,0,0,0,0,0,0,86792,88106,89419,88758,85239,81723,3319,3892,3184,3128,2944,2870,0
11664,50000,2,3,1,27,2,2,2,2,2,2,27358,28422,28858,29289,28685,30847,1800,1200,1200,0,2800,1200,0
11665,250000,2,1,1,47,0,0,0,0,0,0,43098,10606,49815,19857,56064,45427,10615,49825,19866,56074,45443,29916,0
11666,200000,2,2,2,34,0,0,0,0,0,0,12842,9490,6955,28300,13227,11202,13805,6797,28314,13291,11258,11912,1
11667,150000,1,2,1,48,1,2,0,0,2,0,144837,141815,143704,151572,149807,153088,0,5000,9500,0,5005,6010,1
11668,30000,2,2,1,26,0,0,0,0,0,2,29072,29276,30204,28501,29687,29497,1600,1500,1000,4000,1900,0,0
11669,50000,2,2,2,23,0,0,0,0,0,0,35454,33824,28528,28102,25574,26524,1901,1900,1050,1000,2000,2500,0
11670,210000,1,1,2,32,0,0,0,0,0,2,124838,102995,17383,172065,181981,174744,5000,1400,155000,12700,0,6300,0
11671,20000,1,2,1,31,0,0,0,0,0,0,18490,25404,19789,19985,19676,6971,1500,2393,1000,494,139,19710,0
11672,110000,1,1,1,56,3,2,2,3,2,2,46335,45319,50030,48940,48026,55979,0,5800,0,0,8774,0,1
11673,140000,1,1,2,26,0,0,0,0,0,0,84729,102693,41266,39634,115440,133580,26894,1500,11888,115440,23900,10586,0
11674,50000,1,3,1,56,0,0,0,0,0,0,24729,20285,26026,12059,9765,10097,1338,1011,482,228,365,1261,0
11675,230000,2,2,2,27,0,0,0,0,0,0,79872,85538,77063,40102,52454,12314,10033,5010,5,45000,8000,35660,0
11676,200000,2,1,2,28,0,0,0,0,0,2,184602,187145,190983,188714,196262,198059,7000,7000,9000,10700,10600,0,0
11677,120000,2,2,1,30,0,0,0,0,0,0,2706,161,250,2561,-295,-295,569,250,3265,0,0,0,0
11678,50000,1,2,1,46,0,0,0,0,0,0,49046,49221,46505,6991,4809,1890,2185,2938,6996,4809,1890,6890,0
11679,140000,2,3,1,39,0,0,0,0,0,0,108028,104626,101376,80840,75462,75957,3889,4412,3000,3000,3000,4000,0
11680,100000,2,3,2,48,0,0,0,0,0,0,16584,16009,64886,66202,72526,74323,16137,64886,2353,10000,3000,2670,0
11681,80000,1,3,1,43,0,0,0,0,0,0,231550,223337,206390,0,1257,33592,5067,12290,0,1257,35238,1145,0
11682,100000,1,2,2,29,2,2,3,2,2,2,86974,98246,95884,93528,96397,96258,12700,0,0,6050,1600,3400,1
11683,120000,2,2,2,23,0,0,0,0,0,0,38609,41992,36607,38828,38325,39222,5000,4000,4017,3000,3000,3000,0
11684,50000,1,2,1,50,0,0,0,0,0,0,3526,-4,1473,2517,1217,4459,0,1477,2524,1320,4572,2206,1
11685,30000,2,2,2,24,0,0,0,0,0,0,784,4184,0,0,0,0,4200,1000,0,0,0,0,0
11686,330000,2,2,2,27,0,0,0,0,0,0,237515,230471,233421,201240,186444,158521,11012,11012,6548,6497,6037,5141,0
11687,240000,1,1,1,53,0,0,0,0,0,0,232943,236437,133385,136654,136639,123951,9700,5000,5500,5500,5000,5000,0
11688,290000,2,2,2,39,0,0,0,0,0,0,228342,235380,240049,107993,110691,50143,10600,10200,4000,4534,2670,700,1
11689,60000,1,2,2,42,0,0,0,0,0,2,60660,57718,38144,29542,30700,30064,3500,1731,2009,4121,0,1000,0
11690,360000,2,1,2,29,0,0,0,0,0,0,5751,1501,624,0,1000,1866,1501,624,0,1000,1866,252,0
11691,200000,2,1,2,39,0,0,0,0,0,0,0,0,798,0,307,497,0,798,0,307,497,0,0
11692,450000,2,1,1,33,0,0,0,0,0,0,67139,60995,62728,63223,63011,43156,3000,3000,2000,8110,2600,2000,0
11693,80000,1,1,1,41,1,2,0,0,0,0,102383,92704,87338,46927,80194,0,0,4000,939,80000,0,0,0
11694,230000,2,2,1,32,0,0,0,0,0,0,750,0,0,790,0,2803,0,0,790,0,2803,0,0
11695,160000,2,2,1,32,0,0,0,0,0,0,390,390,1560,1170,780,390,390,1560,0,0,0,390,0
11696,20000,2,3,2,53,0,0,0,0,0,0,4400,-220,-220,-610,390,0,0,0,0,1390,0,780,0
11697,200000,2,3,1,28,0,0,2,0,0,0,188,2791,188,376,188,6884,2791,0,376,0,6884,4187,1
11698,240000,2,2,1,35,0,0,0,0,0,0,1473,1473,1473,1473,1473,1473,1473,1473,1473,1473,1473,390,1
11699,80000,2,3,2,39,0,0,0,0,0,0,4762,6712,1814,4811,1379,6136,6734,1817,4817,1381,6137,6251,0
11700,20000,1,2,1,53,0,0,0,0,0,0,12278,13209,7215,1520,0,0,1500,1060,30,0,0,0,0
11701,120000,2,1,2,25,0,0,0,0,0,0,120568,122285,123294,81042,81225,79777,5224,5427,2830,3000,2900,2818,0
11702,130000,2,3,2,24,2,2,3,2,2,2,49583,53275,51960,49723,47120,46188,5100,0,0,4500,0,1500,1
11703,200000,1,3,1,45,0,0,0,0,0,0,97933,78409,58998,60219,61748,64220,3200,2200,2200,2500,3500,90000,0
11704,330000,1,1,2,36,0,0,0,0,0,0,-10,-10,-10,-10,-10,-10,0,0,0,0,0,0,0
11705,30000,2,3,1,22,1,2,0,0,4,4,21508,20881,23217,28498,28060,29999,0,3000,6000,1200,3000,0,1
11706,20000,1,2,2,25,2,2,3,3,3,3,1050,1050,1050,1050,1050,1050,0,0,0,0,0,0,0
11707,170000,1,1,1,41,0,0,0,0,0,0,10540,0,9871,9739,66,230,0,9871,0,0,230,23709,1
11708,150000,2,2,2,24,1,2,0,0,0,0,170971,165806,146001,113907,115578,111863,39,6000,3937,4077,4504,23066,0
11709,20000,1,2,2,25,0,0,2,2,2,2,15859,18486,18686,18983,18540,19775,3200,800,900,0,1700,0,0
11710,160000,2,1,2,29,1,0,0,0,0,0,-146,15414,1857,550,2602,10381,17833,2252,9694,10000,11797,7289,0
11711,140000,2,2,2,38,0,0,2,0,0,2,15438,12140,11225,6688,6908,6438,2620,0,310,400,0,1435,0
11712,150000,1,2,2,27,0,0,0,0,0,0,61606,61950,200,51099,24487,17624,5000,200,52399,5063,1500,2200,0
11713,120000,2,3,2,47,1,2,2,2,2,2,121400,123055,118030,122443,120370,123766,7352,0,8990,0,9000,0,0
11714,50000,1,2,2,29,0,0,0,0,2,2,13192,14668,15614,17155,16741,19131,2000,1500,1800,0,2843,0,1
11715,180000,2,1,2,32,1,2,2,0,0,0,17816,18247,33230,5168,0,0,1000,0,103,0,0,0,0
11716,60000,1,1,2,28,0,0,0,0,2,0,18996,20806,22447,24337,23808,24610,2120,2000,2269,0,1200,2269,1
11717,100000,1,2,2,34,2,2,2,2,2,2,54126,57919,57778,59227,58151,61966,5300,1400,3000,0,4800,2500,1
11718,120000,1,2,2,28,0,0,0,0,0,0,4310,3905,2411,1925,2943,6249,3905,2411,1925,2943,6249,1780,1
11719,20000,1,1,2,24,1,0,0,0,0,0,0,0,0,0,0,1273,0,0,0,0,1273,0,1
11720,70000,2,1,2,29,2,2,2,2,2,2,44594,45588,46540,47378,46490,47758,2000,2000,1900,0,2200,3600,1
11721,200000,1,2,1,58,2,2,0,0,2,0,190672,186230,188391,199101,185247,165232,0,6784,13788,14,6021,5099,0
11722,500000,2,1,1,48,0,0,0,0,0,0,273430,268256,262467,254307,249106,242741,9704,10851,9005,9074,8501,8985,0
11723,460000,1,1,1,41,0,0,0,0,0,0,81848,7653,47633,1296,0,0,8877,47830,1296,0,0,0,0
11724,160000,1,2,2,57,0,0,0,0,0,0,152689,148126,144978,141639,138383,134951,5500,5300,5053,5010,4850,5000,0
11725,20000,1,6,2,27,0,0,0,0,0,0,19189,19226,18371,18400,0,0,1376,1206,2222,0,0,0,0
11726,300000,1,2,2,42,0,0,0,0,0,0,1188,3071,7854,10426,16784,4334,2000,5000,5000,10000,4334,3578,1
11727,40000,1,2,1,44,0,0,0,0,0,0,36917,38260,32680,23472,25436,34309,2000,2000,1000,3000,10000,1142,0
11728,130000,2,3,1,26,0,0,0,0,0,0,131724,130186,124530,115800,98268,83729,5510,8970,5239,5234,4000,4000,1
11729,120000,2,1,2,25,0,0,0,0,0,0,11431,6857,6865,8209,4825,4322,6000,3147,12000,4000,5000,1759,0
11730,20000,2,2,2,22,0,0,0,0,0,0,18062,18374,19222,18014,18627,15811,1700,1500,1000,1000,1000,1000,0
11731,200000,2,1,2,47,0,0,0,0,0,0,23905,10163,20426,15592,12541,8667,12020,21008,16026,60,8667,18500,0
11732,20000,1,2,1,51,0,0,0,0,0,0,18321,18446,18285,18235,16259,10640,1355,1136,646,381,337,1251,0
11733,10000,1,2,2,32,0,0,0,0,2,0,7231,7497,9355,9594,8535,8713,1142,2000,758,0,313,1000,0
11734,400000,2,1,2,28,0,0,0,0,0,0,10430,24979,29925,25423,7064,15920,24030,14062,1824,40,15673,16694,0
11735,180000,2,1,2,28,1,2,2,2,2,2,65054,57314,54485,59415,57110,19339,1568,4,8000,387,0,0,0
11736,60000,2,2,2,23,0,0,0,0,0,0,21295,22629,23338,23810,25418,26050,1679,1388,860,2000,1055,2000,0
11737,260000,2,1,2,28,0,0,0,0,0,0,187068,193245,204730,246985,240543,227725,10360,60000,100008,10000,11700,5000,1
11738,50000,1,3,1,36,0,0,0,0,0,0,36809,24248,18588,18958,19355,19788,1601,1309,679,703,755,396,0
11739,120000,2,2,1,30,2,0,0,0,2,2,87199,89008,90834,95499,93857,99504,4110,4203,7100,0,7396,3700,1
11740,300000,2,1,1,47,2,2,2,2,2,2,5000,5000,5000,5000,5000,5000,0,0,0,0,0,0,1
11741,20000,1,2,2,36,0,0,0,0,0,0,18400,0,0,0,0,0,0,0,0,0,0,0,1
11742,180000,1,2,1,26,0,0,0,0,0,0,396,396,396,396,396,396,396,396,396,396,396,396,0
11743,30000,2,2,2,23,0,0,0,0,0,0,27141,25125,27835,24743,28020,25607,3000,5000,1000,20000,3000,8000,0
11744,70000,1,2,2,31,0,0,2,2,3,2,5942,8176,8891,9522,9084,8792,2500,1000,923,0,0,400,0
11745,220000,1,1,2,51,0,0,0,0,0,0,20730,-270,53895,-105,20895,20835,0,54165,0,21000,20940,33460,1
11746,110000,2,1,1,37,0,0,0,0,0,0,2610,54223,57299,50418,48093,3389,54300,6600,400,4000,1771,0,1
11747,180000,1,1,2,33,0,0,0,0,0,0,37711,40102,78400,3000,0,0,3000,40129,3000,0,0,0,0
11748,80000,2,1,2,31,0,0,0,0,0,0,5759,8395,1768,4284,7202,2014,8414,1775,4284,7202,2014,5218,0
11749,100000,2,1,1,34,1,2,2,2,2,2,46092,45074,48287,49091,50149,51176,0,3978,1900,2000,2000,0,0
11750,50000,2,2,1,45,0,0,2,2,2,2,46248,50893,48854,50901,50015,48179,5750,0,3800,1890,0,1850,1
11751,50000,2,2,2,28,0,0,0,0,0,0,59321,56454,53278,19437,19845,19911,2329,2353,39886,704,730,656,0
11752,130000,2,1,1,38,0,0,0,0,0,0,5190,649,0,0,0,0,649,0,0,0,0,0,1
11753,290000,2,2,0,49,0,0,0,0,0,0,52547,53829,53841,54486,55198,55878,2542,1926,1931,1989,2002,2028,0
11754,240000,1,1,2,33,0,0,0,0,0,0,124105,127593,130474,134296,139117,143634,7000,5000,6000,7000,7000,5445,0
11755,160000,2,2,2,27,1,0,0,0,0,0,0,0,6204,6204,0,0,0,6204,0,0,0,0,0
11756,50000,1,2,2,34,0,0,0,0,0,0,48973,50601,49805,27605,29447,30045,91000,1200,600,29057,1076,1300,0
11757,30000,1,2,3,45,0,0,0,0,0,0,3390,390,780,780,0,0,390,780,0,0,0,0,0
11758,60000,2,2,1,39,1,0,0,0,0,0,0,0,0,0,0,0,0,0,0,0,0,0,0
11759,60000,2,2,2,57,0,0,0,0,0,0,53584,41935,30077,30246,30257,29768,2000,2000,2300,2000,3000,1500,0
11760,100000,2,3,1,51,0,0,0,0,0,0,98918,96916,98492,89961,93971,85526,4523,4213,3100,10000,3220,3130,0
11761,140000,1,1,1,27,1,0,0,0,0,0,-488,-488,-488,-488,-488,-488,0,0,0,0,0,0,0
11762,150000,1,2,1,35,0,0,0,0,0,0,125063,118843,137751,141330,146389,132617,10050,30000,5000,6088,5150,10000,0
11763,500000,1,2,2,28,0,0,0,0,0,0,47399,48711,48642,49062,149034,181876,2361,1500,1128,100330,100486,2114,0
11764,20000,1,2,1,33,0,0,0,0,0,0,4128,5550,6599,6839,7228,7457,1500,1300,500,500,500,1000,1
11765,240000,2,2,2,37,0,0,0,0,0,0,500,0,0,0,0,0,0,0,0,0,0,0,0
11766,90000,1,3,3,34,0,0,0,0,0,0,33957,4976,176,21601,7423,9252,4990,176,21665,8213,9279,16445,0
11767,160000,2,1,1,69,2,2,0,0,0,0,498,135,0,0,0,508,135,0,0,0,508,1287,0
11768,280000,2,2,2,33,0,0,0,0,0,0,167,3690,1735,1735,1714,843,3700,1735,0,1700,1000,22000,1
11769,260000,2,2,2,27,0,0,0,0,0,0,25419,19045,19270,11915,114479,24511,3000,3017,11915,114479,2000,2500,0
11770,130000,1,5,1,44,0,0,0,0,0,0,75472,75095,59335,54668,22780,13417,2452,2140,1093,13706,500,100,1
11771,500000,2,3,1,50,0,0,0,0,0,0,5310,5484,14539,13291,3645,4763,2703,10043,6065,3648,2003,1004,0
11772,120000,1,2,1,39,2,0,0,0,0,0,435,435,1887,435,435,435,435,1887,435,435,435,435,0
11773,210000,1,1,2,30,0,0,0,0,0,0,1060,3229,4107,5931,4665,6607,2200,1005,3208,2000,2000,49980,0
11774,50000,1,2,1,46,0,0,0,0,0,0,48905,49764,36535,32428,15313,16057,1800,1430,1000,1000,1000,1000,0
11775,210000,1,2,1,36,0,0,0,0,0,0,1060,777,7971,-8,-8,-8,779,7994,0,0,0,1704,0
11776,10000,2,2,2,27,1,2,2,0,0,0,8944,9882,9538,9808,8650,0,1230,0,500,450,0,0,1
11777,70000,2,2,2,34,2,2,2,0,0,2,64913,63387,58840,56431,56859,54449,3000,0,2000,4219,1700,323,0
11778,150000,1,2,2,31,0,0,2,0,0,0,8839,18814,14776,15582,7722,10156,11394,0,13000,7722,11000,21191,0
11779,60000,1,3,2,57,0,0,0,0,0,0,15602,16629,17638,17989,18383,21781,1284,1293,644,684,3721,761,0
11780,120000,1,2,2,29,0,2,2,2,0,0,5521,2197,1010,0,0,0,1010,0,0,0,0,0,1
11781,80000,2,1,2,30,0,0,0,0,0,0,48006,48159,46099,47039,48286,48974,2100,3000,2000,2000,2000,2000,0
11782,490000,1,1,2,36,0,0,0,0,0,0,5310,2691,3367,-46,9285,-14,2711,3384,0,9331,0,2960,0
11783,450000,1,1,1,44,0,0,0,0,0,0,32000,3417,4700,20916,9695,6361,3423,4700,20916,9695,6361,6447,0
11784,20000,2,5,2,23,0,0,0,0,0,0,16371,17801,18256,18425,0,0,2000,1200,369,0,0,0,0
11785,10000,1,1,2,23,0,0,2,2,4,5,3035,5802,5561,8455,9730,8999,3000,0,3000,2000,0,0,0
11786,20000,2,3,1,44,0,0,0,0,0,0,836,390,390,390,1487,3560,390,390,390,1487,3560,15000,0
11787,50000,1,2,2,27,0,0,0,0,0,0,6105,7347,8000,8000,10000,0,1500,1000,0,2000,0,2556,0
11788,300000,1,1,1,51,0,0,0,0,0,0,18961,4371,3391,34282,12983,0,4387,3472,47371,64,0,33588,1
11789,80000,1,1,2,27,0,0,0,0,0,0,2049,805,1672,12205,3487,24764,2003,2019,12241,3510,24843,4001,0
11790,310000,1,1,1,39,0,0,0,0,0,2,360,0,91059,155,28100,4544,0,91059,155,28490,0,1041,0
11791,50000,2,3,1,41,0,0,0,0,0,0,48403,49448,50125,9717,9549,9840,2550,2227,339,500,600,500,0
11792,500000,1,2,1,39,0,0,0,0,0,0,23800,297,9342,3518,5597,717,297,9342,3518,5597,717,25349,0
11793,80000,2,3,1,40,0,0,0,0,0,0,22747,16260,6500,15525,0,0,3002,6500,15525,0,0,0,0
11794,30000,2,3,3,26,1,2,0,0,0,0,30698,29034,28317,27872,28456,28230,0,1442,986,1021,1015,1143,1
11795,10000,1,2,2,42,1,2,0,0,0,0,9980,9178,7912,4838,10096,10112,1000,1517,194,6700,1000,1500,1
11796,390000,2,1,1,39,0,0,0,0,0,0,31825,56333,70133,63177,63670,22407,56613,70159,1264,493,22505,1162,0
11797,290000,1,2,1,44,0,0,0,0,0,0,167,616,640,526,336,527,619,643,528,337,529,696,1
11798,120000,2,2,1,33,0,0,0,0,0,0,46640,50865,54401,57873,61917,63880,5000,5000,5000,5000,3000,3000,0
11799,50000,2,1,2,27,0,0,0,0,0,0,28387,36276,17445,15575,8075,-589,10000,1031,4050,4000,0,0,0
11800,280000,1,1,1,36,0,0,0,0,0,0,2624,-26,5214,17187,2848,5287,0,5240,17273,2861,5313,0,0
11801,20000,2,1,2,24,0,0,0,0,0,0,18556,19162,19293,19298,19198,0,1805,1400,405,400,0,0,0
11802,20000,2,2,2,22,0,0,0,0,0,0,8392,-100,0,1828,2800,0,0,1000,1828,1500,0,3000,0
11803,90000,2,1,2,27,2,0,0,0,0,2,27459,28514,29733,30138,33248,32564,1800,2000,1200,3600,0,2000,1
11804,90000,2,2,1,30,2,2,0,0,0,0,64937,63240,51426,37872,33780,47367,0,1798,1426,1450,40000,711,0
11805,120000,2,2,2,35,1,0,0,0,0,0,0,0,554,4131,930,0,0,554,4131,930,0,2581,0
11806,80000,2,3,1,40,0,0,0,0,0,0,12171,11554,7830,4305,5427,6180,1500,1218,311,1351,1000,2000,1
11807,180000,2,2,1,68,0,0,0,0,0,0,127933,133279,127636,138164,142921,153691,15000,12000,20000,10000,20000,5000,0
11808,200000,2,1,2,32,0,0,0,0,0,0,326,6914,2343,23834,11000,1315,6914,2343,23834,11000,1315,1934,1
11809,50000,2,3,1,55,0,0,0,0,2,0,46300,10849,8857,9658,9359,9554,1200,1147,1222,0,350,338,0
11810,360000,1,1,2,30,0,0,0,0,0,0,14409,3540,500,500,0,1191,3540,500,500,0,1191,0,0
11811,30000,2,2,1,27,0,0,0,0,0,0,23134,23302,22844,22101,19535,19580,1712,1400,442,391,500,0,0
11812,50000,2,2,2,24,0,0,0,0,0,0,50062,34819,48909,15033,3198,0,2000,15412,870,3198,0,0,0
11813,80000,2,2,1,37,0,0,0,0,0,0,1324,1087,0,5963,1280,1243,1087,0,5963,1280,1243,1216,0
11814,120000,1,2,2,34,1,2,2,3,2,0,45755,46725,49653,48571,47664,48720,2000,4000,0,0,2000,2000,1
11815,30000,2,1,2,29,0,0,0,0,0,0,8326,557,8557,8400,20966,13638,557,8000,43,20109,222,62,0
11816,260000,2,2,2,30,0,0,0,0,0,0,165,165,274,165,333,165,165,274,165,333,165,293,0
11817,50000,1,2,1,62,0,0,0,0,0,0,51350,50350,49289,49058,47512,48930,50908,1800,1800,1800,2200,1774,0
11818,30000,2,2,1,23,2,2,2,2,2,2,26795,29654,28879,30892,30500,0,3300,0,2500,0,0,0,0
11819,50000,1,3,1,59,0,0,0,0,0,0,51400,0,0,0,0,0,0,0,0,0,0,0,0
11820,340000,2,3,1,40,0,0,0,0,0,0,183139,179156,170491,158370,151685,143623,9000,9000,7000,6000,5400,5000,0
11821,170000,2,2,1,36,0,0,2,0,0,0,2600,5234,2394,7794,5920,2798,5234,0,8000,1500,2798,2600,0
11822,20000,1,2,2,25,1,2,0,0,0,0,20415,18266,18921,19297,18926,17717,1264,1249,625,700,1000,1000,0
11823,230000,2,1,1,35,0,0,0,0,0,0,1246,3284,4283,3476,3283,426,3312,4309,3549,3297,426,1390,0
11824,460000,1,1,2,28,0,0,0,0,0,0,460609,427584,373370,285926,264644,247298,18138,15481,10000,9072,8945,8567,0
11825,20000,1,2,2,56,1,2,2,2,0,0,17819,18239,19094,12393,13037,13817,1000,1500,0,1000,1000,1000,0
11826,210000,1,1,2,30,1,0,0,0,0,0,0,0,0,0,0,0,0,0,0,0,0,0,1
11827,30000,1,2,2,25,2,2,2,0,0,0,29894,31423,30392,28314,29076,30065,2300,0,784,984,1400,0,0
11828,50000,2,2,2,30,1,3,2,2,2,2,47629,46592,47517,48439,49418,50326,0,2000,2000,1900,1900,1900,1
11829,130000,1,1,2,26,1,0,2,2,0,0,-888,5806,888,0,5087,3103,6694,0,0,5087,3103,2490,0
11830,30000,2,3,2,24,2,2,2,2,2,3,15335,14804,16546,15985,17869,17291,0,2300,0,2300,0,0,1
11831,60000,1,2,1,35,0,0,0,2,2,2,10560,11312,13050,12578,14008,13179,1200,1900,0,1600,0,500,1
11832,160000,2,2,2,28,0,0,0,0,0,2,1426,326,1976,810,2165,1997,326,1976,810,2165,0,28377,0
11833,180000,2,2,2,32,0,0,0,0,0,0,54797,56909,57466,58609,59828,59842,3000,2100,2100,2163,1000,2203,0
11834,460000,2,3,2,32,0,0,0,0,0,0,89747,89175,102350,134878,162715,203451,5000,15000,35000,30000,43451,20000,0
11835,30000,2,3,1,53,2,0,0,0,0,0,34775,35946,37685,33305,28305,20371,1733,2452,1072,1089,3101,5000,0
11836,280000,1,2,1,36,0,0,0,0,0,0,143650,0,0,0,0,0,0,0,0,0,0,0,0
11837,100000,1,2,2,33,1,0,0,0,0,0,0,0,0,0,79679,79691,0,0,0,79679,3300,3210,0
11838,30000,1,2,2,29,6,5,4,3,2,0,32875,32101,31071,30136,28496,29675,0,0,0,0,1642,0,1
11839,150000,2,1,2,29,0,0,0,0,0,0,39215,49300,53030,65006,50515,0,11200,16000,12376,1109,0,0,0
11840,200000,2,2,1,47,0,0,0,0,0,0,11418,2541,10599,13865,6177,5519,2541,10599,13865,0,5519,2358,0
11841,150000,1,1,2,28,0,0,0,0,0,0,123767,18479,7672,1736,82188,67578,20732,7672,1736,82178,5000,2600,0
11842,370000,2,2,1,45,0,0,0,0,2,2,162526,168389,338660,221808,222304,217704,10000,10000,114000,10000,0,9000,0
11843,200000,2,1,2,34,0,0,0,0,0,0,2603,11381,0,1000,0,0,11381,0,1000,0,0,0,0
11844,200000,2,1,1,32,0,0,0,0,0,0,10760,11945,14562,22457,15569,9819,2000,5000,10000,5000,602,10000,0
11845,30000,2,1,2,24,2,2,6,6,5,4,1800,1800,1800,1800,1200,600,0,0,0,0,0,0,0
11846,210000,2,2,2,27,0,0,0,0,0,0,190,-310,1527,1901,0,2706,0,3054,2189,0,2706,0,0
11847,120000,2,2,1,42,0,0,0,0,0,0,94218,95129,172957,85332,87103,71237,3415,3002,3177,3271,2702,2620,0
11848,470000,2,2,1,35,0,0,0,0,0,0,218675,225519,230011,234639,239502,244328,8717,8000,6671,6882,6960,8751,0
11849,60000,2,6,1,39,0,0,0,0,0,0,183,1419,3541,2248,0,449,1419,3541,2248,0,449,0,0
11850,260000,1,1,1,53,0,3,2,0,0,0,1361,1188,792,792,396,2289,0,0,396,0,2289,164047,0
11851,80000,1,2,1,28,0,0,0,0,0,0,390,390,390,540,540,540,390,390,540,540,540,390,1
11852,100000,2,3,1,47,0,0,0,0,0,0,46104,47146,48162,48806,49910,51400,2086,2102,1746,1890,2400,0,0
11853,200000,1,1,1,38,1,0,0,0,0,0,-57,-382,1293,968,643,318,0,2000,0,0,0,1370,0
11854,360000,1,3,1,34,1,1,0,0,0,0,277040,-22960,338600,22960,22960,0,0,361560,22960,0,0,0,0
11855,70000,2,2,1,27,2,2,2,2,2,0,31455,34623,34757,35888,35180,35941,4000,1000,2000,0,1500,3000,1
11856,420000,1,3,1,45,2,0,0,0,0,0,520453,520643,517746,428655,352793,350036,18500,20000,16000,11717,12000,12000,0
11857,150000,2,1,1,32,1,2,2,0,0,0,4605,4390,-25,-25,-25,-25,22,0,0,0,0,0,0
11858,240000,1,2,1,44,0,0,0,0,0,0,8421,14201,-28,-401,5109,7001,14230,0,0,7000,2000,3919,0
11859,360000,2,1,2,43,1,0,0,0,0,0,0,7221,26194,0,3550,2511,7221,26194,0,3550,2511,6895,0
11860,390000,2,2,1,30,0,0,0,0,0,0,98984,102158,96446,87912,89991,91470,5700,4000,3200,3500,3100,3000,0
11861,180000,1,2,2,27,0,0,0,0,0,0,11599,644,644,29944,644,264,644,644,29944,644,264,1024,0
11862,50000,2,1,2,25,0,0,0,0,0,0,2058,287,3423,0,3198,0,287,3423,0,3198,0,0,0
11863,180000,2,2,2,26,0,0,0,0,0,0,88846,89730,93682,103273,104492,109818,3279,6428,13669,3816,8048,3501,1
11864,200000,1,2,1,41,1,2,0,0,0,0,69963,67223,69167,69289,70333,70610,0,2943,2301,2374,2500,5300,0
11865,50000,1,2,1,36,1,0,0,0,0,0,0,0,0,0,0,4473,0,0,0,0,4473,1650,0
11866,280000,1,2,2,29,0,0,0,0,0,0,330,9500,0,0,0,261,9500,0,0,0,261,0,0
11867,90000,2,2,2,40,0,0,0,0,0,0,9663,69279,59483,3065,854,2328,69616,59483,26665,854,2334,10825,0
11868,420000,1,1,1,46,2,2,0,0,0,0,436968,428712,425345,354852,353113,353720,0,16100,13000,14064,111170,11300,0
11869,70000,2,2,1,37,1,2,0,0,0,2,7204,5326,5954,1069,4711,4514,0,5954,0,4514,0,0,0
11870,170000,2,2,1,34,0,0,0,0,0,0,1837,1328,321,0,3857,0,1328,324,0,3857,0,253,0
11871,210000,2,1,2,48,1,0,0,0,0,0,0,0,0,486,836,836,0,0,486,836,0,0,1
11872,80000,1,1,1,33,0,0,0,0,0,0,75593,71643,49481,38427,34683,159,2503,1508,1500,1600,279,0,0
11873,70000,2,1,2,48,0,0,0,0,0,0,62319,65102,63529,61778,42092,36751,6000,4000,3000,5000,5000,2000,0
11874,100000,1,2,1,29,2,2,2,3,3,2,82781,85536,90018,91151,89429,91185,5000,6800,3500,0,3400,3500,0
11875,60000,1,3,2,31,2,2,2,0,0,0,30841,34336,33489,35615,38027,39239,4000,0,3000,3000,2000,3000,0
11876,350000,1,2,2,29,0,0,0,0,0,0,36151,37624,38568,39569,41162,41961,2056,2000,2000,2004,2067,2060,0
11877,180000,2,2,2,36,1,0,0,0,0,0,0,0,0,0,1482,0,0,0,0,1482,0,9262,0
11878,200000,1,2,2,30,0,0,0,0,0,0,67825,70193,64997,60907,62452,62191,10000,3000,2154,2500,2400,2300,0
11879,120000,2,1,2,26,0,0,0,0,0,0,67519,110908,46025,43887,36207,24612,3000,2100,2700,2000,1127,2202,0
11880,70000,2,2,2,24,0,0,0,0,0,0,16366,15500,9660,6208,702,4320,1000,9660,6208,702,4320,1650,0
11881,200000,2,1,1,29,0,0,0,0,0,2,21326,30928,124497,126854,139660,145455,10000,95000,4552,15002,8000,0,0
11882,200000,2,1,2,39,0,0,0,0,0,0,10140,9956,16636,38409,8958,4573,9984,16754,38522,8983,4585,4549,0
11883,50000,1,1,1,38,0,0,0,0,0,0,21912,22939,23647,24118,24729,25267,1685,1393,864,1000,950,936,0
11884,290000,1,1,1,49,0,0,0,0,0,0,4599,28420,7051,20356,17803,2722,28420,7051,20000,17803,2722,14979,0
11885,120000,1,2,2,26,0,0,0,0,0,0,74831,78082,80333,82497,84438,86332,4000,3062,3000,2773,3000,1899,0
11886,220000,2,2,2,37,0,0,0,0,0,0,1918,4626,5602,769,5595,2538,4626,5602,769,5595,2538,1686,0
11887,50000,2,3,1,50,0,0,0,0,0,0,43140,43496,0,0,0,0,2500,0,0,0,0,0,0
11888,360000,2,1,1,35,1,0,2,0,0,0,0,2819,2600,2800,2800,0,2819,0,200,0,0,0,0
11889,140000,1,2,2,45,0,0,0,0,0,0,36856,27919,24865,22892,50652,47334,1500,1273,607,41774,1712,1563,0
11890,30000,2,2,2,22,0,0,0,0,0,0,0,0,0,0,0,0,0,0,0,0,0,0,0
11891,130000,2,2,2,23,0,0,0,0,0,0,136,0,0,0,0,0,0,0,0,0,0,0,0
11892,140000,2,1,2,35,0,2,0,0,0,0,2736,1276,2552,1276,1276,1276,0,2552,0,1276,1276,1276,0
11893,260000,2,2,1,37,0,0,0,2,2,2,3689,3992,503,503,503,503,3993,503,0,0,0,1200,0
11894,50000,2,3,2,54,0,0,0,0,0,0,22136,23165,24178,24659,25175,25832,1388,1401,882,913,1075,782,0
11895,60000,1,2,1,32,0,0,0,0,0,0,56228,56861,58152,58615,54338,55915,2147,4740,1926,2597,2638,2478,0
11896,20000,1,1,2,36,0,0,0,0,0,0,7075,7860,0,0,0,0,1000,0,0,0,0,0,0
11897,250000,2,3,2,26,0,0,0,0,0,0,188526,188454,176634,159655,139273,117986,7002,6500,6000,5500,4000,3847,0
11898,20000,1,3,2,27,0,0,0,0,0,2,20443,19038,38730,-210,690,150,1558,1400,400,1290,0,780,0
11899,200000,2,3,2,29,0,0,0,0,0,0,1945,995,2234,3678,32405,30943,1000,2244,3678,31996,1097,1579,0
11900,50000,2,3,2,25,0,0,0,0,0,0,6954,6032,6529,7533,7857,4424,2161,1000,1004,3004,1005,2006,0
11901,210000,1,2,2,35,1,0,0,0,0,0,0,0,0,0,0,0,0,0,0,0,0,0,0
11902,110000,1,1,2,29,1,0,0,0,0,0,0,0,0,9150,1960,3930,0,0,9150,0,3930,0,0
11903,20000,1,2,2,28,1,2,2,2,0,0,2013,1837,3831,2825,1970,1735,0,2212,0,0,175,0,0
11904,250000,1,1,2,30,0,0,0,0,0,0,61331,42741,43214,36847,23230,21139,3000,2000,1048,1006,1507,10000,0
11905,10000,1,2,2,21,0,0,0,0,0,0,9900,0,0,0,0,0,0,0,0,0,0,0,1
11906,140000,2,1,2,30,0,0,0,0,0,0,4717,5329,5445,5328,6243,21030,5329,5445,5328,6243,21030,10266,0
11907,100000,2,2,2,25,0,0,2,0,0,0,87401,93476,91077,92885,94831,96907,7497,0,3324,3442,3653,4449,1
11908,130000,2,3,1,43,3,2,2,2,2,2,19085,18491,20579,19950,21625,21129,0,2400,0,2000,0,1800,1
11909,80000,2,1,2,23,0,0,0,0,0,0,78358,826,-507,3129,1956,4246,826,0,4969,4990,2500,4000,0
11910,350000,2,3,1,38,0,0,0,0,0,0,362,792,3015,6980,8762,7532,792,3019,4580,4000,284,1000,0
11911,140000,1,3,1,45,0,0,0,0,0,0,1553,0,0,0,0,0,0,0,0,0,0,0,0
11912,120000,2,2,1,33,1,0,0,0,0,0,0,0,0,0,197,0,0,0,0,197,0,0,0
11913,480000,1,3,1,46,0,0,0,0,0,2,277803,287770,296399,314867,331653,324093,16000,15000,25000,22000,5000,10000,0
11914,20000,2,2,2,24,0,0,0,0,3,2,3980,5075,5979,6796,6463,2255,1318,1183,1000,0,0,2440,1
11915,30000,1,2,1,43,0,0,0,0,0,0,24643,24963,24428,23598,23696,23147,2496,1357,1000,843,993,853,0
11916,500000,2,2,2,48,0,0,0,0,0,0,185627,182655,180782,194893,93416,94255,8000,9387,20000,3525,3338,3450,0
11917,360000,1,3,1,55,0,0,0,0,0,0,23439,19112,10730,20530,987,837,5000,1200,10000,987,0,1017,0
11918,90000,2,2,1,34,1,0,0,0,0,0,0,2098,0,0,0,501,2098,0,0,0,501,0,0
11919,90000,2,3,1,44,0,0,0,0,0,0,94393,93361,91820,48220,45766,43343,3820,3785,1721,1651,1661,2147,0
11920,150000,2,1,2,33,0,0,0,0,0,0,717,-959,-959,-959,-959,-959,0,0,0,0,0,0,0
11921,130000,2,3,1,49,1,0,2,0,0,0,0,10152,9840,11671,11914,12155,10152,0,2000,431,438,244,0
11922,10000,1,1,2,26,0,2,0,0,0,0,10252,5677,2735,4564,0,0,0,2735,4564,0,0,0,0
11923,70000,1,2,1,35,0,0,0,0,0,0,32507,29775,31273,33739,34632,33746,3000,2000,3000,1600,1500,1600,0
11924,220000,1,1,2,32,0,0,0,0,0,0,207384,213290,219202,222114,173898,166686,9252,11000,8769,6678,6053,6235,0
11925,150000,2,1,2,29,0,0,0,0,0,0,23414,23349,0,3180,0,13649,1000,0,3180,0,13649,1000,0
11926,140000,1,3,0,47,0,0,0,0,0,0,75883,67073,57233,52295,49047,38796,2536,5017,10012,10013,3010,6015,0
11927,160000,2,2,1,34,2,2,0,0,0,0,160285,156328,159322,124363,126802,129365,0,7661,4607,4602,4671,4780,0
11928,80000,2,1,2,27,0,0,0,0,0,0,825,825,-6042,-6867,-8692,54375,825,0,0,0,150000,10000,0
11929,50000,1,3,1,39,0,0,0,0,0,0,44574,0,0,0,0,0,0,0,0,0,0,0,0
11930,20000,1,2,1,32,0,0,0,2,2,0,9622,10974,14963,15123,14741,15340,1511,4500,700,0,1000,1500,0
11931,10000,2,5,2,21,0,0,0,0,0,0,7691,8107,8036,8099,0,0,1192,1000,162,0,0,0,0
11932,320000,2,2,2,34,0,0,0,0,0,0,7806,2944,11755,52566,36658,42332,2944,11768,52592,0,42332,27435,0
11933,290000,2,1,1,40,0,0,0,0,0,0,550,550,550,550,550,550,550,550,550,550,550,0,0
11934,50000,2,1,1,43,0,0,0,0,2,0,49390,50612,29975,30559,29433,30045,2449,1778,2382,0,1251,1051,0
11935,140000,2,2,1,51,0,0,0,0,0,0,4885,649,-9,-9,3177,-10,650,0,0,3186,0,0,0
11936,140000,2,1,1,36,0,0,0,0,0,0,132629,135901,138858,97585,95447,91717,5406,5700,3600,13500,3466,3333,0
11937,50000,2,2,1,49,0,0,0,0,0,0,3126,25362,23683,22833,1352,20791,25368,1237,457,1354,20794,540,0
11938,360000,1,1,2,34,0,2,0,0,0,0,9,9,2009,1029,0,0,0,2000,0,0,0,399,1
11939,140000,1,3,1,43,0,0,0,0,0,0,139445,137950,133250,98147,98924,95100,5500,5000,3500,3510,3500,3500,1
11940,280000,2,2,1,48,0,0,0,0,0,0,9517,36527,14899,18374,13369,8854,36527,14927,18410,13369,8854,17863,0
11941,410000,1,1,2,37,0,0,0,0,0,0,59728,66109,67396,70701,74590,78380,8000,3000,4400,5000,5033,345,0
11942,30000,2,1,2,26,0,0,0,0,0,0,125,125,125,4671,25871,15222,125,125,4671,25000,3000,2256,0
11943,50000,2,3,1,50,1,2,2,0,0,0,4446,4166,0,0,0,0,0,0,0,0,0,0,0
11944,60000,2,2,2,26,0,0,0,0,0,0,57171,58656,53271,54331,55513,56898,2464,1932,1944,2057,2351,1963,0
11945,170000,2,2,2,29,0,0,0,0,0,0,47742,45529,42805,38017,39239,39411,2105,2447,1200,3000,2000,1500,0
11946,230000,1,2,2,28,0,0,0,0,0,0,651,651,651,0,651,1496,651,651,0,651,1496,1953,0
11947,30000,2,2,1,25,0,0,0,2,2,2,29883,27523,31010,30207,31203,30554,2000,4273,0,2640,0,1500,1
11948,360000,2,1,1,42,0,0,0,0,0,0,5658,4164,2469,0,5724,7334,4164,2469,0,5724,7334,5221,0
11949,360000,1,1,1,30,0,0,0,0,0,0,98048,69568,22030,498,3150,1074,4000,5000,498,3150,1074,2416,0
11950,150000,1,1,2,38,0,0,0,0,0,0,421504,299860,300000,0,0,0,17000,17000,0,0,0,0,0
11951,110000,2,3,1,36,0,0,0,0,0,0,2309,3238,250,3100,0,0,1002,450,3100,0,0,0,0
11952,280000,1,1,2,32,0,0,0,0,0,0,32068,31915,34433,31236,0,500,5000,5000,5000,0,500,4800,0
11953,200000,1,1,1,37,0,0,0,0,0,0,2896,10706,10323,8440,4963,10222,10720,3014,1027,2022,10017,2030,1
11954,50000,1,3,2,33,1,0,0,0,0,0,0,0,0,1000,0,0,0,0,1000,0,0,0,0
11955,150000,1,2,2,28,0,0,0,0,0,0,79426,71364,71219,56277,54231,55243,3003,2503,1880,1875,2666,1396,1
11956,360000,1,1,2,36,0,0,0,0,0,0,331365,338400,493,0,2030,2112,15000,493,0,2030,2112,750,0
11957,130000,1,3,1,49,0,0,0,0,0,0,119466,116833,106524,89412,86993,87433,5044,5067,5013,5002,4002,5009,0
11958,230000,2,3,1,48,0,0,0,0,0,0,500,14883,33151,0,0,469,14883,20757,0,0,469,716,0
11959,480000,2,2,2,48,0,0,0,0,0,0,2475,995,3647,7621,1735,302818,1000,3652,7626,1740,302823,19608,0
11960,30000,2,3,1,35,2,0,0,0,0,0,28852,29777,29478,30290,27803,25762,1700,1700,1500,1500,1500,1500,1
11961,150000,2,2,2,42,0,0,0,0,0,0,89341,79904,72182,61014,49502,46055,5000,6000,3000,2000,10000,5000,0
11962,500000,1,1,1,42,0,0,0,0,0,0,29365,94120,36511,18323,7865,7960,94135,36575,18323,13445,9016,7077,0
11963,220000,2,2,1,43,1,0,0,0,0,0,0,0,0,0,0,0,0,0,0,0,0,0,1
11964,360000,2,1,2,56,0,0,0,0,0,0,437,241,0,0,0,2628,241,0,0,0,2628,163,1
11965,160000,2,2,1,42,0,0,0,0,0,0,165686,169969,170142,119529,122059,111378,8450,5289,4022,4195,3986,3958,1
11966,270000,2,2,2,42,0,0,0,0,0,0,12263,10025,0,0,0,0,10025,0,0,0,0,0,0
11967,610000,1,1,2,35,0,0,0,0,0,0,269672,274882,276887,260761,266747,271886,10000,11000,10000,11000,10000,10000,0
11968,20000,1,3,2,29,0,0,0,0,0,0,4453,7997,6573,7422,4381,11718,8019,6779,7547,4589,12000,7556,0
11969,70000,2,2,1,28,1,3,2,0,0,2,9192,8905,8611,8879,9746,8710,0,0,400,1000,0,700,1
11970,260000,2,1,1,35,0,0,0,0,0,0,51133,60247,63615,71839,75506,78647,10000,5000,10000,5000,5000,10000,0
11971,30000,1,2,1,47,0,0,0,0,0,0,778,5898,8610,8402,10878,10790,5900,3000,299,3000,608,274,1
11972,20000,1,2,2,34,1,2,0,0,0,0,20690,20075,19492,19859,19232,15608,0,1500,805,7000,542,242,1
11973,160000,2,3,2,25,0,0,0,0,0,0,141,-756,11520,1520,5171,3716,201,13040,0,5171,3716,107,0
11974,20000,2,2,2,23,0,0,0,0,0,0,16575,17629,18552,15562,16308,17034,1327,1250,800,1000,1000,1000,0
11975,330000,1,1,1,61,0,0,0,0,0,0,14897,19364,906,2342,1702,882,19364,906,2342,1702,882,1940,0
11976,70000,1,2,2,25,0,0,0,2,2,2,50224,58639,11512,10586,20389,17369,10000,10000,0,10000,0,33000,0
11977,300000,1,1,2,27,0,0,0,0,0,0,0,0,0,0,0,0,0,0,0,0,0,0,0
11978,280000,2,2,2,30,2,2,2,2,2,0,254307,257669,226452,215692,194206,185854,9100,5509,7604,0,9200,6400,0
11979,180000,2,2,1,33,0,0,0,0,0,0,47050,49282,50159,51336,54332,56249,3000,2000,2011,4000,3000,3000,0
11980,50000,2,1,2,50,0,0,0,0,0,0,51016,49000,20356,20241,20304,20119,2098,1303,698,719,716,833,0
11981,230000,2,3,2,30,0,0,0,0,2,0,122344,115723,44178,4221,4009,8990,5492,2600,7797,0,5180,4606,1
11982,200000,2,2,1,51,0,0,0,0,0,0,9754,55904,8720,4410,1186,28679,56243,8860,4410,1186,28679,0,1
11983,250000,1,2,2,30,0,0,0,0,2,0,5724,6729,4973,9693,799,4295,2000,2305,4720,0,4305,0,0
11984,100000,1,1,2,31,1,2,0,0,2,0,104395,101736,106101,54707,54924,52141,1867,1867,5026,2800,2800,2800,0
11985,470000,2,1,2,30,0,0,0,0,0,0,1689,499,350,2277,41523,2175,499,350,2277,41523,2175,6351,1
11986,80000,2,1,2,26,0,0,0,0,0,0,3900,331,9970,4250,4574,0,331,9970,4250,4574,0,0,0
11987,250000,1,2,1,39,0,0,0,0,0,0,20461,22813,24063,24886,26446,20301,3000,2000,1500,2000,2000,3000,0
11988,20000,1,3,1,36,2,2,3,3,3,3,1050,1050,1050,1050,1050,1050,0,0,0,0,0,0,1
11989,360000,2,1,2,32,1,0,0,0,0,0,0,0,0,499,1113,392,0,0,499,1113,392,455,0
11990,80000,2,2,1,26,0,0,0,0,0,0,35897,30090,29299,12406,1308,-52,1510,2085,248,26,52,0,0
11991,100000,2,2,1,27,1,1,0,0,0,0,3856,-1278,7571,5386,1133,4143,2,9586,1014,500,3010,1,0
11992,50000,1,1,1,40,1,0,0,0,0,0,0,0,0,0,0,0,0,0,0,0,0,200,0
11993,620000,1,1,1,39,0,0,0,0,0,0,346927,90849,90493,90025,88406,89111,5200,5400,3173,3200,3500,3164,0
11994,100000,2,3,1,28,2,0,0,2,2,2,29770,30485,32434,32592,33102,33860,1825,3100,1300,1500,1771,0,0
11995,30000,1,1,2,22,0,0,0,3,2,0,18796,23153,27439,26708,26141,26823,5000,5000,0,0,1115,2500,0
11996,180000,1,1,2,28,0,0,0,0,0,0,2619,1839,2544,1134,1313,1332,1839,2544,1134,1313,1332,2444,1
11997,330000,2,1,1,36,0,0,2,0,0,0,2964,36,36,24699,2912,14231,36,0,24863,2912,14231,6976,0
11998,90000,1,2,2,34,1,2,0,0,0,0,50281,14033,12628,20172,73512,72588,0,2000,20172,73512,3000,4000,0
11999,280000,1,1,1,41,0,0,0,0,0,0,718,3910,1906,837,360,350,3927,1913,841,360,350,2095,0
12000,20000,1,2,2,30,1,2,0,0,0,0,18231,34558,17363,17569,0,0,0,1200,406,0,0,0,1
12001,120000,1,1,2,37,0,2,0,0,0,0,1235,316,316,16885,46929,69521,0,316,16885,54629,77046,4499,0
12002,240000,2,1,2,27,0,0,0,0,0,0,176829,174143,165755,166291,141380,130742,7058,6800,4050,6084,8028,4267,0
12003,80000,2,3,1,53,1,0,0,0,0,0,0,1710,0,0,0,496,1710,0,0,0,496,2560,1
12004,30000,1,2,1,35,1,0,0,0,3,2,-2221,-8152,-4220,30821,30071,28767,0,0,35821,0,0,1000,0
12005,70000,2,1,1,28,0,0,0,0,0,0,20596,24911,28346,12170,-1686,-3594,5000,4000,12,0,0,0,0
12006,20000,1,2,1,46,1,2,0,0,0,0,19866,19257,18901,18210,0,0,0,1200,9,1000,0,0,1
12007,180000,2,1,1,38,2,0,0,0,0,0,183939,176737,179787,181918,169664,173169,8000,7900,6900,6200,6700,6700,1
12008,140000,1,2,2,62,0,0,0,0,0,0,143107,138581,123491,118886,117059,117405,4839,5000,5000,7500,7000,5029,0
12009,20000,2,1,2,24,0,0,0,0,0,0,17147,18264,19145,17322,16989,12699,1700,1500,822,1000,1000,500,0
12010,230000,2,1,1,31,0,0,0,0,0,0,0,0,0,0,0,0,0,0,0,0,0,0,1
12011,90000,2,2,2,39,2,2,2,2,2,2,82326,82827,87070,87961,86445,91520,2700,6500,3200,0,6500,0,0
12012,170000,2,2,1,33,0,0,0,0,0,0,263,641,0,638,0,362,641,0,638,0,362,1079,0
12013,80000,1,2,2,30,0,0,0,0,0,0,79949,65416,45991,47229,48468,49490,2500,2000,2000,2000,1826,2000,0
12014,80000,1,2,1,36,0,0,0,0,0,0,9097,31091,34651,26569,20082,25535,31091,20000,5000,10000,10000,0,0
12015,80000,1,1,2,37,0,0,0,0,0,0,68553,69191,71918,71534,73344,75218,3000,3310,2200,2400,2500,2400,0
12016,100000,2,2,1,36,1,2,2,2,0,0,79695,77855,83945,81702,83232,84947,0,7400,0,3000,3100,3400,1
12017,120000,2,2,2,26,0,0,0,0,0,0,4787,6190,0,0,0,4800,1500,0,0,0,4800,0,0
12018,50000,2,2,1,47,2,0,0,2,2,2,10992,12047,15257,15410,15917,15514,1540,3750,700,900,0,600,1
12019,260000,1,2,1,64,2,2,2,2,2,2,2500,2500,2500,2500,2500,2500,0,0,0,0,0,0,1
12020,180000,1,1,1,35,0,0,0,0,0,0,170128,172258,138807,132806,135603,137803,7187,5000,4749,5141,4916,4000,0
12021,30000,2,2,1,23,0,0,0,0,0,0,27141,28297,29012,29754,30211,29853,1900,1500,1200,1300,1500,1180,0
12022,80000,1,3,1,52,1,2,2,2,2,2,13701,13034,4119,2705,2855,1411,0,1200,0,1411,0,390,1
12023,50000,1,2,1,36,0,0,2,0,0,0,14668,17194,13948,12165,10242,8428,2800,0,500,360,500,125,0
12024,50000,1,3,1,41,0,0,0,0,0,0,13868,13060,11151,7921,6949,4716,1227,1073,230,241,138,1191,0
12025,90000,2,2,2,28,2,0,0,0,2,0,48177,49563,47750,47169,46284,47519,2500,2500,3700,0,2200,1800,1
12026,180000,2,3,1,35,0,0,0,0,0,0,133733,92955,90159,68789,26614,27528,3514,3569,3204,1000,1310,4459,0
12027,20000,2,2,3,52,0,0,0,0,0,0,19773,18459,19398,18561,18949,17426,1331,1270,633,655,759,547,1
12028,460000,2,2,1,39,0,0,0,2,0,0,15950,13101,22551,21851,22214,80132,13101,10000,0,10000,80132,4882,0
12029,80000,1,1,2,31,1,2,2,0,0,0,61241,62155,56049,50829,50687,47362,2515,16,2003,2013,5007,113,0
12030,50000,1,2,2,35,1,2,2,0,0,2,40624,41381,40416,41395,44063,44587,1700,0,1650,3505,1400,1700,1
12031,50000,1,2,2,37,0,0,0,0,0,0,50581,47990,33276,28507,28709,29793,2020,2010,2000,2000,2000,2000,1
12032,240000,1,1,1,39,1,0,0,0,0,0,-18,-18,-18,-18,-18,-18,0,0,0,0,0,0,0
12033,360000,1,2,1,43,0,0,0,0,0,0,6146,945,5497,4162,1724,1569,1000,5500,4182,1800,1570,1180,0
12034,150000,2,4,2,23,0,0,0,0,0,0,27338,23410,24410,27007,28585,27827,1403,1403,3000,2000,1155,2000,0
12035,20000,1,2,2,24,0,0,0,0,0,0,18186,19086,19618,0,0,0,1500,1000,0,0,0,0,0
12036,30000,1,3,2,44,4,3,2,7,7,7,2646,2646,2646,2646,2646,2646,0,0,0,0,0,0,0
12037,200000,2,1,2,44,0,0,0,0,0,0,0,0,0,7800,30223,10715,0,0,7800,30223,10715,1354,0
12038,80000,2,6,2,51,0,0,0,0,0,0,9747,7592,7420,1467,7505,3837,1203,1020,1467,7505,135,61,0
12039,260000,2,2,2,28,0,0,0,0,0,0,154489,143383,132873,122528,111409,100032,6000,5000,5000,4000,3600,5005,0
12040,20000,1,2,2,49,2,0,0,0,0,0,7823,8691,9701,9894,10102,10534,1151,1161,354,367,600,600,1
12041,240000,2,1,2,39,0,0,0,0,0,0,123704,125133,128856,131620,134413,137188,4905,5800,4900,4900,5000,4515,0
12042,120000,2,1,2,44,1,2,2,2,0,0,27500,28565,29003,28241,28933,30956,1800,1200,0,1300,2500,0,0
12043,20000,2,2,2,22,0,0,0,0,0,0,20117,18784,19538,17958,4968,780,1466,2000,1000,600,0,0,0
12044,20000,2,3,1,52,0,0,2,0,0,0,9410,11840,11260,11260,11260,0,2600,0,0,0,0,0,0
12045,430000,2,1,1,37,0,0,0,0,0,0,1669,412,23547,5064,13258,2249,416,23547,5064,13258,2249,3686,0
12046,80000,2,2,1,46,0,0,0,0,0,0,76270,77376,38556,34345,36020,38420,3400,3000,3000,3000,3000,3000,0
12047,50000,1,2,2,25,0,0,0,0,0,0,47809,49040,29662,28360,28831,29487,2141,1763,1161,1077,1167,1004,0
12048,140000,1,3,2,35,0,0,2,0,0,0,47422,52831,51345,49734,50476,50751,6800,8,1718,4000,2001,1879,0
12049,50000,1,2,1,31,1,2,0,0,0,0,51203,50110,51066,50737,50827,50856,0,2100,1800,1900,2100,1800,0
12050,50000,1,1,2,25,0,0,0,0,0,0,45079,45741,47561,39482,40066,38994,1773,3528,2002,2005,1398,908,0
12051,80000,2,3,0,37,0,0,0,0,0,0,7070,3087,5210,3882,4785,1000,3087,5215,3882,4785,1968,0,0
12052,50000,2,2,1,26,1,2,2,2,2,2,16919,17854,18265,20455,19986,21747,1500,1000,2500,0,2100,0,0
12053,80000,2,2,1,37,0,0,0,0,0,0,39839,40596,41914,42618,43525,44433,1700,1996,1700,1745,1800,2500,0
12054,50000,1,3,1,55,2,0,0,0,0,0,42166,43687,44121,43360,40555,31309,2200,1632,1113,1336,3142,2126,1
12055,80000,2,2,1,60,1,0,0,0,0,0,-2,759,596,-4,1426,1300,761,597,0,1430,1309,1844,1
12056,360000,2,1,1,52,0,0,0,0,0,0,7542,6302,4719,1577,1577,21220,6302,4719,1577,1577,21220,10744,0
12057,60000,2,2,2,41,0,0,0,0,0,0,60672,58929,60335,59384,60861,59241,2741,3000,2300,2600,2200,2665,0
12058,290000,2,1,2,31,0,0,0,0,0,0,1170,0,83289,82889,82889,1964,0,83289,0,0,0,7951,0
12059,50000,1,1,2,56,0,0,0,0,0,0,47076,48427,49317,50855,18177,18823,2110,2000,2376,709,998,535,0
12060,360000,2,5,2,28,0,0,0,0,0,0,243114,46734,12558,0,730,500,1587,1028,0,730,500,0,0
12061,440000,2,2,1,40,0,0,0,0,0,0,3278,2028,981,873,873,840,2035,982,874,874,841,7453,0
12062,500000,1,1,1,36,0,0,0,0,0,0,396,1043,19230,116696,194483,195454,1043,19230,100062,94503,10000,40000,0
12063,240000,1,2,2,27,1,0,0,0,0,0,0,0,0,0,0,0,0,0,0,0,0,0,0
12064,100000,1,2,2,31,0,0,0,0,0,0,21345,26288,23386,25362,26318,42484,6363,4386,5362,4344,20000,4382,0
12065,200000,2,1,1,47,1,2,2,0,0,0,4503,3350,-2209,-2209,-3607,1069,0,630,0,200,10000,2800,0
12066,260000,1,1,1,43,1,0,2,0,0,0,-10,5172,2800,3804,5009,3035,5182,9,2998,5034,3050,2965,0
12067,70000,2,3,1,53,2,2,2,2,2,2,54251,55402,53925,56814,58053,59246,2600,0,4400,2300,2300,2100,1
12068,20000,1,3,1,53,0,0,2,0,0,0,17614,19323,19694,20004,20159,20059,2000,1000,1000,1000,1000,800,1
12069,180000,1,1,2,38,1,2,0,0,0,0,124233,125768,126202,127677,99764,0,5000,4200,3000,5000,2000,0,1
12070,80000,2,2,1,44,0,0,0,0,0,0,47102,24470,25614,21053,18531,19051,1473,1617,856,672,828,910,0
12071,140000,2,1,1,41,0,0,0,0,0,0,142129,130705,99736,80445,81005,79387,15126,9064,4009,5014,5011,7006,1
12072,50000,2,2,1,26,0,0,0,0,0,2,22915,22247,22493,660,1979,836,1411,1650,0,1979,0,1320,0
12073,120000,1,1,1,36,2,0,0,0,2,0,117492,104895,58743,60469,57532,55702,3985,3000,5000,0,2000,1600,1
12074,320000,2,1,1,42,0,0,0,0,0,0,197352,201913,103278,62891,64948,66961,9000,6000,3000,3000,3000,3000,0
12075,70000,1,2,1,39,0,0,0,0,0,0,6056,7292,8663,9018,9222,9568,1500,1500,500,500,500,1000,0
12076,120000,2,2,1,42,0,0,0,0,0,0,499,499,499,499,499,1148,499,499,499,499,1148,0,0
12077,150000,2,2,2,25,0,0,0,0,0,0,100165,102327,101572,103062,83567,85098,5000,3500,3000,3000,3100,3100,0
12078,230000,2,2,1,32,0,0,0,0,0,0,1560,1766,2720,3720,0,0,1046,1000,1000,0,0,44752,0
12079,30000,2,3,0,46,1,2,2,2,2,2,20143,19532,22194,21542,24022,25473,0,3000,0,3000,2000,0,0
12080,290000,2,2,1,34,0,0,0,0,0,0,38027,23036,129433,117500,113149,102593,6000,120000,5000,5000,5000,3500,0
12081,50000,2,2,1,36,0,0,0,0,0,0,4782,0,0,0,0,0,0,0,0,0,0,0,0
12082,360000,1,1,2,34,0,0,0,0,0,0,14867,14612,13739,7995,9480,9952,1079,14598,1017,5022,5049,3304,0
12083,160000,2,3,1,56,0,0,0,0,0,0,2992,4562,-928,1619,928,0,4562,0,2547,0,0,0,0
12084,30000,2,2,2,42,3,2,2,0,0,0,2231,3048,2845,1630,12037,12933,1000,12,0,12037,1100,0,1
12085,60000,1,1,2,27,0,0,0,0,0,2,21387,22416,23444,26038,28607,27997,1378,1406,3000,3000,0,923,1
12086,420000,1,2,1,34,0,0,0,0,0,0,226007,226465,205276,206521,209775,194883,10000,9600,6700,7000,7042,7112,1
12087,50000,1,1,1,42,0,0,0,0,0,0,49887,49515,38680,29664,29057,29083,1850,1507,1100,1200,1116,2900,0
12088,360000,2,2,2,34,1,0,0,0,0,0,0,0,0,0,0,0,0,0,0,0,0,0,0
12089,250000,1,3,1,46,0,0,0,0,0,0,55891,59152,20615,13896,79740,70097,21343,1238,1235,79788,2148,18253,0
12090,160000,1,1,2,32,0,0,2,2,2,3,82345,91345,92444,93715,97451,97477,9000,3500,3700,5400,1900,0,0
12091,50000,1,2,2,30,1,2,0,0,0,0,52419,51309,51135,48371,56294,61259,0,2500,2271,50000,10100,3000,0
12092,160000,1,1,2,29,1,0,0,0,0,0,-113,18887,2323,9032,5630,9141,19000,3000,9000,0,9596,10284,0
12093,220000,1,1,2,31,0,0,0,0,0,0,5254,5868,8708,4078,5365,4055,5000,3040,3520,5371,20,0,0
12094,70000,2,3,1,43,2,2,2,2,2,2,26193,26977,27733,27982,27396,28341,1500,1500,1000,0,1400,2000,0
12095,50000,1,3,1,43,0,0,0,0,0,0,10898,8754,0,16475,16821,17220,1000,0,16475,611,679,344,0
12096,120000,1,1,2,29,0,0,0,0,0,0,25602,30156,33632,36574,38985,40339,5000,4000,3500,3000,2000,5036,0
12097,50000,1,3,3,55,2,0,0,0,0,0,47067,48410,49218,18937,19183,19761,2400,2200,824,700,900,852,0
12098,210000,2,2,1,32,0,0,0,0,0,0,132082,131015,133815,134585,127282,125338,6500,6500,4400,5000,7000,6000,0
12099,120000,2,1,2,28,0,2,0,0,2,2,594,594,15611,7628,7361,9200,0,15611,3000,0,2000,0,0
12100,260000,2,2,1,40,0,0,0,0,0,0,138602,135999,133752,135053,133888,132486,4870,6307,5007,5015,4773,4770,0
12101,120000,1,2,1,41,1,2,2,2,2,2,39606,40679,39730,42148,44509,45643,2000,0,3400,3200,2000,2000,0
12102,250000,1,1,2,30,1,0,0,0,0,0,0,0,0,700,150,200,0,0,700,150,200,0,0
12103,30000,1,2,2,33,0,0,0,0,0,0,29956,30536,30162,29819,14071,0,29000,1200,637,2000,0,0,0
12104,50000,1,2,1,28,0,0,0,0,0,0,2862,20499,9555,4807,14429,9872,20637,9588,4821,14472,10002,3254,0
12105,70000,2,3,2,23,0,0,2,0,0,0,16103,17185,16581,14106,14427,11689,2800,0,650,650,570,450,0
12106,200000,2,1,2,59,0,0,0,0,0,0,180887,166921,155945,109271,36753,78079,10000,30000,7,7000,73000,700,0
12107,100000,2,2,1,29,0,0,0,0,0,0,48065,49189,50746,51158,49226,51211,1900,2400,1800,1800,2800,2100,0
12108,200000,1,2,1,36,0,0,0,0,0,0,4670,4670,4670,4670,4670,4670,4670,4670,4670,4670,4670,4670,1
12109,280000,2,1,2,29,0,0,0,0,0,0,3009,3437,4132,2693,659,3277,3454,4170,2703,659,3297,423,0
12110,420000,1,1,1,54,0,0,0,0,0,0,12349,6545,6377,18801,22180,13211,6576,6420,18892,22285,13270,10683,0
12111,400000,2,1,2,32,0,0,0,0,0,0,35383,33892,22071,18161,14669,686,12119,9177,90,14709,686,18444,0
12112,180000,2,2,2,27,0,0,0,0,0,0,28978,25271,19917,22659,16114,15587,5029,12000,12659,10000,9000,9000,0
12113,340000,2,1,2,29,0,0,0,0,0,0,182441,181085,179607,177506,176233,173279,6550,6500,5830,6053,5200,5076,0
12114,500000,1,1,2,38,0,0,0,0,0,0,3109,34228,7981,695,1130,41026,34241,7993,695,1130,41026,25880,0
12115,420000,2,2,2,37,1,0,0,0,0,0,6277,30512,17516,8773,15437,26376,31326,1150,205,15442,22292,1003,0
12116,180000,2,1,2,32,0,0,0,0,0,0,10989,228,1540,0,0,0,228,1541,0,0,0,0,0
12117,120000,1,3,1,46,0,0,0,0,0,0,94953,116914,89799,89913,88484,90477,120656,3520,2931,3180,3432,1116,0
12118,50000,2,2,1,49,0,0,2,0,0,0,48501,51105,39094,19476,19483,19634,3500,0,680,693,851,700,0
12119,150000,2,2,2,26,0,0,0,0,0,0,36302,33060,33988,35112,36532,36345,2070,3995,3113,2540,3348,2029,0
12120,20000,2,1,2,22,1,2,2,0,0,2,11087,11712,11164,11395,11927,9186,1100,0,289,594,0,50,0
12121,150000,1,3,1,27,2,2,2,2,0,0,183405,188959,192342,189717,195670,198611,10000,8000,2000,9000,8000,110000,0
12122,40000,1,2,2,27,6,5,4,3,2,0,42055,41146,40114,38797,38244,38478,0,0,0,0,871,116,1
12123,180000,2,1,1,30,0,0,0,0,0,0,116218,124296,128002,127286,119733,116705,10000,6007,4304,4241,4200,4250,0
12124,120000,2,2,2,43,2,2,0,0,0,0,124613,121211,120920,47951,41563,36779,0,3507,2000,2500,2000,1500,1
12125,420000,1,1,2,42,0,0,0,0,0,0,155814,155282,116385,106961,92331,89566,5397,5678,3577,3023,3026,3012,0
12126,20000,2,1,2,29,1,2,0,0,0,2,6345,6098,7107,7401,7826,7552,0,1118,412,694,0,300,0
12127,120000,2,2,2,24,0,0,0,0,0,0,29161,29891,30893,32804,32213,31891,1500,1500,2401,1155,1460,1086,0
12128,230000,2,2,1,27,0,0,0,0,0,0,25947,26998,25825,25908,26341,27898,1800,1500,1500,1000,2000,2000,0
12129,50000,1,2,3,46,0,0,0,0,0,0,49776,50405,49099,19125,18504,19197,2056,1300,669,671,1000,684,1
12130,50000,2,2,1,36,0,0,0,0,0,0,52136,50942,49715,21332,20096,18883,2218,2519,712,706,740,600,0
12131,320000,1,1,1,40,0,0,0,0,0,0,151222,135038,108924,109710,116813,118984,6500,8000,4000,9000,4000,5000,0
12132,70000,2,2,2,23,2,0,0,0,2,0,69074,70811,67397,50126,47604,43429,2875,2327,3533,0,1367,1322,1
12133,280000,2,1,2,27,0,0,0,0,0,0,160889,165400,166712,170059,154387,157832,9000,6000,6000,6000,6000,6000,0
12134,180000,1,1,1,48,0,0,0,0,0,0,66092,65236,65912,66523,67020,67259,2370,3000,3000,2588,2500,3500,0
12135,50000,2,1,2,29,0,0,0,0,0,0,2000,5743,1134,3067,5496,1194,5934,1134,3067,5496,1194,6499,0
12136,340000,2,2,2,25,1,0,0,0,0,0,0,0,0,1888,4777,4752,0,0,1888,4777,4752,1888,0
12137,200000,2,2,2,25,0,0,0,0,0,0,41357,22770,23231,6979,2428,2099,3262,3346,3034,2440,2109,0,0
12138,180000,2,2,2,28,0,0,0,0,0,0,10479,11793,12500,13383,14760,15472,1410,1117,1000,1500,1000,1000,0
12139,50000,2,1,2,25,0,0,0,0,0,0,42056,46024,45452,45450,41154,39034,5000,2000,1500,2000,4000,1364,1
12140,120000,2,2,2,31,0,0,0,0,0,0,115573,117767,115918,116918,118698,121372,5700,4172,4168,4770,5119,2954,0
12141,360000,1,3,1,46,0,0,0,0,0,0,0,0,0,0,0,0,0,0,0,0,0,9451,0
12142,240000,1,2,1,50,0,0,0,0,0,0,419,419,419,419,419,419,419,419,419,419,419,419,0
12143,70000,2,2,2,25,4,3,2,0,0,0,30542,29780,28968,29540,29505,29428,0,0,2032,1069,1066,1002,1
12144,20000,2,3,3,41,0,0,0,0,0,0,2795,198,2310,973,406,1317,941,3637,973,406,2228,1923,0
12145,190000,1,2,1,32,1,2,2,2,2,0,13041,13936,13415,14590,14216,14823,1400,0,1400,0,1000,1000,0
12146,200000,2,2,1,38,0,0,0,0,0,0,780,0,390,390,390,390,0,390,390,390,390,390,0
12147,410000,1,2,1,45,0,0,0,0,0,0,597,2326,7670,1761,6930,0,2329,7670,1761,6930,0,2675,0
12148,110000,1,1,2,27,0,0,0,0,0,0,34314,33538,37448,34963,28197,30331,5000,5000,3000,3150,3000,3000,0
12149,210000,2,2,2,27,0,0,0,0,0,0,87909,86769,85001,83811,82399,81434,4100,3500,3113,3000,3331,2546,0
12150,300000,1,1,1,42,1,2,2,2,2,2,32643,33427,32591,34943,35536,36403,1600,0,2900,1300,1600,0,0
12151,390000,2,1,2,29,0,0,0,0,0,0,283965,278793,275339,268728,271979,272076,8724,8445,8103,8324,9198,8365,0
12152,30000,1,2,1,51,0,0,0,0,0,0,28916,29451,27779,28340,0,0,11592,1500,959,0,0,0,1
12153,20000,2,2,2,24,0,0,0,0,0,0,2004,3193,4050,4129,4367,4613,1211,1068,147,304,467,0,1
12154,70000,2,2,2,23,0,0,0,0,0,0,1823,326,6598,6405,7248,8090,326,6598,227,1270,1296,271,0
12155,70000,2,1,1,35,4,4,3,2,0,0,77021,73268,70275,46045,42357,41026,0,2001,0,1666,1505,2079,0
12156,50000,1,1,2,25,0,3,2,0,0,0,1304,978,652,326,0,1454,0,0,0,0,1454,0,1
12157,30000,1,3,2,51,0,0,0,0,2,2,25358,26447,26946,28957,29408,29840,1800,1300,2400,1000,1000,0,0
12158,130000,1,1,2,33,1,2,2,2,0,0,36672,35807,40851,39526,41346,40630,0,6000,0,3000,1000,1100,0
12159,130000,1,2,1,39,0,0,0,0,0,0,1240,0,1138,1138,2478,-3040,0,1138,0,2500,0,0,0
12160,20000,1,2,1,38,1,0,0,0,0,0,0,0,0,0,0,0,0,0,0,0,0,0,1
12161,30000,2,2,1,34,0,0,2,0,0,0,411,995,579,1430,1414,1398,1000,0,1420,400,400,0,0
12162,170000,2,2,2,26,0,0,0,0,0,0,30005,30621,30308,30163,29999,29973,1842,1708,1163,1199,1173,952,0
12163,120000,1,2,1,31,2,2,2,2,2,2,53672,56495,57455,58127,59367,60333,4300,2500,2200,2300,2114,1,1
12164,50000,1,1,2,42,1,2,2,2,2,2,44350,43360,45892,46886,48037,47551,0,3300,2000,2000,396,1600,0
12165,130000,2,3,1,41,0,0,0,0,0,0,131728,132063,128599,131454,126621,126724,7000,4700,5013,4601,4525,4800,0
12166,110000,2,3,2,32,0,0,0,0,0,0,50433,42098,42753,42428,43740,44858,2200,2000,2500,2300,2300,2000,0
12167,80000,2,1,2,28,0,0,0,0,0,0,53301,55444,60738,62818,45413,44793,3525,10000,7296,3000,3000,4500,0
12168,500000,2,2,2,32,0,0,0,0,2,0,33763,43081,44277,46605,35766,26175,10000,2200,3500,0,1100,800,0
12169,180000,2,2,1,46,0,0,0,0,0,0,0,12103,2250,899,0,1375,12103,2250,899,0,1375,0,0
12170,120000,2,3,1,58,1,0,0,0,0,0,0,2228,0,0,0,672,2228,0,0,0,672,2507,1
12171,20000,2,2,1,23,0,0,0,0,0,0,14313,4256,200,0,18844,12052,1000,200,0,18844,241,0,0
12172,370000,1,2,2,30,0,0,0,0,0,0,25588,1259,1259,3661,4484,24233,2096,1263,3665,4488,24262,11175,1
12173,50000,1,2,2,22,0,0,0,0,0,0,49551,42517,35458,19778,19929,19790,1707,1321,687,705,811,874,0
12174,150000,1,1,1,51,0,0,0,0,0,0,92766,94732,96940,46349,47360,48717,4000,4000,1482,1577,2000,1500,0
12175,80000,1,1,2,29,0,0,0,0,0,0,1567,20175,0,0,0,0,20175,0,0,0,0,900,1
12176,460000,2,1,2,28,0,0,0,0,0,0,16560,12570,19403,10063,8628,0,2500,9456,10063,0,0,13182,0
12177,50000,1,3,1,53,2,2,2,2,2,2,45870,46944,45874,48326,47440,50426,2100,0,3500,0,3758,5,1
12178,80000,2,2,2,25,0,0,0,0,0,0,62242,28610,29425,29990,29153,19863,19885,1700,1169,1044,717,1000,0
12179,260000,2,1,1,35,0,0,0,0,0,0,89420,86716,82868,80715,76377,44627,3578,2400,2000,2000,1464,1188,0
12180,320000,1,1,2,32,0,0,0,0,0,0,488,2290,14080,9931,7590,9685,2301,14109,11,38,9733,20444,0
12181,50000,2,2,2,46,0,0,0,0,0,0,44808,44899,46346,47273,48357,50393,2100,2500,2000,2000,3000,1600,0
12182,360000,2,1,1,55,0,0,0,0,0,0,2334,37570,5102,15701,7771,10615,37570,5102,15701,7771,10615,10068,0
12183,50000,2,2,2,50,0,0,0,0,0,0,20001,15345,37420,18151,4823,6574,2000,32009,1500,1000,3012,1503,0
12184,150000,1,2,1,30,0,0,0,0,0,0,9248,6831,2902,6468,1883,1519,6871,2918,6506,1893,1527,5330,0
12185,70000,2,2,1,32,0,0,0,0,0,0,67417,63334,61578,63061,64403,64948,2303,2400,2500,2500,2300,2400,0
12186,150000,2,1,2,27,0,0,0,0,0,0,5561,4141,7714,9772,13539,5819,4141,7725,9772,13539,5819,4302,0
12187,50000,1,2,2,42,0,0,0,0,0,0,48842,49709,30628,30993,29802,29253,2576,1495,1250,4732,1100,1100,0
12188,90000,2,2,2,23,0,0,0,0,0,0,13808,4300,2748,1048,450,450,4335,4448,6980,0,0,711,0
12189,100000,1,2,1,30,0,0,0,0,0,0,57998,60063,63925,68058,69273,56101,3000,5000,5305,3000,6600,0,1
12190,440000,2,1,2,34,0,0,0,0,0,0,3290,4949,10065,2500,0,11560,4949,6020,0,0,11560,258,0
12191,250000,1,1,2,35,0,0,0,0,0,0,2746,1666,3572,76552,100566,0,1666,3597,76552,100566,0,0,0
12192,10000,2,3,1,55,2,2,4,4,4,4,420,420,420,420,420,420,0,0,0,0,0,780,1
12193,80000,2,2,1,37,1,2,0,0,0,2,55595,54142,55247,55738,59829,58715,0,2600,2006,5000,0,5000,0
12194,220000,2,1,1,54,1,0,0,0,0,0,0,0,788,0,349,600,0,788,0,349,600,0,0
12195,40000,1,1,2,25,0,0,0,0,0,0,1946,17810,2872,396,2462,396,17810,2872,0,2462,0,17188,1
12196,150000,1,2,2,28,2,0,0,0,0,0,148095,143845,132677,86265,88390,90599,8000,5300,3500,5000,4000,3000,0
12197,20000,1,2,2,35,4,3,2,2,2,2,17936,17368,16792,18013,17583,18998,0,0,1500,0,1708,0,1
12198,240000,2,2,1,41,1,2,0,0,0,0,137327,133724,136539,137487,141291,20143,0,6702,5000,6019,6099,14762,1
12199,200000,1,1,2,29,0,0,0,0,0,0,170707,159654,162208,162357,144236,127362,6017,8000,5800,5200,5000,5000,0
12200,50000,2,1,2,23,0,0,0,0,0,0,4821,15898,16862,16110,18458,19112,12000,1551,579,3000,954,570,0
12201,180000,2,2,1,41,0,0,0,0,0,0,184650,0,0,0,0,0,0,0,0,0,9000,0,0
12202,50000,1,2,1,25,0,0,2,2,2,2,21397,24233,23551,24848,26298,28112,3500,0,2000,2000,2400,0,1
12203,20000,1,1,2,31,0,0,0,0,0,0,1261,390,390,390,0,780,390,390,390,0,780,0,0
12204,210000,2,1,1,39,0,0,0,0,0,0,35639,42091,27751,30418,23180,68842,10000,1372,5000,1304,60000,3000,0
12205,500000,1,1,1,43,0,0,0,0,0,0,4125,5840,4464,8722,4137,4123,5864,4465,8724,0,4123,7124,0
12206,240000,2,1,2,30,1,1,0,0,0,0,9028,-1868,-1868,-1868,-1868,-1868,0,0,0,0,0,0,1
12207,30000,1,2,1,36,1,3,2,5,4,3,18811,18225,22630,21988,21057,25412,0,5000,0,0,5000,0,0
12208,190000,1,1,1,42,0,0,0,0,0,0,7776,3706,7517,2168,4918,5300,3706,7523,2168,5300,3000,0,0
12209,10000,1,2,2,45,0,0,0,0,0,0,492,9017,9787,9897,9707,-173,10300,1000,500,200,0,10200,0
12210,360000,1,2,2,34,0,0,0,0,0,0,1978,8583,993,26454,10456,31581,8625,998,26561,10456,21738,0,0
12211,80000,2,2,1,39,0,0,0,0,0,0,46401,39456,30712,29629,28241,28030,1560,1421,1001,1000,1008,964,0
12212,60000,1,2,1,40,0,0,0,0,0,0,18875,20064,21227,22564,24191,25778,1500,1500,2000,2000,2000,2000,1
12213,100000,2,3,1,45,0,0,0,0,0,0,1480,916,1238,916,1444,1450,916,1238,916,1444,1450,1143,0
12214,100000,2,1,2,28,0,0,0,0,0,0,557,1033,3667,2300,1132,2072,1033,3667,2300,1132,2072,2692,0
12215,10000,1,3,1,46,0,0,0,0,0,0,7170,8240,8050,10400,0,0,1200,1000,150,0,0,0,0
12216,180000,1,2,2,24,0,0,0,0,0,0,182545,177885,182341,126946,127013,122277,9000,9300,4600,5000,5000,5000,0
12217,280000,2,2,1,39,2,3,2,2,2,2,186838,190570,194189,189806,201410,205479,8000,8000,0,14500,7300,7500,1
12218,50000,2,2,2,37,0,0,2,0,0,0,49078,51063,40371,19522,19140,17912,3800,0,805,818,1000,592,0
12219,380000,1,1,1,55,0,0,0,0,0,0,126880,130324,152869,137442,82800,42083,7000,25390,10000,20000,1659,1600,0
12220,50000,2,2,1,42,0,0,0,0,0,0,27901,24898,23702,18327,17996,15938,1770,1194,564,1500,1000,2000,0
12221,150000,1,1,2,35,0,0,0,0,0,0,147471,151713,130107,78623,79743,78745,20000,5000,2000,7000,15000,5000,0
12222,210000,2,1,2,35,0,0,0,0,0,0,44125,39465,23908,5088,792,150,1732,1000,5484,0,150,396,0
12223,30000,1,1,2,36,3,2,0,0,0,0,26851,26136,30391,13150,18504,6699,0,5334,39,18559,6821,26275,1
12224,70000,2,3,2,43,0,0,0,0,0,0,72770,69438,69776,51450,26516,27044,4108,2500,928,2000,969,1002,1
12225,80000,1,2,2,28,3,2,0,0,0,0,79425,77223,75075,76348,77798,79843,107,2563,2356,2296,2800,910,1
12226,50000,2,2,1,44,0,0,0,0,0,0,19091,20179,21190,21838,22485,23110,1400,1352,1000,1000,1000,1000,0
12227,480000,2,2,1,35,0,0,0,0,0,0,227221,243942,244961,248394,253596,211055,51000,10000,8000,8200,23000,8000,0
12228,500000,2,2,1,38,0,0,0,0,0,0,9889,24911,71852,18155,32201,39668,24920,50290,5002,15001,17028,778,0
12229,170000,2,1,2,26,0,0,0,0,0,0,22138,23227,18894,7695,4777,3517,1808,1054,207,151,147,100,0
12230,330000,2,1,2,29,0,0,0,0,0,0,9894,11877,14949,34292,8832,11304,3000,5001,22000,1000,11304,275,0
12231,30000,1,2,1,37,0,0,0,2,2,2,19625,20673,23702,23026,27798,27219,1671,3700,0,5335,0,2054,0
12232,120000,2,2,1,36,0,0,0,0,0,0,326,0,652,326,326,476,0,978,0,326,476,326,0
12233,80000,2,1,2,25,0,0,0,0,0,0,66426,55334,53738,49021,45494,44218,2657,1800,1799,1616,1697,1737,0
12234,160000,1,2,1,31,0,0,0,0,2,0,54835,46575,7169,9036,8749,9447,3500,2000,2000,0,1000,500,0
12235,110000,1,2,1,30,0,0,2,0,0,0,100908,105371,52113,53317,54040,54805,7000,0,2053,2500,2200,2156,1
12236,20000,2,2,1,36,2,0,0,0,2,0,17638,17058,17541,19338,17889,18486,1666,1149,1946,0,1007,0,1
12237,140000,1,1,1,49,2,0,0,0,0,0,136128,98337,60627,39760,40045,40865,4756,3600,1500,1300,1318,1307,1
12238,50000,1,1,2,30,4,3,2,2,2,2,37570,36705,37215,37718,38584,37829,0,1400,1400,1601,0,2500,0
12239,20000,2,2,2,22,0,0,0,0,0,0,11999,3617,4165,6323,0,0,1062,1000,10488,0,0,0,1
12240,200000,2,2,2,29,0,0,0,0,0,0,170964,174509,176523,180295,184104,195976,7788,6400,6700,6907,20163,1000,1
12241,320000,2,2,1,50,0,0,0,2,0,0,271305,268368,275804,261312,245234,243238,9703,20303,12,8303,10029,8010,0
12242,400000,2,3,1,42,0,0,0,0,0,0,10132,16932,13088,28540,11860,3978,16932,13088,28540,11860,3978,2390,0
12243,250000,2,2,2,35,0,0,0,0,0,0,241711,205944,210513,214696,219218,228900,7481,8000,7682,7979,13350,3000,0
12244,550000,2,1,2,34,0,0,0,0,0,0,42132,44045,45392,48244,36206,38021,3005,3004,4010,3002,3000,10010,1
12245,300000,1,1,1,38,0,0,0,0,0,0,105932,100815,103744,103422,111152,110811,5137,30022,5006,10014,4016,4013,0
12246,50000,2,2,1,34,0,0,0,0,0,0,46337,47384,48382,49392,50608,50722,1792,1790,1800,2000,1835,3628,0
12247,160000,2,1,1,34,0,0,0,0,0,0,1072,3297,5923,158,11030,158,3297,5939,158,11030,158,158,0
12248,80000,1,1,2,25,0,0,0,0,0,0,20708,26286,18209,5471,6896,9506,6545,8807,5500,4000,3500,1000,0
12249,280000,1,3,2,38,0,0,0,0,0,0,192080,197796,314042,116480,118270,124742,5716,117698,3884,3376,7503,3591,0
12250,500000,2,3,2,35,0,0,0,0,0,0,1900,1489,1989,1200,1451,548,1489,1989,1200,1451,548,1048,1
12251,340000,2,2,1,39,0,0,0,0,0,0,93767,65758,353,5674,3344,3406,65758,359,5674,3692,3406,2622,0
12252,160000,2,2,1,42,0,0,0,0,0,0,0,0,0,0,0,0,0,0,0,0,0,0,0
12253,120000,2,1,2,26,0,0,2,0,0,0,942,780,390,390,390,150,780,0,390,390,150,780,0
12254,150000,1,1,2,28,0,0,0,0,0,0,28416,37392,44547,52871,57877,64020,10000,10008,10012,10002,8006,7005,0
12255,110000,1,1,2,34,0,0,2,0,0,0,15908,18873,890,3420,4309,733,4013,2,3430,4319,2,1905,0
12256,120000,2,2,2,28,0,2,0,0,0,0,2049,1579,590,3617,2001,0,0,590,3617,2001,0,204,1
12257,110000,2,1,2,36,0,0,0,0,0,0,141670,138542,120439,113273,81261,76051,6278,5485,3396,2844,3005,2510,0
12258,320000,2,2,1,36,0,0,0,0,0,0,-20,-20,-20,-20,-20,-20,0,0,0,0,0,0,0
12259,50000,1,3,1,42,0,0,0,0,0,0,29224,23807,17623,17974,18350,18721,2000,1293,644,666,676,681,0
12260,50000,2,2,1,38,0,0,0,0,0,0,1226,1226,1226,1226,1765,1066,1226,1226,1226,1765,1066,170,0
12261,90000,2,2,2,23,2,4,4,3,4,3,37639,38743,37825,40299,39093,38167,2000,0,3400,0,0,1000,0
12262,270000,2,1,1,40,0,0,0,0,0,0,19769,34813,43852,29677,33341,28413,34813,43856,29682,33341,28413,1351,0
12263,50000,2,2,1,25,1,2,0,0,0,0,19454,18856,19590,18861,4581,2158,0,1200,477,121,22,0,0
12264,50000,1,2,1,47,2,0,0,0,0,0,27143,27349,26568,26414,26263,27076,1700,1500,1000,1000,2000,2500,0
12265,360000,2,2,1,28,1,0,0,0,0,0,0,0,0,0,0,0,0,0,0,0,0,0,0
12266,120000,2,2,1,26,0,0,0,0,0,0,4317,5240,5283,5444,6412,5121,2000,1000,1000,1000,1825,1272,0
12267,290000,2,3,2,37,0,0,0,0,0,0,396,396,396,396,396,396,396,396,396,396,396,396,0
12268,200000,1,3,1,36,0,0,0,0,0,0,5308,3959,13868,4094,2247,17794,3981,13909,4106,2253,17847,2123,0
12269,110000,2,2,2,25,2,0,0,0,0,0,109924,111805,108207,75808,78490,81238,6000,4380,3000,5000,10000,3000,1
12270,50000,1,2,2,39,0,0,0,0,0,0,23540,16980,16908,17327,17895,18346,2010,1500,1000,1000,900,1000,0
12271,150000,1,1,1,42,0,0,0,0,0,0,2716,0,1106,1323,2098,0,0,1106,1323,2098,0,0,0
12272,280000,2,1,2,32,0,0,0,0,0,0,13532,3312,14907,3008,8988,11547,23871,14907,0,8988,11547,19826,0
12273,310000,2,1,2,29,0,0,0,0,0,0,44592,40110,39805,36823,38987,32304,2000,1620,1332,2772,1500,1500,0
12274,450000,1,2,2,32,0,0,0,0,0,0,-3768,-3938,-5738,-5738,-5738,-5738,179,1800,0,0,0,0,0
12275,40000,2,2,2,23,2,2,2,0,0,0,33313,34086,33239,33938,34694,35389,1600,0,1250,1300,1270,2800,1
12276,50000,2,2,2,38,0,0,0,0,0,0,41724,92054,50120,19587,10577,7533,5000,5120,10292,5577,7533,1000,0
12277,290000,1,2,2,35,0,0,0,0,0,0,17397,11754,28874,77790,8142,9547,12556,29020,78178,8572,9590,151945,0
12278,60000,1,3,1,39,0,0,0,0,0,0,36343,27996,25656,16907,15837,11195,5140,3008,3000,6000,2000,3000,0
12279,20000,1,3,1,47,0,0,2,2,2,2,7384,9356,9400,10085,9785,10481,2108,352,837,0,855,0,1
12280,80000,2,2,1,27,0,0,0,0,0,0,1995,0,680,2862,5539,0,0,680,2862,5539,0,5775,0
12281,100000,1,2,1,36,1,2,2,2,4,3,9670,9371,11705,12919,12139,11653,0,2500,1700,0,0,0,0
12282,50000,1,1,1,37,2,0,0,0,2,0,48716,49504,44127,22053,20129,19262,2213,1804,2700,0,700,1000,1
12283,250000,2,2,1,36,1,0,0,0,0,0,-26,8966,4559,3110,0,664,8992,4563,24,0,664,698,0
12284,210000,2,1,2,34,0,0,0,0,0,0,1262,33414,1828,0,11854,30949,33414,1828,0,11854,30288,1460,1
12285,280000,2,1,2,35,0,0,0,0,0,0,6302,4618,183,2568,2371,7610,4663,0,4953,12,7647,1676,0
12286,110000,2,2,2,35,0,0,0,0,0,0,125719,121523,116319,116082,111141,110854,4316,4120,4001,4173,4103,3888,0
12287,60000,1,2,2,36,2,2,2,2,2,0,80709,76179,71219,67687,61691,57626,2300,2000,3000,0,3000,2000,0
12288,200000,1,1,1,40,0,0,0,0,0,0,540,454,0,0,990,0,454,0,0,990,0,0,0
12289,30000,1,2,2,35,0,0,2,2,0,0,22583,25067,23237,0,0,0,3026,0,0,0,0,0,0
12290,80000,1,1,2,26,0,0,0,0,0,0,79565,78617,79229,77858,79566,74746,3481,3000,3000,3000,3000,1656,0
12291,50000,1,2,2,39,0,0,0,0,0,0,17698,16533,17636,16956,17532,19078,2005,4000,1000,1000,2000,1000,0
12292,160000,2,1,1,39,1,0,0,0,0,0,-16,1955,2047,15848,16848,0,1971,2047,15848,1000,0,0,0
12293,130000,2,2,2,26,0,0,0,0,0,0,110922,113974,126194,17832,-3000,0,5000,15066,5007,0,3000,825,1
12294,230000,2,2,2,35,0,0,0,0,0,0,2873,29488,65868,58171,56033,47192,29525,50014,8242,7032,5030,8007,0
12295,260000,2,2,1,35,0,0,0,0,0,0,213,213,203,2571,187,5469,214,204,2582,1,5496,427,0
12296,200000,1,2,1,54,0,0,0,0,0,0,177664,183236,183493,146143,144339,140340,10000,7000,5000,6000,6000,5000,0
12297,420000,1,1,1,32,0,0,0,0,0,0,45060,25056,24751,24984,24983,23751,1407,1332,963,877,1000,908,1
12298,100000,2,1,2,22,2,0,0,0,2,0,36891,38498,39185,39867,39696,7594,2201,1888,1500,96,300,432,1
12299,100000,2,1,2,25,1,0,0,0,0,0,0,460,0,85,60,520,460,0,85,60,520,0,0
12300,390000,1,1,2,34,0,0,0,0,0,0,5053,-9,1906,0,2258,7028,0,1915,0,2258,5001,5000,0
12301,80000,2,2,2,28,0,0,0,0,0,0,0,0,641,658,2019,0,0,641,658,2019,0,0,0
12302,50000,1,3,1,45,1,2,2,2,0,0,46166,42253,46794,44995,45934,48796,0,5600,0,1800,4000,0,0
12303,90000,2,3,2,38,1,2,2,2,0,0,8144,7102,1170,0,0,0,2034,0,0,0,0,0,1
12304,240000,2,2,1,56,0,0,0,0,0,2,138785,141894,143270,201082,215709,204302,6500,5000,60000,17464,6516,20002,0
12305,50000,2,3,1,47,0,0,0,0,0,0,12785,19971,5095,14867,8037,2642,19982,5095,14867,8037,2642,7023,0
12306,30000,2,2,2,21,0,0,0,0,0,0,290,12115,11306,3562,1621,1307,20002,1101,1,1724,1408,0,0
12307,200000,2,2,1,39,0,0,0,0,0,0,25483,31537,34114,29982,-18,-18,6541,5351,200,0,0,0,0
12308,320000,2,3,2,40,1,2,2,2,2,0,298343,304421,298042,315502,310308,306056,12300,0,24000,0,11000,14000,1
12309,90000,1,2,2,35,0,0,0,0,0,0,22672,21212,20662,20715,21149,20078,1339,1315,867,896,728,577,0
12310,20000,2,3,1,23,0,0,0,0,0,0,17589,18387,19157,19308,19486,19785,1313,1308,684,707,848,790,1
12311,80000,2,1,2,23,0,0,0,0,0,0,24215,30798,30350,32469,32663,34909,10000,2000,2500,2000,3000,1000,0
12312,380000,2,2,1,36,0,0,0,0,0,0,52956,63002,71599,80377,84113,86612,25000,11000,10000,5000,7000,11000,0
12313,300000,2,1,2,37,0,0,0,0,0,0,0,51,12351,12351,12363,9974,51,12300,0,12,49,11767,0
12314,110000,1,2,2,51,0,0,0,0,0,0,69564,51264,51584,49601,50485,50565,2500,1800,1800,2000,2000,2000,0
12315,100000,2,2,1,29,0,0,0,0,0,0,53840,43503,43417,43872,42215,42917,1748,1662,1670,1525,2000,1660,0
12316,250000,2,1,1,39,0,0,2,0,0,0,1000,4070,3629,1570,248,1247,3629,3,1575,248,1247,621,0
12317,250000,1,1,2,33,0,0,0,0,0,0,22824,6540,6686,-14795,-23003,4017,6573,6793,41,42,35602,3,0
12318,220000,1,1,2,30,0,0,0,0,0,0,87604,89687,90889,91892,93815,96466,5000,4200,4000,4000,5000,5000,0
12319,20000,2,1,2,27,3,2,2,0,0,2,16732,17866,17276,17514,18462,18036,1700,0,800,1361,0,800,1
12320,240000,2,5,1,34,0,0,0,0,0,0,1731,6763,0,5717,10134,1045,6763,5717,0,10134,1045,6585,0
12321,210000,1,1,1,40,0,0,2,0,0,2,130868,138909,135322,136339,143681,140425,11760,0,4546,9524,2,4756,0
12322,200000,2,2,2,26,0,0,0,2,2,0,105433,108408,116094,116289,112011,106313,5498,11084,3800,0,4005,2911,0
12323,120000,2,2,2,25,1,0,0,0,0,0,0,0,12162,1553,0,0,0,12162,1553,0,0,0,1
12324,140000,1,3,2,26,0,0,0,0,0,0,18648,19561,13902,14183,13207,12996,1309,1139,420,418,816,0,0
12325,30000,1,1,2,24,0,0,0,0,0,0,28495,29632,30629,29357,30143,30419,1900,1800,1045,1250,1100,1100,0
12326,50000,2,3,1,52,0,0,0,0,0,0,16033,17360,18068,18426,18812,19275,1593,1301,659,682,775,584,0
12327,240000,2,1,2,28,0,0,0,0,0,0,133230,136579,139281,132487,107437,109237,5500,5036,4000,6200,5500,5000,0
12328,200000,2,2,1,46,1,0,0,0,0,0,0,0,0,0,0,0,0,0,0,0,0,0,0
12329,490000,1,1,1,57,0,0,0,0,0,0,354782,348786,349958,340602,303047,331606,17035,20059,12943,15049,50017,20021,0
12330,60000,2,1,2,36,0,2,0,0,0,0,2130,1940,7801,1308,3058,2190,0,7801,1158,1900,2190,2153,1
12331,300000,1,2,1,37,1,0,2,0,0,0,-165580,324392,296931,30355,26771,23737,505000,331,1070,17771,18000,16079,0
12332,310000,2,1,2,36,1,0,0,0,0,0,-8,1703,-8,1624,0,0,1711,0,1632,0,0,173,0
12333,360000,1,2,1,43,0,0,0,0,0,0,0,751,327,0,0,234,751,327,0,0,234,455,0
12334,60000,2,2,2,23,0,0,0,0,0,0,60380,55367,111334,19358,19760,20223,2296,2510,838,862,1015,400,1
12335,120000,2,1,2,27,0,0,0,0,0,0,390,390,390,390,390,0,390,390,390,390,0,780,0
12336,210000,1,2,2,26,0,0,0,0,0,0,206714,197252,140440,122678,120215,112973,7868,5000,5004,4500,3950,3800,0
12337,50000,1,2,1,38,0,0,0,0,0,0,22178,21976,21697,20683,19283,19965,1700,1650,850,700,1000,1000,0
12338,510000,2,4,1,34,0,0,0,0,0,0,10554,568,22058,23205,11571,12179,1074,22657,11586,24637,12719,20798,0
12339,10000,2,1,2,24,0,0,0,0,0,0,6709,7895,8751,8925,9111,9360,1300,1146,320,330,400,1000,0
12340,250000,2,1,2,36,0,0,0,0,0,0,6378,72173,6341,174,1676,388,72534,6456,174,1682,2,0,0
12341,210000,2,1,2,26,0,0,0,0,0,0,3292,6399,2085,3000,6634,1298,3399,2085,3000,3634,1300,2000,0
12342,160000,1,5,2,46,0,0,0,0,0,0,169746,159376,162998,0,0,0,4318,4000,0,0,0,73175,0
12343,80000,2,2,2,24,0,0,0,0,0,0,3278,4000,0,0,0,0,1000,0,0,0,0,0,0
12344,230000,1,1,2,28,0,0,0,0,0,0,29108,29240,30062,31253,31965,36782,1587,1409,10000,1193,6782,1026,0
12345,30000,2,2,1,53,1,3,2,3,2,0,18663,18080,18986,18390,17954,18654,0,1500,0,0,1000,692,1
12346,50000,2,2,1,29,2,3,2,0,0,0,50136,50044,46543,19359,17850,18203,1000,5,661,770,800,763,1
12347,190000,2,1,2,28,2,2,2,2,2,2,159438,163684,166163,168592,171923,169165,8150,6500,6500,6000,0,6200,1
12348,130000,2,2,1,46,0,0,0,0,0,0,125557,124900,0,0,0,0,2498,0,0,0,0,0,0
12349,140000,2,3,1,46,0,0,0,0,0,0,132586,135165,125427,128016,127323,130020,4800,4500,4600,4800,4800,4500,0
12350,110000,1,2,2,29,0,0,0,0,0,0,112533,109515,48917,46765,40212,39690,4101,3000,2000,3000,5000,3000,0
12351,20000,1,2,2,21,0,0,0,0,0,0,19030,19783,0,0,0,0,1500,0,0,0,0,0,0
12352,250000,2,1,1,32,0,0,0,0,0,0,255413,253019,240332,244688,240221,224740,10500,12000,10000,10000,9000,9000,0
12353,360000,2,2,1,35,0,0,0,0,0,0,106010,24892,10772,21847,21835,9255,24976,10786,21916,21904,9261,22127,1
12354,30000,2,1,2,21,2,2,0,0,0,0,30769,29559,29197,29488,0,0,0,1000,590,0,0,0,0
12355,50000,1,3,2,54,0,0,0,0,0,0,43099,44233,35147,12236,11013,11388,2212,2126,415,401,559,554,0
12356,100000,2,2,1,29,0,0,0,0,0,0,49707,48657,49699,47635,48664,49578,2000,2000,1691,1782,1739,1400,0
12357,150000,2,5,2,33,0,0,0,0,0,0,232327,237150,239410,39584,32815,35626,5877,5419,1009,1120,5000,7128,0
12358,150000,2,1,2,30,0,0,0,0,0,0,12516,5568,6106,4357,0,0,5568,6106,4357,0,0,0,0
12359,200000,2,1,1,41,0,0,0,0,0,0,4533,8756,3539,5529,10332,6894,8756,3539,5529,10332,6894,3188,0
12360,20000,1,1,2,40,0,0,0,0,0,0,13639,14711,15462,16004,16203,16916,1600,1300,800,605,1000,2000,0
12361,310000,2,2,1,37,0,0,0,0,0,0,0,0,5365,6274,7017,8893,0,5365,1000,1000,2000,2000,0
12362,100000,2,1,2,26,1,2,2,2,2,2,93295,95108,96662,94216,99732,101737,4200,4000,0,7400,3800,0,0
12363,50000,2,2,2,32,0,0,2,2,2,2,41114,44131,43121,45795,44929,48179,4000,0,3400,0,4000,0,1
12364,130000,2,2,2,24,0,0,0,0,0,0,48764,27347,37528,2793,28865,14986,1034,37559,2805,28865,300,11083,0
12365,100000,2,3,3,47,0,0,2,0,0,0,836,1859,1672,836,836,836,2695,0,0,836,836,836,0
12366,280000,1,1,2,28,0,0,0,0,0,0,4468,11517,1973,11028,14261,17097,11525,2149,11030,4008,7106,1193,0
12367,200000,1,1,1,37,0,0,0,0,0,0,173867,139769,132534,116331,111178,105907,7000,5000,4500,5000,5000,4300,0
12368,90000,1,1,1,34,2,0,0,0,0,0,54933,55460,56599,58155,60058,61250,2009,2057,2500,3000,2189,2282,1
12369,150000,2,2,1,41,0,0,0,0,0,0,1906,4983,12029,13821,1493,2229,5002,12040,13821,1493,2229,2057,0
12370,20000,2,2,2,42,2,2,2,2,2,2,18155,17595,19355,19554,19795,19342,0,2344,800,683,0,1500,1
12371,360000,2,1,2,30,0,0,0,0,0,0,11193,332,272,1465,18503,5151,332,272,1465,18503,5151,0,0
12372,40000,2,2,1,28,1,2,2,2,2,0,27746,23209,22040,23396,20430,20763,2000,0,2000,0,1000,1000,1
12373,240000,2,2,1,55,0,0,0,2,0,0,74270,75959,80473,78883,80625,79334,3200,6100,0,2900,3000,3100,0
12374,500000,2,1,1,36,0,0,0,0,0,0,7297,12349,26488,6534,9788,25314,12349,26488,6534,9788,25314,103508,0
12375,20000,2,2,2,39,4,3,2,0,0,0,11553,11081,11021,11240,11476,11708,0,420,402,417,423,1472,1
12376,140000,1,2,2,44,0,0,0,0,0,0,85119,86901,89583,90432,92332,94197,3153,4126,3231,3351,3400,3494,1
12377,100000,1,2,2,27,0,0,0,0,0,0,100442,96018,97453,99407,95600,981,5000,8000,3500,3500,981,0,0
12378,120000,2,1,2,32,0,0,0,0,0,0,18955,18973,18204,17344,13246,26781,1315,1169,2472,453,500,8494,0
12379,100000,2,2,1,44,1,2,0,0,0,0,97581,94594,44145,46148,43750,44771,0,2000,3000,2000,2000,2000,0
12380,140000,2,2,2,33,0,0,0,0,0,0,4882,4882,4876,4666,4884,4666,4882,4876,4666,4884,4666,4666,0
12381,210000,2,1,2,27,0,0,0,0,0,0,99050,17924,19123,20650,0,1136,1301,1500,2000,0,1136,67412,0
12382,500000,2,1,2,35,1,0,0,0,0,0,0,640,31762,42935,2464,2532,640,31764,51986,55000,2532,5717,1
12383,110000,2,1,2,27,0,0,0,0,0,0,2280,0,0,0,0,0,0,0,0,0,0,4650,0
12384,340000,2,1,2,30,0,0,0,0,0,0,2943,3352,3738,1794,1339,10673,3375,3759,1803,1345,10726,869,0
12385,330000,2,1,2,27,0,0,0,0,2,2,322464,325625,323182,325197,327750,321936,13248,13120,12833,14344,8567,7060,1
12386,50000,2,2,2,34,0,0,0,0,0,0,45504,46223,12761,7477,8372,9240,2000,2043,1000,1000,1390,1150,0
12387,10000,2,1,1,39,1,0,0,2,0,0,0,0,9996,9689,9747,10328,0,9996,0,363,752,0,1
12388,70000,1,3,1,42,0,0,2,2,2,2,26550,28208,28642,30670,31133,31965,2400,1200,2820,1100,1500,1300,0
12389,450000,2,2,1,37,0,0,0,0,0,0,1212,791,2663,783,1730,-51443,1032,2663,783,1730,0,70803,1
12390,30000,2,2,1,33,0,0,0,0,0,0,12051,13101,14413,14476,14792,15145,1250,1537,600,550,600,800,0
12391,150000,2,2,2,32,5,4,3,2,2,2,79529,77757,75841,73678,77273,56577,0,0,0,4874,1000,0,0
12392,230000,2,2,1,37,2,2,2,0,0,0,72514,74421,71201,72029,71923,72020,5118,0,4000,2607,2732,2482,1
12393,30000,2,3,1,47,2,2,2,2,2,2,28073,28515,27150,28100,28104,28181,1800,0,2300,1200,1300,0,1
12394,30000,1,1,2,30,0,0,0,0,0,0,29965,28841,28278,28770,29432,28949,2000,1700,2008,2000,7600,2000,0
12395,20000,1,3,2,45,1,2,2,2,2,2,15748,16497,16928,17354,16934,18347,1300,1000,1000,0,1700,600,1
12396,70000,2,3,3,51,0,0,0,0,0,0,32485,30527,13407,13643,12722,13515,1267,1191,427,957,1000,14001,0
12397,50000,2,2,1,45,0,0,0,0,0,0,2618,1969,20771,20231,19485,18280,2007,20275,1204,1001,1003,1210,0
12398,360000,2,1,1,46,1,0,0,0,0,0,723,17392,-8,32170,680,6205,17392,0,32178,680,6205,18814,0
12399,400000,2,1,2,29,1,2,0,0,0,0,77970,70557,71867,72137,72955,76467,0,3200,2750,3000,5800,2800,0
12400,130000,2,3,1,36,0,0,0,0,0,0,2342,2951,596,1520,700,3688,2951,596,1520,700,3688,2803,0
12401,130000,1,1,2,27,0,0,2,0,0,0,2207,2499,1248,922,-693,-2292,3747,0,0,0,0,10000,0
12402,340000,2,1,1,40,0,0,0,0,0,0,1600,93661,41533,15711,1338,6800,93661,41634,15711,1338,6800,3750,0
12403,270000,2,2,1,40,0,0,0,0,0,0,26183,24181,19543,17160,14818,12702,1826,1469,514,581,612,312,1
12404,60000,2,2,2,38,0,0,0,0,0,0,13138,22389,16586,5516,16378,2670,20000,5000,3000,16000,3000,980,1
12405,130000,2,2,2,31,0,0,0,0,0,0,80533,42126,44370,85115,69011,70460,1816,3060,69000,2578,2671,2888,0
12406,10000,1,3,2,22,0,0,0,0,0,0,9240,9131,9601,9797,9997,7497,1230,1000,196,200,0,0,0
12407,160000,2,1,2,33,2,2,2,2,2,2,132510,128981,138289,134773,142913,146003,0,13000,200,10500,5600,5200,1
12408,270000,2,1,1,33,0,0,0,0,0,0,22604,26906,0,0,4448,5667,5000,0,0,4448,1300,2443,0
12409,80000,1,2,1,30,2,0,0,0,2,2,38370,39448,58788,62814,61682,65644,2000,20000,5000,0,5010,2500,1
12410,340000,2,1,1,39,0,0,0,0,0,0,4676,3806,526,36374,32413,12092,3806,526,36374,32413,12092,13743,0
12411,360000,1,1,1,52,0,0,0,0,0,0,14432,15329,13062,41977,24354,25948,15329,13062,41977,0,25948,21318,0
12412,240000,1,1,2,43,0,0,0,0,0,0,5740,0,0,0,0,0,0,0,0,0,0,0,0
12413,50000,2,2,2,26,0,0,0,0,0,0,3475,-25,2500,0,0,0,0,2525,0,0,0,0,0
12414,50000,1,3,1,23,0,0,0,0,0,0,13352,14111,0,0,0,0,1066,0,0,0,0,1000,0
12415,180000,2,2,1,28,0,0,0,0,0,0,1206,661,1503,1379,1216,1440,661,1512,1379,1216,1440,316,0
12416,370000,2,1,1,31,0,0,0,0,0,0,0,229818,234379,239082,244124,243986,229818,8409,8500,8800,8800,14100,0
12417,60000,1,2,2,27,1,2,2,2,2,2,10401,11770,10957,11480,10851,11365,2000,0,1000,0,1000,0,1
12418,50000,1,2,2,25,0,0,0,0,0,0,1355,1355,1386,1442,3798,1599,1355,1386,1442,3798,1599,1694,0
12419,50000,1,3,1,52,0,0,2,0,0,0,-11,46501,24458,37778,39124,38585,46512,159,37778,2000,2000,13144,0
12420,130000,2,1,2,29,0,0,0,0,0,0,41224,45136,48970,52740,56467,60119,4500,4500,4500,4500,4500,4500,0
12421,500000,2,1,1,49,0,0,0,0,0,0,4007,9933,14557,53328,58052,37435,10021,14576,53850,58332,37616,46591,0
12422,300000,1,1,2,27,1,0,0,0,0,0,0,11174,0,0,3330,3330,11174,0,0,3330,3330,3330,0
12423,120000,2,2,2,25,0,0,0,0,0,0,75913,78060,64074,64074,0,0,4501,2562,0,0,0,0,0
12424,110000,2,2,1,25,1,2,2,2,2,0,102884,100388,104529,81319,76549,77433,0,6000,4000,0,4000,2730,0
12425,220000,1,3,2,30,0,0,0,0,0,0,35258,17740,4698,5036,8269,3681,1066,4723,5051,8293,3692,3087,0
12426,140000,2,2,2,26,0,0,0,0,0,0,8178,3776,3776,3776,4173,4287,1000,3776,3776,4173,1000,5049,0
12427,30000,2,2,2,24,0,0,0,0,0,0,20069,21148,22185,22551,23223,24837,1700,1700,1000,1000,2000,1400,0
12428,200000,2,2,2,35,0,0,0,0,0,0,11409,1222,3308,481,-19,3821,1228,3324,483,0,3840,0,0
12429,350000,2,1,1,33,0,0,0,0,0,0,1314,5133,1667,9737,363,1112,5249,1667,9839,363,1112,1981,0
12430,150000,1,2,2,42,0,0,0,0,0,0,6407,-6,-3,-3,-3,1040,0,0,0,0,1043,0,0
12431,20000,1,2,2,24,2,2,4,4,4,4,1650,1650,1650,1650,1650,1650,0,0,0,0,0,0,1
12432,200000,2,1,1,56,0,0,0,0,0,0,15603,16842,18556,19247,19935,21098,1500,2000,1000,1000,1500,3000,0
12433,20000,1,2,2,24,2,2,4,4,4,4,1650,1650,1650,1650,1650,1650,0,0,0,0,0,0,0
12434,320000,1,1,1,35,0,0,0,0,0,0,2695,500,0,0,0,0,505,368,0,0,0,0,0
12435,100000,2,1,2,29,0,0,0,0,0,0,170,3224,78671,60430,60647,61153,3224,78671,3000,2500,3000,3000,0
12436,280000,2,1,2,28,0,0,0,0,0,0,7370,3395,1860,2368,3343,5110,3420,1865,2375,3353,5124,9028,1
12437,50000,1,1,1,47,0,0,0,0,0,0,11066,15539,17274,19975,23632,25242,5000,2000,3000,4000,2000,0,0
12438,20000,1,1,2,23,0,0,0,0,0,0,18311,19598,20154,20132,20129,20226,2000,1307,701,717,834,674,0
12439,160000,2,1,2,33,0,0,0,0,0,0,5256,3290,1140,559,2065,450,3290,1140,559,2065,450,825,0
12440,60000,1,3,2,23,0,0,0,0,0,0,15592,16643,15557,15526,16273,17001,2000,1400,1000,1000,1000,1000,0
12441,150000,1,3,1,49,0,0,0,0,0,0,32866,37293,36772,4521,6452,6742,5028,3000,3000,2000,378,3306,0
12442,460000,1,1,2,34,0,0,0,0,0,0,362816,372284,380257,386847,301231,325831,15325,16000,15000,11000,30000,20004,0
12443,500000,1,3,2,51,0,0,0,0,0,0,2362,575,360,964,957,176,575,361,978,958,176,310,0
12444,320000,1,2,1,34,0,0,0,0,0,0,14237,26123,28637,24385,8559,3207,15031,8081,5072,6591,1223,0,0
12445,200000,2,1,2,29,1,0,0,0,0,0,0,0,0,0,0,0,0,0,0,0,0,0,1
12446,430000,2,2,1,28,0,0,0,0,0,0,25968,22938,18753,14734,17572,18784,1313,5002,1000,5000,5000,2000,0
12447,150000,1,2,1,58,0,0,0,0,0,0,4473,3273,2473,1473,1473,1473,3273,2473,1473,1473,1473,1473,0
12448,100000,2,2,2,28,2,0,0,0,0,0,95197,87478,89245,90247,91979,94450,4050,4114,3379,3338,4000,5373,0
12449,30000,1,1,2,30,0,0,2,0,0,0,13216,15003,15461,16204,16642,17067,2000,1000,1000,700,700,700,0
12450,260000,2,3,1,31,0,0,0,0,0,0,20000,0,0,0,0,0,0,0,0,0,0,7287,0
12451,40000,2,1,2,24,0,0,0,2,2,0,29782,32298,34610,35326,23489,11762,3000,3000,1500,0,1000,500,1
12452,290000,1,2,2,34,1,0,0,0,0,0,0,0,4524,8440,10300,0,0,4524,4000,2000,0,0,1
12453,140000,1,1,2,27,0,0,0,0,0,0,776,0,776,380,1157,768,0,1552,380,1157,783,388,0
12454,60000,2,2,2,22,1,2,2,0,0,0,52126,52707,47939,29351,28128,27811,2030,0,1014,1001,1020,1142,1
12455,210000,1,1,2,41,0,0,0,0,0,0,62261,6615,0,0,0,0,6615,0,0,0,0,0,0
12456,170000,2,1,2,28,1,0,0,0,0,0,0,0,0,0,0,0,0,0,0,0,0,0,0
12457,370000,2,3,1,37,0,0,0,0,0,0,0,0,0,0,0,0,0,0,0,0,0,0,1
12458,30000,1,1,2,23,0,0,0,0,0,0,30235,28246,30395,29962,30360,29899,3000,3000,2468,1700,2500,1046,0
12459,360000,2,1,1,32,0,0,0,0,0,0,2500,0,0,0,0,0,0,0,0,0,0,0,0
12460,290000,1,2,2,43,0,0,0,0,0,0,124362,111594,58039,3818,1318,0,5100,2507,1500,2000,0,1333,0
12461,50000,2,3,1,36,0,0,0,0,0,0,13572,10805,8623,8799,8468,8768,1188,3000,176,169,300,1200,0
12462,210000,2,3,1,27,1,0,0,0,0,0,0,0,1008,0,0,0,0,1008,0,0,0,1114,0
12463,170000,1,3,1,31,2,0,0,0,0,0,170485,229805,167524,185414,121092,117320,8000,8000,5000,5000,4500,5000,0
12464,360000,1,1,1,40,0,0,2,0,0,0,76584,85400,17295,8331,2643,6008,21358,86,8372,2656,6038,3325,0
12465,90000,2,1,2,25,0,0,0,0,0,0,9359,-5,1881,7638,4464,26224,0,1886,7650,1005,23773,1000,0
12466,210000,1,3,1,44,1,2,2,0,0,0,19131,18447,0,0,0,0,0,0,0,0,0,0,1
12467,160000,2,2,1,50,0,0,0,0,0,0,3440,3208,3315,2645,1049,1469,3219,3322,2645,1049,1469,3490,0
12468,30000,2,2,2,22,0,0,2,0,0,0,10094,14870,13329,7275,26804,29362,5300,0,607,20000,3000,0,0
12469,80000,1,2,2,23,2,2,0,0,0,0,71528,69817,70719,39288,40500,41668,0,2131,2000,2000,2000,3000,0
12470,250000,2,2,1,36,0,0,0,0,0,0,126751,129559,132714,135829,138959,140779,4559,5000,5000,5000,3779,4709,0
12471,60000,2,1,2,27,1,2,2,0,0,0,7169,8396,8113,8971,10824,11646,1500,0,1000,2000,1000,1500,0
12472,130000,1,1,2,30,0,0,2,0,0,2,127253,135822,127930,127762,134010,133548,12207,0,5000,10100,4500,0,0
12473,180000,1,1,2,30,0,0,0,0,0,0,174297,152251,96399,87026,78137,58332,22000,4000,2000,5000,3000,3000,0
12474,200000,1,1,2,27,0,0,0,0,0,0,5105,7261,15191,8991,8986,8609,7261,15220,8991,8986,8609,8299,0
12475,210000,1,1,1,28,0,0,0,0,0,0,124667,201007,144968,134975,136469,139866,145273,5065,5012,5000,5078,5000,0
12476,240000,2,1,2,30,0,0,0,0,0,0,12876,4420,4508,8064,4520,4476,1905,3632,7100,0,3500,3600,0
12477,460000,2,2,2,46,0,0,0,0,0,0,305814,315479,328208,320056,326599,337552,15000,20065,12000,12070,17000,12400,0
12478,400000,2,1,1,38,0,0,0,0,0,0,16195,10713,11340,10390,620,10390,10713,11340,10390,620,10390,727,0
12479,20000,1,3,2,25,0,0,0,0,0,0,13701,14413,15781,15939,16271,16590,1241,1609,717,738,740,789,0
12480,60000,2,2,1,37,0,0,0,0,0,0,60655,60281,59968,40377,40679,40493,2410,2203,1500,1600,1500,1400,0
12481,110000,2,2,2,34,0,0,0,0,0,0,93039,81169,82800,107986,99627,80610,4500,4100,67606,4100,3100,2861,0
12482,80000,2,3,2,26,2,2,2,2,2,0,41586,44690,43671,49683,48757,49782,3775,0,6768,0,1834,1744,1
12483,50000,1,1,2,30,0,0,0,0,0,0,390,390,390,390,390,23269,390,390,390,390,23269,1500,0
12484,360000,2,1,2,28,0,0,0,0,0,0,2386,3166,2776,2386,3166,2983,3166,2776,7158,3166,2983,2386,0
12485,70000,1,2,1,24,0,0,0,0,0,0,49169,48960,49864,48481,46946,47958,1840,1744,2001,2000,1800,1706,0
12486,20000,2,2,2,22,0,0,0,0,0,2,16072,17205,17903,18321,19680,18292,1700,1300,700,1643,0,1000,0
12487,200000,2,3,1,50,0,0,0,0,0,0,141886,141771,141129,134295,135962,112870,7000,8000,4100,4200,4300,4500,0
12488,90000,2,3,1,46,0,0,0,0,0,0,1609,686,3904,686,686,686,1372,3904,686,686,686,686,0
12489,30000,1,1,1,36,0,2,2,0,2,2,1123,543,153,1495,955,1735,200,0,1495,0,1170,0,0
12490,260000,2,1,1,44,0,0,0,0,0,0,2772,6675,-3098,11377,0,0,6675,20,50000,0,0,0,1
12491,50000,2,2,1,34,0,0,0,0,0,0,7900,8922,9926,9970,10339,11009,1309,1313,357,530,1000,622,1
12492,30000,2,2,1,25,0,2,2,0,0,0,30119,31240,30311,30270,28958,30974,1900,0,957,7000,4530,0,0
12493,20000,2,3,1,33,0,0,0,0,0,0,2909,3537,4120,3802,3484,3152,1224,1197,269,269,261,227,0
12494,30000,1,2,1,33,2,2,0,0,0,0,42646,30060,28391,26156,25377,27422,2159,1500,1000,1000,3800,0,1
12495,290000,2,1,3,29,0,0,0,0,0,0,221626,190440,118163,110728,106426,15300,6530,4200,4938,10000,2420,221000,1
12496,50000,1,1,2,26,2,2,0,0,0,0,2467,-368,1465,2282,2397,2470,0,2000,1000,300,300,2000,1
12497,60000,2,1,2,31,0,0,2,2,2,2,3610,855,111,411,261,6695,900,0,300,0,6500,0,0
12498,200000,1,1,2,34,0,0,0,2,2,2,156449,162377,174501,155355,129942,118202,10000,15000,0,10000,0,11000,1
12499,50000,1,3,1,48,0,0,0,0,0,0,45600,12404,7857,3181,2430,780,1800,1506,6,2430,780,0,0
12500,190000,2,1,2,29,0,0,0,0,0,0,188463,179419,165858,159374,158040,159833,6536,6031,20036,5732,5648,6011,0
12501,70000,2,2,1,38,1,2,2,2,2,2,30175,31289,31678,32255,32890,33595,1900,1200,1400,1300,1400,1400,0
12502,300000,1,1,2,31,1,0,0,0,0,0,-122,22953,3565,19869,26249,1332,23075,3583,19969,26380,1338,0,0
12503,400000,1,1,2,27,0,0,2,2,2,2,58995,63064,60984,61034,60881,46569,5000,0,500,39,707,0,0
12504,200000,2,1,1,46,1,0,0,0,0,0,9367,0,0,0,9400,13039,0,0,0,9400,13039,0,1
12505,560000,1,2,1,43,0,0,0,0,0,0,168211,139873,142391,145345,148177,139831,5060,4827,4974,4942,4573,4074,0
12506,150000,2,2,1,37,0,0,0,0,0,0,40680,44960,45976,46890,47873,48833,4960,1765,1679,1739,1757,1795,0
12507,300000,2,1,1,36,0,0,0,0,0,0,2072,2654,0,0,0,380,2654,0,0,0,380,0,0
12508,80000,2,2,1,24,0,0,0,2,2,2,48578,50789,54936,55735,56699,55632,3000,5000,2300,2000,0,2500,0
12509,150000,2,1,1,52,0,3,2,0,0,0,3391,3227,1129,2034,2140,6731,20,802,1705,1806,6427,16,1
12510,20000,2,2,1,29,0,0,0,0,0,0,8624,9972,9799,9999,0,0,1500,1000,200,0,0,0,0
12511,50000,2,2,1,27,0,0,0,0,0,0,43583,35245,27520,25928,26470,27077,3100,1723,1100,1111,1200,1130,0
12512,150000,2,2,2,23,0,0,0,2,0,0,41408,40958,39934,8433,6741,7586,2074,1926,0,408,3000,8275,0
12513,140000,2,1,1,34,1,0,0,0,0,0,0,401,3930,3951,0,12555,401,3930,3951,0,12555,0,0
12514,500000,2,1,1,52,0,0,0,0,0,0,1323,1725,0,0,0,0,1725,0,0,0,0,0,0
12515,90000,2,2,2,29,0,0,0,0,0,0,89068,83890,77489,46544,48266,49926,4073,5021,3000,3000,3000,2000,0
12516,30000,1,2,2,28,0,0,0,0,0,0,27368,23023,27428,28720,780,0,3000,5000,2000,780,0,0,1
12517,50000,2,3,2,50,0,0,2,0,0,0,47405,50138,25768,26142,26771,27175,4130,0,1100,1200,1000,1100,1
12518,280000,2,2,2,32,0,0,0,0,0,0,0,0,0,0,0,0,0,0,0,0,0,0,0
12519,390000,1,1,2,26,2,0,0,0,0,0,112320,106156,95039,85806,76981,69641,5073,3950,2627,2044,2344,3036,1
12520,100000,2,2,2,27,2,3,3,2,2,3,97156,97634,96461,96975,101280,101935,2900,1300,3000,5450,2000,0,1
12521,200000,1,1,2,33,0,0,0,0,2,0,197272,196700,194403,197746,190198,192015,8600,7700,11100,0,5600,5640,1
12522,230000,2,2,2,41,0,0,0,0,0,0,38975,35294,39295,38459,40242,42495,5000,5000,5000,3000,5000,3000,0
12523,20000,2,2,1,48,0,0,2,2,2,2,11492,15791,15806,29542,15484,15046,4500,550,0,1445,0,400,0
12524,180000,1,1,2,40,0,0,0,0,0,0,123705,126429,20650,7751,1630,0,6019,1074,2038,819,0,0,0
12525,10000,1,2,2,23,3,2,2,0,0,0,4256,5113,4883,5155,5275,0,1081,0,353,375,0,0,0
12526,327680,1,3,2,42,0,0,0,0,0,0,344011,336175,333048,277250,256365,243600,11219,11461,9100,8345,7783,9200,1
12527,100000,2,2,1,42,0,0,0,0,0,0,976,5476,10303,11007,11254,5934,4500,5000,1000,5200,1052,4000,1
12528,80000,2,2,1,41,0,0,0,0,0,0,0,0,0,0,0,0,0,0,0,0,0,0,0
12529,250000,2,1,1,37,0,0,0,0,0,0,13504,13486,14261,7019,7062,7242,1267,1310,232,238,279,122,0
12530,440000,2,1,2,34,0,0,0,0,0,0,4196,10121,32921,22680,13711,11074,10137,32921,15701,5711,5074,14825,0
12531,140000,2,1,2,24,0,0,0,0,0,0,13408,97396,92990,93960,96724,91539,97396,4070,3225,4137,3100,2300,0
12532,20000,2,2,2,50,0,0,0,0,0,0,5100,2940,6050,3100,0,0,2940,6050,3100,0,0,1035,0
12533,50000,2,2,1,29,2,2,2,2,0,0,46191,44808,38605,32455,15865,23753,3800,1500,0,628,10362,786,0
12534,30000,2,2,1,29,0,0,0,0,0,0,2405,390,2476,3055,0,0,390,2476,3059,0,0,0,0
12535,210000,2,2,1,34,0,0,0,0,0,0,140272,115922,105875,97873,90872,72969,6018,6029,3000,3500,3000,3000,0
12536,20000,1,2,2,28,0,0,0,2,2,2,6866,8246,10101,9790,10632,10312,1500,2000,0,1000,0,1000,0
12537,150000,2,3,1,24,0,0,0,0,0,0,6479,1670,4330,8036,1505,974,1670,4330,8040,1505,974,0,1
12538,50000,1,1,2,23,0,0,0,0,2,0,51175,47514,23927,20162,19342,18347,2500,2280,2157,0,660,638,0
12539,210000,2,2,1,47,0,0,0,0,0,0,17952,18894,20296,21704,24086,26414,1500,2000,2000,3000,3000,1000,0
12540,250000,2,3,1,49,0,0,0,0,0,0,632,316,316,316,316,316,0,316,316,316,316,316,1
12541,130000,1,1,2,37,0,0,0,0,0,0,109383,106149,44841,45451,46564,47516,5300,1700,1300,1500,1500,1400,0
12542,290000,1,1,1,38,2,2,0,0,0,0,324016,294976,297386,243558,241765,236413,0,12139,80000,10000,8443,10000,1
12543,150000,2,2,2,29,0,0,0,0,0,0,19020,7717,9858,9188,7518,23574,1500,5000,2000,1000,33054,704,0
12544,80000,2,3,2,28,0,0,0,0,0,0,77450,78100,76204,66876,66182,67199,3500,2600,2400,2500,2700,2300,0
12545,50000,1,2,1,39,0,0,0,0,0,0,11665,12405,13355,13622,11550,11713,1232,1182,449,565,504,233,0
12546,240000,1,2,1,49,0,0,0,0,0,0,4639,1825,973,-110,-110,-110,1838,976,110,0,0,0,0
12547,90000,1,2,2,27,0,0,2,2,2,2,20249,44731,43712,52966,51988,56117,25000,0,10000,0,5000,3150,0
12548,220000,1,1,2,38,1,2,0,0,0,0,7311,5590,1066,2404,1338,19082,0,1066,2404,0,19082,4421,0
12549,170000,1,2,2,33,0,0,0,0,0,0,2164,165,165,0,4841,95,165,165,0,4841,95,531,0
12550,70000,1,1,2,26,1,0,0,0,0,0,0,0,0,0,0,0,0,0,0,0,0,313,0
12551,160000,1,1,2,53,2,2,0,0,0,0,1309,0,4582,0,0,2191,0,4582,0,0,2191,4825,1
12552,250000,2,1,2,29,0,0,0,0,0,0,17949,9863,6942,2779,2497,2830,9863,6955,2517,2497,2830,10809,0
12553,70000,1,1,1,42,0,0,0,0,0,0,71255,71338,71267,69813,71324,71268,2800,2800,2900,2800,2800,2990,1
12554,90000,2,2,2,27,0,0,0,0,0,0,509,511,4451,4104,8993,5382,511,4451,82,5161,108,0,1
12555,50000,2,2,1,23,0,0,0,0,0,0,49103,44351,38726,28598,29277,27310,1800,2128,1000,1100,1000,999,0
12556,150000,2,1,2,30,0,0,0,0,0,0,150311,138240,138887,144170,149970,145262,5500,3400,5883,5800,2905,2799,1
12557,20000,2,2,1,21,1,0,0,0,0,0,0,0,289,0,0,0,0,289,0,0,0,0,1
12558,20000,2,1,2,23,0,0,0,0,0,0,16841,17676,18804,19037,20137,20160,1642,2000,1000,1730,587,208,0
12559,50000,2,5,1,29,0,0,0,0,0,0,85305,86152,56250,57603,19336,18964,4000,2257,2000,2000,700,600,0
12560,200000,1,1,1,31,0,0,0,0,0,0,179063,159466,162739,163555,166452,168398,5000,5100,5000,6000,4500,20000,0
12561,200000,2,3,2,25,0,0,0,0,0,0,1676,3122,2991,390,1211,390,4595,2991,0,1211,390,1112,0
12562,120000,2,2,2,52,0,0,0,0,0,0,119796,117229,239224,91231,90184,90072,4700,5590,4000,3600,3700,32696,0
12563,270000,2,3,1,37,0,0,0,0,0,0,384,2197,186,0,173,0,2197,186,0,173,0,433,1
12564,300000,2,1,2,31,0,0,0,0,0,0,11158,1616,3658,658,662,0,1000,2700,658,662,0,0,0
12565,400000,1,2,2,29,0,0,0,0,0,0,41008,42351,43146,44227,45062,46012,2005,1800,1800,1700,1700,1800,1
12566,120000,1,3,1,24,0,0,0,0,0,0,79172,61300,0,0,0,0,2500,0,0,0,0,0,0
12567,130000,1,2,2,25,0,0,0,0,0,0,4841,6750,7559,5198,5198,5198,2000,1000,2200,0,0,0,0
12568,150000,1,2,1,30,0,0,0,0,0,0,116778,59731,89742,116067,97725,76466,60367,100483,116567,50156,10383,316,0
12569,200000,2,1,2,40,1,0,0,0,0,0,0,0,0,0,0,0,0,0,0,0,0,0,1
12570,130000,1,2,1,49,0,0,0,0,0,0,130558,131939,100513,35288,34359,33488,5311,2502,1512,1612,2000,1000,0
12571,120000,2,1,2,27,0,0,0,0,0,0,1026,1026,1026,1026,1026,1026,1026,1026,1026,1026,1026,1026,0
12572,230000,2,2,2,32,0,0,0,0,0,0,1168,698,2371,4524,299,395,698,2371,4524,299,395,0,0
12573,50000,1,1,2,26,0,0,0,0,0,0,11550,11368,138,1022,316,450,1000,200,1200,600,600,600,0
12574,10000,2,3,1,49,0,0,0,0,2,2,32,-358,-748,1690,1138,930,0,0,2828,0,182,0,1
12575,360000,1,1,2,28,0,0,0,0,0,0,14433,15157,8564,1495,5977,1211,2394,8606,1502,6006,4217,2228,0
12576,140000,2,1,2,24,0,0,0,0,0,0,124722,77682,77870,19353,8966,14300,3645,2322,387,1000,14300,2900,0
12577,50000,2,2,2,25,3,2,2,0,0,0,49081,50074,48610,17857,18369,19011,2063,0,800,800,1000,1000,1
12578,120000,2,2,1,44,0,0,0,0,0,0,16407,17433,18444,18810,19218,21385,1296,1307,673,711,2500,793,0
12579,500000,1,1,1,56,0,0,0,0,0,0,22981,97007,32109,56370,36918,35017,97345,32189,56436,36918,35017,23547,0
12580,500000,1,1,2,33,0,0,0,0,0,0,49981,45803,43838,25588,24648,23773,2200,2000,3000,2000,2657,85500,0
12581,10000,1,2,2,25,0,2,0,0,0,0,7786,8512,9290,9480,388,10000,1000,1000,190,388,10000,0,0
12582,160000,2,3,1,39,0,0,0,0,0,0,40892,42416,43367,44344,45486,50520,2500,3000,2000,1856,6000,2000,0
12583,60000,2,2,2,31,0,0,2,0,0,0,326,1152,826,22662,38211,19671,1152,0,22662,38211,19671,12245,0
12584,60000,2,2,1,40,0,0,0,0,0,0,25158,18473,7506,4790,6388,5816,5000,1508,4790,6388,6046,17806,0
12585,160000,2,2,2,40,1,0,0,0,0,0,0,372,-7,3298,455,-325,372,0,3305,455,0,0,0
12586,500000,2,1,2,40,0,0,0,0,0,0,5158,5514,14199,1537,1537,5517,5514,14220,1537,1537,5517,550,0
12587,360000,2,1,1,41,0,0,0,0,0,0,250180,141206,64277,32727,13004,0,4428,2017,305,1240,0,0,0
12588,10000,1,2,2,27,2,2,2,0,0,2,6743,9060,8768,9465,10212,10198,2600,0,1000,900,300,0,1
12589,30000,2,3,1,44,2,2,2,2,0,0,33382,34547,35100,32859,32041,31262,2000,1500,0,1112,1175,2200,1
12590,60000,2,2,2,26,0,0,0,0,0,0,3724,5782,24653,25831,27483,28085,5600,20000,2500,3000,2000,1500,0
12591,80000,2,2,1,44,0,0,0,0,0,0,1719,1732,1250,175,175,175,1000,1250,175,175,175,175,0
12592,410000,1,2,1,37,0,0,0,0,0,0,4339,1695,17106,9600,2052,3829,1815,17106,9600,2052,3829,3400,0
12593,70000,2,2,1,27,3,2,3,2,0,0,70084,71379,69264,26547,24173,24620,3000,0,0,2000,1000,1000,1
12594,60000,2,3,2,47,0,0,0,0,0,0,696,696,696,696,696,696,696,696,696,696,696,380,1
12595,80000,1,2,1,41,0,0,0,0,0,0,12781,9994,10704,9201,6275,2678,2000,4000,1000,1000,1000,1000,0
12596,30000,1,3,2,38,0,0,0,0,0,0,14095,15117,16130,16462,16808,17140,1255,1268,600,611,612,1000,0
12597,110000,2,3,1,49,0,0,0,0,0,0,52775,52687,53403,56028,57996,59839,3000,3000,5000,3000,3000,2000,0
12598,150000,2,2,1,30,0,0,2,0,0,0,696,1392,696,696,873,1392,1392,0,696,873,1392,696,1
12599,30000,2,2,1,38,1,2,0,0,0,2,9033,8136,8339,8730,9386,3014,0,1000,1000,1300,0,1000,0
12600,150000,1,3,1,38,0,0,0,0,0,0,40441,38497,39552,40393,41243,42157,2000,2000,1500,1500,1600,1600,0
12601,50000,1,3,1,55,0,0,2,0,0,2,42067,45127,44106,44839,47634,46718,4055,0,1767,3683,0,1817,0
12602,40000,1,2,3,41,0,0,0,0,0,0,39295,38490,38224,37764,38029,32179,1786,1890,2000,1104,948,337,0
12603,70000,2,2,2,23,0,0,0,0,0,0,54428,25085,25282,21858,19171,8443,2002,1819,509,539,2000,1000,0
12604,100000,1,1,1,46,2,0,0,0,0,0,98482,89958,78533,75568,63637,50711,3517,2700,19782,2063,3000,1400,1
12605,10000,2,3,2,22,1,2,0,0,2,0,8846,8560,9706,10406,10109,10057,0,1300,1000,0,1000,1000,0
12606,60000,1,3,2,29,0,0,0,0,0,0,4262,11674,6281,7920,8472,8735,7662,1269,1908,1000,727,0,0
12607,100000,1,1,2,27,0,0,0,0,0,0,2927,831,1226,330,0,0,831,1226,330,0,0,0,1
12608,50000,2,2,2,29,0,0,0,0,0,0,9730,9067,9816,9889,8765,9136,1500,1091,1000,1000,1000,2000,0
12609,10000,1,2,1,30,0,0,0,0,0,0,390,0,780,0,0,0,0,780,0,0,0,0,1
12610,50000,2,1,1,54,2,2,2,0,0,0,47927,50421,17637,17680,18091,18750,4090,0,633,696,1000,1000,1
12611,10000,2,3,2,36,0,0,0,0,0,0,4945,6157,7172,8048,8318,8679,1300,1124,1000,400,500,200,0
12612,80000,1,2,2,36,0,0,0,0,0,0,75345,77112,78707,38084,38910,39691,4419,4000,2000,2000,2000,3232,0
12613,50000,1,2,2,47,0,0,0,0,0,0,37486,35996,36679,16707,17057,17423,1800,2021,650,619,650,1000,0
12614,470000,1,1,2,27,0,0,0,0,0,0,4007,3201,14509,21168,14501,8726,3201,14509,21168,0,1528,6970,0
12615,530000,2,2,2,39,0,0,0,0,0,0,398763,396324,355438,317549,290182,292602,17016,14102,11100,11005,11102,9060,0
12616,200000,2,1,1,34,0,0,0,0,0,0,12322,25851,35691,-24303,38674,30784,13871,74000,882,124264,14692,8640,1
12617,20000,1,1,2,23,0,0,0,0,0,0,18055,2059,2576,1834,1092,942,1100,1500,200,200,942,19840,0
12618,80000,2,3,2,24,0,0,0,0,0,0,80235,81960,79121,59165,60084,59920,3626,3862,2056,2200,2130,2213,0
12619,150000,2,2,2,38,0,0,0,0,0,0,5219,0,5200,1561,1633,230,0,5200,0,72,460,4487,0
12620,30000,2,2,1,41,2,2,0,0,0,0,25594,21485,22320,23933,22742,2500,0,1300,5000,945,1850,1060,1
12621,170000,2,5,1,37,0,0,0,0,0,0,743,0,16474,4650,2359,0,0,16474,4650,2359,0,1977,0
12622,230000,2,3,1,30,0,0,0,0,0,0,190919,191785,164602,136569,139522,132239,7214,6264,10000,5028,5000,5000,0
12623,170000,2,2,1,37,2,0,0,2,2,2,135419,138547,148175,149758,147262,156808,6800,13500,5500,0,12000,0,1
12624,290000,1,3,1,47,0,0,0,0,0,0,1200,0,0,0,0,0,0,0,0,0,0,4634,0
12625,170000,2,2,2,27,0,0,0,0,0,0,64195,66163,67856,38803,40259,41541,3000,3000,2308,3000,3000,1800,0
12626,200000,2,1,2,26,0,0,0,0,0,0,118267,103114,85698,64423,49432,34814,3263,5114,1613,1402,3055,7043,0
12627,80000,1,3,1,55,0,0,0,0,0,0,82567,84221,80041,19000,15178,14717,3121,8443,1582,548,531,479,0
12628,340000,2,2,2,32,0,0,0,0,0,0,0,0,2500,2500,0,0,0,5000,0,0,0,0,1
12629,110000,2,1,2,28,0,0,2,0,0,0,112953,225099,221798,111960,111636,111733,12500,0,4400,4218,4323,4550,0
12630,10000,1,2,2,36,0,0,2,0,0,0,6672,8405,8869,8901,9838,6771,2000,800,240,1000,771,1100,0
12631,80000,2,2,2,27,0,0,0,0,0,0,64561,47041,25439,26140,28833,28459,2176,1299,1000,3000,981,2000,0
12632,60000,2,2,3,28,0,0,0,0,0,0,34580,15924,18124,28644,18656,15952,1300,2500,1000,1688,1000,1000,0
12633,340000,2,2,2,27,0,0,0,0,0,0,14745,9318,4794,7819,332,16516,9318,5343,7819,332,16516,5000,0
12634,20000,1,1,1,54,0,0,0,0,0,0,10618,12135,16878,19624,20036,18309,2000,5000,3000,689,1000,2000,0
12635,500000,1,2,1,49,0,0,0,0,0,0,5157,77667,94159,95209,97952,202991,77677,20000,3500,4371,107500,0,0
12636,250000,2,1,1,53,0,0,0,0,0,0,252916,251830,245429,186620,193003,191867,9011,8146,6000,13003,11867,17186,0
12637,50000,2,2,2,24,1,0,0,0,0,0,0,0,51400,11330,12144,12938,0,51400,11330,1000,1000,1519,0
12638,100000,1,1,3,48,0,0,0,0,0,0,525,1022,897,897,319,2757,1100,1000,0,0,2800,5400,1
12639,280000,1,1,2,31,0,0,0,0,0,0,2158,-2,-2,5823,2900,42128,0,0,5825,2915,42338,2419,1
12640,500000,1,1,1,41,0,0,0,0,0,0,505128,500867,489856,356583,289398,274590,19295,18694,12271,9699,9420,8818,0
12641,20000,1,2,2,24,0,0,0,0,0,0,16793,18215,18679,16264,17119,10550,1700,1150,467,1000,1200,400,0
12642,140000,2,2,2,24,1,0,0,0,2,0,0,0,167,80644,146651,55776,0,167,80677,0,2500,28,0
12643,250000,2,2,2,30,0,0,0,0,0,0,43694,33357,44167,19806,22231,6852,15284,20087,5093,10000,6876,0,0
12644,50000,1,1,2,27,0,0,0,0,0,0,0,0,0,0,0,0,0,0,0,0,0,0,0
12645,70000,2,2,1,33,2,0,0,0,0,0,49307,48214,27572,26810,20541,19234,1500,1300,1505,1000,1000,2000,1
12646,230000,2,2,1,27,0,0,0,0,0,0,228863,227814,218694,191956,191741,176784,8862,8933,6956,7845,6784,7471,0
12647,500000,1,3,2,31,0,0,0,0,0,0,453,16577,40489,39744,26765,2837,16783,40496,1075,2133,2851,85327,0
12648,280000,2,1,1,40,0,0,0,0,0,0,212617,207478,211850,209651,214520,213520,7297,7584,7416,8000,7639,7312,0
12649,160000,2,2,1,40,1,0,0,0,0,0,0,0,0,0,0,0,0,0,0,0,0,0,0
12650,50000,2,2,1,32,1,0,0,0,0,0,0,0,530,26530,26574,26289,0,530,26000,951,943,970,0
12651,500000,2,1,1,38,0,0,0,0,0,0,105587,105478,100026,86265,67539,53676,3627,3059,2670,2331,2406,1645,0
12652,290000,2,2,2,24,0,0,0,0,0,0,230014,219207,215223,216261,217537,216014,8411,8600,7000,7300,7000,6000,0
12653,100000,1,3,2,29,0,0,0,0,0,0,47919,30820,28503,6810,-3,-3,2000,1000,1039,12920,0,0,0
12654,480000,1,1,1,61,0,0,0,0,0,0,91524,94123,95336,97645,92109,79795,5000,4000,7172,4000,2500,3000,0
12655,110000,2,3,2,33,0,0,0,0,0,0,110704,55885,56779,56580,57509,58715,2056,2100,2100,2076,2400,2100,0
12656,350000,2,1,2,24,2,2,0,0,2,0,86342,84103,86179,91608,86705,90208,0,3500,6800,0,5100,105000,1
12657,70000,1,2,3,34,0,0,0,0,0,0,58875,0,72772,39980,40126,39788,0,72772,1400,1500,1500,1600,0
12658,290000,1,2,1,38,0,0,0,0,0,0,118801,99370,84836,82168,80299,77324,3530,3019,2818,3000,3199,2350,0
12659,210000,2,2,2,34,0,0,0,0,0,0,6769,12656,5570,2285,0,0,12660,5570,2285,0,0,0,0
12660,240000,1,1,1,38,0,0,0,0,0,0,4890,4157,14342,11411,3006,13268,4164,14371,11411,3006,13336,0,0
12661,260000,2,2,1,49,1,0,0,0,0,0,0,0,0,0,0,0,0,0,0,0,0,0,0
12662,80000,1,2,2,27,0,0,0,0,0,0,38220,33962,31297,27679,7689,8802,3000,1000,730,2015,1000,2000,0
12663,50000,1,2,1,38,0,0,0,0,0,0,50748,48626,20712,17834,18248,19390,1500,1200,2500,618,4000,3000,0
12664,10000,1,3,2,28,2,0,0,0,0,0,6302,6390,0,1170,9956,9992,1000,1600,1170,9956,282,91,1
12665,50000,2,6,1,45,0,0,0,0,0,0,48984,49878,47024,29194,27146,28506,2000,1500,2000,2000,2000,1500,0
12666,200000,2,2,1,39,1,0,0,0,0,0,0,0,12888,2075,0,0,0,12888,2075,0,0,5051,0
12667,400000,2,2,1,39,0,0,0,0,0,0,91170,55588,14037,20356,90159,79053,55974,14079,20417,90180,79176,34790,0
12668,210000,2,1,1,37,0,0,0,0,0,0,24547,48302,4549,3085,7300,6583,4519,9098,3085,7300,6583,5060,1
12669,500000,1,1,2,42,0,0,0,0,0,0,0,0,0,0,0,0,0,0,0,0,0,0,1
12670,60000,1,3,1,55,0,0,0,0,0,0,0,0,0,0,0,0,0,0,0,0,0,0,0
12671,150000,2,2,2,25,0,0,0,0,0,0,151761,149060,151308,152576,152368,142030,5752,6308,16644,12381,9320,5977,0
12672,60000,2,1,2,26,1,0,0,0,0,0,0,23040,28266,43296,44307,43550,23040,8000,20000,1669,1549,15000,0
12673,450000,1,5,1,35,0,0,0,0,0,0,254679,179510,212496,51953,74870,-2313,10000,205004,52000,74896,500,110124,0
12674,430000,2,2,1,42,2,2,2,2,2,2,289358,296219,300873,294527,308523,318274,13000,11000,0,19000,15000,0,1
12675,50000,2,2,2,30,0,0,0,0,0,0,1383,1383,4149,2766,1383,1383,1383,4149,0,0,1383,5419,0
12676,80000,2,2,2,23,0,0,0,0,0,0,0,2946,390,390,390,780,4419,390,390,390,780,0,0
12677,200000,1,3,1,36,0,0,0,2,2,2,25469,26663,28509,27381,29054,28052,2000,3000,0,2500,0,1500,1
12678,60000,2,2,2,25,0,0,0,0,0,0,18280,19468,20986,23783,25548,21811,1482,2000,3000,3000,1500,2000,0
12679,50000,1,2,1,48,2,0,0,0,0,0,49913,50588,50245,19424,19829,20386,2077,1311,689,712,879,799,0
12680,150000,2,1,1,35,0,0,0,0,0,0,38484,43489,48194,32264,25579,0,8000,5175,3000,10000,0,0,0
12681,200000,2,1,2,26,0,0,0,0,0,0,980,2980,3438,2102,38,0,2000,3438,50,38,0,0,0
12682,80000,1,2,1,29,0,0,0,0,0,0,78265,79364,73622,75092,75976,77511,3070,2623,2644,2743,2783,2909,1
12683,30000,2,2,3,41,1,0,0,0,0,0,8247,16463,7090,10000,18438,17068,16463,1314,10000,18438,733,11796,0
12684,200000,2,2,2,33,0,0,0,0,0,0,47132,27179,13457,-387,-387,-387,1917,1000,0,0,0,0,0
12685,170000,2,1,2,30,0,0,0,0,0,0,30552,29342,30544,30477,2609,1359,2500,2500,780,1100,400,918,0
12686,130000,1,2,1,52,0,0,2,2,0,0,82399,89003,90160,87817,89746,98655,7931,3500,0,3499,10648,0,0
12687,180000,2,2,2,28,0,0,0,0,0,0,103203,108032,109741,112907,115924,118832,6500,5000,5000,5000,5000,5000,0
12688,160000,1,1,2,27,0,0,0,0,0,0,11924,0,4477,2682,29011,4000,0,4477,2682,29011,4000,5459,0
12689,20000,2,3,2,29,0,2,2,0,0,0,957,738,356,356,4616,728,356,0,356,4616,728,449,0
12690,250000,1,1,2,42,0,0,0,0,0,0,255473,256003,254970,209124,213392,205180,11300,12177,7200,8000,7700,8003,0
12691,150000,1,1,2,28,0,0,0,0,0,0,252,6514,-31,-31,-31,-31,6546,0,0,0,0,0,0
12692,180000,1,1,1,35,0,0,0,0,0,0,574,396,395,846,1027,381,396,395,848,1027,381,5819,0
12693,120000,1,1,2,27,0,0,0,0,0,0,60109,44206,38083,36728,36952,35475,2415,1816,1381,1264,1228,1217,0
12694,430000,2,1,1,42,0,0,0,0,0,0,1580,1526,806,2792,3010,-200,1526,806,2792,3010,200,0,0
12695,200000,1,1,1,38,2,0,0,0,0,0,194281,188638,190824,133233,115882,117534,7332,5818,4451,4472,3850,3602,0
12696,20000,2,3,2,38,0,0,2,0,0,0,12193,11242,8015,3668,3508,5278,5015,0,0,3508,5278,780,0
12697,370000,2,1,1,42,0,0,0,0,0,0,271452,256269,200761,125646,111185,45816,11295,8300,5000,4600,10000,280000,0
12698,30000,2,3,2,25,0,0,0,0,0,0,25366,27626,22034,16312,14614,0,5000,1000,326,292,0,0,0
12699,180000,2,1,2,25,0,0,2,0,0,2,7026,10080,3254,1443,7105,2929,10080,0,1443,7105,0,5253,0
12700,360000,1,1,1,48,0,0,0,0,0,0,5518,2532,5504,-4,-4,881,2548,5536,0,0,885,1595,0
12701,260000,2,1,2,33,0,0,0,0,0,0,248034,241535,174423,46654,202945,180891,11381,7256,2312,200128,7175,5612,0
12702,200000,2,1,2,25,0,0,0,0,0,0,190123,194059,194464,76223,77822,80598,8487,5105,3000,2828,4073,1794,0
12703,50000,2,2,1,39,0,0,0,0,0,0,30049,30147,28703,28918,29126,28643,1800,1500,1142,1200,1200,1200,0
12704,50000,2,2,2,22,3,2,0,0,0,0,50953,49363,49243,46382,47261,48219,8,3011,1264,2000,1159,1244,1
12705,270000,1,1,2,33,0,0,0,0,0,0,9711,9363,13951,8938,15280,18002,9391,13999,8964,15325,18028,211,0
12706,10000,2,2,2,22,2,0,0,0,0,0,7582,8502,9479,9669,9978,9928,1200,1136,326,444,199,0,1
12707,390000,1,1,1,38,0,0,0,0,0,0,9610,6090,18119,15220,7658,7547,6090,18119,304,416,7547,897,0
12708,350000,2,1,1,50,0,0,0,0,0,0,50376,20717,10133,28858,8693,9194,20717,10173,28858,8693,9194,17436,0
12709,350000,1,1,1,40,0,0,0,0,0,0,63200,6470,630,20682,20902,16754,4150,630,20902,5000,2000,3000,0
12710,300000,1,2,2,33,0,0,0,0,0,0,306623,296304,295855,201842,201309,200695,12000,11504,8500,8000,8000,11000,0
12711,50000,1,2,2,38,0,0,0,0,0,0,42856,29248,17775,17833,18246,18642,1300,1600,650,700,700,700,0
12712,250000,2,1,1,35,0,0,0,0,0,0,88132,81826,71488,69145,68680,70047,3500,3070,2372,2413,2428,2507,0
12713,360000,1,1,2,33,0,2,0,0,2,0,5971,5732,6465,9465,9290,4209,0,1000,3000,0,5000,3780,0
12714,180000,2,1,1,42,1,0,0,0,0,0,0,0,0,0,0,1031,0,0,0,0,1031,0,0
12715,150000,1,4,1,41,0,0,0,0,0,0,78354,69250,69790,71535,73131,72502,2507,3001,3001,3013,3133,3000,0
12716,250000,2,2,1,35,1,2,2,2,2,2,196192,191745,205681,200988,217830,223254,0,17000,0,20000,9078,8500,0
12717,200000,1,3,2,29,0,0,0,0,0,0,41151,21132,482,482,462,446,1650,482,482,462,466,0,0
12718,260000,2,1,1,46,0,0,0,0,0,0,451,268,604,664,734,1076,268,604,664,734,1076,1220,1
12719,150000,2,1,2,52,0,0,0,0,0,0,135450,137647,141046,143490,146060,149861,4771,4952,4019,4132,5037,3500,1
12720,400000,2,1,2,36,0,0,0,0,0,0,39601,21357,30689,2514,4215,827,21357,10689,2514,4215,827,10827,0
12721,20000,1,2,1,32,0,0,0,0,0,0,14662,10305,11127,12928,13721,14492,1500,1300,2000,1000,1000,1000,0
12722,90000,2,3,2,25,0,0,0,0,2,0,43519,44677,45868,47535,40920,38622,1861,2052,2719,0,1600,890,0
12723,200000,1,3,1,34,0,0,0,0,0,2,73494,82253,179964,-36,5654,804,10000,100000,0,5690,0,4421,0
12724,70000,2,1,2,27,1,2,2,2,2,2,61401,62712,63586,64440,65761,67128,2900,2500,2500,2500,2600,1000,0
12725,80000,1,2,1,49,0,0,0,0,0,0,5885,7001,8632,10316,316,2523,2000,2000,2000,316,2523,316,0
12726,240000,1,1,2,43,0,0,0,0,0,0,73462,82677,76248,79684,58231,7100,65361,30646,70204,10000,7100,8318,0
12727,200000,2,1,2,28,0,0,0,0,0,0,339,5322,7756,4792,3107,17423,5322,7756,0,38700,16724,6393,0
12728,270000,2,1,2,29,0,0,0,0,0,0,125120,102046,91426,93262,96104,98374,4000,2969,3000,4000,3500,3450,0
12729,210000,2,1,1,32,1,0,0,0,0,0,0,0,0,0,0,0,0,0,0,0,0,0,0
12730,140000,1,2,2,24,0,0,0,0,0,0,16343,1462,4326,6380,48866,23797,1462,4326,6398,48866,3500,2000,1
12731,120000,1,3,1,36,0,0,0,0,0,0,31218,32319,32687,32972,33559,34604,2000,1600,1200,1500,2000,1500,0
12732,130000,2,1,1,36,2,2,2,2,0,0,65767,74474,78652,76790,78400,79996,9813,6000,0,3001,3058,2866,1
12733,70000,2,3,0,34,1,2,2,2,2,2,16354,17295,16720,18438,18004,19546,1500,0,2000,0,2000,0,0
12734,80000,1,2,2,24,0,0,0,0,0,0,35926,32813,22638,18805,6058,0,5041,4238,5051,3118,0,0,0
12735,170000,1,1,1,38,1,0,0,0,0,0,0,0,0,0,0,0,0,0,0,0,0,0,1
12736,300000,2,1,2,33,0,0,0,0,0,0,920,1592,0,0,0,0,1592,0,0,0,0,0,0
12737,380000,1,1,1,37,0,0,0,0,0,0,15019,4162,2107,0,1630,0,4472,2107,0,1630,0,0,0
12738,110000,2,1,2,26,0,0,0,0,0,0,58716,50943,46942,47935,49083,49603,2500,2100,2000,2000,2500,2000,0
12739,80000,2,1,2,24,0,0,0,0,0,0,30985,44300,0,0,0,0,14300,0,0,0,0,0,0
12740,20000,1,2,2,30,0,0,0,0,0,0,28674,15491,16299,16428,0,0,1392,1200,329,0,0,8644,0
12741,200000,1,1,2,28,0,0,0,0,0,0,972,-1,-1,299,299,293,0,0,300,300,294,0,0
12742,360000,1,3,1,62,0,0,0,0,0,2,234825,242378,235716,171573,95455,91687,15000,12000,10000,10000,0,10000,0
12743,170000,2,2,2,50,0,0,0,0,0,0,10072,2417,199,1628,0,4968,2417,199,1628,0,4968,0,0
12744,500000,2,1,1,46,0,0,0,0,0,0,28412,72222,248807,179086,160121,52190,72234,248902,3582,3202,52190,53710,0
12745,50000,2,2,2,24,0,0,0,0,0,0,16090,50912,34027,9568,9913,10132,36027,1807,1000,500,400,500,0
12746,50000,1,3,1,52,2,2,2,4,3,3,37530,38630,41774,40806,41357,41380,2000,4086,0,1500,1000,1800,0
12747,80000,2,3,1,26,0,0,0,0,0,0,46802,33357,32883,29425,30117,30492,1903,1397,5000,1300,1400,1300,0
12748,50000,1,1,2,31,0,0,0,0,0,0,50758,49517,49528,44768,40295,33088,2501,2005,1312,1614,1706,0,0
12749,30000,2,2,2,23,0,0,0,0,0,0,28420,27929,28920,27997,28378,29321,1482,1703,1001,1500,1845,1001,1
12750,30000,1,2,1,41,0,0,0,0,0,0,5413,13938,8448,8620,8000,0,9200,1000,172,160,0,0,0
12751,20000,1,3,2,23,1,2,0,0,0,3,14034,13524,14983,16197,18932,18271,0,2000,1780,3000,0,0,1
12752,500000,1,1,2,29,0,0,0,0,0,0,499452,455071,359940,345238,274743,250930,30483,15773,10393,10580,120081,10996,0
12753,170000,2,3,1,42,0,0,0,0,0,0,552,552,552,552,552,0,552,552,552,552,0,33290,0
12754,20000,2,1,2,23,1,0,0,0,0,0,0,342,1342,1372,2037,1068,342,1000,30,2037,1218,462,0
12755,90000,1,3,2,50,0,0,0,0,0,0,76495,71616,60177,54440,45788,41874,3243,2390,1840,1690,1954,1497,0
12756,230000,1,1,1,35,0,0,0,0,0,0,3454,0,0,0,0,0,0,0,0,0,0,0,1
12757,210000,2,2,2,35,0,0,0,0,0,0,209802,208421,190737,142271,137171,130687,8800,8023,4809,5001,5000,5000,0
12758,20000,1,2,2,23,0,0,0,0,0,0,17728,18835,38099,18471,16408,17135,1700,1262,1244,595,1000,1000,0
12759,60000,2,2,1,48,0,0,0,0,0,0,9015,14700,438,2575,0,4532,14700,438,2575,0,4532,3566,0
12760,300000,2,2,1,29,0,0,0,0,0,0,1825,2017,2476,5797,1542,1256,2017,2476,5797,0,1256,23265,0
12761,50000,1,1,2,30,0,0,2,2,2,2,44572,48361,47192,50588,40009,43685,4500,0,4000,0,5000,0,0
12762,50000,1,2,2,35,0,0,0,0,0,0,50000,37891,8434,8604,8865,9058,1150,1200,310,400,340,301,1
12763,500000,1,1,1,61,0,0,0,0,0,0,11430,29015,25364,19550,21096,23491,29205,25428,9575,11116,15063,217,0
12764,490000,1,1,2,30,0,0,0,0,0,0,250637,254499,254762,253583,232878,236555,11032,10000,10000,9012,10000,10000,0
12765,110000,2,3,1,29,1,2,0,0,0,2,109636,96380,56414,56677,109583,107981,0,3000,2000,53700,0,3000,0
12766,360000,2,2,1,27,0,0,0,0,0,0,6449,3885,3113,1347,2179,5575,1108,1024,1353,2188,5602,776,1
12767,80000,2,2,1,42,0,0,0,0,0,0,43024,9821,600,53900,55000,65000,5098,600,53900,1100,10000,0,0
12768,180000,2,1,2,27,2,2,0,0,2,2,153198,151128,152785,168657,165872,173667,1813,5667,18483,0,11000,1842,1
12769,180000,2,1,2,27,0,0,0,0,0,0,581,5394,1485,4778,23350,583,5396,1485,4778,23350,583,5883,0
12770,70000,2,2,2,22,0,0,0,0,0,0,9232,68209,66087,50716,48862,49850,68209,2081,2000,2000,1828,1518,0
12771,140000,1,2,2,26,0,0,0,0,0,0,105930,59125,54636,51407,12016,60890,3029,2000,2059,1019,55317,2015,0
12772,340000,2,1,2,30,0,0,0,0,0,0,24400,27791,6097,2272,4336,2581,27800,6097,2272,4336,2581,1865,0
12773,70000,2,2,2,36,0,2,2,2,2,2,1156,2254,2044,4152,3023,4014,2044,0,4000,0,2000,0,1
12774,300000,1,1,2,34,0,0,0,0,0,0,271928,274915,279570,241030,228125,215438,10230,9483,8172,8081,7707,7981,1
12775,20000,2,2,2,23,2,2,2,2,4,3,18495,20194,18880,22215,20638,19342,3000,0,4613,0,0,0,1
12776,170000,2,2,1,42,0,0,0,0,0,0,415,415,415,415,1215,1390,415,415,415,1215,1390,1215,0
12777,280000,2,1,1,44,0,0,0,0,0,0,146390,148737,151000,152538,154291,155955,5111,5100,4300,4500,4500,4500,0
12778,90000,2,3,2,50,0,0,0,0,0,0,83939,86583,87014,46293,47576,46663,4000,2500,2000,2000,2000,2000,0
12779,160000,2,2,2,27,1,0,0,0,0,0,0,418,0,0,0,0,418,0,0,0,0,0,1
12780,300000,2,1,2,46,1,0,0,0,0,0,0,0,0,0,0,0,0,0,0,0,0,0,1
12781,60000,1,1,1,38,1,2,0,0,2,2,49808,48736,49525,57564,56517,81397,0,1900,8900,0,26000,2100,1
12782,210000,1,1,1,46,0,0,0,0,0,0,3035,5764,46884,80514,391,1487,5790,46915,80871,391,1497,10194,0
12783,130000,2,2,1,29,0,0,0,0,0,0,132214,132361,128904,101785,101849,99296,5500,5904,4785,3849,4296,3139,0
12784,160000,2,1,2,35,0,0,0,0,0,0,11988,-890,-890,-890,-890,-890,0,0,0,0,0,0,0
12785,20000,2,1,2,37,0,0,0,0,0,0,8400,2000,0,2000,0,0,1000,0,2000,0,0,0,1
12786,240000,2,2,1,40,0,0,0,0,0,0,4480,1725,10062,8662,4566,3915,1735,10096,8675,4566,3927,2529,0
12787,340000,2,1,1,38,0,0,0,0,0,0,15065,41951,86114,82049,57667,80767,41951,50000,30000,5000,80767,10000,0
12788,150000,1,1,1,42,0,0,0,0,0,2,136518,146249,147624,138636,146609,149438,13571,7500,10600,11200,5400,0,0
12789,180000,1,1,1,46,0,0,0,0,0,0,142826,61650,0,0,0,0,3000,0,0,0,0,0,0
12790,300000,2,1,2,26,0,0,0,0,0,0,48729,47798,57390,36766,38586,84950,7500,18340,1000,3000,57543,64629,0
12791,180000,1,2,1,44,0,0,0,0,0,0,1110,1110,1110,1110,1110,1110,1110,1110,1110,1110,1110,1110,0
12792,50000,2,2,2,22,0,0,0,0,0,0,44320,45884,47104,48205,17555,7809,2280,2500,1401,0,3000,2110,0
12793,50000,2,3,1,55,0,0,0,0,0,2,46731,47439,41493,19129,20561,20083,1810,1614,700,1745,0,1000,0
12794,340000,1,1,1,37,0,0,0,0,0,0,8480,21524,12247,651,12105,7661,21631,12308,654,12164,7699,13379,0
12795,190000,1,1,2,31,0,0,0,0,0,0,-579,0,400,579,579,-421,579,400,579,0,421,0,1
12796,180000,2,1,1,43,0,0,0,0,0,0,4824,1001,13413,8577,8596,24297,1001,13413,8577,8596,24297,26134,0
12797,20000,1,3,2,28,1,2,0,0,0,0,5653,5419,6365,6608,7001,7233,0,1200,350,500,500,300,1
12798,450000,1,2,2,29,0,0,0,0,0,0,51686,54224,49606,43803,62914,81529,10068,10075,10000,20000,20000,5200,0
12799,100000,2,1,2,30,1,2,0,0,0,0,105033,102513,100693,71253,70206,71060,0,3509,3047,3500,3000,2500,0
12800,80000,1,2,2,26,0,0,0,0,0,0,68194,24956,22145,33675,3047,77511,2000,3000,18000,3047,77511,4000,0
12801,10000,1,3,2,36,0,0,0,0,2,0,6470,7404,8415,9075,8785,8959,1200,1440,800,0,320,900,1
12802,20000,2,2,2,22,0,0,0,0,0,0,5099,5835,6763,7283,7370,7371,1200,1257,1000,420,502,500,0
12803,260000,2,2,1,53,1,2,2,2,2,2,118107,121763,133107,133107,148107,148107,3656,15000,0,15000,0,15000,1
12804,150000,1,3,1,52,0,0,0,0,0,0,88812,90649,92499,94364,97589,99921,2564,2616,2647,4000,3158,2215,1
12805,500000,2,1,2,34,0,0,0,0,0,0,19656,65732,14611,23169,6738,0,65732,14643,23169,6738,2159,0,0
12806,110000,2,1,1,46,0,0,0,0,0,0,734,9455,1277,2170,16070,1760,9483,1338,2176,16070,1760,927,0
12807,160000,1,2,1,32,0,0,0,0,0,0,93174,95274,97291,98768,101016,103176,4500,4500,4000,4000,4000,4000,0
12808,200000,2,2,2,36,0,0,0,0,0,0,131694,122349,112715,102542,92335,81667,4269,3891,3488,3250,2755,2530,0
12809,190000,2,1,1,45,1,2,0,0,0,0,75758,73989,75760,76899,78761,80883,0,3600,3000,3100,3600,3500,0
12810,180000,2,1,2,28,0,0,0,0,0,0,8366,16912,9199,4745,0,0,16912,9211,4758,0,0,2771,1
12811,50000,2,1,2,25,1,3,2,2,2,2,27796,27069,27324,29561,28952,31307,0,1000,3000,0,3000,0,1
12812,100000,1,3,1,54,0,0,0,5,4,3,46041,59526,72823,71105,69424,68006,15000,15000,0,0,0,2700,0
12813,130000,2,2,2,29,1,3,2,2,2,2,129094,125616,126531,127571,121365,125368,0,4500,4500,900,7200,4980,1
12814,120000,1,2,1,58,0,0,0,0,0,0,396,396,396,396,396,396,396,396,396,396,396,396,0
12815,340000,2,3,2,37,0,0,0,0,0,0,289995,269901,267494,265058,263658,256621,10015,10019,10025,10052,10011,9014,0
12816,20000,1,2,2,22,0,0,0,0,0,0,19844,19929,18775,13854,10718,0,1369,1162,524,606,0,0,0
12817,30000,1,2,1,34,0,0,0,0,0,0,28893,26807,27942,27179,27385,28943,2000,2000,940,1000,2000,2000,1
12818,250000,1,2,1,44,0,0,0,0,0,0,4602,18382,15450,1867,-1,-1,5000,16000,0,1,0,0,0
12819,70000,2,2,2,25,0,0,0,2,2,0,70488,51152,35122,28633,28039,28621,2000,4500,1200,0,1200,1185,0
12820,50000,2,2,3,47,2,2,2,2,2,0,37277,38383,38954,39618,38852,39553,2000,1500,1600,0,1500,3000,0
12821,280000,1,1,1,60,0,0,0,0,0,0,792,0,192,396,0,396,0,192,996,0,396,396,0
12822,500000,2,2,1,46,0,0,0,0,0,0,886,21803,90182,79310,68380,58772,21831,90182,2500,2380,2772,3000,0
12823,140000,2,2,1,50,1,2,2,2,2,2,136183,139121,140047,141215,142019,137251,6901,4800,5006,5507,5,5308,0
12824,200000,2,2,2,31,0,0,0,0,0,0,192698,196484,177001,100908,98873,95548,8135,7163,3783,3766,3500,4000,0
12825,50000,1,2,1,36,2,2,7,7,7,7,2400,2400,2400,2400,2400,2400,0,0,0,0,0,0,1
12826,320000,1,1,1,58,0,2,0,0,0,0,380,64,948,632,316,316,0,1200,0,0,316,316,0
12827,50000,2,3,1,59,1,2,0,0,0,0,44977,43981,44996,45736,46748,47816,0,2045,1785,1900,2000,2210,0
12828,30000,1,2,3,49,0,0,0,0,0,0,12939,14128,15354,5023,5275,54,1405,1631,300,375,54,1000,0
12829,100000,2,1,2,25,2,2,0,0,0,0,100000,0,0,0,0,-150953,0,0,0,0,0,150400,0
12830,340000,1,2,2,44,0,0,0,0,0,0,327058,335584,330510,272220,269629,266723,16004,312723,9748,9800,9569,12500,1
12831,350000,2,2,1,38,0,0,0,0,0,0,7633,7600,21405,6390,6076,9610,7638,21511,6421,6106,9657,5731,0
12832,20000,1,2,2,24,2,0,0,2,2,2,4127,5557,7458,7192,7923,7647,1500,2000,0,1000,0,1000,1
12833,110000,1,1,2,26,0,0,0,0,0,0,110925,110909,111851,153551,75749,77217,5607,4400,2683,5466,5000,2000,0
12834,290000,2,2,2,29,0,0,0,0,0,0,264929,261675,263204,263612,259786,208000,12324,10508,8530,8777,7421,8002,0
12835,40000,1,2,2,26,1,2,2,2,2,2,11318,10845,12655,12156,20897,20411,0,2000,0,9000,0,1850,1
12836,120000,1,4,1,39,2,0,0,0,0,0,114647,114645,72188,42840,19860,390,5000,10000,4000,5000,390,780,1
12837,190000,1,1,1,55,0,0,0,0,0,0,5928,9770,8032,30,240,540,9770,8034,0,600,690,742,0
12838,150000,2,2,2,23,0,0,0,0,0,0,115206,111447,103317,96140,87455,87601,6000,3306,3412,3500,3500,3300,0
12839,300000,2,1,2,42,0,0,0,0,0,0,6349,668,9737,367,-23,-413,668,9800,0,0,0,0,0
12840,240000,2,2,1,32,0,0,0,0,0,0,53286,16920,12869,14497,12262,8331,8000,1500,5000,1000,3000,2666,0
12841,60000,2,2,1,33,2,0,0,0,0,0,60099,60983,55595,54940,47959,29763,2500,2006,5000,2000,2000,0,1
12842,150000,1,2,2,29,0,0,0,0,0,0,51620,9070,117140,89524,36772,16157,9070,117146,1793,959,343,28763,0
12843,80000,2,3,2,47,0,0,0,0,0,0,194843,197581,202150,0,0,48855,5501,6150,0,0,48855,1832,0
12844,160000,2,2,1,43,0,0,0,0,0,0,5617,267,509,15695,515,515,267,509,15695,515,515,515,0
12845,200000,1,1,1,30,0,0,0,0,0,0,182338,123079,124075,99440,104685,54038,4653,5000,5000,6000,5000,10000,0
12846,90000,1,2,1,42,2,2,2,2,2,0,95773,95489,94681,93965,90545,90529,4000,3500,3500,0,3500,4200,0
12847,360000,1,2,1,38,1,0,0,0,0,0,0,0,0,0,0,0,0,0,0,0,0,0,0
12848,350000,2,2,1,38,0,0,0,0,0,0,4482,4985,4322,4992,4295,5952,4998,4333,5005,4305,5963,6015,0
12849,30000,2,3,1,51,0,0,0,0,0,0,17454,18964,20442,21592,23079,24529,1800,1800,1801,2001,2000,2001,0
12850,40000,1,3,2,23,0,0,0,0,0,0,15045,15899,16700,17500,0,0,1400,1200,1000,0,0,0,0
12851,160000,1,2,2,24,0,0,0,0,0,0,4449,5316,5711,6003,3527,127,1283,3008,6023,71,0,0,0
12852,200000,1,2,2,40,0,0,0,0,0,2,16816,17852,18562,18965,24424,23883,1610,1310,713,5800,0,3000,0
12853,330000,1,1,2,33,0,0,0,0,0,0,223445,122096,125969,127044,127027,129945,5005,6000,3614,4000,4000,4000,0
12854,500000,1,1,1,47,0,2,0,0,0,0,7233,2321,18261,16456,11225,36770,0,18261,0,0,40270,0,0
12855,500000,2,2,1,28,0,0,0,0,0,0,67763,47746,28148,24377,15421,11239,2244,4625,24448,2028,2009,1710,0
12856,460000,2,1,1,54,0,0,0,0,0,0,7623,9483,18511,80877,45369,56789,9495,18513,80877,45369,56789,17540,0
12857,120000,2,1,2,27,0,2,0,0,0,0,6553,2752,10834,2016,3589,1569,0,10834,280,3589,1569,2527,0
12858,130000,2,2,1,45,2,0,0,0,0,0,990,990,990,990,1130,990,990,990,990,1130,1000,9880,0
12859,20000,1,1,2,22,0,0,0,0,0,0,7268,12946,8811,9638,11740,11047,11500,6074,9000,5000,6047,1000,0
12860,170000,1,1,1,41,0,0,0,0,0,0,149941,68912,72741,76149,84474,92400,3200,6000,5000,10000,10000,780,0
12861,50000,2,1,1,29,0,0,0,0,0,0,48305,49726,50389,30410,30364,30063,2500,2109,1100,1100,1100,1100,0
12862,50000,1,2,1,36,0,0,0,0,0,0,3580,4597,5757,5869,5838,5971,1084,1244,356,212,230,205,1
12863,50000,1,3,1,43,0,0,0,0,0,0,17113,17751,18332,18301,18639,18516,1303,1274,633,1000,724,1000,0
12864,220000,2,1,2,36,0,0,2,0,0,0,13043,4111,1522,5198,3974,-38,2190,1,3980,20,0,7762,0
12865,260000,2,3,2,38,0,0,0,0,0,0,30845,20395,17902,18258,18640,18956,1275,1279,635,657,669,668,0
12866,500000,2,1,1,54,0,0,0,0,0,0,428841,432871,436858,432945,338417,318436,15703,12000,15236,98363,11000,9000,0
12867,20000,2,2,2,25,0,0,0,0,0,0,20195,19638,17198,14253,18475,13878,1376,1121,460,6000,624,2000,0
12868,20000,1,3,2,40,0,0,2,0,0,0,5945,8184,7839,7999,0,0,2345,0,160,0,0,0,1
12869,80000,1,2,2,25,0,0,0,0,0,0,45113,26796,19100,14600,9000,2000,1456,1200,0,0,2000,5500,0
12870,500000,1,2,1,35,0,0,0,0,0,0,2295,1384,1384,1384,5590,4542,1384,1384,1384,5590,4542,1000,0
12871,160000,1,1,2,27,0,0,0,0,0,0,165,0,0,0,0,0,0,0,0,0,0,0,1
12872,200000,1,2,2,27,0,0,0,0,0,0,7934,16140,9043,-1136,-1136,-1136,16140,1000,0,0,0,0,0
12873,50000,2,1,1,34,0,0,0,0,0,0,42980,44015,45284,46186,47440,48453,1731,2000,1655,2000,1800,2000,0
12874,20000,1,2,2,25,0,0,0,0,0,0,19791,19591,15788,14911,11699,12224,1917,1000,1000,1000,1068,0,1
12875,170000,2,2,1,38,0,0,0,0,0,0,146518,142954,134372,84558,86538,88299,7031,6026,3200,3500,3200,4000,0
12876,10000,1,1,2,23,0,2,0,0,0,0,780,390,390,780,0,0,0,390,780,0,0,0,1
12877,20000,2,3,2,28,1,3,6,5,4,3,19109,23788,23154,22520,21596,20962,5000,0,0,0,0,0,1
12878,150000,2,2,2,29,0,0,2,0,0,2,2501,6845,4592,8617,2190,1369,4400,0,4025,407,0,1845,0
12879,470000,2,1,1,47,0,0,0,0,0,2,447057,450070,451090,442237,450924,428239,17600,17400,15360,31000,0,28900,0
12880,200000,2,1,1,32,0,0,0,0,0,0,36154,23885,24718,25213,68126,9636,9216,7013,15000,10000,10000,10000,0
12881,130000,2,1,2,27,0,0,0,0,0,0,26868,28429,29710,34310,21900,780,2000,2000,5000,438,780,0,0
12882,70000,2,3,2,40,0,0,2,0,0,0,12924,14615,14692,14784,15175,16360,2600,1000,1000,1000,2000,2000,0
12883,270000,2,2,1,34,0,0,0,0,0,0,160006,163338,166672,170000,173547,177013,5420,5532,5572,5763,5804,5996,0
12884,150000,1,3,2,27,0,0,2,0,0,0,57386,58531,56544,48153,49288,36872,5000,422,2000,2041,2039,751,1
12885,240000,2,1,1,41,1,2,0,0,0,0,8827,6993,7094,3227,-18,-18,0,1200,0,0,0,0,0
12886,100000,2,2,1,60,0,0,0,0,0,0,0,198,198,324,171,0,198,198,324,171,0,144,0
12887,200000,1,1,1,40,0,0,0,0,0,0,6750,4501,6360,2620,5900,37084,5007,7096,2620,6000,17703,4914,1
12888,220000,1,1,2,33,0,0,0,0,0,0,22708,24330,25918,27479,28877,30237,2000,2000,2000,2000,2000,2000,0
12889,70000,1,3,1,69,1,2,0,0,0,0,11572,11095,12109,12905,14683,15435,0,1204,1000,2000,1000,1500,1
12890,260000,1,2,2,44,0,0,0,0,0,0,99176,63497,51524,52681,53852,55967,2259,2000,2000,2000,3000,1681,0
12891,180000,2,1,2,29,0,0,0,0,0,0,134797,134041,132295,130166,129158,127963,5000,4600,4600,4700,4972,5000,0
12892,210000,2,3,2,35,0,0,0,0,0,0,1983,-17,9000,7905,1434,1008,0,9017,7905,1434,1008,660,0
12893,130000,2,2,1,36,1,2,0,0,0,0,98469,96054,97910,96744,97444,95630,0,4400,4000,3500,3600,10000,0
12894,320000,2,2,1,39,0,0,0,0,0,0,147440,137938,131816,120761,120375,120897,5009,6125,4001,4013,5000,4015,0
12895,30000,2,2,2,27,2,0,0,0,0,0,1473,2998,2946,1473,1473,28058,2998,1473,0,1473,28058,1100,1
12896,50000,2,2,2,25,0,0,0,0,0,0,50485,50397,49167,45077,36815,38203,2000,3045,1660,1500,2000,10000,0
12897,380000,2,2,2,27,0,0,0,0,0,0,4400,0,270219,3641,3717,3791,0,270219,131,135,136,76,0
12898,20000,2,2,2,22,2,0,0,0,3,2,6643,7872,9077,10989,10529,10213,1500,1500,2225,0,0,202,1
12899,50000,1,2,2,31,2,0,0,0,0,0,49804,28662,29476,4011,1000,0,2000,1500,1000,1000,0,0,0
12900,140000,2,1,2,28,0,0,0,0,0,0,8483,9526,33788,-18,-18,-18,9532,33788,0,0,0,0,0
12901,150000,2,3,1,46,1,0,0,0,0,0,0,0,0,0,0,0,0,0,0,0,0,0,1
12902,370000,1,1,2,36,0,0,0,0,0,0,297678,306455,307734,225974,231720,222733,12033,12015,7035,15037,7066,8000,1
12903,100000,2,1,1,41,0,0,0,0,0,0,96832,2590,-11925,21289,17236,1238,2592,12,38525,0,1238,0,0
12904,100000,1,3,2,27,0,0,0,0,0,0,98746,99118,66147,64691,49332,50366,4146,2556,2802,1786,1850,2000,0
12905,50000,1,2,1,29,3,2,2,0,0,0,32750,33532,32597,19576,19034,19525,1600,7,900,700,800,800,1
12906,400000,2,1,2,33,0,2,0,0,0,0,565,565,11471,1779,0,3470,0,11495,1779,0,3470,24096,0
12907,250000,2,1,1,43,0,0,0,0,0,0,34200,0,110801,0,18805,0,0,110801,0,18805,0,0,0
12908,150000,2,3,1,45,1,0,0,0,0,0,-141,10987,12733,6908,6713,8048,11254,2000,1225,1244,1447,7000,0
12909,120000,1,3,2,37,2,2,2,2,2,2,117681,119513,120990,121795,113328,120615,5200,5000,4200,0,9200,0,1
12910,260000,2,1,2,31,0,0,0,0,0,0,117271,121442,121805,127594,110146,112364,7000,4150,8000,4000,4000,5000,0
12911,90000,2,2,2,23,0,0,0,0,0,0,80551,11066,2408,57167,57700,58817,2028,1007,57113,2092,2400,1800,0
12912,130000,1,1,1,39,2,0,0,0,0,0,390,390,390,1068,3169,390,390,390,1068,3169,390,390,0
12913,50000,2,2,2,29,1,2,2,2,0,0,46376,45354,49086,48027,49037,48032,0,4500,0,1751,1736,2971,1
12914,120000,2,2,1,29,1,2,0,0,0,0,126412,120812,121895,121208,121678,122067,0,4600,4512,4600,4600,5200,1
12915,140000,1,3,2,33,0,0,0,0,0,0,473,-27,3788,0,9386,722,0,3815,0,9386,722,1468,0
12916,170000,2,1,2,34,0,0,0,0,0,0,172095,160914,103021,99219,99179,99902,6317,3632,3494,3620,3800,4000,0
12917,330000,2,3,2,31,0,0,0,0,0,0,5480,30630,6350,6033,2205,0,30630,6350,6033,5649,0,173,0
12918,210000,1,2,1,33,0,0,0,0,0,0,0,0,106669,13333,12780,18472,0,106669,13333,12780,19136,18660,1
12919,300000,1,1,1,39,0,0,2,0,0,2,27459,34405,3283,3961,24306,22644,8000,0,3961,24306,0,7651,1
12920,130000,2,2,1,39,0,0,0,0,0,0,93797,91523,88331,81192,78774,77117,3339,2892,2733,2752,3159,3000,0
12921,360000,2,1,2,29,0,0,0,0,0,0,27370,20750,14898,7524,7524,0,1328,2000,150,0,0,0,0
12922,150000,1,2,2,26,2,2,0,0,0,0,37594,30432,20346,19447,8420,8631,0,1150,664,500,500,1000,0
12923,90000,2,2,2,33,2,2,0,0,2,2,61367,59814,61816,65180,63979,63733,0,3000,5010,0,5000,0,1
12924,260000,2,1,1,61,1,0,0,0,0,0,-551,16449,-20320,-20320,-20320,-20320,17000,2631,0,0,0,0,0
12925,30000,2,3,1,21,4,3,2,0,0,0,32179,31397,30358,29758,29758,23036,0,0,0,0,1000,0,1
12926,80000,2,2,1,45,0,0,0,0,0,0,79552,81392,80966,79295,81142,80672,3130,3107,2847,3134,3072,3010,0
12927,500000,2,1,1,33,0,0,0,0,0,0,363,2089,4822,48741,92978,0,2089,4822,48741,92978,0,39037,0
12928,20000,2,2,1,33,0,0,0,0,0,0,13864,14534,9662,8091,0,0,1242,1020,2000,0,0,0,0
12929,60000,1,3,2,36,0,0,0,0,0,0,34364,34246,13266,19876,19274,17923,5000,1029,19507,1000,358,3045,0
12930,210000,1,2,2,37,0,0,0,0,0,0,15637,17560,16765,18641,18654,16229,3017,3023,5014,5012,2012,2010,0
12931,50000,1,1,2,24,0,0,2,2,2,2,29595,31798,32979,32152,34668,33961,3000,2000,0,3200,0,1600,1
12932,350000,1,2,2,32,0,0,0,0,0,0,228009,220450,190173,192649,197269,201360,9000,8700,7000,7600,7800,8500,0
12933,200000,1,2,2,37,1,0,0,0,0,0,0,0,0,0,0,0,0,0,0,0,0,0,0
12934,280000,2,1,2,28,0,0,0,0,0,0,51439,44605,45426,38563,29669,24892,20000,10000,0,0,24892,106941,0
12935,230000,1,1,1,41,0,0,0,0,0,0,1552,792,19272,1172,1172,2246,792,19272,1172,1172,2246,1172,0
12936,200000,2,1,1,35,2,0,0,0,0,0,195441,192803,304997,188504,189527,192851,8597,8583,6880,7235,6839,6600,1
12937,220000,2,1,1,32,1,2,2,2,2,2,202792,198157,211340,209612,219064,222672,0,16501,3200,13000,7500,0,0
12938,160000,2,2,2,30,0,0,0,0,0,0,584,4572,7379,669,21381,200,4572,7379,669,21581,0,1100,0
12939,200000,2,2,2,29,0,0,0,0,0,0,180016,166678,128324,128334,131104,133762,6073,6100,5000,5000,5000,5100,0
12940,60000,2,2,1,45,0,0,0,0,0,0,56965,2495,57899,30345,30244,25474,3000,61000,3000,3000,3000,9000,0
12941,60000,2,3,1,33,0,0,0,0,0,0,57561,57766,49351,28549,29063,28863,2100,3000,1500,1500,1100,1100,0
12942,380000,1,1,1,36,0,0,0,0,0,0,28057,14266,22101,24038,41215,35010,14412,22211,24159,41417,35184,2109,0
12943,240000,1,1,1,38,1,0,0,0,0,0,0,0,0,0,0,690,0,0,0,0,690,0,0
12944,70000,2,2,2,30,0,0,0,0,0,0,19758,8960,9949,10298,10511,9764,1162,1151,500,513,424,195,0
12945,180000,2,3,1,33,0,0,0,0,0,0,170126,171247,156803,159342,10400,20650,5950,7133,7369,600,20650,21650,0
12946,150000,2,2,2,42,0,0,0,0,0,0,2800,67568,0,0,6674,0,67568,0,0,6674,0,0,0
12947,140000,1,1,2,34,2,2,2,2,2,2,124640,131032,132065,129307,131154,134470,9900,4700,800,4012,9800,1,1
12948,200000,1,2,2,25,0,0,0,0,0,0,107001,108619,110149,110333,85201,84809,5000,5000,5000,3000,5000,10000,1
12949,130000,2,1,2,24,2,0,0,0,0,0,126874,129837,131332,97878,99594,98667,6500,5400,3446,3561,4000,3700,1
12950,180000,2,2,1,30,0,0,0,0,0,0,4747,4221,9065,5016,5931,6826,1200,5000,1000,1000,1000,2000,0
12951,50000,2,2,2,30,0,0,0,0,0,0,4166,2859,1452,1190,543,920,2859,1452,1190,543,920,534,0
12952,80000,2,2,2,24,1,0,0,0,0,0,0,0,0,0,0,0,0,0,0,0,0,0,0
12953,40000,2,2,1,23,2,3,2,2,2,0,31772,30983,33168,33527,32854,33947,0,3000,1200,0,1641,1362,0
12954,210000,2,1,1,36,0,0,0,0,0,0,167,0,0,0,0,0,0,0,0,0,0,0,0
12955,150000,2,1,2,29,0,0,0,0,0,0,560,290,549,204,16048,0,390,649,145,16048,0,0,0
12956,280000,2,1,2,62,2,2,2,2,2,2,2500,2500,2500,2500,2500,2500,0,0,0,0,0,0,1
12957,100000,1,2,2,28,0,0,0,0,0,0,180765,64653,10388,3762,1434,12609,3018,1400,3786,1774,12714,38665,0
12958,100000,1,2,1,33,2,0,0,0,0,0,66393,67827,69202,70153,71468,72930,3100,3100,2700,2600,2650,2800,1
12959,50000,1,3,2,23,2,0,0,0,0,0,11744,10935,11664,10872,9392,9456,1507,1500,300,500,500,118,1
12960,150000,2,3,1,25,0,0,0,0,0,0,29823,25968,24823,22908,19325,12854,1630,7000,5000,3000,257,40825,0
12961,20000,1,1,2,40,0,0,0,0,0,0,20324,18509,20076,20035,14057,0,1500,20000,909,1000,0,0,0
12962,270000,2,1,1,50,0,0,0,0,0,0,1363,0,6098,3500,7324,9466,0,6098,3500,7324,9466,2296,0
12963,20000,2,2,1,28,2,0,0,0,0,0,390,390,390,390,390,0,390,390,390,390,0,780,1
12964,50000,2,1,2,28,2,0,0,0,0,0,34018,35165,36076,37478,38173,39012,2000,1800,2000,1000,1000,1000,1
12965,250000,1,2,1,53,0,0,2,0,0,0,177537,198017,192962,156134,161603,166631,25000,0,7000,8000,8000,5000,0
12966,80000,2,1,2,33,0,0,0,0,0,0,60156,60309,30640,15917,35608,23470,5027,3000,3000,20000,767,1000,0
12967,400000,1,2,1,40,7,6,5,4,3,2,405366,397754,389903,384981,381863,359314,0,0,0,106,2281,42617,1
12968,50000,1,1,2,35,1,2,0,0,0,0,20579,19948,19521,19247,19816,20015,4,2000,807,1000,1000,681,0
12969,50000,2,2,1,53,0,0,0,0,0,0,7061,2229,10939,12575,1341,998,2233,10939,12575,1341,998,820,0
12970,50000,2,1,1,34,0,0,0,0,2,0,49135,49209,36372,30305,29742,30556,1971,2000,3342,0,1400,1000,0
12971,280000,2,2,1,44,0,0,0,0,0,0,286706,272243,203744,203520,207878,211812,10480,8041,7200,7500,7093,5702,0
12972,240000,2,1,2,29,0,0,0,0,0,0,59,548,208,0,44,19,548,208,0,44,0,643,1
12973,30000,2,2,1,27,2,2,2,2,0,0,19193,20084,20460,19836,20266,21568,1500,1000,0,900,1800,900,1
12974,250000,1,1,2,29,0,0,0,0,0,0,520,2047,1155,3582,580,1398,2047,1155,3582,580,1398,1660,0
12975,150000,2,1,3,55,0,0,0,0,0,2,280,280,759,754,480,165,280,759,754,480,0,1235,0
12976,60000,2,2,2,23,0,0,0,0,0,0,28406,28781,29219,29036,29493,29776,1790,1760,1200,1500,1367,1000,0
12977,50000,1,2,1,35,1,0,0,0,0,0,0,1118,667,0,0,0,1118,673,0,0,0,0,0
12978,160000,1,2,1,33,0,0,0,0,2,0,102292,105536,110390,122358,120714,124145,4500,6200,15000,0,5000,3800,0
12979,100000,1,2,1,44,0,0,2,0,0,0,11119,12376,4419,2946,1473,3230,3000,0,0,0,3230,0,0
12980,70000,1,1,2,31,0,0,0,2,0,0,67270,67807,70410,68248,47910,48820,3400,4602,63,1800,1731,1702,0
12981,200000,2,2,2,35,0,0,0,0,0,0,1709,2400,675,0,0,0,2400,675,0,0,0,0,0
12982,500000,2,1,2,51,0,0,0,0,0,0,187,369,535,-13,20807,20897,370,537,0,20911,21001,88,0
12983,180000,2,1,2,28,1,2,2,0,0,0,3775,5570,4722,8643,7783,12398,2005,31,5000,1000,5000,5000,0
12984,30000,1,1,2,31,0,0,0,0,0,0,28398,18550,13198,13222,14620,17376,2081,1196,1000,2000,3000,5000,0
12985,360000,1,1,1,51,0,0,0,0,0,0,353200,337593,341528,350949,355869,210989,13806,12303,15005,13729,7700,8000,0
12986,150000,1,1,2,36,0,0,0,0,0,0,95716,96181,99933,102278,104710,107148,3226,4959,5000,2790,5083,0,0
12987,80000,1,2,2,26,2,0,0,0,0,0,81268,78311,79915,81371,79916,79227,3450,3508,3405,3359,3108,3400,1
12988,150000,2,1,2,25,0,0,0,0,0,0,25484,26726,27810,172,0,0,1726,1810,172,0,0,0,0
12989,230000,1,2,1,50,0,0,0,0,0,0,21570,4700,0,0,0,0,4700,0,0,0,0,0,0
12990,100000,2,2,2,36,0,0,0,0,0,0,14891,-709,-1813,-2011,1751,2238,0,0,0,3989,946,154,0
12991,60000,2,3,1,36,1,2,2,2,0,0,57285,61118,61947,60353,4980,2160,5336,2550,16,0,0,0,1
12992,50000,1,1,2,23,0,0,0,0,0,0,29772,17515,10483,4697,4793,4891,1229,1000,94,96,98,2330,0
12993,20000,1,2,2,22,3,2,2,2,0,0,12553,14551,15016,14480,15093,17077,2500,1000,0,1000,2400,0,1
12994,290000,2,1,2,30,0,0,0,0,0,0,560,463,100,0,100,0,463,100,0,100,0,0,0
12995,110000,1,1,2,29,0,0,0,0,0,0,109241,109833,108778,74692,77912,49264,5209,3009,1494,3220,2004,72677,0
12996,50000,2,2,2,22,0,0,0,0,0,0,22458,22571,22309,22315,22934,23243,1513,1500,1000,978,839,1800,0
12997,230000,2,2,1,43,2,2,2,0,0,0,222819,232264,227054,196356,199525,201836,14300,158,7100,7400,7500,7820,1
12998,50000,1,2,2,30,2,2,2,2,2,0,200,200,200,200,-200,0,0,0,0,0,200,0,1
12999,150000,2,2,2,26,0,0,0,0,0,0,9189,4359,4880,0,0,2250,2000,4880,0,0,2250,0,0
13000,20000,1,2,1,40,0,0,0,0,0,0,836,836,390,390,390,390,836,390,390,390,390,30500,1
13001,90000,2,3,1,45,1,2,0,0,0,0,83760,80136,76823,47008,32358,33318,0,3365,2051,1200,1500,1500,1
13002,60000,2,1,2,26,0,0,0,0,0,0,0,-108,-216,-324,-432,-540,108,108,108,108,108,0,0
13003,80000,1,1,2,26,0,0,0,0,0,0,67229,24772,20000,20000,20000,0,2089,6000,200,0,0,0,0
13004,280000,1,2,1,25,0,0,0,0,0,0,3863,84601,67765,63628,60860,60316,89295,2192,1899,1673,2125,1511,0
13005,230000,2,1,1,36,0,0,0,0,0,0,3240,0,0,0,0,0,0,0,0,0,0,0,0
13006,100000,2,3,2,58,0,0,0,0,0,0,43386,44686,45634,46576,47519,51404,2000,2000,2000,2000,5000,30000,0
13007,80000,2,1,2,24,0,0,0,0,0,0,390,1063,390,741,390,765,1063,390,741,390,765,390,0
13008,60000,2,2,1,41,0,0,0,0,0,0,60255,58374,48442,53444,27705,28291,2000,2500,1000,2400,1200,2000,0
13009,70000,1,2,1,35,0,0,0,0,0,0,70480,66646,69641,46458,50679,50061,3237,4938,1693,5000,2200,1718,0
13010,110000,2,2,1,49,0,0,0,0,0,0,115672,109892,67912,50994,40652,5785,5085,2044,2026,2097,1011,48179,0
13011,60000,1,2,2,26,0,0,2,0,0,2,1396,1653,392,502,962,422,1700,0,500,1000,0,20417,0
13012,110000,1,2,2,26,0,0,0,0,0,2,34949,35686,37086,37967,40551,39749,1600,2000,1500,3200,0,1500,0
13013,120000,1,3,1,54,0,3,2,0,0,0,632,632,316,316,316,316,0,0,316,316,316,316,0
13014,280000,2,2,2,43,0,2,2,0,0,0,4172,3560,-40,-40,8160,657,0,40,0,8200,657,3,0
13015,50000,2,2,2,23,0,0,0,0,0,0,47598,40714,38124,19893,20314,18810,2559,1969,684,713,672,670,0
13016,20000,2,1,2,22,0,0,0,0,0,0,2654,0,8369,433,1669,7800,0,8369,433,1669,7800,9817,0
13017,240000,2,1,2,30,0,0,0,0,0,0,498,-2,20517,0,11423,0,0,20519,0,11423,0,0,0
13018,50000,1,2,2,22,0,0,0,0,0,0,22616,21415,20769,21339,19382,18577,1668,1283,853,1000,758,475,0
13019,200000,2,2,2,27,0,0,0,0,0,0,65489,41413,40400,25570,10060,8619,4013,2684,5625,1020,3044,39777,0
13020,320000,1,2,2,28,0,0,0,0,0,0,11639,7508,5591,2371,4754,4932,2552,2016,0,12,5036,10306,0
13021,20000,1,2,1,56,3,2,2,2,2,2,17740,17166,19148,18542,20122,19400,0,2273,0,1882,0,0,1
13022,50000,1,2,2,44,0,0,0,0,0,0,47505,48471,44301,19052,17569,17976,2100,2100,800,1000,700,818,1
13023,180000,1,2,1,41,0,0,0,0,0,0,859,1811,1335,366,1811,1828,1811,1335,366,1811,1828,366,1
13024,80000,1,1,1,28,0,0,0,0,0,0,78429,0,0,0,0,0,0,0,0,0,0,0,0
13025,240000,2,2,1,48,0,0,0,0,0,0,-5,-5,1056,-4,950,158,0,1061,0,954,158,1796,1
13026,260000,2,2,2,28,0,0,0,0,0,0,500,10500,10500,10500,10500,10500,10500,10500,10500,10500,10500,10500,0
13027,80000,2,1,1,40,1,0,0,0,0,0,0,1027,1273,174,-156,-156,2054,1273,174,0,0,1000,0
13028,80000,1,2,1,40,0,0,0,0,0,0,64120,63656,63023,60237,60263,59180,2438,3000,2100,2200,2400,2200,1
13029,100000,1,2,1,47,0,0,2,0,0,2,66539,71766,69111,64287,67838,66135,7000,0,2500,5500,0,3000,0
13030,20000,1,2,1,64,0,0,0,0,0,0,528,0,264,264,255,678,0,264,264,255,687,0,1
13031,130000,2,2,2,31,0,0,0,0,0,0,97544,99208,102946,103750,105818,98401,4000,5300,3700,3600,3700,3500,0
13032,120000,2,2,1,28,1,0,0,0,0,0,0,0,0,0,0,0,0,0,0,0,0,0,0
13033,90000,2,2,1,35,0,0,0,0,0,0,84681,81491,81003,68764,67957,69313,3666,3914,2774,2620,2640,3000,0
13034,180000,2,2,2,25,0,0,0,0,0,0,3231,12513,-628,4940,1740,390,15000,0,10000,6000,6000,1567,0
13035,80000,2,1,2,32,0,0,0,0,0,0,60542,61715,60582,61453,61858,61104,3000,2100,2349,2200,2200,2200,0
13036,130000,1,2,1,45,0,0,0,0,0,0,390,390,390,390,390,0,390,390,390,390,0,780,1
13037,230000,2,1,2,26,0,0,0,0,0,0,17532,13033,2688,2688,2688,6393,10000,2688,2688,2688,6393,6504,0
13038,130000,2,1,2,26,0,0,0,0,0,0,3597,4398,3738,1396,13069,1285,4398,3746,1396,13069,1285,1034,1
13039,190000,1,2,2,33,0,0,0,0,0,0,176028,166336,162100,155584,157988,154366,7063,8004,5500,7000,6000,5000,0
13040,210000,2,1,2,31,0,0,0,0,0,0,182501,187796,190227,127436,129714,131440,9000,8000,5000,5000,5000,5000,0
13041,20000,2,3,1,52,0,0,2,0,0,3,11271,13513,12999,14456,16313,15766,2743,0,1686,2089,0,0,0
13042,20000,1,1,2,23,0,0,0,0,0,0,15196,16373,17590,18107,18756,19949,1428,1500,800,936,2000,797,0
13043,280000,2,2,2,30,0,0,0,0,0,0,61282,53394,17644,0,5468,0,7900,4157,0,5468,0,330,0
13044,500000,2,1,1,47,0,0,0,0,0,2,12943,4814,18365,8728,28521,27920,5025,18571,5000,20000,0,5000,0
13045,230000,1,1,1,39,0,0,0,0,0,0,1319,770,3465,0,486,634,770,3465,0,486,634,0,1
13046,130000,1,2,1,31,2,2,0,0,0,0,131635,126548,127748,100291,93552,95521,0,5100,4100,3392,3521,3724,1
13047,660000,1,1,2,40,0,0,0,0,2,0,142417,122122,104284,113345,111423,119349,6500,6000,15000,0,10000,6000,0
13048,350000,2,3,1,50,0,0,0,0,0,0,41069,312,34034,1157,8584,2076,315,34034,1157,8584,2076,6265,0
13049,40000,1,3,2,24,2,0,0,0,0,0,39149,39189,40543,38922,39901,40746,1658,2012,1392,1605,1668,1201,1
13050,50000,2,3,1,33,1,2,0,0,0,0,51421,50322,49741,28442,28597,29375,0,1379,945,2002,2008,1002,1
13051,20000,1,2,1,43,2,0,0,0,0,0,18908,19232,20087,19874,19963,14879,1700,1530,700,700,600,1000,1
13052,80000,2,2,1,35,0,0,0,0,0,0,76978,0,0,0,0,0,0,0,0,0,0,0,0
13053,50000,2,2,2,23,0,0,0,0,0,0,49100,47910,32842,19748,19403,19536,15000,2024,5004,1000,1000,1000,0
13054,290000,1,2,1,40,0,0,0,2,0,0,273270,272944,286497,279146,179536,79060,12022,24000,3,10023,10000,5000,0
13055,80000,2,1,2,27,0,0,0,0,0,2,1152,7900,0,0,333,183,7900,0,0,333,0,1500,0
13056,230000,1,3,2,29,1,2,2,2,2,2,237332,236068,236702,236309,237399,229421,8000,10000,9000,9000,0,9100,0
13057,30000,2,2,1,29,2,2,0,0,0,0,26414,27189,28235,28669,29355,29913,1500,1800,1200,1300,1200,600,0
13058,200000,2,1,2,29,0,0,0,0,0,0,2704,4959,5800,6000,0,0,4959,1000,200,0,0,0,0
13059,50000,2,2,2,26,2,0,0,2,2,0,26023,27054,29458,29737,29123,29854,1453,2857,1058,0,1216,1097,1
13060,50000,1,2,1,57,4,3,2,0,0,0,51187,50106,48608,19600,20000,0,0,0,392,400,0,0,0
13061,200000,2,1,1,48,0,0,0,0,0,0,8000,7919,4684,2992,7559,4967,7919,4687,3051,7559,4967,4134,0
13062,20000,1,2,2,23,0,0,0,0,0,2,17821,19099,0,1728,1953,1780,2000,0,1728,225,0,0,0
13063,50000,2,3,2,48,0,0,0,0,0,0,45163,25870,28027,28007,28770,28929,1500,3000,1200,1200,1162,1000,0
13064,90000,1,1,2,31,0,0,0,0,0,0,79397,77962,73870,58792,58402,59633,2950,3000,2205,2300,2300,3000,1
13065,30000,2,2,2,23,0,0,0,0,2,0,22517,24148,25437,28391,27801,28684,2000,2000,3700,0,1500,1500,0
13066,80000,2,2,2,30,0,0,0,0,0,0,79194,80575,76782,48643,49263,49869,3077,2291,1723,1775,1802,1763,0
13067,20000,1,2,2,31,1,0,2,0,0,0,0,184,184,5932,7725,7679,184,0,5924,2000,2451,0,0
13068,50000,2,1,2,30,0,0,0,2,2,2,19930,36105,29604,27764,28656,29087,28019,13000,0,2000,1000,5000,0
13069,100000,1,1,2,33,0,0,0,0,0,0,84647,87369,88489,83639,80893,81643,4085,3505,3479,3097,3259,3253,0
13070,210000,2,1,2,28,0,0,0,0,0,0,18755,6122,54832,2233,0,0,6122,54832,2351,0,0,0,0
13071,500000,2,1,1,38,1,0,0,0,0,0,0,0,2331,0,0,2199,0,2331,0,0,2199,0,0
13072,30000,1,2,2,25,0,0,2,0,0,2,7527,9705,9009,9333,9505,8699,2700,0,1000,700,0,784,1
13073,160000,2,2,1,41,2,2,2,0,0,0,24674,23583,22983,22983,0,0,2800,0,200,0,0,0,1
13074,180000,2,1,2,28,0,0,0,0,0,0,168318,127111,74197,-19,-19,142176,4163,1898,0,0,142195,5100,0
13075,490000,2,1,1,37,0,0,0,0,0,0,36518,77996,274442,233793,49461,12207,77996,274526,4693,989,12207,93707,0
13076,50000,1,1,2,29,0,0,0,0,0,0,1162,37702,32617,28814,16478,25349,37719,1095,2000,10000,13352,10000,0
13077,130000,1,1,2,27,0,0,0,0,0,0,87685,89577,91199,89446,91336,84756,3300,3130,3100,3200,3100,3100,0
13078,50000,2,2,2,34,1,0,0,0,0,0,0,0,400,0,600,600,0,400,0,600,0,4275,1
13079,200000,2,1,1,58,0,0,0,0,0,0,283,5361,6309,385,0,0,5361,6309,385,0,0,3390,0
13080,50000,2,1,2,27,1,2,2,0,0,2,42764,42459,37166,31989,33587,32514,732,1200,1300,2651,0,1400,1
13081,180000,2,1,2,33,0,0,0,0,0,0,18205,22876,26930,29530,47722,2500,5000,5000,3000,0,0,2598,0
13082,500000,2,1,2,39,0,0,0,0,0,0,1950,2900,1950,2739,2739,170,2900,2000,2739,0,170,205,1
13083,210000,2,2,1,46,0,0,0,0,0,0,3095,2768,5536,2768,1075,2006,2768,5536,0,1075,2006,1344,1
13084,20000,1,1,2,35,3,2,2,2,0,0,10216,10653,11371,10906,11588,12416,900,1200,0,1000,1400,0,1
13085,190000,2,2,3,29,1,0,0,0,0,0,0,0,306,306,306,0,0,306,0,0,0,0,0
13086,140000,1,3,2,29,0,0,0,0,0,0,142132,142239,142140,142111,194934,95484,5600,6150,5900,4000,4000,50000,0
13087,20000,1,3,2,51,0,0,0,0,0,0,21353,20736,20000,0,0,0,0,38,0,0,0,0,1
13088,420000,2,1,2,29,0,0,0,0,0,0,57707,133661,135987,134719,135426,111697,86000,7000,4500,5000,4000,3500,0
13089,180000,2,1,2,29,0,0,0,0,0,0,10447,18006,4815,10060,49264,5983,18006,5860,11470,49613,5983,7133,0
13090,290000,1,2,2,28,0,0,0,0,0,0,240745,216678,205930,209010,213471,217561,9323,9000,8000,8000,7800,8238,0
13091,190000,2,1,2,40,0,0,0,0,0,0,78388,80740,83134,96310,98411,107391,3600,4000,14000,3000,10000,4000,0
13092,360000,1,1,1,39,0,2,0,0,0,0,1139,264,2193,528,264,264,0,2193,528,0,264,264,0
13093,20000,1,2,1,53,2,0,0,0,0,0,15794,16515,17827,17874,18288,18557,1281,1593,640,702,612,1000,1
13094,260000,2,2,1,32,0,0,0,0,0,0,200581,196761,78041,55871,28775,27497,7651,1765,1304,772,930,901,0
13095,20000,1,3,1,55,1,2,0,0,0,0,19420,19810,20037,19640,15378,7284,1000,1400,393,308,1000,0,0
13096,50000,1,3,1,52,0,0,0,0,0,0,19438,20696,19533,17328,14614,15573,2003,2003,1500,1000,2000,2000,0
13097,250000,1,1,1,55,1,0,0,0,0,0,0,0,0,0,0,0,0,0,0,0,0,3861,0
13098,30000,2,2,1,26,0,0,0,0,0,0,-32,5588,1200,2444,2309,0,11208,1211,2444,2615,0,0,0
13099,460000,1,2,2,30,0,0,0,0,0,0,396155,367501,257836,388058,324478,313547,15299,7524,324097,12039,12006,12272,0
13100,80000,1,2,2,26,0,0,0,0,0,0,80233,79849,77796,30300,29922,29120,4000,2300,1300,1300,1500,1500,0
13101,60000,2,2,1,35,1,2,2,2,2,3,5601,5366,6772,6515,7906,7487,0,1500,0,1500,0,0,0
13102,80000,2,2,2,26,0,0,0,0,0,0,67798,69206,70057,71886,73724,75498,3100,2600,3000,3000,3000,6500,0
13103,90000,2,2,1,28,0,0,0,0,0,0,10962,13244,7097,6624,6806,6266,4512,2500,2397,2150,709,22000,1
13104,50000,2,2,2,34,0,0,0,0,0,0,27080,23365,24962,25557,26156,26032,1500,2000,1000,1000,1000,1000,0
13105,50000,1,3,2,50,0,0,0,0,0,0,50693,43217,32829,26811,24477,24177,1900,1677,900,1023,1024,1016,0
13106,360000,2,1,1,41,1,0,0,0,0,0,0,105,0,0,71,77,105,0,0,71,77,100,1
13107,360000,2,1,1,49,1,0,0,0,0,0,0,0,0,0,0,0,0,0,0,0,0,0,0
13108,230000,2,1,2,29,0,0,0,0,0,0,106984,102650,0,30866,32332,30480,4650,0,30866,2000,2000,2000,0
13109,240000,2,2,1,39,0,0,0,0,0,0,9000,2831,68105,95615,123931,151559,2831,68116,30800,30000,30000,10000,0
13110,110000,2,2,1,27,0,0,0,0,0,0,81700,84584,60379,64369,66400,68294,5000,3000,5000,4000,3000,3000,0
13111,210000,2,2,1,28,0,0,0,0,0,0,1412,1194,404,2851,2959,693,1194,404,2851,2959,782,2657,1
13112,300000,2,1,2,28,0,0,0,0,0,0,4553,4042,2060,0,78794,80385,1033,1000,0,78794,2900,3000,0
13113,200000,1,3,1,65,0,0,0,0,0,0,183653,167157,144218,137975,132600,121028,7130,6611,4282,4367,4079,3664,0
13114,220000,1,2,2,29,0,0,0,0,0,0,223773,223304,221631,182629,165314,161971,8391,9000,6901,6000,6000,6435,0
13115,90000,2,3,1,45,0,0,0,0,0,0,2579,2516,0,298,659,636,2514,0,298,659,636,1012,0
13116,210000,2,2,1,44,0,0,0,0,0,0,89755,90031,70660,71172,71844,69923,3600,3100,2900,2600,2700,4000,0
13117,500000,1,1,2,31,0,0,0,0,0,0,81252,14979,26089,13333,13256,106200,16527,27243,1000,13256,106354,213405,0
13118,160000,2,1,2,33,0,0,0,0,0,0,6113,980,11140,2659,14336,16533,980,11490,2673,14558,16615,1787,0
13119,140000,2,1,1,47,0,0,0,0,0,0,141530,130248,133547,134346,133933,137585,7000,7004,5013,5000,6000,5000,0
13120,120000,2,1,1,42,0,0,0,0,0,0,23331,12125,13903,13858,14777,46061,5000,5000,5000,5000,10000,6000,0
13121,80000,1,2,2,46,0,0,0,0,0,0,44302,45311,46321,47259,48230,49351,1192,1202,1135,1165,1326,2204,0
13122,240000,2,2,1,38,0,0,0,0,0,0,56331,13594,0,0,0,0,3004,0,0,0,0,0,0
13123,170000,2,1,2,30,0,0,0,0,0,0,49341,49227,51798,53332,56303,59198,4000,4000,3000,4000,4000,4000,0
13124,30000,1,2,2,38,0,0,0,0,0,0,26825,18401,18432,17844,18237,10900,2100,2500,1000,1000,3000,7002,0
13125,260000,2,1,1,31,0,0,0,0,0,2,8078,27201,27879,28420,39206,37705,20000,2000,2000,12000,0,2000,0
13126,400000,1,1,1,34,0,0,0,0,0,0,0,0,0,0,0,0,0,0,0,0,0,0,0
13127,500000,2,2,1,31,0,0,0,0,0,0,21008,17863,15219,14044,14191,13650,1500,2000,1100,505,700,2000,0
13128,100000,2,1,2,32,1,0,0,0,0,0,0,325,650,325,647,7706,650,650,0,647,7706,1679,1
13129,240000,1,1,1,39,0,0,0,0,0,0,236229,222103,221963,181559,173023,156115,8019,7218,10060,5893,7008,25043,0
13130,10000,1,3,1,53,0,0,0,0,0,0,1772,8304,9506,9702,9999,10344,8304,1500,500,600,800,0,0
13131,80000,2,2,1,36,0,0,0,0,0,0,2741,9266,1125,4380,2210,1150,9266,1125,4401,2210,1150,390,0
13132,60000,1,2,2,28,0,0,0,0,0,0,55731,57239,57183,24564,24155,25023,3000,1800,1000,1100,1200,1500,0
13133,200000,2,1,2,38,0,0,0,0,0,0,0,0,0,0,0,0,0,0,0,0,0,0,0
13134,260000,2,2,2,41,0,0,0,0,0,0,252582,253302,254767,190432,105466,2312,9725,10617,8555,4722,2146,199485,1
13135,260000,2,2,1,39,0,0,0,0,0,0,255674,260778,124739,126892,131160,133400,10663,4520,4537,6308,6000,0,1
13136,260000,1,1,2,30,0,0,0,0,0,0,496,496,992,992,496,1488,496,992,496,0,1488,496,0
13137,300000,1,1,1,34,0,0,0,0,0,0,1257,6467,7655,7507,7659,-574,5600,1500,0,300,0,6600,0
13138,310000,2,2,2,27,0,0,0,0,0,0,44834,35597,34161,38689,32710,24343,2015,2000,5034,1045,776,389,0
13139,140000,2,1,1,32,0,0,0,0,0,0,129371,131025,39505,40894,39229,40679,5650,1650,2007,1500,2100,1500,0
13140,200000,2,2,1,50,0,0,0,0,0,0,4608,-200,0,12141,0,0,0,200,12141,0,0,0,1
13141,230000,1,2,1,39,0,0,0,0,0,0,326,326,326,326,326,326,326,326,326,326,326,324,0
13142,50000,1,2,2,27,0,0,0,0,0,0,91493,47836,47360,48296,47790,49045,3749,2500,2000,2000,2069,2000,0
13143,180000,2,2,1,29,0,0,0,0,0,0,3783,2813,839,1557,51680,53115,2000,839,718,50824,2242,1100,0
13144,100000,1,1,2,26,0,0,0,0,0,0,50848,51118,48443,50352,51399,53078,3000,3000,3000,3000,3000,3000,0
13145,80000,2,2,1,49,0,2,0,0,0,0,2222,390,390,390,721,331,0,390,390,721,0,461,1
13146,350000,2,1,2,39,0,0,0,0,0,0,3860,648,11094,4041,4485,9364,648,11198,4057,4523,9407,3948,0
13147,140000,2,2,2,32,0,0,0,0,0,0,3003,3134,0,0,1186,0,3134,0,0,1186,0,1047,1
13148,360000,2,1,2,29,0,0,0,0,0,0,148582,96639,82386,50887,52249,35311,90044,10090,50006,20000,5000,20000,0
13149,10000,1,6,2,47,0,0,0,0,0,0,7968,8800,0,2640,695,738,1000,0,2640,695,738,0,0
13150,130000,2,1,2,25,0,0,0,0,0,0,37112,34653,9522,3939,6939,950,2009,2000,2000,3000,900,0,0
13151,320000,1,1,1,41,0,0,0,0,0,0,321281,324449,254293,206521,202697,203332,27000,17000,7030,7000,10000,30000,0
13152,180000,2,2,1,34,1,2,2,2,2,2,142024,144790,146552,142714,152219,149618,6500,5600,0,12000,0,11800,1
13153,180000,2,1,1,39,0,0,0,0,0,0,43507,44282,23946,0,0,0,2000,2000,0,0,0,0,0
13154,150000,2,2,1,39,2,2,0,0,0,0,156713,152744,150785,140166,143125,151741,0,5694,5014,5215,11016,0,1
13155,80000,1,2,2,27,1,0,0,0,0,0,0,0,0,23374,24836,26412,0,0,23374,2000,2000,13000,0
13156,70000,1,1,2,50,0,0,0,0,0,0,56551,34489,32669,31429,31749,21385,1900,1630,890,1300,762,1000,0
13157,150000,1,2,1,66,0,0,0,0,0,0,190790,167666,145132,148054,146358,145253,4942,4875,4085,4113,4074,4820,0
13158,480000,2,3,1,36,0,0,0,0,0,0,19311,13368,7000,7331,7000,7000,1368,1000,7331,7000,7000,7000,0
13159,50000,2,3,2,45,0,0,0,0,0,0,51400,0,0,0,0,0,0,0,0,0,0,0,0
13160,100000,2,1,2,28,1,0,0,0,0,0,0,0,0,0,0,281,0,0,0,0,281,0,1
13161,50000,2,3,2,26,0,0,0,0,0,0,26708,25230,26999,27748,28351,28864,2000,3000,1500,1200,1136,1032,0
13162,280000,1,1,2,28,0,0,0,0,0,0,139719,136052,118076,101457,81124,42347,6000,4000,4000,4000,3000,1000,0
13163,20000,2,2,1,48,0,2,2,0,0,0,780,780,390,780,390,1735,390,0,780,0,1735,0,0
13164,30000,1,3,1,50,0,2,0,0,0,0,3607,2644,3895,0,0,0,0,1309,0,0,0,0,1
13165,70000,2,2,1,38,0,0,0,0,0,0,40271,41126,21125,6197,4560,0,3000,7000,1100,1000,0,0,0
13166,30000,1,3,2,59,0,0,0,0,0,0,28372,29152,29643,29593,27952,0,2010,1500,788,559,0,0,0
13167,200000,2,1,1,64,1,0,0,0,0,0,0,0,0,0,67052,0,0,0,0,67052,0,0,0
13168,210000,1,1,2,30,1,0,2,0,0,0,0,855,855,855,855,599,855,0,0,0,599,0,0
13169,210000,2,1,1,66,0,0,0,0,0,0,132797,135581,138644,141679,92170,93998,4921,5317,5631,3345,3360,3483,0
13170,470000,1,1,1,39,0,0,0,0,0,0,79455,74993,48344,45433,45853,21158,2348,1542,1041,2019,789,5013,0
13171,50000,1,2,2,38,0,0,0,0,0,0,44620,49641,46396,19673,17083,17694,10000,2014,1000,1000,3000,4000,0
13172,240000,2,2,1,37,0,0,0,0,0,0,12365,92184,86507,89138,91118,93229,90500,3000,3000,2500,2500,3000,0
13173,60000,1,3,1,38,2,2,2,0,0,0,32232,25086,24404,25212,28147,30152,4000,0,1500,3500,2600,0,1
13174,100000,2,2,1,33,2,0,0,0,0,0,96547,97120,95375,54612,30306,60897,5305,3590,1118,720,50000,4200,0
13175,200000,2,2,2,25,0,0,0,0,0,0,194202,197220,130930,130775,128752,122695,8000,4500,4532,5451,5000,4500,0
13176,130000,1,1,1,58,0,0,0,0,0,0,137671,139089,50093,49303,14772,150,4300,1500,0,0,1233,870,0
13177,50000,1,2,2,24,0,0,0,0,0,0,50628,50705,50328,19542,19439,19683,2235,1858,823,838,702,687,0
13178,300000,2,1,2,34,2,2,2,2,0,0,2500,2500,2500,0,0,0,0,0,0,0,0,0,1
13179,210000,1,1,2,32,0,2,2,0,0,0,2869,2639,0,6299,0,197,0,0,6299,0,197,0,0
13180,70000,1,1,2,27,0,0,0,0,0,0,71201,70686,70195,71005,71135,69846,2691,21000,2500,2800,2800,2700,0
13181,100000,2,3,2,49,0,0,0,0,0,0,85438,89125,93751,13700,15474,17211,5105,10000,2000,2000,2000,2000,0
13182,30000,2,2,1,25,0,0,0,0,0,0,18757,19419,19341,12459,12244,11550,1475,1000,249,600,201,0,0
13183,200000,1,1,2,30,0,0,0,0,0,0,1528,4179,1689,1851,34808,-30895,4191,1200,1893,42804,10,85820,0
13184,360000,1,2,1,36,0,0,0,0,0,0,6783,2337,10990,74562,-28,5677,2347,11046,74934,0,5705,8503,0
13185,20000,1,2,2,24,3,2,0,0,0,0,18585,18003,19012,19100,19506,20037,0,1612,700,714,861,393,1
13186,150000,2,1,2,32,1,0,0,0,0,0,0,258,44476,18547,32581,95780,258,44476,18547,17000,95780,99983,1
13187,750000,2,1,2,28,1,0,0,0,0,0,9500,9655,401003,399493,400993,409483,250000,401003,7990,11000,417990,3080,0
13188,100000,1,2,2,24,0,0,0,0,0,0,91572,95201,94977,97332,74637,77386,5100,3000,3139,27000,4000,4000,0
13189,300000,1,2,1,36,1,2,2,2,2,2,54977,56189,56663,57428,58455,57556,2500,1800,2100,1900,0,3500,1
13190,90000,2,2,2,55,0,0,0,0,0,0,82901,64530,33550,34216,34933,35628,1544,3114,1223,1267,1275,1320,0
13191,50000,1,2,2,28,0,0,0,0,0,0,21510,23357,32197,12595,13445,13803,2200,10000,3000,1000,1500,0,0
13192,120000,2,2,1,48,0,0,0,0,0,0,78384,77085,73326,72594,72008,74622,4000,3505,3005,3008,7253,12,0
13193,120000,2,2,1,39,0,0,0,0,0,0,44630,37772,27827,3228,3294,0,1999,1040,265,66,0,0,0
13194,30000,1,2,1,42,0,0,2,0,0,0,18583,20940,20306,20965,21625,22055,2975,0,1000,1000,790,816,1
13195,220000,1,2,1,43,0,0,0,0,0,0,84466,84356,84151,83591,83789,83885,4000,4000,3500,3500,3500,3500,0
13196,180000,2,2,2,31,1,0,0,0,0,0,0,0,0,0,0,0,0,0,0,0,0,0,1
13197,20000,1,3,2,52,2,0,0,0,0,0,14038,13568,14630,27408,13984,0,1338,1400,274,560,0,0,1
13198,140000,2,2,2,26,0,0,0,0,0,2,135294,137425,134487,135945,131296,139207,7462,6487,5025,6101,10601,2,0
13199,400000,2,2,1,46,0,0,0,0,0,0,30018,19735,26181,134967,52991,163837,19753,26245,135000,53000,163837,37345,0
13200,180000,2,1,2,27,0,0,0,0,0,0,11168,6496,9733,4088,5428,13138,6678,9740,4088,5428,13138,12174,0
13201,340000,2,2,1,36,1,0,0,0,0,0,0,0,0,150,920,0,0,0,150,920,0,17386,0
13202,250000,1,3,2,46,0,0,0,0,0,0,244563,248218,70004,64953,51507,50338,10925,2351,1886,1616,1756,1182,0
13203,50000,2,2,1,50,0,0,0,0,0,0,8925,9208,10238,10700,10762,11587,1200,1200,1000,1000,1000,1000,0
13204,220000,2,1,2,24,0,0,0,0,0,0,51908,53087,54167,55267,56586,57993,2017,1965,2000,2210,2500,2339,0
13205,400000,1,2,2,35,0,0,0,0,0,0,11052,0,0,53826,55061,71541,0,0,53826,1642,20000,1256,0
13206,320000,2,1,1,37,0,0,0,0,0,0,14536,2935,3019,4179,4256,2675,2949,3034,4200,4277,2688,3651,0
13207,260000,2,2,1,40,0,0,0,0,0,0,148,359,397,208,790,2788,360,398,208,792,2788,3675,0
13208,350000,1,1,1,42,0,0,0,0,0,0,1134,2985,240,1041,-12,6449,2995,240,1051,0,6461,18,0
13209,30000,1,2,2,34,0,0,0,0,0,0,28509,29739,29372,29514,27226,25408,2003,1504,2017,2000,1000,1100,0
13210,10000,1,2,2,24,0,0,0,2,0,0,11035,12349,13598,9378,4883,5001,1500,1528,0,730,199,100,1
13211,50000,2,2,2,23,0,0,0,0,0,0,5961,0,0,700,0,0,0,0,700,0,0,0,0
13212,30000,2,3,2,23,0,0,2,2,0,0,26280,28952,29482,28712,29311,30065,3420,1300,0,1210,1391,665,0
13213,350000,1,1,2,35,2,0,0,0,0,0,105,3298,50064,8003,8293,23080,3308,50206,40,8334,23102,5004,0
13214,410000,1,1,1,37,0,0,0,0,0,0,5770,2290,2756,3560,6661,3877,2290,2756,3560,6661,3877,1249,0
13215,130000,2,3,1,35,0,0,0,0,0,0,65743,63724,63163,386,1770,384,2606,3174,386,1778,384,1446,0
13216,80000,2,3,2,28,0,0,0,0,0,0,70194,71912,69776,70985,72444,69685,3500,3000,2500,2500,2500,2500,0
13217,380000,2,2,1,51,1,0,0,0,0,0,0,0,0,0,630,1297,0,0,0,630,1613,1618,0
13218,320000,2,1,1,42,1,2,2,0,0,0,318844,324589,320622,252323,253557,256525,10000,450,7025,7161,8000,6883,0
13219,20000,1,1,2,23,2,0,0,2,2,2,3206,4093,5514,5277,5791,5550,1100,1500,0,600,0,600,1
13220,50000,1,2,2,32,0,0,0,0,0,0,48536,41045,41532,18646,19183,19214,3030,2124,646,828,1097,612,0
13221,30000,1,2,2,25,0,0,0,0,0,0,19955,20348,18339,18794,23530,23531,1338,1500,1000,5000,2000,24,0
13222,50000,1,2,2,24,1,2,2,2,2,2,41974,43210,42368,44553,45679,46275,2200,150,3200,2000,1500,2000,0
13223,50000,1,2,2,41,0,0,0,0,0,0,40709,37503,18086,18545,15453,15847,3000,2000,1000,1000,800,3000,0
13224,50000,1,2,1,51,0,0,0,0,0,0,49083,49462,50004,17751,17725,17688,2238,2170,617,631,635,614,0
13225,200000,1,1,2,27,0,0,0,0,0,0,4770,5983,9018,7380,7042,2583,1300,3138,500,2000,1000,1000,0
13226,80000,1,2,2,29,0,0,0,0,0,0,50695,53476,46685,35760,33853,35708,10010,3000,5000,5000,3000,5000,0
13227,20000,2,3,3,53,0,0,0,0,0,0,9677,9578,12102,1473,18177,18046,4578,2795,1473,18177,2046,2615,0
13228,180000,2,2,2,28,0,0,0,0,0,0,2177,1175,0,2530,0,0,1175,0,2530,0,0,0,0
13229,230000,2,1,2,33,0,0,0,0,0,0,228639,226778,184466,157857,131706,62237,10075,10135,6034,10000,3000,5000,0
13230,180000,2,2,2,33,0,0,0,0,0,0,6314,1795,1190,1079,659,90,1795,1190,0,659,90,8856,0
13231,90000,2,2,2,23,0,0,0,0,0,0,42105,43919,46812,44976,46406,47625,2500,3970,2500,2500,2500,1700,1
13232,20000,1,2,2,23,2,2,7,7,6,5,2400,2400,2400,2400,1800,1200,0,0,0,0,0,0,1
13233,100000,1,2,2,32,1,0,0,0,0,0,0,0,0,0,0,0,0,0,0,0,0,0,1
13234,60000,1,3,2,44,0,0,0,0,0,0,57694,58749,38110,38525,38346,37416,2800,1900,1300,1363,1500,1466,0
13235,130000,2,2,2,35,0,0,0,0,0,2,42950,44293,45004,46257,49312,50252,2036,1747,2000,3800,1900,1900,1
13236,50000,2,2,1,55,0,0,2,0,0,0,37984,41234,37701,28181,28711,29368,3900,0,1300,1100,1100,1000,1
13237,70000,2,1,2,23,0,0,0,0,0,0,8878,10077,11203,11320,11487,11895,1500,1600,600,500,600,2600,0
13238,360000,2,2,2,53,0,0,0,0,0,0,5583,495,1862,230,661,658,495,1862,230,661,658,532,0
13239,20000,1,1,2,22,1,2,2,0,0,0,19438,20528,19464,18604,18172,14444,1700,0,700,620,800,300,1
13240,20000,1,3,2,34,0,0,2,2,0,0,390,780,780,0,0,0,780,0,0,0,0,0,1
13241,440000,2,3,2,36,0,0,0,0,0,0,7887,2516,5252,13192,29029,27812,2516,5252,13192,20000,1179,623,0
13242,400000,1,1,1,41,0,0,0,0,0,0,1630,816,1617,875,917,5434,816,1617,875,917,5434,14115,0
13243,170000,2,1,2,29,0,0,0,0,0,0,90450,82581,81703,66496,36000,25167,3600,3000,4710,1500,1000,1000,0
13244,200000,1,2,1,32,0,2,0,0,0,0,9864,5114,499,499,499,0,0,499,0,0,0,0,0
13245,220000,2,1,1,41,0,0,0,0,0,0,30038,22411,7141,3070,2609,10273,1089,7161,4072,2613,10322,511,0
13246,280000,2,2,1,31,0,0,0,0,0,0,207966,209146,213900,5202,4282,1000,5078,5069,109,97,25,145,0
13247,360000,1,1,2,29,0,0,0,0,0,0,90071,83204,75869,58219,45605,32245,3032,2311,1570,1500,983,3000,0
13248,20000,1,2,1,51,1,2,2,0,0,0,18462,18175,16184,16913,17640,18688,300,1000,1000,1000,1500,1200,0
13249,290000,2,1,1,44,0,0,0,0,0,0,301,768,531,22058,468,681,768,531,22058,468,681,446,0
13250,380000,2,2,1,33,1,0,0,0,0,0,0,73,32510,474,25877,45038,73,32789,474,25877,20000,10000,0
13251,180000,1,1,2,28,0,0,2,0,0,0,2569,2834,394,904,2514,4054,2834,0,900,2000,4000,2000,0
13252,120000,2,1,2,26,0,0,0,0,0,0,1379,9839,4390,850,850,831,9000,4390,0,0,831,6000,0
13253,50000,2,2,2,27,0,0,0,0,0,0,162865,167086,169217,18056,18179,18563,5000,3703,1000,660,686,638,0
13254,20000,1,1,1,48,2,2,0,0,0,0,14246,13727,14725,15018,15338,15242,0,1238,531,555,547,533,1
13255,20000,1,2,2,25,1,2,2,5,4,3,10515,11548,13863,13369,12582,12088,1500,2800,0,0,0,0,0
13256,170000,2,2,2,29,0,0,0,0,0,0,161581,163500,166003,167287,165510,168507,6000,8000,6300,6000,6500,6100,0
13257,180000,2,2,2,24,0,0,0,0,0,0,54357,19435,11718,5265,3950,270,1260,1000,105,79,270,0,0
13258,200000,1,1,2,36,1,0,0,0,0,0,0,0,0,0,3774,0,0,0,0,3774,0,686,0
13259,200000,1,2,1,55,1,2,2,2,2,0,181339,177233,188461,191363,188683,196057,0,14000,7000,0,10000,5000,1
13260,360000,2,1,2,26,0,0,0,0,0,0,145,3526,8510,7831,8864,10845,3600,8510,4000,5000,5000,5398,1
13261,10000,2,2,2,26,0,0,0,0,0,0,6346,7364,8374,8540,8719,8905,1129,1139,305,316,331,303,0
13262,60000,2,2,1,60,8,7,6,5,4,3,69183,68216,66616,65016,63449,62149,0,0,0,0,0,0,0
13263,40000,2,2,1,24,2,0,0,2,2,2,25618,26701,30421,29633,31548,30889,1800,4500,0,2400,0,3000,1
13264,100000,1,2,2,39,0,0,0,0,0,0,4530,4921,4560,4290,6670,8844,4921,4569,4290,5000,5000,3000,0
13265,50000,2,2,2,23,0,0,0,0,2,2,38333,40401,42897,44388,46528,44986,3000,3500,2500,3000,0,3500,0
13266,300000,1,1,2,29,0,0,0,0,0,0,22391,3637,1705,-4,36581,332,4018,1809,0,36583,334,0,0
13267,110000,1,3,2,29,0,0,0,0,0,2,64351,64739,75697,86483,97054,105553,1415,12182,12201,12403,10350,3000,1
13268,120000,1,1,1,37,0,0,0,0,0,0,19020,17570,16907,14920,10866,8788,1363,1564,528,494,3000,3000,0
13269,150000,1,2,1,45,0,0,0,0,0,2,64869,57318,35970,26727,71112,63889,3049,2049,0,63889,0,4000,0
13270,230000,2,2,2,30,0,0,0,0,0,0,1243,113,7978,2831,3518,846,113,8178,500,1000,846,0,0
13271,180000,2,2,1,35,0,0,0,0,0,0,43068,316,316,316,316,316,316,316,316,316,316,314,0
13272,320000,2,2,2,33,0,0,0,0,0,0,7444,5755,34909,16313,9279,5824,5783,35069,4341,46,5849,48366,0
13273,80000,2,1,2,23,1,0,2,0,0,0,-12,2321,60,5182,2792,189,2333,0,5182,0,0,2597,0
13274,160000,2,1,2,29,0,0,0,0,0,0,1289,2089,5464,2079,1908,1394,2106,5500,2000,2000,1350,700,0
13275,50000,2,2,2,23,0,0,0,0,0,0,34997,36030,36740,37469,38254,39014,1900,1610,1339,1387,1395,1452,1
13276,180000,1,2,2,26,0,0,0,0,0,0,316,692,316,692,316,859,692,316,692,316,859,1008,0
13277,110000,1,3,2,26,0,0,0,0,0,0,44089,29251,30454,33100,34727,36823,3002,2500,3000,2000,2500,1500,0
13278,150000,1,1,2,32,0,0,0,0,2,0,994,10168,-4,5515,3673,6106,10290,0,5519,3,6134,3779,0
13279,210000,2,3,1,52,0,0,0,0,0,0,65265,38627,142285,22092,35141,56188,39000,150109,180,58000,56200,20000,0
13280,10000,1,2,2,43,2,0,0,0,0,0,654,608,654,5954,0,1308,608,700,5954,0,1308,0,1
13281,30000,2,2,2,22,0,0,2,0,0,0,0,2343,126,4462,0,150,2343,0,4462,0,150,860,0
13282,450000,2,1,2,36,0,0,0,0,0,0,3893,522,2218,99,99,412,600,2300,0,0,412,3146,1
13283,110000,2,1,2,25,1,2,2,0,0,0,60491,61874,56386,44181,35538,25417,3000,31,3000,1500,2000,1000,0
13284,270000,2,2,1,37,0,0,0,0,0,0,110593,102486,94362,86861,78538,70158,4500,3500,4000,3000,3000,2200,0
13285,50000,2,3,1,46,0,0,0,0,0,2,51207,47915,49073,47889,51139,49000,2162,2284,2100,4200,0,4200,0
13286,100000,2,3,3,43,0,0,0,0,0,0,62300,63759,64448,38500,39469,40653,2464,1902,1378,1589,2000,1506,0
13287,360000,2,2,2,30,0,0,0,0,0,0,2500,0,0,0,0,0,0,0,0,0,0,0,0
13288,110000,2,2,1,32,1,2,0,0,0,0,75505,73740,75231,76265,77860,79251,0,3313,2879,2976,2839,2935,1
13289,180000,2,3,2,55,0,0,0,0,0,0,6770,103101,104834,44452,41810,42641,164163,3877,1535,1517,1526,1580,0
13290,230000,2,1,1,34,2,2,2,2,2,2,190784,195724,198707,201634,205949,210077,9300,7500,7500,7500,7500,7600,0
13291,20000,2,3,1,41,0,0,0,2,2,2,7478,8497,10162,9852,10418,10102,1146,1811,0,876,0,374,0
13292,50000,2,1,2,22,2,2,2,2,2,2,46035,46620,47341,45527,48358,47442,2000,1800,0,4100,0,2500,1
13293,10000,1,3,2,31,0,0,0,0,0,0,5062,5687,6132,5851,5735,6087,1259,1100,197,362,1000,1000,0
13294,320000,1,1,1,46,0,0,0,0,0,0,3337,9061,7809,5238,8594,3743,9061,7935,5238,8594,3743,12820,0
13295,280000,2,1,2,26,0,0,0,0,0,0,36395,35945,36381,36594,37010,36334,1700,1600,1300,1500,2000,99334,0
13296,20000,1,2,1,28,0,0,0,0,0,0,18537,19205,19687,19684,19842,19965,1358,1230,617,776,1000,4000,0
13297,70000,1,2,2,36,0,0,0,0,0,0,66888,69306,24348,24744,25195,25777,4000,1704,1100,1000,1000,1000,0
13298,80000,2,2,2,36,0,0,2,2,2,2,47502,50423,49311,52584,53589,54748,4000,0,4100,2000,2200,2200,0
13299,200000,2,1,2,25,0,0,0,0,0,0,92400,0,0,92384,13180,1194,0,0,92384,13196,1200,0,0
13300,30000,1,2,2,24,0,0,0,0,0,0,27306,28312,29327,27836,28423,29813,1747,1800,1136,1178,2430,0,0
13301,100000,2,2,1,41,1,3,2,2,2,2,51345,50249,51421,52684,51400,0,0,2300,2400,0,0,0,1
13302,110000,1,1,2,26,0,0,0,0,0,0,64767,67724,49104,51202,50289,50528,6000,2000,3000,2000,2000,3000,0
13303,300000,2,1,1,33,0,0,0,0,0,0,356,1313,5273,4345,1106,1322,1320,5273,4598,0,2620,5956,0
13304,300000,2,2,1,31,0,0,0,0,0,0,89240,92016,92971,94817,96756,98325,4214,3377,3395,3468,3133,3307,0
13305,340000,2,1,2,29,0,0,0,0,0,0,82770,54523,30874,34939,40537,41658,10000,5874,5000,10000,2000,1400,0
13306,270000,1,1,1,37,0,0,0,0,0,0,396,396,792,396,396,396,396,792,0,396,396,396,1
13307,100000,1,2,2,26,0,0,0,0,0,0,80117,46939,17841,15317,12630,11750,2683,2500,3000,6000,2500,1000,0
13308,50000,1,1,1,33,1,2,0,0,0,0,46745,45727,45515,45470,4220,4220,0,1200,155,3000,0,0,0
13309,360000,2,2,1,40,0,0,0,0,0,0,352583,343476,279728,264189,271688,288740,10461,10212,8000,10000,20000,10000,0
13310,90000,2,2,1,49,0,0,0,0,0,0,91263,70251,45385,46331,47494,48433,3100,1800,1700,2000,1746,1941,0
13311,140000,1,2,1,42,0,0,0,0,0,0,127939,100372,84587,65589,69117,65911,5059,14659,5000,8000,5000,10000,0
13312,150000,2,1,2,28,0,0,2,0,0,2,1159,2468,1159,1159,11476,10249,2468,0,1159,11476,0,2034,0
13313,50000,1,3,2,34,0,0,0,0,0,0,17095,18261,19313,19304,19725,5770,1448,1500,419,455,115,19627,0
13314,30000,2,3,2,26,2,3,2,2,2,2,28189,27467,26729,27291,28819,29201,0,0,1300,2123,1000,2000,1
13315,230000,2,2,1,54,0,0,0,0,0,0,0,880,0,0,0,0,880,0,0,0,0,1740,0
13316,240000,2,2,1,40,0,0,0,0,0,0,0,0,0,0,0,1306,0,0,0,0,1306,0,1
13317,200000,2,1,1,44,0,0,0,0,0,0,65520,0,0,0,0,17480,0,0,0,0,17480,76220,0
13318,330000,1,2,1,42,0,0,0,0,0,0,118601,4101,133359,138959,102279,106172,4101,133359,6000,2046,106172,63750,0
13319,110000,1,1,1,29,0,0,0,0,0,0,51499,50405,49156,46426,43765,41295,1887,1601,1500,1696,1658,1179,0
13320,200000,2,3,1,54,0,0,0,0,0,0,114643,115828,116585,116005,118334,117902,6000,4200,4252,4300,4500,4000,0
13321,50000,2,2,3,46,0,0,0,0,0,0,44076,44406,45320,38446,36748,36827,1810,2500,2000,2000,1465,2000,0
13322,70000,2,1,2,27,0,0,0,0,0,0,69972,69528,67622,68922,1223,70027,5000,1900,2000,1223,70027,2600,0
13323,360000,2,2,1,59,1,0,0,0,0,0,0,0,0,0,0,0,0,0,0,0,0,0,1
13324,50000,2,2,2,54,0,0,0,0,0,0,4625,4832,10010,9357,8714,9733,1121,6135,308,316,2000,500,1
13325,80000,2,3,2,28,0,0,0,0,0,0,4280,2800,0,0,0,0,2800,0,0,0,0,0,0
13326,200000,2,2,1,69,0,0,0,0,0,0,106878,100879,102998,105090,107718,88964,4000,3800,3802,4363,3500,3303,0
13327,50000,1,2,2,27,0,0,0,0,0,0,47261,48054,47434,20099,18682,18538,2055,1935,675,662,650,666,1
13328,30000,1,1,2,27,0,0,0,0,0,0,18239,17963,18425,1183,2000,0,2000,3000,300,3000,0,0,0
13329,390000,2,1,2,31,0,0,0,0,0,0,252109,252401,180074,178025,198721,162444,12009,7508,6000,39604,6341,5000,1
13330,380000,2,1,1,42,2,0,0,0,0,0,326,326,326,652,326,29326,326,326,652,0,29326,326,1
13331,20000,2,2,1,46,0,0,0,0,0,3,16294,17327,18335,18935,20624,20702,1600,1600,1200,2600,700,0,1
13332,80000,2,2,2,31,0,0,0,0,0,0,28190,27045,22843,20578,19049,16221,1751,1500,1000,779,545,500,1
13333,50000,2,2,1,49,0,0,0,0,0,0,47649,49100,50380,19144,17625,17246,2220,2500,644,628,642,1500,0
13334,50000,2,1,1,25,0,0,0,0,2,0,11324,11811,13008,12540,10746,8482,1500,1433,1465,0,500,1000,0
13335,200000,1,2,2,44,0,0,0,0,0,0,541,541,1082,541,541,541,541,1082,0,541,541,541,0
13336,100000,1,3,2,28,0,0,0,0,0,0,103728,104908,65800,18300,33336,31558,3184,3000,18300,33336,984,63000,1
13337,180000,1,1,2,31,0,0,0,0,0,0,300,253,0,0,0,0,253,0,0,0,0,3642,0
13338,120000,2,2,2,27,0,0,2,0,0,0,1066,5079,2528,4007,7457,2819,5079,0,4007,7457,2819,8638,0
13339,390000,2,2,2,31,1,2,0,0,0,0,20852,18376,15229,18229,9290,1826,0,1000,3000,9290,1826,3706,0
13340,250000,2,2,1,37,0,0,0,0,0,0,25366,36567,24079,13141,22728,9300,36655,24104,13144,12000,9300,14154,0
13341,350000,1,2,1,47,1,2,2,2,2,0,301553,287780,295141,291422,279294,276594,0,21300,10000,0,9500,9500,1
13342,70000,2,2,2,30,0,0,0,0,0,0,71856,71916,71442,68144,68671,68863,3377,3504,2620,2791,2639,2859,0
13343,210000,2,1,2,33,0,0,0,0,0,0,0,0,0,0,0,0,0,0,0,0,0,0,0
13344,180000,1,1,2,29,0,0,0,0,0,0,85069,85434,116352,55698,37315,16696,5344,3013,3034,4069,3018,3069,0
13345,80000,1,1,2,25,0,0,0,0,0,0,390,390,390,390,390,390,390,390,390,390,390,390,1
13346,120000,2,3,2,26,0,0,0,0,0,0,1467,975,246,246,246,884,975,246,246,246,884,1000,0
13347,210000,2,1,1,23,0,0,0,0,0,0,0,0,0,29337,30362,31356,0,0,29337,1500,1500,1500,1
13348,20000,1,2,1,38,0,0,0,0,0,0,18669,19304,19905,20302,20133,20000,1326,1317,714,925,400,0,0
13349,150000,2,1,1,38,0,0,0,0,0,0,750,0,0,0,0,2040,0,0,0,0,2040,13061,1
13350,390000,1,1,1,38,0,0,0,0,0,0,30642,31843,32860,33511,34271,35040,2000,1548,1199,1300,1337,13000,0
13351,310000,2,1,2,36,0,0,0,0,0,0,6514,8619,6204,2905,7944,13125,8619,6206,2905,7944,13524,16233,0
13352,230000,2,1,2,27,0,0,0,0,0,0,10941,12058,13348,14620,15877,16611,1300,1500,1500,1500,1000,1500,0
13353,90000,2,2,1,51,0,0,0,0,0,0,12822,10944,12255,12192,12448,12895,1188,1499,436,452,654,455,0
13354,140000,1,1,2,29,0,0,0,2,2,2,11693,13490,16747,16183,17762,17327,2000,3500,0,2000,0,5000,0
13355,150000,2,1,2,28,0,0,0,0,0,0,105035,103502,92810,74078,75564,79941,4500,3137,2700,3000,6000,3500,0
13356,130000,1,2,2,27,0,0,0,0,0,0,92043,61650,0,0,0,0,2850,0,0,0,0,0,0
13357,210000,2,1,2,27,0,0,0,0,0,0,1441,2557,3655,0,41257,35432,3000,3626,0,41257,709,0,0
13358,100000,2,1,2,25,1,0,0,0,0,0,0,3473,0,1012,0,0,3473,0,1012,0,0,0,0
13359,150000,1,5,1,36,0,0,0,0,0,0,220889,133616,136378,139219,142172,145065,3800,3900,4000,4100,4100,5500,0
13360,200000,2,1,2,29,0,0,0,0,0,0,1467,439,2257,43720,43968,45182,439,2000,42000,1700,2000,1700,0
13361,80000,2,2,2,27,0,0,2,0,0,0,78672,83807,81833,79673,79735,81271,7018,0,3000,3100,3000,3100,0
13362,230000,1,1,2,27,0,0,0,0,0,0,5652,7652,2062,2007,2104,394,7662,2066,2007,2108,394,3214,0
13363,50000,1,2,3,37,0,0,0,0,0,0,49642,48381,44113,8522,17948,9390,2060,1014,170,17948,188,390,0
13364,260000,2,2,2,33,0,0,0,0,0,0,4141,131000,129698,120375,118847,120361,133280,4813,4039,4095,4271,3701,0
13365,110000,1,2,2,23,0,0,0,2,2,2,43027,44340,48959,49672,50758,49676,2000,5700,1800,2500,0,2000,0
13366,20000,1,3,1,56,0,0,2,0,0,0,14231,16074,14212,14694,13807,14412,2100,1000,1000,700,1000,500,0
13367,360000,2,2,1,42,1,0,0,0,0,0,0,6815,0,1000,6344,2408,6815,0,1000,6344,2408,0,0
13368,160000,1,1,1,36,0,0,0,0,0,0,67879,36865,47986,0,15655,0,2500,15000,0,15655,0,1674,0
13369,10000,1,2,2,35,0,0,0,0,0,0,8857,8661,9055,9665,9297,5555,2300,1000,1000,1000,2000,3094,0
13370,150000,1,1,1,31,2,2,2,2,2,2,159734,160247,131511,129369,123191,132072,4800,4006,3669,0,11781,0,1
13371,500000,1,1,1,35,0,0,0,0,0,0,0,0,0,0,0,0,0,0,0,0,0,0,1
13372,500000,1,1,1,69,0,0,0,0,0,0,1200,5652,271,1234,1015,3579,5652,271,1234,1015,3579,2053,0
13373,360000,2,2,2,28,0,0,0,0,0,0,63352,58601,19567,16658,17249,247,6010,4000,0,2000,247,12000,0
13374,50000,2,1,2,28,0,0,0,0,0,2,48726,48261,39336,10142,10174,9904,2406,2000,462,736,0,147,0
13375,270000,2,1,1,35,2,0,0,0,0,0,128442,131185,134297,208396,106524,104447,6300,6800,4000,4200,7000,3000,0
13376,10000,2,3,1,58,0,0,0,0,0,0,7569,8598,9590,9782,9986,9173,1158,1150,335,346,336,1323,0
13377,30000,2,2,1,29,0,0,0,0,0,0,15455,6570,11000,12460,28778,24244,2000,5000,2000,17000,1500,2000,0
13378,80000,2,3,1,30,1,0,2,2,0,0,0,1684,1509,-357,-357,-357,1684,0,0,0,0,0,0
13379,360000,2,2,1,27,0,0,0,0,0,0,896,778,-192,38469,7449,156,782,0,38661,7486,156,12508,0
13380,120000,2,1,2,26,0,0,0,0,0,0,112774,115733,91961,94433,97787,87413,5000,3500,4000,5000,3500,3500,0
13381,400000,2,2,2,35,0,0,0,0,0,0,109943,222085,223350,213831,210563,211925,120018,10071,8037,8018,8809,5022,1
13382,500000,2,2,2,26,0,0,0,0,0,0,59039,58262,54586,29280,31284,29371,4028,2077,1001,3008,1305,1007,0
13383,140000,1,3,1,54,0,0,0,0,0,0,1045,1947,998,955,1976,1895,1952,1001,957,1981,1900,1822,0
13384,110000,1,2,2,27,0,0,0,0,0,0,29734,31743,33202,34656,38596,40970,2500,2000,2000,4500,4000,1500,0
13385,30000,1,2,2,34,0,0,0,0,0,0,29949,24653,29779,29749,30053,29674,6000,12000,6000,6000,5000,5000,0
13386,140000,2,1,1,56,0,0,0,0,0,0,138468,93802,94531,96264,98135,100062,4300,3500,3600,3881,4200,3521,0
13387,150000,2,3,1,39,0,0,0,0,0,0,108755,112554,113583,115846,118369,121786,5163,4000,3764,4000,5000,5030,0
13388,280000,1,3,1,37,0,0,0,0,0,0,271276,275970,280276,188923,192333,195774,16991,10447,6006,6006,6147,5001,1
13389,20000,1,3,1,45,0,2,0,0,2,0,5577,5346,9984,19089,18356,17203,0,5000,10089,0,2000,4166,0
13390,340000,2,3,1,36,0,2,2,0,0,2,2566,1689,-11,35947,83360,82516,8,0,35958,50000,0,10000,0
13391,60000,1,2,2,25,2,2,2,0,0,0,36090,22083,15444,13695,17598,17472,2017,5,1000,5000,1000,603,1
13392,20000,1,1,1,62,0,0,0,0,0,0,17607,18711,9540,10540,11540,0,1500,1000,1000,1000,0,0,0
13393,50000,2,1,2,25,0,0,0,0,0,0,23794,22588,20376,10203,9868,9700,1398,1136,483,340,368,300,0
13394,200000,2,2,1,35,0,0,0,0,0,0,71561,74084,74770,75826,77741,79597,4000,3010,2600,3000,3000,3000,0
13395,180000,2,1,2,30,0,0,0,0,0,0,40311,43847,50763,69026,32030,33679,10000,10000,23000,5000,4000,3500,0
13396,240000,2,1,1,34,0,0,0,0,0,0,41484,42522,43538,44402,45333,46551,1709,1725,1589,1646,1972,1263,0
13397,360000,1,2,2,32,0,0,0,2,0,0,33215,28683,16989,12751,10272,9631,1331,6478,14,443,6093,190,0
13398,50000,2,2,1,26,0,0,0,0,0,0,49744,40859,20706,-1166,19133,19127,1500,1206,0,20689,697,641,0
13399,100000,1,3,2,50,0,0,0,0,0,0,95889,96791,97414,69166,53270,-1465,4200,2785,2291,1965,1465,62121,0
13400,80000,2,3,2,26,1,0,0,0,0,0,0,0,0,0,0,0,0,0,0,0,0,0,1
13401,50000,2,3,1,32,2,2,2,2,2,2,46364,47429,46345,49231,48537,46774,2100,0,3600,1900,0,3285,1
13402,420000,2,3,2,27,0,0,0,0,0,0,1486,-3341,116659,119808,122181,130976,2679,120000,5003,5000,10979,5016,1
13403,190000,2,1,1,35,0,0,0,0,0,0,980,68738,105265,126905,150953,153223,68738,50000,26905,30000,7000,10000,0
13404,180000,2,2,1,33,1,0,0,0,0,0,-84,482,6566,6905,7385,7847,982,6500,1000,1000,1000,1000,0
13405,40000,2,1,2,22,0,0,0,0,0,0,34521,35662,36918,37478,20650,0,2000,2000,1071,1500,0,0,1
13406,50000,1,2,2,43,1,2,2,0,0,0,44344,45363,44326,44901,45844,48385,2021,0,1596,1655,3684,0,1
13407,10000,1,2,2,23,2,2,7,7,7,7,2400,2400,2400,2400,2400,2400,0,0,0,0,0,0,1
13408,200000,2,1,2,39,0,0,0,0,0,0,155693,158710,133245,131906,135533,137809,6000,5000,4871,5905,5491,5000,0
13409,120000,1,3,1,39,0,0,0,0,0,0,7764,10721,30607,25005,19771,34315,10730,30629,0,0,27000,18125,0
13410,100000,2,2,1,48,2,2,2,0,0,0,44050,44508,42925,45596,46022,46785,1800,0,3548,1668,1677,1668,0
13411,100000,2,1,2,24,0,0,0,0,0,0,93411,4081,0,0,0,0,11645,0,0,0,0,0,0
13412,360000,1,1,2,29,0,0,0,0,0,0,229928,32890,-10,-10,2150,0,4905,0,0,2160,0,0,0
13413,100000,2,2,1,28,0,0,0,0,0,0,316,316,316,316,2588,782,316,316,316,2588,1098,0,1
13414,290000,2,2,1,49,0,0,0,0,0,0,5287,2323,704,2135,1591,5392,2334,707,2145,1599,5419,5039,1
13415,240000,1,1,2,34,1,2,0,0,0,0,40286,38008,9497,9124,7128,2745,14,9497,9124,2000,1200,1000,0
13416,290000,2,2,1,37,0,0,0,0,0,0,48978,58858,36129,20369,29521,59219,20078,5017,509,29526,35000,93600,0
13417,500000,2,2,2,33,0,0,0,0,0,0,11058,18578,84087,50058,35036,4757,18641,75207,5100,5089,118,1647,0
13418,50000,1,2,1,32,1,3,2,2,2,2,14949,14424,15888,15335,16485,16070,0,2000,0,1400,0,1600,1
13419,220000,2,2,2,30,0,0,0,0,0,0,18598,24781,22901,23815,37748,16657,10000,2015,5000,20000,3000,1210,0
13420,20000,1,2,1,44,0,0,0,0,0,0,17441,17696,18672,18654,19584,19390,1309,1285,657,2000,388,390,1
13421,420000,2,2,1,36,0,0,0,0,0,0,185882,172613,134188,121983,111256,103481,10000,10000,10000,11256,13841,15059,0
13422,100000,2,1,2,29,2,2,2,2,2,2,74032,75557,76434,74611,79292,80945,3300,2700,0,5900,3100,0,0
13423,230000,2,1,1,43,0,0,0,0,0,3,3245,1855,5776,1332,5342,3162,1867,5816,1340,5342,4,0,1
13424,50000,2,2,1,53,0,0,0,0,0,2,46940,48372,48184,3736,2003,380,2188,1000,75,2003,0,0,1
13425,70000,1,1,1,42,0,0,2,2,0,0,119687,127218,128391,125183,124527,125255,11100,4551,9,4230,4253,4545,0
13426,180000,1,1,2,31,0,0,0,0,0,0,914,907,900,923,922,900,907,900,923,922,900,946,0
13427,90000,1,1,2,27,0,0,0,0,0,0,3382,4983,3396,1457,750,3091,4983,3396,1464,750,3091,5943,0
13428,50000,1,2,2,24,0,0,0,0,0,0,44193,44790,29397,29157,29765,29941,1806,1752,1168,1205,1207,1199,0
13429,50000,2,3,2,22,2,2,2,0,0,0,42717,51319,50245,9246,18992,9697,9289,300,332,400,358,350,0
13430,60000,2,1,2,26,1,0,0,0,0,0,0,0,539,37970,39354,40048,0,539,37970,2000,1500,1481,0
13431,50000,2,3,2,41,2,2,0,0,0,0,23203,23534,24838,25429,26020,26541,1000,2000,1000,1000,955,1500,1
13432,300000,2,1,1,58,0,0,0,0,0,0,1257,2851,0,4319,0,0,2851,0,4319,0,0,6860,0
13433,30000,2,1,2,36,0,0,2,0,0,0,14254,16598,15908,16029,6501,0,2890,0,321,6501,0,0,1
13434,10000,1,1,2,25,0,0,0,0,0,0,9501,5794,7109,9082,7165,6951,1300,2000,3000,234,284,1149,0
13435,70000,1,1,2,30,0,0,0,0,0,0,36201,25510,11402,8464,6464,-1000,1586,1000,0,0,0,0,0
13436,160000,1,2,2,32,0,0,0,0,0,0,22506,24135,25418,28196,29961,49404,2000,2000,3000,2000,20000,2000,0
13437,260000,1,2,2,30,0,0,0,0,0,0,434442,443629,452727,48238,19335,7093,10000,10031,2141,3074,3000,3000,0
13438,360000,1,1,2,39,0,0,0,0,0,0,163150,150666,173353,156875,64965,36290,50122,50181,20609,30291,30121,30092,0
13439,60000,2,3,1,30,1,2,0,0,0,0,15442,16091,17512,18413,19951,21454,1200,2000,1500,2000,2000,1300,0
13440,180000,2,2,2,39,0,0,0,0,0,0,57500,785,47392,0,460,0,785,47822,0,460,0,2070,0
13441,40000,2,2,2,23,2,2,2,2,2,2,33699,34766,33903,36266,36935,33441,1900,0,3200,1350,0,1400,1
13442,160000,1,2,2,36,0,0,0,0,0,0,836,836,1672,836,836,836,836,1672,0,836,836,836,0
13443,610000,2,1,2,35,0,0,0,0,0,0,389335,388150,392776,399343,402432,409912,14117,14100,14144,17100,17500,3600,0
13444,50000,2,3,2,35,0,0,0,0,0,0,9999,11020,12027,12109,12360,12602,1489,1496,578,594,596,613,0
13445,320000,1,1,1,48,2,2,2,2,2,2,201932,215392,218370,220977,225021,221730,18300,8000,7700,7700,0,7900,1
13446,150000,1,1,2,29,0,0,0,0,0,0,108756,152194,105290,149530,146455,141711,46980,64890,122080,106625,141711,138195,0
13447,170000,1,1,1,36,0,0,0,0,0,0,2015,2015,2015,2015,2015,1925,2015,2015,2015,2015,1925,2105,0
13448,500000,1,2,1,53,0,0,0,0,0,0,37979,9482,6058,7859,126683,7440,9482,6058,7859,126683,7440,8259,0
13449,200000,1,2,1,57,0,0,0,0,0,0,780,0,780,390,0,390,0,780,390,0,390,390,0
13450,290000,2,1,2,27,0,0,0,0,0,0,110359,108371,102628,100000,92238,90447,5000,6039,4000,4000,4000,3000,0
13451,40000,2,2,2,53,3,2,2,0,0,2,14186,15264,14708,14704,16997,16568,1600,0,500,2500,0,209,0
13452,300000,2,1,2,30,0,0,0,0,0,0,6045,7151,4790,3145,4274,0,7157,4790,3145,4274,0,2215,0
13453,50000,1,3,2,32,2,0,0,0,0,0,40486,41526,42539,43532,42858,43481,1691,1704,1697,1558,1727,1446,1
13454,20000,1,2,2,29,0,0,0,0,2,0,10321,11348,12359,13730,13371,13491,1200,1208,1579,0,608,2000,0
13455,30000,2,2,1,22,1,2,2,0,0,0,28933,30175,29383,29823,30379,29686,2000,0,1200,1162,1097,3846,0
13456,140000,1,2,2,34,1,2,2,0,0,0,94153,100214,97720,98997,101439,103840,8500,0,3800,4200,4250,4100,0
13457,80000,1,2,1,32,0,0,0,0,0,0,1253,4091,4111,940,1550,4030,4091,4120,949,1550,4030,6030,0
13458,260000,2,2,2,35,1,0,0,0,0,0,0,0,0,8500,2890,210,0,0,8500,2890,210,48000,0
13459,130000,2,1,2,27,1,0,0,0,0,0,-24,-350,30656,29426,29100,-1410,326,32100,0,0,0,0,1
13460,380000,2,3,2,39,0,0,0,0,0,0,55241,49773,81365,87341,87358,103740,10000,60218,10076,15012,20667,15000,0
13461,200000,1,2,1,36,1,0,0,0,0,0,0,0,0,0,1680,0,0,0,0,1680,0,0,0
13462,50000,2,3,1,46,0,0,0,0,0,0,21453,22365,12874,13341,10556,9396,1634,1143,610,509,500,1000,0
13463,50000,1,1,2,25,0,0,0,0,0,0,49654,49917,25239,10228,10107,9178,1600,2310,303,369,331,4,0
13464,90000,2,2,1,26,0,0,0,0,0,0,47121,49332,47590,50000,780,0,3000,2000,3000,780,0,2808,0
13465,20000,1,1,2,25,1,0,0,0,0,0,0,0,0,0,0,1000,0,0,0,0,1000,0,1
13466,140000,2,2,1,26,0,0,0,2,2,2,75289,90613,54597,31734,27211,23784,20000,3011,0,3000,0,5000,0
13467,30000,1,3,3,45,0,0,2,0,0,2,21325,24355,23670,24002,26373,25798,3376,0,1023,2925,0,1000,0
13468,230000,1,1,2,28,0,0,0,2,0,0,6289,10112,8637,7277,2818,2455,5112,7283,0,3000,2455,1285,0
13469,100000,1,3,1,36,2,0,0,2,0,0,8674,10520,13337,12829,15446,17178,2000,3000,0,3000,2000,2000,1
13470,240000,2,1,2,46,2,2,0,0,0,0,456,0,0,2240,1681,2267,0,0,2240,0,2267,3074,0
13471,200000,1,1,1,36,0,0,0,0,0,0,0,0,0,0,0,0,0,0,0,0,0,0,1
13472,80000,1,1,2,26,0,0,0,0,0,0,83593,72883,67337,60807,59088,47829,2727,3170,1940,2200,1700,1708,0
13473,360000,1,1,1,56,0,0,0,0,0,0,1094,0,0,1149,2386,5103,0,0,1149,2386,5103,0,0
13474,150000,1,2,2,37,0,0,0,0,0,0,71341,62432,56091,58919,60363,40448,4117,4002,5000,1925,5316,5000,0
13475,130000,1,2,2,27,0,0,0,0,0,0,29078,30110,31119,31891,32429,33035,1506,1515,1287,1200,1341,1663,0
13476,30000,2,2,1,56,0,0,2,0,0,2,11564,14099,13580,13657,16356,16540,3042,0,600,2942,600,0,0
13477,250000,1,1,2,33,0,0,0,0,0,0,28306,20367,19509,42394,46739,55573,10000,1504,25000,10000,10002,5200,0
13478,500000,1,1,1,42,0,0,0,0,0,0,38525,6281,12855,18041,286939,286836,6283,12859,18041,292462,10593,12200,1
13479,30000,1,2,3,43,2,2,2,2,2,2,14870,16327,16762,17182,17760,17327,2000,1000,1000,1000,0,1000,1
13480,390000,1,1,1,41,2,2,2,2,2,2,167795,171245,167317,175283,179140,182864,7299,0,12000,6500,6500,0,1
13481,390000,2,1,2,27,0,0,0,0,0,0,78549,81775,82963,84236,84971,87112,4500,4000,3500,4000,3500,10000,0
13482,360000,1,2,2,37,1,0,0,0,0,0,-490,-870,390,-710,260,10,0,2000,0,1500,1000,1000,0
13483,90000,2,2,1,25,0,0,0,0,0,0,57846,50663,45515,42599,38559,36337,2018,2033,2016,2010,2010,1114,0
13484,100000,2,3,1,35,0,0,0,0,0,0,47843,48885,49904,50774,51957,52991,2111,2130,2000,2000,1898,2000,0
13485,30000,1,3,1,31,2,0,0,0,0,0,390,390,390,0,780,0,390,390,0,780,0,0,0
13486,160000,1,3,2,25,0,0,0,0,0,0,31400,0,0,0,0,0,0,0,0,0,0,0,0
13487,20000,1,1,2,26,1,2,0,0,0,0,15397,10403,7207,7351,7512,8380,0,1500,264,280,1000,813,0
13488,240000,2,1,2,36,0,0,0,0,0,0,7283,5266,5113,7113,7113,4178,1263,1000,2000,2500,2000,5000,0
13489,80000,1,1,2,26,2,3,2,2,2,2,61851,62271,63154,63519,64351,67122,2000,2500,2000,2000,4000,2700,1
13490,30000,2,2,2,22,0,0,0,0,0,0,29668,29744,29068,29567,29144,29541,1555,2165,3002,1005,3000,2000,0
13491,150000,1,2,1,45,0,0,0,0,0,0,44832,46939,57181,49453,86869,79150,6020,15043,5021,46034,5002,5000,0
13492,160000,2,2,2,28,0,0,0,0,0,0,84668,88294,91784,108310,103166,104677,5000,5000,20000,5000,5400,6100,0
13493,20000,2,1,1,58,0,0,0,0,0,0,17241,18463,19640,19114,18679,15000,1500,1626,100,600,300,0,0
13494,230000,1,1,1,45,0,0,0,0,0,0,26071,27937,28774,29202,29683,30277,2200,2000,1100,1000,980,1012,0
13495,100000,2,2,1,46,0,0,0,0,0,0,98200,74247,71635,72809,74100,75316,3228,3000,2743,3000,3000,3000,0
13496,420000,1,2,2,39,0,0,0,0,0,0,204984,209929,190689,173547,176980,180109,8006,7000,6000,6500,6500,10000,0
13497,480000,2,2,1,37,0,0,0,0,0,0,24887,27984,82870,52263,19518,14785,27994,82979,52263,19518,14785,7931,0
13498,10000,1,3,1,37,0,0,0,0,0,0,678,500,381,2977,1000,0,602,381,2986,1203,0,0,1
13499,180000,2,3,1,41,2,2,2,0,0,0,100094,101204,98680,100644,102750,104792,3582,0,3605,3731,3752,4038,1
13500,200000,1,1,2,32,0,0,0,0,0,0,47244,92754,57928,523,223,7037,62330,57928,523,223,7037,11000,0
13501,140000,1,2,2,36,1,2,2,2,2,2,44570,45563,46115,47053,48150,49009,2000,1600,2000,2000,1800,0,1
13502,20000,2,1,1,23,0,0,0,0,0,0,11862,11259,12482,10528,9293,17099,1300,1446,500,500,8000,1000,0
13503,80000,2,1,2,39,0,0,0,0,0,0,-224,1357,3446,4969,0,2650,1581,3466,4969,0,2650,935,0
13504,10000,2,2,1,29,0,0,0,0,0,0,7170,8158,9593,10104,9923,8032,1500,2000,1000,313,356,3000,1
13505,50000,1,2,1,35,0,2,0,0,0,0,15609,14686,15831,16884,18070,19218,0,2100,2000,2000,2000,2000,1
13506,340000,1,3,2,38,0,0,0,0,0,0,660,1131,291,291,291,291,1131,291,291,291,291,8048,0
13507,330000,2,2,2,39,0,0,0,0,0,0,156853,139687,120586,123152,115105,85737,5757,3923,4108,3632,3779,3672,0
13508,230000,2,1,1,47,0,0,0,0,0,0,740,740,10860,10120,7050,740,740,10860,0,0,740,0,0
13509,360000,1,1,2,40,1,0,0,0,0,0,0,0,0,0,0,0,0,0,0,0,0,0,0
13510,30000,2,3,3,48,0,0,2,0,0,0,18385,20422,18905,24817,29220,17260,4000,0,10000,5000,1700,0,0
13511,500000,1,1,2,42,2,0,0,0,0,0,419352,428101,436809,443840,452841,468305,17008,17326,16101,16634,23501,20623,1
13512,200000,1,1,1,42,0,0,0,0,0,0,3664,718,2946,390,390,390,718,2946,390,390,0,1313,0
13513,50000,2,2,1,55,0,0,0,0,0,0,41768,42561,42871,7606,11267,14453,2079,2001,500,4423,4000,2000,1
13514,240000,2,3,2,36,0,0,0,0,0,0,236267,239009,193335,194976,197168,196918,9000,7500,7000,6622,17150,20000,1
13515,290000,2,1,1,45,0,0,0,0,0,0,664,0,632,0,3152,316,0,632,0,3152,316,0,0
13516,20000,2,3,2,24,1,0,0,0,0,0,-8,4485,0,0,0,0,13148,433,0,0,0,0,1
13517,60000,2,3,2,49,1,2,0,0,0,0,28763,25470,24125,22597,20784,15599,0,1301,1000,600,600,763,0
13518,160000,1,2,2,24,0,0,0,0,0,0,76054,73992,73246,71321,141494,72913,3275,3000,3000,3000,3500,2500,0
13519,200000,2,1,2,31,0,0,0,0,0,0,1041,1053,3042,1381,1381,27106,2000,2011,0,0,27106,35200,0
13520,70000,2,2,1,33,0,0,0,0,0,0,43981,33439,24926,10681,7431,4705,1683,3160,3000,3000,5060,5032,0
13521,140000,1,1,2,35,0,0,0,0,0,0,10339,18276,25852,14390,13728,2905,10006,10048,5008,2018,2005,1005,0
13522,460000,1,1,1,44,0,0,0,0,0,0,15264,51372,103119,68541,28269,75942,51383,103142,68541,28269,76056,52143,0
13523,160000,2,2,2,36,0,0,0,0,0,0,2992,1300,8899,6257,-1197,12151,1300,12038,10696,613,14262,0,0
13524,200000,2,2,1,40,0,0,0,0,0,0,6699,4856,-3,-3,-3,-3,4880,0,0,0,0,0,0
13525,80000,2,3,2,55,0,0,0,0,0,0,78009,78616,49662,48867,48278,46773,2420,2000,1656,1693,1767,1581,0
13526,310000,2,1,1,47,0,0,0,0,0,0,5202,6495,5781,7754,12315,14099,3000,1000,4000,5000,5000,5000,0
13527,290000,2,2,1,29,2,2,0,0,0,0,63872,62290,63624,64427,62853,63923,0,3000,2406,2431,2433,2434,1
13528,120000,1,1,2,27,0,0,2,0,0,0,11472,13485,11649,11435,11400,12661,2652,0,342,521,2000,3000,0
13529,20000,1,3,2,31,2,2,2,2,2,2,13335,15617,15090,16859,16472,21819,2800,0,2001,0,5782,0,0
13530,90000,1,1,2,29,0,0,0,0,0,0,140,0,280,140,133,2506,0,420,0,133,2513,910,0
13531,60000,1,1,1,60,0,0,0,0,0,0,390,390,2840,390,390,769,390,2840,390,390,769,390,0
13532,260000,1,2,1,39,2,0,0,2,0,0,110529,113505,114531,111037,95454,96370,7010,7004,15,3000,3000,3000,1
13533,180000,2,2,2,30,0,0,0,0,0,0,167539,171133,173037,170470,174373,163873,7782,6352,5883,6427,6500,5029,0
13534,50000,1,3,2,41,0,0,0,0,0,0,15502,14446,10339,10766,10945,11214,1500,1500,600,500,600,500,0
13535,50000,1,3,1,40,0,0,0,0,0,0,34582,25281,15264,12465,13262,13523,2000,2000,1000,1000,482,2000,0
13536,50000,1,3,2,53,0,0,0,0,0,0,48019,49127,43711,33626,19371,19808,2279,1902,1000,841,900,692,0
13537,200000,2,1,2,32,0,0,0,0,0,0,14254,19902,17822,15022,13051,10790,10000,2000,1000,2000,1790,1000,0
13538,170000,1,2,1,35,0,0,0,0,0,0,3995,6300,15291,9085,5801,6603,6380,15291,182,116,6603,4000,0
13539,50000,2,1,2,22,0,0,0,0,0,0,49086,48614,44211,27415,26630,8551,2047,1539,633,634,433,25586,0
13540,440000,1,3,1,47,0,0,0,0,0,0,98161,1238,1238,1238,1238,2165,1238,1238,1238,1238,2165,150000,1
13541,100000,1,2,1,28,0,0,0,0,0,0,10000,0,0,0,0,0,0,0,0,0,0,0,0
13542,50000,1,3,2,49,0,0,0,2,0,0,26116,27192,29535,28761,29298,30111,1500,2803,0,1000,1300,1200,1
13543,220000,1,1,1,47,0,0,0,0,0,0,85224,69475,69651,68255,61183,60982,3209,2913,2435,2300,2378,2266,0
13544,150000,2,3,2,43,0,0,0,0,0,0,1622,12946,0,0,1761,18304,13016,0,0,1761,18306,4275,0
13545,20000,1,1,2,28,1,0,0,0,0,0,0,0,0,0,12723,30000,0,0,0,12723,18000,32200,0
13546,160000,2,2,1,39,1,2,2,0,0,0,40712,29920,0,0,0,0,0,0,0,0,0,0,0
13547,50000,1,1,2,28,0,0,0,0,0,0,44476,45984,20972,16359,1340,0,2869,1527,16408,1444,0,0,0
13548,130000,2,3,1,40,0,0,0,0,0,0,102650,0,0,0,0,0,0,0,0,0,0,0,0
13549,20000,1,2,2,36,0,0,0,0,0,0,15198,19590,18514,30382,0,0,5000,2000,1000,6000,0,0,1
13550,200000,2,2,1,34,0,0,0,0,0,0,28484,3440,8795,13676,-1282,-1282,3440,8795,13676,1282,0,0,0
13551,20000,2,1,2,22,0,0,0,0,0,0,483,480,390,390,390,390,487,390,390,390,390,390,0
13552,300000,2,1,1,39,0,0,0,0,0,0,1134,611,0,0,706,0,613,0,0,706,0,0,0
13553,120000,2,1,2,25,0,0,2,0,0,0,105169,109456,105810,98712,84856,70059,8000,3000,4100,4000,3600,2000,1
13554,360000,2,1,2,27,0,0,0,0,0,0,949,40,175512,74334,46985,50276,40,175539,1372,0,50276,13460,0
13555,140000,1,1,3,59,0,0,0,0,0,0,141148,139572,86612,62906,83167,83315,4900,3340,1931,22444,2441,1657,0
13556,210000,2,2,2,25,0,0,0,0,0,0,79453,61742,65068,73934,74752,82638,3000,5000,10000,2800,10000,5000,1
13557,200000,1,1,2,30,0,0,0,0,0,0,0,0,0,0,0,0,0,0,0,0,0,0,0
13558,130000,2,1,2,28,0,0,0,0,0,0,31283,32045,28974,23386,23958,24740,1900,1500,1000,1100,1337,1500,1
13559,240000,2,2,1,48,0,0,0,0,0,0,101,0,0,0,0,0,0,0,0,0,0,0,1
13560,80000,1,3,1,65,0,0,0,0,0,0,25043,17472,8922,3932,2900,0,1374,1026,3944,3208,0,0,0
13561,500000,2,1,2,36,1,0,0,0,0,0,0,0,0,0,0,0,0,0,0,0,0,0,1
13562,320000,1,1,1,46,2,4,3,2,2,2,339202,337495,325700,313988,327542,317129,5000,0,0,23800,0,12165,1
13563,210000,2,1,2,56,0,0,0,0,0,0,203653,23520,0,0,0,0,5000,0,0,0,0,0,0
13564,200000,2,2,1,42,0,0,0,0,0,0,0,0,0,0,0,0,0,0,0,0,0,0,1
13565,50000,1,1,2,37,2,0,0,0,0,2,11533,12951,22339,22669,24121,23540,1612,10000,1000,1820,0,696,0
13566,340000,2,1,1,38,0,0,0,0,0,0,4397,13840,10780,8201,7675,5653,13847,10780,0,2000,5653,1976,0
13567,240000,1,2,1,62,0,0,0,0,0,2,1901,3855,3802,1901,2165,1965,3855,1901,0,2165,0,108,0
13568,240000,2,1,2,28,0,0,0,0,0,0,46746,36935,29718,22828,19808,12606,1868,1683,1500,5000,2606,5000,0
13569,50000,1,2,1,40,0,0,0,0,0,0,30211,48389,52230,18887,17693,18074,21190,5144,591,577,609,505,0
13570,50000,1,3,1,55,2,2,2,0,0,0,19056,18586,17418,15004,15804,17443,1000,1000,1000,1000,4024,2000,0
13571,20000,2,2,2,45,0,0,0,2,2,2,13521,4964,882,882,914,930,1000,900,0,182,16,0,1
13572,510000,1,1,1,35,0,0,0,0,0,0,0,2754,3700,0,0,102097,2754,1000,0,0,102097,3509,0
13573,220000,2,1,2,25,1,0,0,0,0,0,0,0,2598,640,168,1579,0,2598,790,168,1579,7203,0
13574,220000,2,2,2,30,0,0,0,0,0,0,596,892,7681,11642,23030,22449,892,7681,20000,20000,0,0,0
13575,60000,1,1,2,37,0,0,0,0,0,0,42372,35580,28330,28136,26752,27357,1500,1800,1088,1200,1200,1000,0
13576,40000,2,2,2,26,2,2,2,2,2,2,5678,9900,9592,10433,10521,10203,4500,0,1000,400,0,2200,1
13577,50000,1,1,2,64,0,0,0,0,0,0,46351,20055,18725,17848,14610,11314,1377,1165,522,1000,485,426,0
13578,360000,2,1,1,46,0,0,2,2,0,0,600,2462,2274,0,0,0,2462,0,0,0,0,0,1
13579,120000,1,1,1,51,1,0,0,0,0,0,0,-416,-1248,832,416,1398,0,0,2080,0,1398,0,1
13580,20000,1,3,2,23,0,0,0,0,0,0,17010,-820,19970,19580,20180,20000,0,21490,600,600,600,0,0
13581,30000,1,2,1,33,0,0,0,0,0,0,34914,35000,0,0,0,0,1000,18000,0,0,0,0,0
13582,110000,2,1,2,29,0,0,0,0,0,0,316,316,316,316,466,316,316,316,316,466,316,632,0
13583,170000,2,2,2,31,0,0,0,0,0,0,165987,169790,115786,72309,73812,75149,8400,4000,2210,2282,2159,1800,0
13584,180000,1,2,1,48,0,2,2,0,0,0,919,919,0,0,0,0,0,0,0,0,0,0,0
13585,50000,2,2,2,23,1,2,2,0,0,2,42586,43813,42779,38180,40685,37662,2200,0,1600,3300,0,1600,0
13586,180000,2,1,2,28,0,0,0,0,0,0,47815,8473,950,13408,3819,1107,8480,957,13408,3819,1107,20679,0
13587,80000,2,2,1,50,0,0,0,0,0,0,56602,14233,15729,3000,1500,1500,5000,5000,3000,0,1500,4473,0
13588,20000,2,1,1,34,0,0,0,0,0,0,5048,6797,9489,11349,14176,15616,2000,3000,2000,3000,3000,3000,0
13589,30000,2,3,1,57,0,0,0,0,0,0,17779,19097,19816,18471,16305,0,2000,1500,1000,841,0,1030,0
13590,80000,1,2,2,28,0,0,0,0,0,0,10394,86115,77955,49955,47700,48689,77900,3694,1694,1454,1499,1711,0
13591,200000,1,1,1,53,0,0,0,0,0,0,513,974,4271,3696,0,2099,974,4271,3696,0,2099,7784,0
13592,120000,2,2,1,42,0,0,0,0,0,0,117059,117000,116955,109973,108693,104890,5026,4541,4100,4100,4000,4000,0
13593,160000,2,5,1,52,0,0,0,0,0,0,202638,208706,210143,75166,68355,69602,7638,6263,2394,2274,2172,2291,0
13594,500000,2,1,1,44,0,0,0,0,0,0,301,11057,58508,57855,134,11421,11063,49019,134,0,11421,0,0
13595,50000,2,2,2,22,0,0,0,0,0,2,45675,41712,29756,32418,34983,18175,3630,2000,3500,2713,0,193,0
13596,50000,2,2,1,39,0,0,0,0,0,0,43724,45017,46106,28381,29546,29573,2000,2000,2000,2000,1000,1000,0
13597,200000,1,1,2,41,0,0,2,0,0,0,24720,20982,20398,19888,22713,19405,3000,0,8000,5000,3000,0,0
13598,30000,1,2,2,25,0,0,0,2,0,0,7298,8322,9826,9519,10362,11187,1147,1651,0,1000,1000,1000,1
13599,190000,2,2,1,33,1,0,0,0,0,0,-2500,-3000,-3000,-3000,-3000,-3000,0,0,0,0,0,0,0
13600,120000,2,2,1,41,0,0,0,0,2,0,14792,20084,0,6849,6598,16205,10000,0,6849,0,10000,2000,0
13601,30000,2,3,2,39,0,0,0,0,0,0,27782,5585,29572,26387,11207,0,2023,27887,2000,1000,0,0,0
13602,30000,2,3,2,27,0,0,0,0,0,0,5334,697,12791,12490,13990,300,3565,12591,490,1500,300,0,0
13603,310000,1,1,2,33,0,0,2,0,0,0,47224,51442,51531,51375,29069,29895,4900,1500,1000,1200,1200,1200,0
13604,30000,2,2,1,31,0,0,0,0,0,0,28405,29639,30246,23774,24384,15855,4000,1555,631,769,317,0,1
13605,440000,1,1,2,52,2,0,0,0,0,0,424606,418158,410821,403658,412248,456264,15010,14660,14500,15089,51000,27000,1
13606,50000,2,1,2,27,3,2,2,2,2,2,33202,34370,34806,35433,36216,36969,2000,1300,1500,1500,1500,1100,1
13607,70000,1,2,2,38,0,0,0,0,0,0,71586,59856,15379,2985,29351,29977,1308,15006,3000,29100,1100,1100,0
13608,260000,2,1,2,31,0,0,0,0,0,0,180891,165412,108223,108860,80757,79073,8250,5500,5000,3500,3000,4000,0
13609,320000,1,1,1,46,0,0,0,0,0,0,10836,19751,72623,61459,44390,29773,19799,73706,1692,1023,761,67235,0
13610,210000,2,2,1,34,0,0,0,0,0,0,128553,109234,87567,83716,69925,64108,3762,3808,4177,2594,2442,2319,0
13611,280000,2,1,1,29,0,0,0,0,0,0,58308,61024,62665,63730,57916,59122,4000,3000,2315,2103,2500,2000,0
13612,140000,1,1,2,32,0,0,0,0,0,0,83768,79736,76167,66410,71150,75781,5000,6029,8000,6000,6000,3000,0
13613,20000,2,3,2,22,0,0,0,0,0,0,14218,13573,14137,13737,12680,12067,1700,1500,0,0,1067,392,0
13614,340000,1,1,2,25,0,0,0,0,0,0,239715,421651,203784,181490,154478,135259,10469,6618,5168,5014,5398,2738,1
13615,70000,2,3,3,39,0,0,0,0,0,0,34244,32193,10803,15133,3148,4699,3000,11000,5000,3150,2000,4000,0
13616,120000,2,1,1,50,1,0,0,0,0,0,-110,16390,0,0,660,0,16500,0,0,660,0,0,0
13617,60000,2,2,2,24,0,0,0,0,0,0,57771,53334,0,41645,41833,41481,2336,1414,0,2000,1503,3200,0
13618,30000,1,3,2,29,0,0,0,0,0,0,28547,29398,29864,30115,15818,13813,1700,1500,1010,1000,1000,1200,0
13619,30000,1,2,2,29,0,0,0,0,0,0,12174,13309,13874,15304,8588,4873,1635,1200,1630,4000,1000,300,0
13620,80000,1,1,1,25,0,0,2,2,0,0,48470,52374,52889,51520,50741,50322,4700,2000,0,1800,1850,1800,1
13621,50000,1,2,1,49,0,0,0,0,0,0,28788,21485,18800,17272,14226,14991,1377,1500,500,2000,1000,2000,0
13622,100000,1,3,2,37,0,0,0,0,0,0,20116,19319,16356,10144,8095,10140,4000,2000,4000,3095,5140,4122,0
13623,60000,1,2,1,35,0,0,0,0,0,0,60130,60655,56106,29270,29412,29798,3007,3015,5000,2000,3000,3000,0
13624,10000,2,2,2,23,0,5,4,3,2,2,4205,4003,3800,3597,3395,4187,0,0,0,0,1000,0,1
13625,280000,2,1,1,41,0,0,0,0,0,0,939,8188,36670,0,1455,3023,8188,30000,0,1455,3023,24668,0
13626,250000,2,3,2,47,0,0,0,0,0,0,7363,27415,0,1930,1643,1687,27474,0,1930,1643,1687,0,0
13627,40000,1,2,1,48,0,0,0,0,0,0,1672,0,836,836,571,1735,0,836,836,571,2000,0,0
13628,30000,2,1,2,25,1,2,2,2,0,0,29628,30453,30082,28933,25255,25344,1600,1000,7,880,3028,0,0
13629,50000,1,1,1,57,0,0,0,0,0,0,42624,39943,7218,6946,6808,6542,2173,1248,366,500,384,500,0
13630,70000,2,3,2,29,0,0,0,0,0,0,70780,67741,40195,48568,49039,50387,3088,1787,50314,1768,2541,1588,0
13631,130000,2,2,1,28,0,0,0,0,0,0,86914,85558,77163,80240,46637,51409,6134,3100,5000,3000,6000,13031,0
13632,60000,2,2,2,24,0,0,0,0,0,0,60839,59316,59707,18490,19505,20197,3400,1705,1200,1300,1003,1000,0
13633,200000,2,2,1,29,0,0,0,0,0,0,81568,81876,82617,83284,64520,54178,3500,3000,2500,3000,2000,2000,0
13634,100000,2,1,2,33,0,0,2,0,0,0,90825,97242,94407,95124,96354,64168,8800,0,2951,2300,7174,2700,0
13635,190000,2,2,2,30,0,0,0,0,0,0,194724,190781,191861,155967,153193,156494,8900,6200,5500,5600,5800,5600,1
13636,20000,1,3,1,36,8,7,6,5,4,3,24166,23845,23214,22583,21662,21031,0,0,0,0,0,0,1
13637,230000,1,1,2,42,0,0,0,0,0,0,380,380,380,380,380,380,380,380,380,380,380,380,1
13638,90000,2,2,2,26,0,0,2,0,0,0,87561,92996,89866,48574,41746,38486,8548,0,1527,1617,1490,659,0
13639,240000,2,1,2,29,0,0,0,0,0,0,191059,197548,203823,216971,223048,228755,10000,10000,17000,10000,10000,8000,0
13640,20000,2,2,2,23,2,0,0,0,0,0,11995,13324,14029,14308,14625,18245,1528,1233,512,547,3880,0,1
13641,20000,2,3,2,22,2,2,0,0,0,0,19393,18801,19077,11993,0,0,0,1023,240,0,0,0,1
13642,50000,2,1,2,24,0,0,0,0,0,0,2757,3776,4785,5031,5134,5138,1070,1079,325,332,238,1180,0
13643,230000,2,2,2,40,0,0,0,0,0,0,72742,73256,66321,66271,62401,61510,5000,4023,5000,5000,5267,3000,0
13644,430000,2,2,1,41,0,0,0,0,0,0,2830,21419,15555,6705,6705,5673,21419,0,6705,0,5673,7791,0
13645,50000,1,2,1,34,0,0,0,0,0,0,48976,47404,46338,14234,19545,20173,2023,3105,3119,11000,909,3000,0
13646,230000,1,2,2,32,0,0,0,0,0,0,143345,134344,116691,116220,112746,108653,6000,5000,5000,5000,5000,5038,0
13647,240000,2,5,2,36,0,0,2,0,0,0,-235,1765,871,871,-155,-155,2000,0,0,155,0,0,0
13648,120000,2,1,2,30,0,2,0,0,0,0,330,165,165,0,165,0,0,165,0,165,0,0,1
13649,280000,2,2,1,26,0,0,0,0,0,0,256455,245712,231025,182159,80747,51689,8354,5501,4293,2079,1892,20012,0
13650,500000,1,1,2,29,0,0,0,0,0,0,8898,1276,24031,41305,5405,32310,1283,24174,41306,5455,36914,12457,0
13651,260000,1,2,1,53,0,0,0,0,0,0,-1,-1,-1,-1,-1,-1,0,0,0,0,0,0,0
13652,140000,2,1,2,31,0,0,0,0,0,0,727,829,550,1045,432,898,829,550,1045,432,898,208,0
13653,310000,2,3,2,28,0,0,0,0,0,0,220845,179260,116798,109647,114745,103646,7809,10000,10000,10334,10000,5000,0
13654,50000,2,3,1,36,2,2,2,2,0,0,45557,46732,46589,30949,29857,30322,2200,1100,0,1224,1105,1400,0
13655,50000,2,3,1,35,0,0,0,0,0,0,48829,49789,19726,20074,20121,17021,2046,3000,1500,1000,1600,1500,0
13656,30000,2,3,2,29,2,2,2,2,2,0,15070,17509,17923,18134,17704,18256,3000,1000,800,0,1000,700,1
13657,200000,1,1,1,43,0,0,2,0,0,0,142291,152679,148682,146505,150963,146553,14200,0,7000,7000,6500,11000,0
13658,80000,2,3,2,33,0,0,0,0,0,0,73132,74668,77427,80700,15525,81621,2710,4000,5000,15525,81621,2493,0
13659,310000,2,3,2,36,0,0,0,0,0,0,6282,5835,912,1688,5590,1649,5864,919,1696,5617,1657,4510,0
13660,220000,2,2,2,26,0,0,0,0,0,0,57222,160712,210445,74138,1808,95818,107789,54539,1483,1808,94020,2581,0
13661,80000,2,2,2,26,0,0,0,0,0,0,35997,0,0,0,2345,2330,0,0,0,2345,2330,0,0
13662,500000,2,1,2,38,0,0,0,0,0,0,56197,55246,62402,42594,43652,38254,5000,10004,8000,3000,5000,8000,0
13663,100000,2,1,1,37,0,0,0,0,0,0,70113,71567,72410,73846,75556,77742,3181,2628,2640,2897,3600,2500,0
13664,200000,1,1,1,37,0,0,0,0,0,0,4052,4503,0,1115,1336,1878,4520,0,1115,1336,1878,0,1
13665,20000,1,2,2,39,0,0,0,0,0,0,8799,9671,11500,0,0,0,1171,2000,0,0,0,0,0
13666,20000,2,2,1,28,0,0,0,0,0,0,74510,75262,49919,43303,27929,15530,2734,1200,1077,3000,633,8000,0
13667,80000,1,2,2,38,0,0,0,0,0,0,54809,55944,57075,57745,59099,60489,2612,2655,2214,2435,2669,16981,0
13668,110000,1,2,2,29,0,0,0,0,0,0,41300,0,0,0,0,0,0,0,0,0,0,0,0
13669,100000,1,2,1,38,0,0,0,0,0,0,99660,99908,98052,94423,96056,97320,4600,3500,3400,3500,5000,3500,0
13670,400000,1,5,1,30,0,0,0,0,0,0,3443,69,188,188,177,2378,69,188,188,177,2400,11320,0
13671,320000,1,1,1,40,0,0,0,0,0,0,430,430,430,430,430,430,430,430,430,430,430,430,0
13672,180000,1,2,2,28,0,0,0,0,0,0,139097,131157,128342,122345,109228,101428,5699,4300,4023,3785,3684,4000,0
13673,180000,2,2,2,27,0,0,2,0,0,0,5319,6531,5446,4853,3965,3310,2300,0,288,143,246,33,0
13674,30000,2,2,2,22,0,0,0,0,0,0,30123,30299,27758,22720,19136,14452,1600,2000,2000,614,924,0,1
13675,30000,1,2,2,35,1,3,2,2,2,2,14320,13808,13289,14068,14596,14212,0,0,1000,900,0,1431,1
13676,240000,2,1,2,42,0,0,0,0,0,0,238107,242159,225695,210199,208307,203779,12067,10009,10000,10000,10000,30296,0
13677,100000,2,1,2,24,2,0,0,0,0,0,76831,72100,66575,68499,69584,71247,4037,3000,3000,3000,3000,2600,0
13678,90000,1,2,1,50,0,0,0,0,0,0,85241,86576,86914,28698,29722,29400,3600,2196,1027,1486,588,352,0
13679,20000,1,2,1,22,0,0,0,0,0,0,19356,19754,20279,19887,19887,0,1485,1400,398,0,0,0,0
13680,60000,1,2,2,28,0,0,2,2,2,2,37788,39366,41531,42048,41241,44056,2500,3114,1496,0,3500,0,1
13681,90000,1,3,1,38,2,2,2,0,0,0,28774,29420,28502,30162,17274,15243,1400,0,2041,1007,1015,330,0
13682,80000,2,2,1,40,0,0,0,0,0,0,5143,8351,3234,1819,1909,1909,6458,3917,1819,2299,1909,3069,0
13683,500000,2,1,1,34,0,0,0,0,0,0,174246,149600,83320,79359,57549,44994,6371,5000,10051,7549,2102,50000,0
13684,430000,1,1,2,34,0,0,0,0,0,0,81963,93893,100177,-3849,304425,293920,15000,70000,3116,313094,10300,15000,0
13685,130000,1,1,2,27,0,0,0,0,0,0,339,339,339,339,339,339,339,339,339,339,339,339,0
13686,500000,2,2,1,66,0,0,0,0,0,0,3718,1755,2988,11645,13237,303512,1755,2988,11645,13237,303512,0,0
13687,350000,2,2,1,38,0,0,0,0,0,0,282,2728,1606,1015,24555,185,2750,1612,1017,24560,1000,917,0
13688,320000,1,1,2,34,0,0,0,0,0,0,744,2291,2197,3934,5541,3141,2297,2203,3957,5557,3150,3056,0
13689,160000,2,2,2,24,0,0,0,0,0,0,142214,145225,149812,151426,154688,158511,5300,7000,5600,5700,6400,6400,0
13690,110000,1,1,2,25,2,0,0,0,2,0,109887,99030,89317,80674,79311,81246,3500,6748,5700,0,3200,5700,1
13691,60000,2,3,3,53,0,0,0,0,0,0,57605,48877,39689,27736,28420,29002,2088,1900,962,1100,1023,963,0
13692,260000,2,4,2,33,0,0,0,0,0,0,18457,22815,27086,27821,30767,29890,5000,5000,1137,5000,1085,5000,0
13693,50000,1,1,1,47,0,0,0,0,0,0,49550,51636,53561,53283,53057,52908,2743,2668,1712,1762,1894,1670,0
13694,270000,1,2,2,44,0,0,0,0,0,0,274610,274870,258759,225454,225032,225698,10556,10050,8370,8510,8250,10671,0
13695,210000,1,1,1,52,0,0,0,0,0,0,44933,38542,39332,11140,8463,10406,1793,8242,12000,8534,11000,7500,0
13696,20000,2,2,1,29,0,0,2,3,3,2,16196,17825,20234,20510,19897,19900,2200,3000,900,0,500,0,0
13697,30000,2,2,2,49,2,2,2,2,2,2,28859,28116,30226,29454,31775,30743,0,2900,0,2787,0,1445,0
13698,500000,2,1,1,56,0,0,0,0,0,0,881,1035,29944,10528,17907,3147,1035,29944,10528,17907,3147,5011,0
13699,360000,2,1,2,31,0,0,0,0,0,0,24500,2251,7714,4502,1896,5117,2251,5463,2251,1896,5117,7172,0
13700,90000,1,2,2,30,0,0,0,0,0,0,2629,1076,1613,993,7881,1516,1079,1617,996,7904,1521,413,0
13701,10000,2,2,2,28,0,0,0,0,0,0,7797,8893,9665,9862,4854,1430,1228,1000,197,1597,1430,1184,0
13702,200000,2,2,2,36,0,0,0,0,0,0,93863,93893,90837,85520,84945,81431,4762,3856,2753,2900,3000,2800,0
13703,60000,1,2,2,37,1,0,0,0,0,0,-391,-781,-781,389,389,609,0,0,1950,0,1000,0,0
13704,80000,1,2,1,40,0,0,0,0,0,0,5810,216,5741,6143,7039,26799,216,7741,500,1000,20000,1500,0
13705,500000,1,1,2,32,0,0,0,0,0,0,11086,22919,35937,31227,21135,2632,23008,20046,5075,5103,2646,20642,0
13706,50000,1,2,1,21,0,0,0,0,0,0,47285,47807,48371,48629,49410,49568,2108,2062,1710,1923,1512,1000,0
13707,50000,2,2,2,24,0,0,0,0,0,0,45404,38383,39851,27258,27679,28619,1700,2156,1200,1010,1400,970,0
13708,200000,2,1,2,30,0,0,0,0,0,0,4520,10382,4447,126476,700,0,10382,4447,126476,700,0,860,0
13709,470000,1,2,1,45,0,0,0,0,0,0,293261,279104,220728,198425,182826,130586,18000,10018,10000,10000,4771,6000,0
13710,180000,2,3,1,41,0,0,0,0,0,0,6092,3576,13920,11112,3182,1985,4198,13935,11112,3182,1985,3276,0
13711,240000,1,2,1,33,0,0,0,0,0,0,23486,19867,14653,8626,0,1128,3000,2000,0,1790,1128,0,0
13712,200000,1,1,1,30,2,2,2,2,2,2,2500,2500,2500,2500,2500,2500,0,0,0,0,0,0,1
13713,20000,1,2,2,40,8,7,6,5,4,3,20753,20496,19930,19434,18577,18011,0,0,70,0,0,0,1
13714,80000,2,2,2,32,0,0,2,0,0,0,11572,14038,14207,14643,14856,15160,2670,700,672,600,550,570,1
13715,30000,1,2,2,54,0,0,2,2,2,2,10568,13075,13565,13055,13525,0,3000,1000,0,1000,2000,0,0
13716,200000,2,1,2,35,0,0,0,0,0,0,816,0,0,3240,3240,0,0,0,3240,0,0,0,0
13717,100000,2,2,1,38,1,2,0,0,0,0,66459,43930,25762,27848,66537,57506,0,1700,3000,40000,2500,2560,0
13718,70000,2,3,1,30,2,2,2,2,2,2,56448,57550,58008,58957,60367,61617,2600,2000,2500,2500,2400,2500,1
13719,140000,1,2,1,30,1,0,0,0,0,0,0,0,0,0,0,0,0,0,0,0,0,0,0
13720,30000,2,2,1,27,2,2,2,3,3,4,26648,27536,28203,29048,29903,30431,1600,1400,1600,1600,1600,1000,0
13721,100000,2,2,2,27,0,0,0,0,0,2,96191,96908,97565,98561,103039,95803,3504,3500,3800,7500,0,3600,1
13722,60000,1,2,2,38,0,0,0,0,0,0,42184,42108,41300,40840,40366,39737,2014,1616,1566,1700,1600,1400,0
13723,50000,2,1,2,23,0,0,2,0,0,0,8225,2763,2545,1170,2480,8047,5308,0,1170,2480,8047,4428,0
13724,120000,2,1,1,35,0,0,0,0,0,0,0,0,0,0,0,150,0,0,0,0,150,974,0
13725,50000,1,3,2,23,0,0,0,0,0,0,42821,6609,1600,5087,4270,7881,1008,1600,5087,4270,7881,1000,0
13726,300000,1,2,2,28,0,0,0,0,0,0,293498,299066,295173,286885,287816,294383,13007,11067,10026,10500,11080,10500,0
13727,360000,2,1,1,36,0,0,0,0,0,0,2471,467,10947,9594,0,0,1000,11000,0,0,0,37704,0
13728,40000,2,2,1,36,0,0,0,0,0,0,24230,25840,27556,27447,26254,29645,2000,2500,1500,1500,4000,0,0
13729,190000,2,2,2,40,0,0,0,0,0,0,18255,18779,0,0,0,0,19241,0,0,0,0,0,0
13730,30000,2,1,2,23,0,0,0,0,0,0,14294,15253,2142,29288,26579,25972,1300,2000,28000,800,501,553,0
13731,280000,2,3,2,47,2,2,0,0,2,0,1792,0,2292,1153,607,3076,0,2292,1153,0,3076,4983,1
13732,30000,2,2,2,23,0,0,0,0,0,0,25287,26501,30300,25806,26149,25478,2011,5000,868,1092,3000,1500,0
13733,500000,2,1,1,32,0,0,0,0,0,0,185419,10573,0,282562,288459,293233,10573,0,282562,11000,9572,8928,0
13734,260000,2,1,2,32,0,0,0,0,0,0,1694,5499,1384,2085,5351,3179,5525,1390,2095,5361,15,1894,0
13735,60000,2,2,1,46,0,0,0,0,0,0,20351,21395,22388,22431,22324,22601,2000,2000,1000,1000,2000,0,0
13736,70000,2,3,1,36,0,0,0,2,0,0,28518,29558,32054,31239,31935,32602,1504,3000,0,1200,1200,1300,1
13737,30000,1,2,2,27,2,2,2,2,2,0,25465,29058,28236,29383,24131,26979,4000,0,2000,0,5000,2000,0
13738,300000,1,3,1,37,0,0,0,0,0,0,4926,2847,3351,1961,4409,2503,2855,3357,1965,4419,2509,1139,0
13739,30000,2,2,2,22,2,2,2,2,2,2,26163,26449,27915,27170,29071,29446,1000,2201,0,2500,1001,6,0
13740,40000,1,3,2,43,2,2,7,7,7,7,2400,2400,2400,2400,2400,2400,0,0,0,0,0,0,1
13741,80000,1,1,2,25,0,0,0,0,0,0,65734,58048,53012,53571,56721,57312,3000,3404,2000,4000,3000,5000,0
13742,50000,1,1,2,35,0,0,0,0,0,0,48264,19142,18188,18397,18161,18383,1565,7240,795,1000,673,647,1
13743,90000,2,1,1,38,0,0,0,0,0,0,2346,15271,16360,41936,538,2716,15271,2000,30000,538,2716,652,0
13744,260000,1,1,2,29,2,2,2,2,2,2,2497,2497,2497,2497,2497,2497,0,0,0,0,0,0,1
13745,100000,2,1,1,58,1,2,2,2,2,2,27044,26325,30882,30090,34419,33714,0,5000,0,5000,0,5000,1
13746,280000,1,1,2,34,1,0,0,0,0,0,0,0,0,0,0,0,0,0,0,0,0,0,0
13747,80000,2,2,1,22,0,0,0,0,0,0,17087,15576,16361,0,0,0,1500,1049,0,0,0,0,0
13748,150000,2,2,2,27,0,0,0,0,0,0,143596,147891,147248,139846,142808,150770,6241,5000,4400,4500,9600,0,0
13749,90000,2,2,2,39,0,0,0,0,0,0,2618,8489,371,385,13273,20971,7639,11336,1501,13278,10022,14045,0
13750,130000,2,1,1,33,0,2,0,0,0,0,10653,7439,15206,12446,7047,5472,13,12454,30,21,5488,1725,0
13751,210000,1,2,2,36,0,0,0,0,0,0,5491,8398,14307,17891,8517,23960,8406,14307,6000,0,23960,1000,0
13752,420000,2,1,2,44,0,0,0,0,0,0,559,1560,3360,3343,3091,3578,1001,2400,100,62,1276,1500,0
13753,500000,1,1,2,39,0,0,0,0,0,0,128068,143227,52196,43180,1095,856,20000,12000,0,1095,856,50000,0
13754,180000,1,1,2,30,1,0,0,0,0,0,-203,-698,-193,-688,817,1157,0,1000,0,2000,1000,2000,1
13755,150000,2,2,1,36,0,0,2,0,0,0,141460,145408,142139,137453,139827,136320,8021,5066,6000,5029,5016,5100,0
13756,440000,1,1,2,30,0,0,0,0,0,0,50735,52938,54190,45962,47421,49512,3000,3000,2000,2150,3000,3000,0
13757,50000,1,1,2,27,0,0,0,0,0,0,49114,49907,38376,19595,19851,20256,2005,1323,840,713,727,701,0
13758,140000,1,2,1,29,0,0,0,0,0,0,3300,1300,3074,594,0,0,1300,3668,0,0,0,0,1
13759,150000,1,1,2,29,0,0,0,0,0,0,119613,115349,109765,101179,99940,96190,5900,5019,4588,4500,5000,5000,0
13760,150000,2,2,2,27,2,2,0,0,0,0,573,0,220,693,0,0,0,220,693,0,0,0,0
13761,480000,1,6,2,49,0,0,0,0,0,0,7174,0,0,0,0,0,0,0,0,0,0,0,0
13762,100000,2,1,2,35,0,0,0,0,0,0,99031,90779,84891,76232,77833,74885,3300,4300,3000,2626,2913,2600,0
13763,310000,2,1,2,33,0,0,0,0,0,0,71855,72440,63399,59912,45740,44325,5000,5000,3000,25000,3000,2000,0
13764,280000,2,1,2,27,0,0,0,0,0,0,56144,58180,34855,36000,37684,22478,5000,5000,2000,2000,2000,2000,0
13765,60000,1,2,2,51,0,0,0,0,0,0,10304,11330,12334,13319,14447,15549,1500,1500,1500,1500,1500,1500,1
13766,160000,2,1,2,31,1,0,0,0,0,0,-200,-200,-200,0,10199,0,0,0,200,10199,303,0,0
13767,90000,1,2,1,48,0,0,0,0,0,0,51666,52385,51790,50346,48745,46842,2919,3005,1700,1722,1414,1061,0
13768,50000,2,1,2,28,0,0,0,0,0,0,2926,1252,435,1309,589,1210,1254,435,1309,589,1210,1065,0
13769,200000,2,2,1,26,0,0,0,0,0,0,45487,47247,48160,49361,50564,51572,2800,2000,2000,2000,2000,2000,0
13770,240000,1,2,2,67,0,0,0,0,0,0,508581,471796,468202,442401,419209,425061,17389,80167,15167,16000,13133,196084,0
13771,200000,2,1,1,32,0,0,0,0,0,0,846,810,1198,6081,4203,3044,864,1198,6081,4203,3044,0,0
13772,100000,2,2,2,23,0,0,0,0,0,0,101771,102878,79618,4370,78453,80063,3800,7,971,79681,2861,2698,1
13773,50000,2,1,2,29,2,0,0,0,0,0,45367,46815,10099,8686,8614,6977,2335,1629,500,500,1000,1000,1
13774,240000,2,1,2,30,0,0,0,0,0,0,1749,1087,3503,1003,1003,1003,1099,6430,1003,1003,1003,203,0
13775,300000,2,1,2,25,1,0,0,0,0,0,-4,-231,10610,10520,120,0,227,10841,0,100,0,0,0
13776,350000,2,3,1,43,0,2,0,0,0,0,14103,5397,54554,92400,3520,3330,0,54554,83288,3520,3330,21852,0
13777,50000,2,3,1,26,1,2,0,0,0,0,48421,42779,34992,25916,27207,26192,0,1424,1500,1677,1500,1500,1
13778,50000,2,2,1,36,0,0,0,0,0,0,46801,38296,28923,29254,29313,29661,2839,1438,1159,1035,1196,1007,0
13779,30000,2,2,2,25,2,2,2,2,2,2,24022,25038,25429,25714,26353,26868,1700,1100,1000,1200,1100,1200,1
13780,50000,1,2,1,47,0,0,0,0,0,0,-2640,0,2640,0,1000,4702,2640,2640,1500,1000,4702,36015,0
13781,20000,2,2,1,34,0,0,0,2,3,2,6827,7759,9618,10313,9863,9558,1200,2000,1000,0,0,508,1
13782,270000,2,2,2,30,0,0,0,0,0,0,280435,276971,225836,219426,210514,180129,13600,8000,7000,10000,7000,10000,0
13783,380000,1,1,1,49,2,0,0,0,0,0,380933,380703,356474,308948,547880,309322,14651,12238,13479,13532,12015,11525,1
13784,10000,2,2,2,22,5,4,3,2,2,2,8541,8270,7995,7720,8224,7944,0,0,0,778,0,158,1
13785,80000,2,2,2,29,0,0,0,0,0,0,7880,8316,4761,5964,5697,2590,3034,3002,2093,1023,1000,1000,0
13786,240000,2,2,1,35,2,2,2,2,2,2,32463,33444,33996,34539,35238,35910,1800,1400,1400,1400,1400,0,1
13787,280000,2,1,2,35,0,0,0,0,0,0,211645,213513,106539,106361,108590,110915,6445,5245,3800,3881,4069,4035,0
13788,160000,1,1,2,41,0,0,0,0,2,2,42863,43874,44843,50072,49142,52336,2000,2000,6000,0,4200,2000,0
13789,180000,2,1,2,25,0,0,0,0,0,0,112403,83515,71259,66661,62770,58067,3500,3500,3000,3000,2300,2400,0
13790,50000,2,2,1,35,0,0,0,2,0,0,4555,5764,6974,5315,4645,3955,1290,1500,0,1000,1000,1500,0
13791,50000,1,2,1,37,0,0,0,0,0,0,33105,31113,26669,29876,29257,28071,10005,5000,4800,1002,2000,2000,0
13792,20000,1,2,2,22,1,2,2,2,0,0,14380,13536,15040,14174,14472,14763,0,2040,0,526,532,1585,0
13793,20000,1,2,2,33,0,0,0,0,0,0,18357,18668,19597,19589,19275,0,1471,1400,392,386,0,0,0
13794,140000,1,1,2,27,0,0,0,0,0,0,72274,70098,60180,43920,42670,41584,3231,2290,3499,1800,2000,2000,0
13795,360000,1,2,2,28,0,0,0,0,0,0,0,0,0,0,1090,8788,0,0,0,1090,7910,170027,0
13796,180000,1,2,1,49,0,0,0,0,0,0,26660,660,660,660,36906,1470,660,660,660,36906,1320,0,0
13797,390000,1,1,1,36,0,0,0,0,0,0,3931,3625,1600,3815,8330,4765,3625,1600,3315,11645,4765,2171,1
13798,30000,2,3,1,33,1,2,2,2,0,0,39995,38049,35435,31976,29704,27687,1700,1100,0,1030,1000,3330,0
13799,210000,2,1,1,35,0,0,0,0,0,0,3805,0,0,0,0,0,0,0,0,0,0,0,0
13800,20000,1,2,2,24,0,0,0,2,0,0,6128,7171,9582,9282,9977,10812,1300,2700,0,1000,1000,0,0
13801,450000,1,1,1,43,2,2,0,0,0,0,1000,0,0,0,0,0,0,0,0,0,0,0,0
13802,50000,1,3,1,24,1,0,0,0,0,0,0,0,0,0,0,0,0,0,0,0,0,0,0
13803,50000,1,3,2,46,1,2,0,0,0,0,49220,48161,49310,49725,49910,48694,0,2000,1900,2007,2000,2012,1
13804,20000,1,2,2,39,2,2,2,0,0,0,19518,20202,19082,18890,19287,19751,1299,0,667,692,776,3730,1
13805,200000,2,1,2,39,0,0,0,0,0,0,7475,15540,3889,10496,31948,33016,15617,3927,10549,32108,33181,8910,0
13806,230000,2,1,2,27,0,0,0,0,0,0,70327,66310,54176,42944,40391,35820,2963,1941,1534,1532,1565,1330,0
13807,50000,1,2,1,41,2,0,0,0,0,0,48958,48293,48999,7470,6406,3679,2572,2602,349,706,500,1000,1
13808,50000,2,2,2,26,0,0,2,2,2,2,44883,47349,47475,46730,27204,9662,3189,1500,101,1590,0,194,0
13809,50000,1,1,2,57,0,0,0,0,0,0,51102,50484,49175,21944,20142,18728,2500,2158,927,696,1000,374,0
13810,20000,1,2,2,23,0,0,2,2,0,0,9811,15726,15723,15173,15925,16245,6097,547,0,1000,585,1000,0
13811,40000,1,1,1,47,2,2,2,2,2,2,11084,12605,13102,12595,14386,14005,2000,1000,0,2000,0,2000,0
13812,100000,1,1,2,26,0,0,0,0,0,0,567,390,508,0,4580,2274,390,508,0,4580,2274,0,0
13813,150000,2,2,1,43,0,0,0,0,0,0,158844,149298,157537,162697,113925,116382,10004,10009,8014,5008,5012,5000,0
13814,240000,1,1,1,36,0,0,0,0,2,2,14559,15513,17242,18450,18013,19406,1500,2000,1500,0,1700,700,0
13815,360000,1,2,1,37,0,0,0,0,0,0,-5,3584,2280,2280,0,0,3589,2280,0,0,0,0,0
13816,130000,1,1,2,43,0,0,0,0,0,0,130874,132743,131862,101971,101689,101303,5500,6000,4000,4000,4000,3800,0
13817,50000,2,2,2,23,0,0,2,2,0,0,10587,25768,12218,13656,15918,10771,3500,2500,1980,3500,1000,0,0
13818,160000,1,2,1,60,0,0,0,0,0,0,18056,19385,20093,20643,20920,21336,1626,1334,884,758,763,942,0
13819,340000,2,2,1,32,0,0,0,0,0,0,34228,96716,74983,43557,15559,0,75113,2047,766,77,0,394,0
13820,20000,1,3,2,23,0,0,0,0,0,0,2331,3544,3064,1587,-193,3107,2700,2300,2100,0,5000,0,1
13821,60000,1,3,2,52,0,0,0,0,0,0,22460,23592,24665,26305,23756,25353,1500,1500,2000,1500,2000,2000,0
13822,220000,2,2,1,35,0,0,0,0,0,0,223150,226034,227153,174717,171145,174076,10000,9200,6300,6200,6600,9000,0
13823,280000,2,1,1,32,0,0,0,0,0,0,1280,2816,10802,23323,17041,282,2816,10802,13000,10041,282,7501,1
13824,60000,1,2,1,30,0,0,0,0,0,0,58920,60069,54853,59509,30565,30031,2319,1887,1500,1500,1300,1200,0
13825,230000,1,1,1,42,2,0,0,0,0,0,222059,161817,160270,60604,60986,62195,7300,4160,2308,2300,2223,2304,1
13826,120000,2,3,0,41,0,0,0,0,0,0,3307,0,0,0,1344,881,258,0,0,1344,929,599,0
13827,240000,2,1,2,30,0,0,0,0,0,0,325,18428,32384,22749,7804,290,18428,15000,0,0,300,350,0
13828,420000,2,1,1,29,0,0,0,0,0,0,3020,2916,1985,6850,1822,4249,2916,1985,6860,1822,4249,444,0
13829,230000,2,2,2,31,0,0,0,0,0,0,47906,0,0,1255,80158,81775,0,0,1255,80158,3107,2857,0
13830,30000,2,1,2,26,1,2,0,0,0,0,30739,29586,29412,18587,1558,4681,0,1331,49,5,5363,8,1
13831,210000,2,2,1,30,0,0,0,0,0,0,134664,136326,135173,124843,125294,104545,6006,5005,8500,4392,4000,4000,0
13832,250000,1,1,2,29,0,0,0,0,0,0,51268,52542,53779,54503,55685,57985,2500,2500,2000,2000,3000,4100,0
13833,70000,2,2,1,34,0,0,0,0,0,0,58053,53334,54448,55700,51511,52652,2000,1999,2181,1900,2000,2142,0
13834,20000,2,2,2,43,0,0,0,0,0,0,20212,20749,19930,15961,20107,19275,1415,1400,421,6000,3000,13000,0
13835,130000,1,3,1,44,0,0,0,0,0,0,123770,122189,118909,84865,86846,88069,4600,4871,3500,3500,3500,3100,0
13836,460000,1,1,1,41,0,0,0,0,0,0,321987,318546,316330,325874,325857,327232,12000,12850,16700,11200,12000,11080,0
13837,170000,2,2,2,29,0,0,0,0,0,0,5155,0,0,0,0,0,0,0,0,0,0,0,0
13838,200000,1,2,2,31,0,0,0,0,0,0,7179,7626,3802,1271,1489,1260,7631,3803,1271,1489,1260,1373,0
13839,70000,1,3,1,43,0,0,0,0,0,6,31796,32786,34242,35668,50052,51651,1500,2000,2000,15000,3000,0,1
13840,200000,2,1,1,32,0,2,0,0,0,0,220,110,110,11946,32836,110,0,110,11946,21000,110,0,1
13841,20000,2,2,2,30,1,0,0,0,0,0,0,0,0,0,0,0,0,0,0,0,0,0,1
13842,200000,1,3,2,55,0,0,0,0,0,0,195507,182942,176158,159556,162943,156612,7048,6000,6000,5800,6000,6000,0
13843,250000,1,2,2,45,2,0,0,0,0,0,237510,241605,240337,242803,240521,245310,9076,9007,9031,9000,10011,9008,1
13844,50000,1,2,1,34,0,0,0,0,0,0,37699,35203,15360,15031,12173,11728,2000,2000,1150,2000,1000,1000,0
13845,30000,2,2,2,25,0,0,0,2,2,2,25664,26693,28456,29687,30690,31093,1448,2211,2000,1626,1049,11,0
13846,50000,1,1,1,44,0,0,0,0,0,0,50404,50782,49019,20208,19677,20153,2300,1440,1000,1000,2000,560,0
13847,90000,1,3,1,45,0,0,0,0,0,0,13366,14394,16044,16080,16569,16744,1250,1900,600,747,599,775,0
13848,360000,1,1,2,34,2,2,0,0,0,0,2500,0,0,0,0,0,0,0,0,0,0,0,0
13849,290000,2,2,1,45,2,2,0,0,0,0,95,-6,-6,1217,1055,176,6,0,1223,1276,0,1190,0
13850,170000,1,1,2,24,0,0,0,0,0,2,169883,171851,158426,96704,101555,97884,6808,4625,3510,9100,0,3500,0
13851,290000,2,1,1,52,0,0,0,0,0,0,33765,2682,470,119955,119685,9780,2682,470,119685,0,9780,2412,0
13852,30000,1,3,2,39,1,2,0,0,0,0,27934,27206,28404,24865,24528,25011,0,2000,1100,1100,1042,917,1
13853,250000,2,1,1,25,0,0,0,0,0,0,4769,6720,23393,13214,8162,5138,6720,23393,6000,0,3000,18148,0
13854,210000,1,3,2,32,0,0,0,0,0,0,104558,105661,108462,69037,71416,73425,4268,5000,3000,3500,3500,3000,0
13855,360000,2,1,1,30,1,0,0,0,0,0,0,0,0,0,0,0,0,0,0,0,0,0,1
13856,120000,2,2,1,37,0,0,0,0,0,0,78233,53236,35222,72861,74429,60783,2015,2200,39000,2500,2400,2250,0
13857,170000,1,1,2,28,0,0,0,0,0,0,0,0,0,0,0,0,0,0,0,0,0,0,1
13858,20000,1,3,2,55,0,3,2,0,0,0,3413,3206,2250,1500,750,1650,0,0,0,0,1650,0,0
13859,80000,1,2,1,25,0,0,0,0,0,0,77199,79640,48977,49369,49778,50404,3700,1600,1600,1610,1866,1200,0
13860,200000,2,2,1,43,0,0,0,0,0,0,1875,2239,316,2681,3486,2296,2239,316,2681,3486,2296,3413,0
13861,150000,2,1,2,32,0,0,0,0,2,2,35601,36488,35729,38117,37259,33010,2003,2000,3419,13,2088,9,0
13862,110000,2,3,1,44,0,0,0,0,0,0,13348,70263,67431,64534,65873,66974,67431,2378,2458,2530,2338,1473,1
13863,180000,2,2,2,26,0,0,0,0,0,0,390,390,5248,4167,780,467,390,5248,5,780,467,3513,0
13864,520000,2,3,1,41,0,0,0,0,0,0,7322,2728,385425,387189,395445,402289,2728,415552,14000,14005,14000,15200,0
13865,20000,1,3,1,44,2,2,2,2,0,0,12436,12943,15428,14883,15494,16086,1000,2700,0,850,850,850,1
13866,180000,2,2,2,44,0,0,0,0,0,0,7432,7433,7184,7184,7344,7184,7433,7184,7184,7344,7184,7184,0
13867,30000,1,3,1,36,0,0,0,0,0,0,1493,1555,390,780,390,390,1858,390,780,0,390,0,0
13868,380000,2,1,1,31,0,0,0,0,2,0,225905,225515,227387,197959,194710,199300,11000,9000,15000,0,8000,8000,0
13869,160000,2,1,2,42,0,0,0,0,0,0,4980,0,0,0,0,0,0,0,0,0,0,0,0
13870,220000,1,1,2,32,0,0,0,0,0,0,17715,316,632,632,316,316,316,632,316,0,316,632,0
13871,250000,1,1,2,29,0,0,0,0,0,0,124442,93302,92934,94002,92826,88001,5000,5000,3500,4000,4000,5000,0
13872,330000,1,1,1,53,1,0,0,0,0,0,-317,-2066,-3283,3542,7643,9584,569,817,6976,7645,2188,7,0
13873,50000,1,2,2,26,2,0,0,0,0,0,24724,49102,49885,25773,25544,26264,25000,2010,796,957,1175,0,0
13874,340000,2,1,2,35,0,0,0,0,0,0,484,15904,44852,41971,81011,38472,15904,30000,20000,50000,20000,10000,0
13875,180000,2,2,1,41,0,0,0,0,0,0,99925,102359,96462,96846,95549,94131,5024,4300,3500,4000,4000,3650,0
13876,30000,1,1,2,35,0,0,0,0,0,0,26974,28144,28280,25990,25999,26425,2000,1339,849,1125,1043,0,1
13877,10000,1,3,2,45,1,2,2,2,0,0,9503,7238,9407,8126,8838,9039,0,2310,0,1000,500,335,0
13878,120000,2,2,1,37,0,0,0,0,0,0,396,396,396,2707,3247,396,396,396,2707,3247,396,595,0
13879,250000,2,2,2,38,1,0,0,0,0,0,0,0,0,0,0,0,0,0,0,0,0,0,1
13880,200000,2,1,2,39,0,0,0,0,0,0,2277,16002,13207,8738,6471,2723,16021,1005,185,6482,2731,3974,0
13881,500000,2,1,2,32,0,0,0,0,0,0,298809,304686,307591,312314,318647,325369,12475,12650,11354,11545,12000,11000,1
13882,90000,2,1,2,29,1,2,0,0,0,0,9370,9078,10267,10350,10564,10771,0,1500,550,529,531,550,1
13883,80000,1,3,2,38,0,0,0,0,0,0,7790,9123,10656,11474,13117,15899,1467,2000,1000,2000,3000,0,0
13884,740000,2,2,1,35,2,0,0,0,0,0,960,8154,1477,15713,8988,25449,8229,1487,15754,9012,25596,7003,1
13885,300000,1,1,2,34,1,0,0,0,0,0,0,0,0,0,0,0,0,0,0,0,0,0,1
13886,210000,1,3,1,44,0,0,0,0,0,0,1525,800,850,2340,2380,2694,800,850,2340,2380,2694,1530,0
13887,230000,1,1,1,37,0,0,0,0,0,0,3102,30428,5711,5770,7652,17825,30580,5739,5799,7690,17914,360,0
13888,270000,1,3,2,51,0,0,0,0,0,0,152979,101616,105562,6102,6741,65672,3500,4000,1000,1000,63000,3000,0
13889,270000,2,1,2,32,0,0,0,0,0,0,54914,55423,57875,57456,33334,31723,3000,5000,3300,1337,1500,1000,0
13890,180000,2,1,2,30,0,0,0,0,0,0,0,2647,735,2414,256,3858,2647,735,2414,256,3858,275,0
13891,280000,2,2,2,30,0,0,0,0,0,0,1478,-3,12353,22633,7666,10260,0,12356,11079,1447,10310,290,0
13892,50000,1,2,2,46,0,0,0,0,0,0,29254,26289,21751,20154,16784,17352,1737,1300,668,8000,1000,3100,0
13893,20000,2,2,2,26,2,2,2,0,0,0,19017,20018,19384,19405,19978,19791,1600,0,600,847,670,483,1
13894,170000,2,3,1,54,0,0,0,0,0,0,139211,136982,130585,127013,126635,127093,7020,7005,7000,6000,6000,6000,0
13895,300000,2,2,1,39,0,0,0,0,0,0,145138,148586,151878,123417,104922,107005,5785,6163,4728,3811,3830,3970,0
13896,20000,1,2,1,50,1,2,0,0,2,0,1065,675,1285,1895,1340,950,0,1000,1000,0,0,450,1
13897,110000,2,2,2,31,2,0,0,0,0,2,1472,2785,5496,7496,9298,3340,1500,3000,2000,2000,0,93665,1
13898,80000,1,2,1,54,1,3,2,2,2,0,47339,47270,46037,48457,47722,48678,967,0,3012,0,1569,1396,0
13899,80000,2,1,2,23,0,0,0,0,0,0,69584,66342,60514,48965,29648,28737,2519,1838,1434,1015,1505,663,0
13900,60000,2,2,1,48,0,0,0,0,0,0,58794,59987,33908,19513,17281,16802,7296,1903,19513,759,851,390,0
13901,30000,1,2,2,27,0,0,0,0,0,0,18951,17298,14793,15566,15014,15413,1270,1300,1000,1000,800,1000,0
13902,40000,1,1,2,26,0,0,2,2,2,0,39723,12302,9369,22949,11188,13306,10000,92,15000,0,3000,4000,0
13903,180000,2,3,1,43,1,0,0,0,0,0,0,2602,498,498,1835,11337,2602,498,498,1835,10000,380,1
13904,290000,1,2,1,50,1,0,0,0,0,0,0,0,0,0,0,0,0,0,0,0,0,0,0
13905,50000,2,1,2,26,3,2,2,2,2,0,27056,27031,28317,28568,27302,28171,700,2062,969,700,1500,1500,1
13906,150000,2,1,2,32,0,0,0,0,0,0,1663,14045,13155,15183,11498,2392,14045,1030,5183,0,2392,7007,0
13907,50000,1,2,1,41,0,0,0,0,0,0,50220,50756,49966,523,18450,18478,2055,1000,523,18868,806,968,0
13908,20000,1,2,1,36,0,0,0,0,0,0,20710,21790,21017,19772,15628,12501,1739,1453,691,512,1430,0,0
13909,180000,2,1,2,28,2,2,2,2,2,2,158245,161695,163620,165604,169075,172401,7400,6000,6100,6200,6200,6300,0
13910,360000,1,1,2,30,0,0,0,0,0,0,30627,4297,2720,2040,2722,5057,4318,2740,2050,2736,5273,5105,0
13911,90000,2,3,1,33,0,0,0,0,0,0,86960,85585,87235,84511,84488,86184,3200,3114,3000,3100,3100,3500,1
13912,450000,1,1,1,48,0,0,0,0,0,0,20938,80176,37417,22048,20926,13187,80191,37417,22080,20926,13337,88744,0
13913,140000,1,1,2,29,1,0,0,0,0,0,0,0,0,0,0,0,0,0,0,0,0,0,0
13914,400000,2,1,2,27,0,0,0,0,0,0,2691,426,426,27926,0,430,426,426,27926,27500,430,3504,0
13915,50000,2,2,1,30,0,2,0,0,0,0,4959,423,3139,2464,6170,0,0,6024,5428,6170,0,0,0
13916,420000,2,2,1,50,0,0,0,0,0,0,405779,412684,411394,277995,249697,258353,16000,15000,182781,99000,13000,35000,0
13917,390000,2,1,2,35,0,0,0,0,0,0,245997,243904,244361,243287,247613,246330,10800,9110,10000,9200,9000,15000,1
13918,200000,2,2,1,40,0,0,0,0,0,0,39929,32910,17965,9846,13621,10466,33000,18000,9900,13650,10500,9900,0
13919,130000,1,1,2,29,0,0,0,0,0,0,110524,108204,99784,71451,67024,62655,10000,5000,4000,4000,7500,8200,0
13920,360000,2,1,2,36,0,0,0,0,0,0,1365,2703,863,390,390,3540,3000,1000,1000,390,3540,390,0
13921,290000,1,2,1,46,0,0,0,0,0,0,196566,168372,171699,133147,135147,127087,7800,7839,4706,5400,4604,4900,0
13922,120000,2,2,2,24,0,0,0,0,0,2,112336,113351,115515,113948,122127,121962,4200,4100,4100,10000,4560,0,0
13923,40000,2,1,2,24,0,0,0,0,2,0,35225,35939,36606,38687,37296,38181,1933,1600,3000,0,1500,1500,1
13924,500000,1,1,1,42,0,0,0,0,0,0,5121,29478,43892,6420,49240,6772,31305,43864,6453,49470,3723,103686,0
13925,150000,2,1,1,36,0,0,0,0,0,0,16228,29414,4975,3960,2914,1068,30745,4975,5017,2914,1250,4734,0
13926,240000,2,1,2,26,0,2,0,0,0,0,1611,1435,2236,3166,1925,3326,14,2236,3166,0,3326,490,1
13927,80000,1,3,2,44,0,0,0,0,0,0,10350,10993,11865,11549,11549,11231,1199,1461,535,700,500,0,0
13928,220000,2,1,1,48,0,0,0,0,0,0,3467,3327,839,-3,1856,1528,3340,840,3,1859,2134,1648,0
13929,110000,2,1,1,31,0,0,0,0,0,0,0,0,0,0,163,63755,0,0,0,163,63755,2000,0
13930,220000,2,2,1,52,0,0,0,0,0,0,52536,53624,43462,36222,19055,3098,4151,16992,5225,2000,1000,83020,0
13931,100000,2,2,2,34,1,0,0,0,0,0,0,0,1531,0,1799,0,0,1531,4886,1799,0,0,0
13932,70000,2,3,1,42,0,0,0,0,0,0,6489,9372,11179,8688,8295,10147,3000,2000,295,1000,2000,1000,0
13933,50000,2,2,1,27,1,2,2,2,2,2,15345,14812,16696,16134,17380,16958,0,2137,0,1503,0,800,0
13934,200000,2,1,2,32,0,0,0,0,0,0,34500,10706,3835,12559,6764,7700,36659,3835,12559,6764,7700,4,0
13935,220000,1,3,1,42,0,0,0,0,0,0,285,825,0,1230,3227,3820,825,0,1230,3227,3820,3650,0
13936,200000,2,3,1,42,2,0,0,0,0,0,203340,205172,198577,141141,144216,144027,8064,9474,4944,5240,5214,10314,0
13937,350000,2,1,1,43,0,0,0,0,0,0,6337,4300,16229,56929,7082,4640,4300,16229,45000,108501,4640,638,0
13938,80000,2,3,2,24,2,0,0,0,0,0,58850,59867,47925,23642,21707,20544,2700,4500,1000,933,5000,500,0
13939,50000,2,2,2,56,0,0,0,0,0,0,48316,34161,33751,22467,19927,20352,1700,1760,898,864,900,998,0
13940,200000,1,1,2,32,0,0,0,0,0,0,396,396,396,396,396,396,396,396,396,396,396,396,0
13941,60000,2,3,1,31,0,0,0,0,0,0,27347,22915,22243,20938,22486,21394,5000,7243,5000,5000,5394,16000,0
13942,50000,1,3,1,49,0,0,0,0,0,0,50180,51400,0,0,0,0,2400,0,0,0,0,0,1
13943,360000,2,1,2,33,0,0,0,0,0,0,7831,0,0,764,0,2844,0,0,764,0,2844,2219,0
13944,30000,2,3,2,50,0,0,2,0,0,0,178,1860,940,1110,0,0,1860,0,1110,0,0,0,1
13945,90000,2,2,2,32,2,3,2,3,2,2,76442,76633,78174,78800,77417,82369,2000,3400,2500,0,6250,3100,0
13946,200000,2,1,1,32,1,0,0,0,0,0,0,0,0,0,0,0,0,0,0,0,0,0,0
13947,100000,1,6,2,51,2,0,0,0,0,0,101658,97937,98893,101044,96045,97227,4134,3952,3611,3298,3401,3415,0
13948,200000,2,3,2,49,0,0,2,0,0,0,196272,209034,203592,194238,192451,196355,17500,0,7000,7350,7300,11500,0
13949,300000,2,1,1,26,0,0,0,0,0,0,1946,2612,3408,1908,1108,530,2612,1914,0,1108,530,100,1
13950,10000,1,3,1,30,0,0,3,2,0,0,8315,11267,10626,10160,10052,9635,3258,0,0,357,400,300,0
13951,400000,1,2,2,44,0,0,0,0,0,0,6902,7904,7566,7716,7722,7890,1216,1213,363,219,234,159,0
13952,130000,2,3,1,34,1,2,2,2,2,0,126701,129388,130768,131858,125874,127988,6200,5000,4732,0,5000,5000,1
13953,180000,1,2,2,50,0,0,0,0,0,0,1156,396,776,776,1552,776,396,776,776,1552,0,776,0
13954,370000,2,3,2,27,0,0,0,0,0,0,63412,159542,160885,162368,165591,121614,100000,6000,6000,8000,4500,3000,0
13955,60000,2,1,2,46,0,0,0,0,0,2,30073,18385,20732,21196,23175,22724,3000,3000,1000,3000,0,3500,0
13956,210000,2,1,2,29,0,0,0,0,0,0,205131,197019,196021,103522,145487,141876,10000,4720,50075,110000,10000,10000,0
13957,70000,2,3,1,46,0,0,0,2,2,2,11332,12093,13891,13371,14654,14271,1250,2000,0,1500,0,600,1
13958,20000,2,1,2,33,1,3,3,2,2,2,16180,16635,16082,15529,16525,16110,1000,0,0,1400,0,1504,0
13959,200000,2,1,2,35,0,0,0,0,0,0,99291,87757,82417,83877,82814,35484,2742,3000,2018,2743,1578,9013,0
13960,130000,2,2,1,30,0,0,0,0,0,0,21996,19730,20456,20783,-290,-680,3000,3000,2000,0,0,1000,0
13961,120000,1,2,1,38,1,2,2,2,2,2,116344,111960,115804,92542,83581,61650,0,6781,0,5550,0,0,0
13962,330000,2,1,1,34,0,0,0,0,0,0,21576,24226,15577,89851,86005,121319,5002,15579,89851,5000,50000,100000,0
13963,30000,2,3,1,54,2,2,2,0,0,2,23498,26400,25682,26155,27972,27374,3600,0,1200,2400,0,2300,1
13964,480000,2,2,2,39,0,0,0,0,0,0,502904,481990,476680,402695,362128,347271,180000,17000,12638,12058,11101,9567,0
13965,100000,1,1,2,39,0,0,0,0,0,0,1442,1261,1411,1411,1075,1139,1261,1411,1411,1075,1500,0,0
13966,270000,2,1,1,43,0,0,0,0,0,0,1626,1443,1443,1443,9629,1773,1443,1443,1443,9629,1773,14524,0
13967,40000,2,3,1,55,2,2,7,7,7,7,2400,2400,2400,2400,2400,2400,0,0,0,0,0,0,1
13968,180000,2,2,2,34,1,2,0,0,0,0,180373,176063,175324,177197,181041,180044,0,7632,6083,6671,7515,6413,0
13969,240000,1,2,2,25,2,0,0,0,0,0,178878,181717,165662,144277,112210,116047,6095,4729,5682,5500,5000,16290,1
13970,210000,2,1,1,38,0,0,0,0,0,0,4868,13118,16114,3353,10775,2938,13174,16114,3353,10775,3000,16520,0
13971,50000,2,2,2,23,1,0,0,2,2,0,3,34361,44804,44800,43576,44315,34361,10443,2001,1,2001,2001,0
13972,230000,2,3,1,44,0,0,0,0,0,0,1424,6534,3733,1443,1443,1435,6553,3756,1443,1443,1435,2965,0
13973,50000,2,2,2,24,0,0,0,0,0,0,2675,0,0,0,0,0,0,0,0,0,0,0,1
13974,250000,2,1,2,41,1,3,2,0,0,0,4649,3964,3281,934,467,12871,0,10,0,0,12871,0,0
13975,120000,2,3,1,45,0,0,0,0,0,0,0,0,0,0,0,0,0,0,0,0,0,0,0
13976,160000,1,2,1,35,0,0,0,0,0,0,1822,2229,7110,1539,-1,1238,2229,7116,1539,0,1240,598,0
13977,210000,1,2,1,29,0,0,0,0,0,0,1685,6644,3584,1756,732,730,6715,5800,6256,732,730,3050,0
13978,260000,2,1,2,29,0,0,0,0,0,0,203896,196219,188608,172722,159826,146891,7282,6486,5712,5647,5386,5000,0
13979,310000,2,2,1,32,0,0,0,0,0,0,73491,76452,78736,80590,82453,84252,4000,4000,3000,3000,3000,5000,0
13980,50000,2,3,1,42,0,0,0,0,0,0,50427,48115,46991,47276,47870,47865,6506,2607,3312,13107,2648,0,1
13981,360000,2,1,2,30,0,0,0,0,0,0,750,1166,398,0,418,1840,1166,398,0,418,1840,0,0
13982,50000,2,1,2,24,0,0,0,0,0,0,49144,48202,43656,29466,29936,30350,1837,1462,1038,1086,1069,1034,0
13983,240000,1,2,1,44,0,0,0,0,0,0,199446,200899,205084,194800,183962,188496,7500,10006,7000,7000,8000,7000,0
13984,500000,1,3,1,49,0,0,0,0,0,0,74919,70287,10546,-4729,-10505,-14433,1862,1074,4753,5475,3751,28598,0
13985,150000,2,1,1,40,0,0,0,0,0,0,152880,151333,151264,146328,148012,151014,6000,10031,4630,4918,9000,5104,0
13986,160000,2,2,1,38,0,0,0,0,0,0,316,316,316,316,316,316,316,316,316,316,316,316,0
13987,410000,2,2,2,42,0,0,0,0,0,0,37492,33535,7267,14190,132106,289397,1625,1031,14224,132116,163020,10014,0
13988,50000,2,3,2,63,2,2,2,2,0,0,51432,50316,50866,48194,47233,50224,0,3600,0,3000,5001,2000,0
13989,50000,1,3,2,38,0,0,0,0,0,0,47350,44948,40326,19576,19565,19531,1772,1301,835,856,854,672,0
13990,170000,2,1,2,29,0,0,0,0,0,0,115194,111991,22499,25015,34343,53403,10000,10000,25015,10000,20000,20000,0
13991,100000,2,1,2,47,0,0,0,0,0,0,22970,0,0,0,0,0,0,0,0,0,0,0,0
13992,230000,1,1,1,46,2,2,2,2,2,0,193112,197039,200300,203018,199689,202833,8500,8000,7500,0,6622,20200,1
13993,20000,1,2,2,30,1,2,0,0,2,0,17819,17244,18938,19836,19390,19664,0,2000,1500,0,1000,1500,1
13994,170000,2,1,1,50,0,0,0,0,0,0,3955,5269,1986,1611,316,1608,5269,1986,1611,316,1608,2957,0
13995,160000,2,1,2,36,0,3,2,0,2,0,598,598,168,1449,916,2133,0,0,1449,0,2133,0,1
13996,400000,1,3,2,35,0,0,0,0,0,0,92,101,-42,-42,-42,1058,101,0,0,0,1100,1100,0
13997,340000,2,1,2,29,0,0,0,0,0,0,82922,81084,74530,66897,64699,35540,3600,2962,2500,1800,1000,1000,0
13998,90000,1,3,1,31,1,2,2,3,5,5,63276,61693,75670,83772,83401,81487,0,15000,10000,1500,0,1500,1
13999,140000,2,1,2,32,0,0,0,0,0,0,0,10626,11579,10165,13067,92743,10626,1154,1000,3067,80000,3015,0
14000,280000,2,2,1,27,0,0,0,0,0,0,747,0,5737,922,107,980,0,5737,922,107,980,648,0
14001,180000,2,2,1,40,0,0,0,0,0,2,632,316,166,6988,6822,466,316,166,6822,466,0,632,0
14002,500000,1,1,1,53,1,1,0,0,0,0,7196,-1189,4639,2800,854,10854,0,7439,0,854,10000,13313,0
14003,360000,2,1,1,34,0,0,0,0,0,0,9100,15658,1874,6330,-200,-200,15658,1874,6330,0,0,0,0
14004,50000,1,1,2,23,0,0,0,0,0,0,8003,9025,9868,9406,9605,9805,1310,1153,400,350,360,350,0
14005,220000,1,1,1,55,0,0,0,0,0,0,1782,0,0,80737,5381,2232,0,0,80737,5381,2232,121953,0
14006,500000,1,1,1,35,0,0,0,0,2,0,143839,117883,100809,104716,101568,92150,4844,5095,7229,0,2843,1200,0
14007,100000,1,2,2,41,0,0,0,0,0,0,780,0,0,0,0,0,0,0,0,0,0,0,0
14008,20000,2,1,2,29,0,0,0,0,0,0,3417,-802,-1282,1718,1238,1831,4,0,3000,0,1831,1500,1
14009,80000,2,3,1,26,0,0,0,0,0,0,76118,78451,55339,25374,20054,20249,4196,3569,26022,504,1000,133,0
14010,160000,2,1,1,38,0,0,0,0,0,0,827,827,827,827,827,827,827,827,827,827,827,827,0
14011,240000,1,2,1,39,1,0,0,0,0,0,0,1263,-13,1667,-300,-300,1263,0,1680,0,0,1442,0
14012,450000,1,3,1,36,0,0,0,0,0,0,550,0,0,0,0,0,0,0,0,0,0,0,0
14013,50000,1,3,2,39,0,0,0,2,0,0,34390,810,19009,18035,18364,18670,810,51000,0,1000,1000,1000,0
14014,150000,1,2,1,37,0,0,0,0,0,0,27707,28434,29356,30777,32193,32589,1477,1489,2000,2000,1169,1194,1
14015,290000,2,2,1,36,0,0,0,0,0,0,154336,125684,111298,82204,82792,83832,3600,3010,3000,2500,3000,2500,0
14016,50000,2,2,2,22,0,0,0,0,0,0,29632,9856,9541,5411,4782,3192,6016,9021,6000,4000,2500,5000,0
14017,80000,1,3,1,38,0,0,2,2,0,0,197,2348,1260,0,0,16640,4568,352,0,0,16640,0,0
14018,50000,1,2,2,45,3,2,3,2,4,3,25867,29133,28371,31208,30149,29375,4000,0,3600,0,0,0,1
14019,50000,1,2,1,30,0,0,0,0,0,0,14040,14903,7288,6662,4920,6060,1152,1032,166,149,2000,68,0
14020,500000,1,2,1,42,0,0,0,0,0,0,114374,130999,153648,172515,178758,192589,50012,51343,70000,70000,80000,50000,0
14021,500000,2,1,1,39,0,0,0,0,0,0,3220,0,15040,35498,19508,21199,0,15040,35498,19508,21199,10894,1
14022,200000,2,3,1,40,0,0,0,2,0,0,44600,42954,44318,32010,33271,34297,3000,6032,0,3000,3000,3000,0
14023,30000,2,3,1,22,2,2,0,0,0,0,30678,29893,29086,25352,25096,24920,1,1957,678,684,776,235,0
14024,80000,2,3,1,51,0,0,0,0,0,0,387,2120,15094,4140,747,1053,2126,15094,4173,747,1053,0,0
14025,50000,2,1,1,50,1,2,0,0,0,0,50175,48275,49646,44051,45912,45383,0,7775,3000,3000,5000,3000,0
14026,50000,1,2,1,31,0,0,0,2,2,2,42159,43172,46450,45402,48677,47740,2000,4000,0,4000,0,2300,1
14027,280000,2,2,2,38,0,0,0,0,0,0,94451,96041,98301,74624,75173,77419,4000,4033,3000,3300,3500,6259,0
14028,260000,2,2,1,48,1,0,0,0,0,0,0,0,0,0,0,0,0,0,0,0,0,0,0
14029,30000,2,2,2,22,1,0,0,0,0,0,-802,19786,20517,13167,10686,10074,21286,1154,413,372,500,1225,0
14030,210000,2,1,1,28,1,0,0,0,0,0,0,0,0,0,0,0,0,0,0,0,0,0,0
14031,50000,2,2,1,31,0,0,0,2,0,0,45074,46546,48945,47994,48704,41189,2201,3600,0,1500,1500,1531,1
14032,20000,2,2,1,29,0,0,0,0,0,0,10747,11558,9961,10310,10372,9838,1317,1150,499,361,573,193,0
14033,310000,2,1,1,47,0,0,2,0,0,0,131559,135970,121016,111214,101957,92805,17839,0,5000,4000,4000,3000,0
14034,100000,2,2,1,42,1,0,0,0,0,0,0,0,0,1054,1230,1054,0,0,1054,1230,1054,1054,0
14035,180000,2,2,2,36,0,0,0,0,0,2,161159,151558,154648,156584,166960,164012,7000,7100,6000,13100,0,6000,1
14036,100000,1,1,2,26,0,0,0,0,0,0,18999,23699,9390,5781,8065,17277,5129,1227,1000,5914,10000,0,0
14037,20000,1,2,2,25,0,3,2,2,0,0,11657,11045,2160,0,0,0,0,21,10800,0,0,0,1
14038,240000,2,2,2,46,0,0,0,0,0,0,128272,131718,135075,134705,143883,145643,5500,6004,3000,10500,4000,2000,0
14039,200000,1,2,2,45,0,0,0,0,0,0,200996,194699,183344,153880,155359,158776,9200,9000,8000,6000,6000,6000,0
14040,30000,2,2,2,24,0,0,2,0,0,0,1104,1162,774,386,-4,16305,1164,2,2,0,16309,0,0
14041,500000,2,2,2,38,0,0,0,0,0,0,18410,-10,1429,-601,120195,976,0,1439,0,120796,981,4829,0
14042,230000,2,3,1,43,0,0,0,0,0,0,1099,2508,976,416,416,416,2508,976,416,416,416,416,0
14043,110000,2,3,2,27,0,0,0,2,0,0,28686,32765,27864,25691,28257,24161,5000,7000,0,10000,4161,5000,1
14044,230000,2,1,2,34,1,0,0,0,0,0,1103,16234,68813,4427,13882,41463,16286,65280,4446,13949,41660,9005,0
14045,80000,2,1,1,45,1,2,0,0,2,0,74081,72329,74409,78180,76831,79570,0,3300,5600,0,4000,4000,1
14046,200000,2,1,1,33,1,0,0,0,0,0,0,0,0,0,0,0,0,0,0,0,0,0,0
14047,80000,2,3,2,51,0,0,0,0,0,0,77499,77838,77790,80528,23567,25171,3000,3013,4000,2000,2000,2000,0
14048,170000,1,2,1,30,0,0,0,0,0,0,150693,154424,148564,105858,105075,107358,7000,7000,4000,4000,4000,4000,0
14049,120000,2,1,1,31,0,0,2,0,0,0,413,4480,2080,2280,0,0,4269,0,200,0,0,0,0
14050,100000,2,1,1,45,1,0,0,0,0,0,0,5220,0,0,0,0,5220,0,0,0,0,0,1
14051,210000,2,1,2,34,0,0,0,0,0,0,300878,2250,0,0,692,1560,2250,0,0,692,1560,1838,0
14052,300000,2,1,2,26,0,0,0,0,0,0,3853,1946,790,3569,657,0,1946,790,3569,657,0,3412,0
14053,70000,2,2,2,49,0,0,0,0,0,0,390,390,772,390,780,390,390,772,8,780,0,989,0
14054,30000,2,2,2,40,0,0,0,0,0,0,944,-764,-1202,-2230,6770,9579,0,0,0,9000,4653,0,0
14055,30000,2,2,1,51,0,0,0,0,0,0,10874,11896,12906,13162,13438,13705,1205,1215,471,488,491,508,0
14056,80000,2,2,1,30,0,0,0,0,0,0,83093,78682,77416,53338,53749,51026,3204,3060,3000,2000,2000,8500,0
14057,180000,2,1,1,37,0,0,0,0,0,0,29206,16231,8392,25062,13088,23174,16231,8405,25062,13088,23174,8556,0
14058,360000,2,1,1,28,0,0,0,0,0,0,164857,192513,178030,117997,0,0,30650,9300,6000,0,0,0,0
14059,50000,1,2,1,46,0,0,0,0,0,0,48885,48793,34440,30889,30182,29912,2000,2500,2000,1500,5000,1500,0
14060,170000,1,5,1,35,0,0,0,0,0,0,91109,88263,89620,90797,47200,47707,6006,4400,3827,2200,2500,2331,0
14061,230000,2,2,1,40,0,0,0,0,0,0,0,0,0,144,225,0,0,0,144,225,0,0,0
14062,500000,1,1,1,44,0,0,0,0,0,0,6723,17385,32046,32530,18896,17049,17410,32077,32579,18914,17069,16738,0
14063,30000,1,2,2,26,3,3,2,2,2,2,12894,12404,12408,11912,13707,14328,0,500,0,2000,1000,1000,1
14064,120000,1,1,2,31,0,0,0,0,0,0,1316,1316,1316,533,4116,9834,1316,1316,533,4116,9834,7100,1
14065,200000,1,1,2,38,0,0,0,0,0,0,3388,-12,1081,1884,2089,7097,0,1093,1893,2097,7132,488,1
14066,60000,2,3,1,38,0,0,0,0,0,0,26583,24825,23027,12947,390,700,1864,1206,259,390,700,13628,0
14067,140000,1,2,2,39,1,2,2,0,0,0,143673,146921,143084,142011,136431,128118,7000,0,6000,5200,5000,5000,0
14068,50000,1,3,2,44,0,0,0,0,0,0,40151,38951,28984,29422,0,0,2000,2000,2000,0,0,0,0
14069,90000,2,2,1,35,0,0,0,0,0,0,6574,3997,5740,27384,3665,26721,4192,5743,27391,3667,26724,1799,0
14070,150000,2,1,2,28,0,0,0,0,0,0,893,2300,0,0,2222,0,2300,0,0,2222,0,0,0
14071,250000,2,3,2,29,0,0,0,0,0,0,686,0,947,7385,3806,22319,0,947,7385,5301,46660,2964,0
14072,100000,2,2,2,24,2,0,0,2,2,0,17938,20486,21644,9209,6495,78080,2842,3000,0,6000,80900,0,1
14073,320000,1,1,1,43,0,0,0,0,0,0,18625,28143,32159,31851,3105,-45,10000,5000,0,0,0,0,1
14074,50000,1,3,2,31,0,0,0,0,0,0,49415,49547,15464,15701,12192,12515,1278,1195,432,443,526,291,0
14075,90000,2,1,2,28,1,2,2,2,2,0,56889,55407,64428,64767,65579,67328,0,10000,2000,2000,3000,3000,1
14076,250000,1,2,2,42,0,0,0,0,0,0,212787,218035,223068,228051,233072,237879,9000,9000,9000,9000,9000,9000,0
14077,120000,2,2,2,27,0,0,0,0,0,0,110686,103869,90809,67313,16040,116654,7000,5000,5000,4000,110000,4593,0
14078,140000,2,3,2,24,0,0,0,0,0,0,126546,124926,111220,75706,69278,58589,4922,3910,4604,4000,3000,4000,0
14079,330000,2,1,2,34,0,0,0,0,0,0,203,1558,39927,53430,44798,40341,1503,40003,15000,0,0,25017,0
14080,500000,1,1,1,33,0,0,0,0,0,0,1901,3800,5239,5239,1559,2680,3800,5239,0,0,2680,299,0
14081,30000,1,2,2,24,1,2,0,0,0,0,2706,1261,390,390,390,390,0,390,390,390,390,780,0
14082,80000,1,1,1,41,2,2,2,2,2,2,79950,82956,83656,84457,83897,80159,4900,3000,3000,3100,0,11000,1
14083,320000,1,1,1,40,1,0,0,0,0,0,14,1200,2987,-13,2670,-4,1205,3002,0,2683,0,0,0
14084,600000,1,2,1,50,0,0,0,0,0,0,225274,230414,237135,241033,246081,250971,8773,10561,8629,8934,8984,9306,1
14085,200000,2,2,2,36,2,2,2,2,2,2,76308,78669,75995,79781,81533,80243,4000,0,5500,3000,0,6100,1
14086,240000,2,2,2,39,1,2,0,0,0,0,228610,182982,150022,151787,154922,159113,0,7000,5000,5000,6000,6000,0
14087,30000,1,2,1,54,0,0,0,0,3,2,6551,8482,10184,12408,11922,12167,2049,1851,2400,0,587,0,0
14088,20000,1,2,2,33,0,0,0,0,0,0,14765,6371,4150,988,390,1935,1000,4150,988,390,1935,1316,0
14089,130000,2,1,2,32,0,0,0,0,0,2,132105,130973,97006,60608,62065,60842,8000,4559,5000,5000,0,6000,0
14090,190000,1,3,1,38,0,0,0,0,0,0,94921,97397,99789,102131,104491,106755,4000,4000,4000,4000,4000,4000,0
14091,470000,2,1,1,46,0,0,0,2,0,0,42974,45277,54321,52932,46712,45537,3000,10000,0,6000,5000,10000,0
14092,50000,2,1,2,29,0,0,2,2,0,0,15416,17392,18446,17852,18236,20524,2233,1639,0,672,2602,2000,0
14093,250000,2,2,1,33,0,0,0,0,0,0,3694,4716,6126,7514,8883,12860,1090,1500,1500,1500,4200,1500,0
14094,500000,2,1,1,45,0,0,0,0,0,0,193083,210013,218508,230776,245546,255905,21507,15020,20007,20007,15912,26402,0
14095,500000,1,1,2,28,2,0,0,0,0,0,216657,174694,165203,136067,16120,93532,8508,4699,623,1590,93469,2554,0
14096,60000,2,1,2,25,0,0,0,0,0,0,16006,16840,18001,18048,12583,12754,1400,1500,500,700,500,1000,0
14097,20000,1,2,1,61,1,2,2,2,3,2,12961,13668,13145,15023,14510,13854,1209,0,2087,0,550,0,1
14098,50000,1,2,1,50,1,1,0,0,0,0,36750,0,0,0,0,0,5000,0,0,0,0,0,0
14099,20000,1,2,1,45,2,2,0,0,0,0,21136,20043,20192,19459,36290,19774,11,2505,2000,3000,1203,500,1
14100,140000,1,1,2,27,0,0,0,0,0,0,7845,12338,13919,14019,4347,4729,5000,3000,300,500,4000,6000,0
14101,80000,2,2,1,53,0,0,0,0,0,0,31333,32365,33380,34043,34756,35448,1541,1556,1219,1262,1270,1314,0
14102,110000,2,2,1,29,0,0,0,0,2,0,106302,108590,107414,108887,107145,102075,5500,5224,7641,0,3785,3668,0
14103,360000,2,1,2,39,0,0,0,0,0,0,3377,37305,5721,11379,7939,7081,37500,5749,11436,7978,3566,6109,0
14104,50000,2,5,2,21,0,0,0,0,0,0,1211,3173,7076,7729,9442,9887,2000,4000,2000,2000,1000,2000,0
14105,380000,1,1,1,52,1,0,0,0,0,0,0,2879,1395,3261,0,0,742,1395,3261,0,0,0,0
14106,50000,2,2,1,38,0,0,0,0,0,2,18750,0,31288,27335,30626,29921,0,95000,1000,3700,16,518,0
14107,300000,2,2,1,49,0,0,0,0,0,0,300,97,6497,5897,6005,0,97,6500,0,408,0,30000,0
14108,360000,1,1,1,29,0,0,0,0,0,0,55104,52585,45914,8835,3421,2391,2094,1760,204,17,2403,0,0
14109,60000,2,2,2,23,0,0,0,2,2,0,27104,28179,30586,30885,30268,30103,1500,2867,1080,0,1319,2200,0
14110,30000,1,2,2,29,0,0,0,0,0,0,7965,3101,3126,7365,3245,828,1000,3126,7365,0,828,8511,0
14111,120000,1,1,2,28,0,0,2,2,0,0,9383,16571,16607,16043,16379,16706,7703,600,0,595,599,619,0
14112,50000,2,1,2,26,0,0,0,0,0,0,1389,722,179,10100,13285,5489,722,179,10100,13285,5489,0,0
14113,150000,2,2,1,40,0,0,0,0,0,0,4083,10193,12620,13027,17760,83146,6248,4620,3027,7050,75415,6056,0
14114,50000,2,2,2,23,2,2,0,0,0,0,4338,0,0,0,0,74,0,0,0,0,74,390,1
14115,50000,2,2,2,23,0,0,0,0,0,0,50105,51099,50269,28553,30196,30208,2205,2204,1000,2013,5004,2009,0
14116,50000,2,2,1,39,0,0,0,0,0,0,390,390,390,390,390,390,390,390,390,390,390,390,1
14117,550000,2,1,2,28,0,0,0,0,0,0,257553,251236,246572,240595,237968,220199,12036,9071,8022,6797,7095,6469,0
14118,190000,1,2,1,37,1,2,0,0,0,0,49541,48458,46423,38493,0,0,0,1400,770,0,0,0,0
14119,310000,2,2,1,37,0,0,0,0,0,0,44981,42940,43449,44925,42725,34303,1942,1460,1936,1742,1303,1249,0
14120,110000,1,3,2,49,0,0,0,0,0,0,113928,112775,110399,48532,44703,47869,4915,4379,12466,5000,5307,5000,0
14121,160000,2,2,1,27,0,0,0,0,0,0,86772,71275,54769,39137,26971,3426,2805,1487,958,539,1000,390,0
14122,200000,2,1,2,32,0,0,0,0,2,0,219146,212111,206307,204787,195475,191626,7950,7700,11800,4000,10000,10000,0
14123,300000,1,1,2,29,0,0,0,0,0,0,696,696,696,696,696,696,696,696,696,696,696,696,0
14124,150000,2,2,2,28,0,0,0,0,0,0,86787,89610,86738,75859,74108,75898,5120,4021,2500,3000,2800,1700,0
14125,90000,1,6,1,57,0,0,0,0,0,0,0,0,0,0,0,585,0,0,0,0,585,0,0
14126,210000,2,1,2,26,0,0,0,0,0,0,6608,3582,63527,32088,16731,62561,3582,63000,20000,5000,52343,15000,0
14127,360000,2,1,1,33,0,0,0,0,0,0,10571,11174,10000,10000,18335,18889,11174,10000,10000,18335,18889,19775,0
14128,150000,1,1,2,28,0,0,0,0,0,0,6065,9606,3425,3425,0,0,5000,1000,0,0,0,53082,1
14129,100000,2,2,1,34,0,2,0,0,0,0,296,148,620,296,148,0,0,620,296,0,0,563,0
14130,180000,2,1,2,26,0,0,0,0,0,0,4312,2117,5944,2102,10214,0,2117,5944,2102,10214,0,0,0
14131,270000,1,2,1,39,0,0,0,0,0,0,110917,114809,113771,103023,108340,96962,7005,6039,3367,20033,3486,3566,0
14132,60000,1,2,2,53,0,0,0,0,0,0,56765,57849,57432,27126,27579,29085,3000,4000,2000,2000,2000,2000,0
14133,220000,2,2,1,33,2,2,0,0,0,0,223904,211137,197721,181231,182649,182644,0,8240,6549,6605,6490,6319,1
14134,200000,1,1,2,60,0,0,0,0,0,0,12716,12453,21910,12474,17785,12500,12453,21957,12474,17811,12500,0,0
14135,120000,2,2,2,54,0,0,0,0,0,0,20157,19295,13531,10129,11581,12782,2000,1500,1500,2000,1782,2000,0
14136,500000,1,1,2,43,0,0,0,0,0,0,37575,105652,51072,77094,77669,42059,107243,52090,78372,78949,42985,62793,0
14137,50000,1,5,2,26,1,0,0,0,0,0,0,0,0,0,0,0,0,0,0,0,0,0,0
14138,30000,1,5,2,38,0,0,0,0,0,0,30000,-720,-720,-1500,0,0,0,0,0,1500,0,0,0
14139,50000,1,2,1,35,0,0,0,0,0,0,49008,49198,34239,14448,28799,29199,2171,2021,930,31074,1503,1030,0
14140,20000,2,2,1,50,2,0,2,0,0,2,390,780,390,549,1320,780,780,0,549,1320,0,0,1
14141,240000,2,1,2,27,1,2,0,0,0,0,21260,20643,38552,18580,12773,5423,0,19000,437,1000,1000,5503,0
14142,30000,1,1,2,28,0,0,0,0,2,0,10480,11503,12513,13804,13442,14066,1199,1209,1500,0,1000,1500,1
14143,70000,2,3,1,45,0,0,0,0,0,0,69877,68751,69744,50190,49603,49469,2600,2215,2000,1800,2000,2000,0
14144,50000,2,3,1,25,2,0,0,0,0,0,49805,50654,41776,17083,9412,1038,2025,2062,2016,1022,1388,19000,1
14145,500000,2,1,2,28,2,0,0,2,0,0,98541,102052,111690,78070,78376,80912,6000,13151,0,3000,5000,10000,1
14146,170000,1,1,1,41,0,0,0,0,0,0,56742,49176,41969,37409,36214,30798,5019,10041,5012,5024,5012,11174,0
14147,20000,2,3,2,22,0,0,0,0,0,0,390,390,0,780,0,0,390,0,780,0,0,0,0
14148,100000,2,2,2,27,0,0,0,0,0,0,94656,88758,90357,89209,84983,81484,4171,4044,3420,3300,3886,2730,0
14149,20000,1,1,2,23,1,2,0,0,2,0,18551,17469,18414,20234,18438,18225,0,1576,2396,0,1200,2500,0
14150,210000,1,3,2,27,0,0,0,0,0,0,22431,2004,45408,28138,6356,2900,2010,45408,28138,2900,0,22427,0
14151,50000,1,1,1,41,1,2,0,0,0,0,48063,46565,38617,8999,8870,5876,0,1906,500,500,300,1000,1
14152,20000,2,3,3,43,1,2,0,0,0,0,4094,1683,2924,1462,1462,6105,0,2924,0,1462,6105,0,0
14153,190000,1,2,2,36,0,0,0,0,0,0,58107,60172,62206,63612,65422,67334,3000,3034,2439,3000,3000,3000,0
14154,20000,1,2,1,35,0,0,0,0,0,0,4966,3120,2549,2696,1188,2677,1200,2549,2696,1188,2677,3241,0
14155,220000,1,1,2,31,0,0,0,0,0,0,75538,78315,80361,82199,84782,87284,4000,4000,4000,4000,4000,4000,0
14156,20000,2,2,2,34,0,0,0,0,0,0,780,0,390,390,390,12190,0,390,390,390,12190,780,0
14157,140000,2,3,1,32,0,0,0,0,0,0,88966,39565,41284,45793,40782,32283,3000,3000,10000,1400,1660,2000,0
14158,20000,1,2,2,27,0,0,0,0,0,0,15526,33140,17589,18945,36552,18797,1300,1300,1650,850,1500,700,0
14159,210000,2,1,1,50,0,0,0,0,0,0,90,90,90,90,180,90,90,90,90,180,0,90,1
14160,220000,2,1,2,36,0,0,0,0,0,0,5385,5337,5484,5342,5618,5236,5363,5511,5368,5646,5262,3894,1
14161,120000,2,1,1,38,0,0,0,0,0,0,980,4000,1000,0,19100,0,4000,1000,0,19100,0,0,1
14162,50000,1,2,2,25,0,3,2,0,0,0,10695,10386,9993,9993,15300,0,0,0,200,5307,0,0,1
14163,230000,2,1,2,24,1,2,0,0,2,0,20887,18705,17295,18335,9320,1858,0,1200,3000,0,254,1637,0
14164,20000,1,3,2,23,0,0,0,0,0,0,9525,16977,18546,18846,18066,17463,8000,2000,900,0,1000,0,0
14165,210000,2,1,2,31,0,0,0,0,0,0,140839,119171,119680,118070,111841,111716,4500,6000,5102,5000,5000,4000,0
14166,210000,1,1,2,26,0,0,0,0,0,0,204824,209873,214775,111893,107697,105578,10000,10000,5000,4000,4000,4000,0
14167,10000,1,1,2,38,0,0,0,0,0,0,8188,6780,390,390,0,780,1000,390,390,0,780,0,0
14168,100000,2,2,2,28,0,0,0,0,0,0,1215,1042,1042,1004,1612,622,1042,1042,1004,1650,622,622,1
14169,30000,1,2,2,23,0,0,0,0,0,0,27044,28384,29037,29667,29669,29995,2000,1427,1291,1029,1229,549,0
14170,300000,1,1,1,40,0,2,2,0,0,0,7111,7111,0,0,0,0,0,0,0,0,0,0,0
14171,140000,1,1,2,29,0,0,0,0,0,0,60764,62782,63636,65570,67354,69073,3000,2500,3000,3000,3000,3000,0
14172,50000,1,2,3,35,0,0,0,0,0,0,4943,49411,48859,10076,8442,8610,45200,1285,332,306,308,173,1
14173,200000,1,2,1,40,0,0,0,0,0,0,1296,2035,120921,126429,85500,81305,2564,124500,8000,3500,4000,3000,0
14174,260000,1,1,2,33,0,0,0,0,0,0,1025,799,-1,-1,358,492,803,0,0,359,494,0,0
14175,250000,1,2,1,52,2,2,2,0,0,2,29086,33288,32459,34600,36539,38287,5000,0,3000,2500,2500,0,1
14176,500000,2,1,1,52,0,0,0,0,0,0,144430,50001,62622,166818,78909,40268,50133,62646,166853,79331,40268,66607,0
14177,60000,2,3,1,44,2,0,0,0,0,0,32202,29503,29538,29971,29798,28679,1802,1737,1170,1189,1230,1100,1
14178,360000,2,2,2,25,0,0,0,0,0,0,442,442,442,442,434,442,444,444,444,436,452,886,0
14179,90000,2,2,1,41,1,1,0,0,0,0,28636,-2364,-2364,-2364,-2364,-2364,0,0,0,0,0,0,1
14180,150000,1,2,2,23,0,0,0,0,0,0,151686,147474,7474,8173,87500,89731,3000,120000,823,80000,3684,4500,1
14181,130000,1,1,2,54,1,0,0,0,0,0,0,0,6244,11108,11428,12233,0,6244,5000,500,1000,1000,0
14182,120000,1,2,1,52,0,0,0,0,0,0,125022,127457,121408,119070,121696,119138,4509,9496,4252,4535,4304,4536,1
14183,160000,1,2,2,29,0,0,0,0,0,0,128809,127595,115094,111678,105336,104306,5000,4000,5000,4000,3603,4200,0
14184,500000,1,3,1,37,0,0,0,0,0,0,89574,91782,90989,83633,84491,85522,5053,6052,5038,7029,8018,4022,0
14185,130000,1,1,2,28,0,0,0,0,0,0,500,0,35660,-20,-20,-20,0,35660,0,0,0,5350,0
14186,360000,2,1,2,29,1,0,0,0,0,0,0,0,70010,71610,73610,317,0,70010,2000,2000,317,11892,0
14187,120000,1,2,1,51,0,0,0,0,0,2,115771,118818,119395,108802,99988,84253,5829,5900,4100,7100,0,17400,1
14188,240000,2,2,1,41,1,0,0,0,0,0,0,40529,3211,9795,11756,12522,40529,3211,9795,11756,12522,6199,0
14189,50000,1,2,2,35,0,0,0,0,0,0,41970,31319,18172,18687,19234,19552,1291,1303,818,1000,787,559,0
14190,30000,1,2,3,27,0,0,0,0,0,0,14935,9000,13358,19332,18149,11743,4500,13358,18154,796,484,432,0
14191,50000,1,1,2,25,0,0,0,0,0,2,19456,20486,21241,21788,23281,22756,1645,1400,900,2000,0,1000,0
14192,80000,2,1,1,38,2,0,0,0,0,0,389,754,1965,390,985,370,755,1800,0,985,0,399,1
14193,230000,2,1,2,27,0,0,0,0,0,0,7701,7744,6997,1386,5578,1386,2028,6997,1386,5578,1386,3495,0
14194,50000,1,1,1,41,0,0,0,0,0,0,46631,46929,47393,22944,24071,24397,2100,1500,824,1500,877,2796,0
14195,340000,2,1,2,42,0,0,0,0,0,0,374245,357516,334316,307974,318240,289763,15917,10126,1000,10521,279000,11000,1
14196,170000,1,1,2,30,0,0,0,0,0,0,740,740,740,740,740,740,740,740,740,740,740,740,1
14197,450000,2,2,2,32,0,0,0,0,0,0,14237,17907,14127,15988,19747,13986,5016,1139,2000,3938,1000,0,0
14198,350000,2,1,2,36,0,0,0,0,0,0,655,23524,-3626,6531,4440,750,23537,5,10971,0,750,0,0
14199,50000,1,2,1,50,0,0,0,0,0,0,19061,49738,49986,8771,8628,7464,52498,1906,278,352,448,200,0
14200,210000,2,2,2,25,0,0,0,0,0,0,461,6472,83589,73689,64854,66124,13966,80000,2326,2272,3661,0,0
14201,290000,2,2,2,26,1,2,2,0,0,0,18099,18912,18249,20305,26615,27063,1400,0,2305,6615,1896,2358,0
14202,180000,2,1,2,30,0,0,2,0,0,0,174847,181556,94532,22800,96940,99550,12151,0,2000,75206,4110,1807,1
14203,230000,2,1,2,34,0,0,0,0,0,0,18482,22938,3569,2845,1935,6781,5000,1000,0,2000,5000,1000,0
14204,140000,2,2,1,27,0,0,0,0,0,0,125273,125756,111799,107375,104299,106280,6000,6000,3910,3936,3871,3841,1
14205,30000,2,1,2,24,0,0,2,0,0,0,2880,3285,2280,248,248,-150,3285,0,248,0,0,0,1
14206,140000,2,1,2,26,0,0,0,0,0,0,136170,139270,137548,96340,94201,97068,6799,5100,3300,3400,7461,3498,0
14207,50000,1,2,1,46,0,0,0,2,0,0,15220,16961,19930,19328,37113,19165,2000,3258,0,679,1528,587,0
14208,80000,2,2,1,22,0,0,0,0,0,0,1941,2132,1667,2146,1073,2761,2132,1667,2146,0,2761,1073,0
14209,120000,1,1,2,28,0,0,0,0,0,0,35220,38036,38746,40107,41464,42680,3700,1640,2000,2000,2000,1800,0
14210,400000,2,2,2,37,0,0,0,0,0,0,8948,10306,22263,20511,27808,8342,10306,22263,20568,27808,8342,14187,0
14211,70000,1,2,1,43,0,0,0,0,0,0,93025,95655,66404,31688,17317,6270,3664,2127,618,738,125,0,0
14212,190000,2,2,2,39,0,0,0,0,2,0,70396,65185,53691,56997,55956,58020,5000,2000,4200,0,3000,9000,1
14213,60000,2,2,1,40,0,0,0,0,0,0,57030,48742,35628,31738,28217,29817,5000,2000,1022,1009,5000,1000,0
14214,20000,2,3,1,38,0,0,0,0,0,0,1118,12776,11417,16449,6989,2021,12783,1000,6782,670,2021,0,0
14215,30000,2,3,2,50,0,0,0,0,0,0,665,0,0,0,0,0,0,0,0,0,0,0,1
14216,450000,1,1,1,41,0,0,0,0,0,0,560,0,0,0,0,0,0,0,0,0,0,2274,0
14217,70000,2,1,1,38,0,0,0,2,2,2,64839,65184,69361,69836,71179,69484,2400,5700,2600,3000,0,2800,1
14218,160000,2,2,1,38,0,0,0,0,0,0,61934,65918,67214,71604,75500,83933,5000,3000,6000,6000,10000,5000,0
14219,140000,2,2,1,30,0,0,0,0,0,0,2290,2290,2292,3365,1567,1707,2290,2292,3365,1567,1707,1707,0
14220,130000,2,1,2,26,0,0,0,0,0,0,7852,8871,9883,10079,10289,10495,1152,1164,360,372,376,540,1
14221,70000,2,2,2,42,2,2,2,2,2,2,44689,45669,46621,45573,48678,47744,2000,2000,0,4000,0,2000,1
14222,10000,1,3,2,34,0,0,0,0,0,0,7165,8647,9247,9431,8843,9075,2000,1141,325,331,389,1000,0
14223,30000,2,2,2,54,0,0,2,0,0,2,29230,30786,27167,27440,30117,29523,3500,0,3000,6000,0,781,0
14224,20000,1,1,2,42,0,0,0,0,0,0,15610,18250,0,0,0,1000,3000,0,0,0,1000,8024,0
14225,360000,2,2,2,44,0,0,0,0,0,0,10311,2758,1397,298,7950,60097,2758,1397,298,7950,60097,1200,0
14226,50000,1,3,2,29,2,2,3,3,3,3,1050,1050,1050,1050,1050,1050,0,0,0,0,0,0,1
14227,20000,1,2,2,24,1,2,0,0,0,2,16981,16424,17242,18448,19495,20026,0,1400,1500,1500,1000,0,1
14228,110000,1,2,2,29,0,0,0,0,0,0,10839,2995,2419,4219,9704,6952,2995,2419,4219,9704,6952,5038,0
14229,150000,2,1,2,40,0,0,0,0,0,0,-3,371,0,0,222,0,374,0,0,222,0,401,0
14230,140000,2,2,1,30,0,0,0,0,0,0,21593,17636,17800,14869,12895,12833,2000,2000,2000,1000,1000,600,0
14231,70000,2,3,1,47,0,0,0,0,0,0,70798,69923,66375,63639,64973,66391,2500,2350,2300,2360,2500,2300,1
14232,80000,1,4,2,28,1,2,0,0,0,0,87377,84962,68301,32106,32776,31832,62,2145,1300,1310,1500,1215,0
14233,80000,1,1,2,32,0,0,0,0,0,0,14939,14457,2312,1156,1156,1469,1000,2000,0,1156,1469,0,0
14234,50000,1,2,2,24,1,2,0,0,0,0,51116,49042,54439,9753,9952,9352,0,2327,1072,199,9000,298,0
14235,100000,1,1,2,27,0,0,0,0,0,0,14712,19142,37882,40882,45683,5765,5000,20000,3000,5000,2000,2000,0
14236,130000,2,2,2,35,0,0,0,0,0,0,1923,1995,0,0,0,0,1000,0,0,0,0,0,0
14237,400000,1,1,2,32,0,0,0,0,0,0,71991,80225,41429,25858,10219,15967,10242,10268,3000,4000,6070,2007,0
14238,500000,1,1,2,41,0,0,0,0,0,0,326,628,6290,11604,24679,8642,628,6290,6000,14000,8642,326,1
14239,450000,1,1,2,26,0,0,0,0,0,0,20571,37283,43482,5626,73516,11854,20000,20006,5676,74306,11889,13347,0
14240,80000,2,1,2,26,0,0,0,0,0,0,19891,20650,21002,19478,17882,5120,1576,1424,576,1000,102,300,0
14241,500000,1,1,1,45,0,0,0,0,0,0,10147,7358,11727,10850,9061,13017,7395,11807,10904,9106,13081,7063,0
14242,210000,2,1,2,32,0,0,0,0,0,0,1400,2800,1400,1400,27100,25644,2800,1400,0,27100,1543,75000,0
14243,440000,2,1,2,28,0,0,0,0,0,0,67594,64042,62021,59545,48225,40049,3000,3000,5000,3000,3000,3000,0
14244,280000,1,1,2,27,0,0,0,0,0,0,39664,28033,27292,16567,7021,10171,9022,10006,6000,1000,10200,7900,0
14245,10000,1,2,1,50,2,2,7,7,7,7,2400,2400,2400,2400,2400,2400,0,0,0,0,0,0,1
14246,210000,2,2,1,36,0,0,0,0,0,0,124011,119970,68742,65557,65287,64428,5011,3000,3000,3000,3000,2500,0
14247,100000,1,1,2,26,0,0,0,2,0,0,96644,99119,97195,69299,68030,63601,5000,5900,0,2500,2500,2600,0
14248,210000,2,1,2,33,0,0,0,0,0,0,6309,0,0,0,0,0,0,0,0,0,0,0,1
14249,500000,2,1,1,37,0,0,0,0,0,0,993,1413,14123,159738,158400,160588,1413,14123,159738,4285,5001,4294,0
14250,150000,1,1,1,39,0,0,0,0,0,0,65627,64803,62844,61785,61136,57287,2982,2803,2019,2060,2098,2024,0
14251,390000,2,1,1,40,1,0,0,0,0,0,30245,227123,211996,210100,206462,203201,236533,38142,15152,38097,23080,15055,0
14252,100000,2,2,1,26,2,0,0,0,0,0,97361,96265,49380,29152,28832,29949,4732,1500,1500,1500,1500,1964,1
14253,300000,1,1,1,45,0,0,0,0,0,0,5045,688,6431,3645,2041,1800,688,6495,3681,2448,1910,360,0
14254,80000,1,2,1,46,0,0,0,0,0,0,79656,80382,61813,30457,30477,30506,3211,2800,1200,1300,1700,1700,0
14255,50000,1,2,2,22,1,2,0,0,0,0,50781,45429,28927,19896,19475,19168,41,1617,816,1003,1004,912,0
14256,200000,2,2,2,34,0,0,0,0,0,0,30833,34322,36725,36749,40138,42459,4000,3000,3000,4000,3000,3000,0
14257,380000,2,1,1,42,0,0,0,0,0,0,7079,10387,2956,316,316,312,10437,2982,316,316,312,1323,0
14258,90000,2,3,2,25,0,0,0,0,0,0,74818,57334,49899,37251,33061,30869,2400,1502,2006,1500,1500,1500,0
14259,50000,1,1,2,27,2,2,2,2,2,2,6291,6045,7487,7218,7800,7526,0,1550,0,700,0,800,1
14260,30000,2,3,2,51,0,0,0,0,0,0,770,-10,390,3797,0,0,0,400,3797,0,0,0,0
14261,300000,1,1,1,44,0,0,0,0,0,0,21507,18505,17036,12863,9597,2304,1379,1008,270,206,329,19769,0
14262,20000,1,3,1,57,0,0,0,0,0,0,390,390,390,21515,2942,0,390,390,10728,59,0,0,1
14263,50000,2,1,1,47,0,0,0,0,0,0,390,390,390,2728,0,780,390,390,2728,0,780,0,0
14264,50000,1,1,2,28,0,0,0,0,0,0,18771,10655,1659,6524,29949,3268,10000,1659,6546,29949,3268,399,0
14265,70000,2,2,3,42,0,0,0,0,0,0,69486,68650,65458,19087,10220,11913,3000,1604,1000,10220,11913,10000,0
14266,230000,2,1,1,34,0,0,0,0,0,0,124824,102327,103506,100554,103929,107780,10001,5000,4500,5000,6500,4300,0
14267,290000,2,2,1,37,0,0,0,0,0,0,277449,271080,280510,198869,222558,134187,52000,40504,20000,30003,15004,4012,0
14268,240000,1,1,1,49,0,0,0,0,0,0,511,-5,-5,561,0,0,0,0,566,0,0,517,0
14269,330000,1,1,2,32,0,2,2,0,0,0,2145,636,0,4009,0,2307,0,0,4009,0,2307,0,0
14270,300000,1,1,1,38,0,0,0,0,0,0,87118,56182,60039,52009,32862,3730,1691,10043,1065,164,3748,1132,0
14271,160000,2,1,1,40,0,0,0,0,0,0,326,326,326,652,326,476,326,326,652,0,476,326,1
14272,360000,1,1,1,36,0,0,0,0,0,0,28291,31055,33788,36491,41179,45823,3000,3000,3000,5000,5000,5000,0
14273,60000,2,2,3,49,0,0,2,2,0,0,59902,61336,61792,57619,12996,2054,3400,4500,17,500,1500,1000,1
14274,200000,1,1,2,42,0,0,0,0,0,2,163340,168701,172074,173907,184067,180612,8000,8000,6500,13500,0,7000,0
14275,220000,2,1,2,50,0,0,0,0,0,0,216194,222220,225648,-2,-2,-2,11000,10050,2,0,0,0,0
14276,500000,2,2,1,42,0,0,0,0,0,0,431195,440304,341673,76519,77223,76684,17624,14783,3000,3000,2853,2385,0
14277,10000,1,2,2,38,0,0,0,0,0,0,7955,7976,8985,9164,9356,9593,1140,1149,328,340,393,192,1
14278,20000,2,2,3,47,1,2,2,0,0,0,17624,18342,17750,18102,18485,19175,1300,0,647,674,1000,582,0
14279,50000,2,5,1,33,2,0,0,2,0,0,24890,25440,26191,25193,25742,27171,1925,28293,0,1100,2030,0,1
14280,220000,2,2,2,27,0,0,0,0,0,0,1051,735,419,1470,1154,735,735,419,1470,0,735,2205,1
14281,140000,1,3,1,38,2,2,2,2,2,2,110674,131306,127701,135551,135859,134687,22500,0,10000,2600,2300,5300,1
14282,80000,2,1,2,27,0,0,0,0,2,2,42414,43770,44455,47825,48220,48884,2039,1724,4094,2300,1600,0,0
14283,70000,2,1,2,24,0,0,0,0,0,0,69023,70601,70426,69013,58329,51271,3600,2500,2100,2128,3000,0,0
14284,390000,2,1,1,32,0,0,0,0,0,0,1714,52856,11914,14503,13407,52830,53367,11978,14572,13418,42121,709,0
14285,10000,1,2,1,47,0,0,0,0,0,0,8884,8689,9449,6376,6530,1506,1159,3001,350,3002,1606,6276,0
14286,290000,1,1,2,36,0,0,0,0,0,0,22681,25980,10409,118253,111765,13294,20246,10460,118299,2794,13358,14705,0
14287,280000,1,3,1,47,0,0,0,0,0,0,2479,3554,4746,2377,2390,3504,3564,4792,2384,2393,3524,2851,0
14288,250000,2,2,1,29,0,0,0,0,0,0,180056,179349,30349,29568,30188,30786,4077,1500,1917,1097,1101,1139,0
14289,80000,2,2,1,45,3,2,2,0,0,0,34282,35006,34144,34820,35553,36258,1567,0,1243,1291,1297,1500,1
14290,500000,2,2,1,37,0,0,0,0,0,0,207205,208827,203696,201655,202938,202136,9755,7414,6940,7299,8021,19384,0
14291,50000,1,2,2,26,0,0,0,0,0,0,47974,48527,49381,9999,8793,9138,2500,2000,324,1000,1000,500,0
14292,20000,1,3,2,23,0,0,0,0,0,0,1706,6354,6849,4113,3910,2547,6394,6849,82,78,51,16522,0
14293,50000,2,2,2,23,0,0,0,0,2,0,16621,8044,917,18353,35836,18320,1037,917,18436,0,699,580,1
14294,160000,2,2,1,47,1,0,0,0,0,0,0,0,0,0,0,0,0,0,0,0,0,0,1
14295,20000,1,2,2,24,2,2,4,4,4,4,1650,1650,1650,1650,1650,1650,0,0,0,0,0,0,1
14296,80000,2,3,1,25,0,0,2,0,0,0,550,1606,1422,2685,1395,2896,1606,4,2693,1395,2906,0,0
14297,290000,2,2,1,27,0,0,0,0,0,0,284298,281970,276346,0,281225,288652,14013,16346,0,281225,11787,12020,0
14298,20000,1,3,1,25,0,0,0,0,0,0,15706,16849,17285,18683,9121,14374,1700,1110,1500,500,300,150,0
14299,30000,2,2,1,37,0,0,0,2,2,2,26168,27442,30165,29383,32739,33143,2000,3500,0,4000,1150,1000,0
14300,170000,1,1,2,32,0,2,0,0,0,0,69013,67397,69518,70616,79267,84140,0,3800,2800,10000,6129,0,0
14301,700000,2,1,1,36,0,0,0,0,0,0,450827,389039,328316,325968,271596,286805,13000,11939,10312,20004,20000,20000,0
14302,50000,1,3,3,58,0,0,0,0,0,0,46199,47179,47445,17945,18165,18557,2023,1289,789,659,694,623,0
14303,200000,1,1,2,31,1,0,0,0,0,0,0,0,50307,28281,42163,0,0,50307,28281,42163,5040,3036,0
14304,20000,1,2,1,27,0,0,0,3,2,0,6599,9315,19067,18472,18037,18487,3000,10000,0,0,900,2000,0
14305,60000,1,2,1,41,0,0,0,0,0,0,95648,56259,49425,16941,13349,14826,5000,4731,2000,10000,3000,5000,0
14306,160000,1,3,1,42,1,0,0,0,0,0,0,1564,-436,-436,436,436,1564,0,0,872,0,0,0
14307,370000,1,2,1,34,0,0,0,0,0,0,13854,3366,2671,13780,20652,10876,3382,2684,13795,10103,11020,10684,0
14308,500000,2,3,2,49,0,0,0,0,0,0,207406,207479,211508,223660,228014,223940,15000,10000,23660,20000,13940,26542,0
14309,500000,2,2,1,40,0,0,0,0,0,0,240927,18676,9390,-3772,282777,288937,1093,9429,3423,291227,9011,9030,0
14310,50000,2,1,2,22,0,0,0,0,0,0,45107,30617,22324,18587,20316,18271,2000,2000,1000,2000,1000,2950,1
14311,140000,2,1,1,36,0,0,0,0,0,0,72462,75297,76441,78171,79757,81427,4000,3000,3000,3000,3000,7500,0
14312,210000,2,2,1,50,0,0,0,0,0,0,390,390,390,390,390,150,390,390,390,390,150,780,1
14313,300000,2,1,1,56,1,0,0,0,0,0,0,0,0,0,0,0,0,0,0,0,0,0,1
14314,60000,2,2,2,23,0,0,0,0,0,0,55765,56619,54636,18293,18107,18803,2600,1500,1000,1000,1000,3000,1
14315,80000,1,2,1,60,2,2,2,2,2,2,48463,49484,50372,51246,52279,53069,2100,2000,2000,2000,1800,1000,1
14316,50000,1,3,1,48,0,0,0,0,0,0,50899,50527,50375,46952,50343,48831,2000,2000,2000,5001,5000,5021,0
14317,240000,2,2,1,44,0,0,0,0,0,0,21468,15503,17812,14328,11110,7567,3000,3000,2880,306,2000,2000,0
14318,360000,2,1,2,27,0,0,0,0,0,2,1994,5305,4960,5228,6552,3827,5317,1007,2006,2562,13,2989,0
14319,140000,2,1,2,24,0,0,0,0,0,0,25118,18948,16923,12103,11519,11611,2000,2001,401,1000,1000,1000,0
14320,310000,1,1,1,37,0,0,0,0,0,0,190704,194111,144855,149146,198027,202293,7787,6000,7000,75593,7000,7000,0
14321,20000,2,2,2,22,0,0,2,0,0,0,14413,16474,16510,16566,17370,19905,3000,1000,1000,2000,3000,0,0
14322,140000,2,2,2,29,0,0,0,0,0,0,46605,35797,36615,28354,18093,6723,2281,1683,929,1000,134,0,0
14323,440000,1,1,1,62,0,0,0,0,2,0,14721,5049,649,1108,150,1075,4909,499,959,0,925,1392,0
14324,330000,1,2,1,34,0,0,0,0,0,0,17421,18769,17413,17769,18138,13788,1650,1200,510,524,668,300,0
14325,60000,1,1,2,26,0,0,0,0,0,0,29860,30576,31962,32444,32971,33721,1500,1900,1310,1200,1300,1500,0
14326,120000,2,2,2,23,0,0,0,0,0,0,38842,38973,37708,4293,4305,5128,2300,1200,1000,1000,888,60000,0
14327,290000,2,2,2,34,0,0,0,0,0,0,8690,-204,3268,302,3586,2345,0,3600,800,5228,2345,9139,0
14328,20000,1,2,2,26,1,2,2,2,2,2,14437,15509,15498,14952,15983,15576,1600,535,0,1272,0,1463,0
14329,500000,2,2,1,64,1,0,0,0,0,0,493,1086,731,561,618,991,1086,731,561,618,991,933,1
14330,20000,1,2,2,25,2,2,2,2,2,2,150,150,150,1150,1000,0,0,0,1000,0,0,0,0
14331,150000,2,3,1,46,2,2,2,2,2,0,11164,11713,11759,12453,12147,12254,1000,500,850,0,400,400,1
14332,490000,2,2,1,42,0,0,0,0,0,0,15838,11356,25409,15926,8604,8941,11404,25458,86,8711,5034,1345,0
14333,170000,1,2,2,24,0,0,0,0,0,0,108717,69632,56537,113576,138419,101452,8092,20121,100071,50122,6468,278311,0
14334,50000,2,1,2,27,1,2,2,0,0,2,2238,3057,1879,889,2399,1225,2000,0,0,2500,0,1300,1
14335,150000,1,2,1,40,0,0,0,0,0,0,106396,105332,82191,77262,49851,6666,7041,3000,3116,2500,5000,0,0
14336,390000,1,1,2,41,0,0,0,0,0,0,6782,1466,3273,6965,4893,7777,1466,3273,6965,4893,7777,7271,0
14337,380000,1,1,2,33,0,0,0,0,0,0,79099,80828,82583,84687,84832,84576,3000,3100,3500,3500,3200,3000,0
14338,170000,2,2,1,34,1,0,0,0,0,0,-270,-270,99730,-27,-27,-27,0,100000,0,0,0,0,0
14339,170000,2,2,1,26,0,0,0,0,0,0,55658,48292,23264,12346,28910,13837,5000,1000,375,18785,757,259,0
14340,390000,1,1,1,36,1,0,0,0,0,0,0,250,79,79,290,106,250,79,0,290,106,66,1
14341,30000,2,2,2,28,2,2,2,2,2,2,20218,19607,21778,22124,22622,23002,0,2500,1000,1000,900,900,0
14342,300000,2,2,1,48,0,0,0,0,0,0,440,452,0,0,3427,1098,452,0,0,3427,1098,0,0
14343,180000,2,1,2,25,0,0,0,0,0,0,23890,2181,21073,12159,8418,6896,2181,21100,0,0,6896,0,0
14344,360000,2,2,1,27,0,0,0,0,0,0,241584,249687,250227,123146,101486,93700,124900,6850,4129,5000,2790,2000,0
14345,230000,2,2,1,42,0,0,0,0,2,0,5838,6369,6790,8171,7396,7757,1300,1200,2000,0,1000,2000,0
14346,30000,1,3,2,28,1,2,2,2,0,0,25554,28031,28345,27591,28218,29880,3204,1068,0,1068,2136,600,1
14347,400000,2,2,1,45,0,0,0,0,0,0,9083,12641,15377,14757,44843,6622,12658,15384,14757,44843,6622,6309,0
14348,20000,1,2,2,47,2,0,0,0,0,0,19401,19670,19839,20236,19807,19843,1331,2000,688,1000,1500,700,1
14349,100000,2,2,2,26,0,0,0,0,0,0,1508,6186,2208,1823,1516,3378,6186,2208,1823,1516,3378,3431,0
14350,340000,1,2,1,43,1,0,0,0,0,0,-15,-15,-15,-15,-15,-15,0,0,0,0,0,0,1
14351,30000,2,2,2,22,0,0,0,0,0,0,27849,29094,29352,29766,19933,10921,2000,1200,614,520,335,0,0
14352,440000,1,3,1,38,2,0,2,0,0,0,775,1550,775,775,925,775,1551,1,776,926,776,776,1
14353,100000,1,2,1,46,2,0,0,0,0,0,390,390,370,-20,780,0,390,370,0,800,0,0,0
14354,30000,2,3,2,28,0,0,0,0,0,0,25354,24826,25412,21658,980,55,1650,1200,1000,1000,55,0,0
14355,20000,1,2,2,43,1,2,0,0,0,0,20251,19637,19539,20080,18855,20130,0,2000,841,696,1600,0,1
14356,200000,1,2,1,40,1,2,2,0,0,0,303719,268163,228720,234177,201490,190721,5133,0,5857,202076,6726,5346,0
14357,180000,1,2,2,34,0,0,0,0,0,0,167604,162774,148961,78024,72989,75454,6949,6502,3022,3000,3022,2000,0
14358,50000,2,2,2,34,0,0,0,0,0,0,23264,13573,13876,13789,725,0,13573,13876,276,725,0,0,0
14359,210000,2,2,2,27,0,0,0,0,0,0,115583,130020,133963,115989,101628,104809,25000,15103,5000,4000,5000,5000,0
14360,210000,2,2,2,24,0,0,0,0,0,0,94681,96920,98562,100329,103697,91408,3766,3507,3334,4723,3418,2682,0
14361,220000,2,1,1,36,0,0,2,0,0,0,190691,206000,194930,130938,134664,140238,20000,0,5000,6000,8000,5000,0
14362,240000,1,1,1,36,2,0,0,0,0,2,183360,187637,191846,194485,206747,203388,8600,8700,7200,15500,0,8000,0
14363,200000,1,2,2,33,0,0,0,0,0,0,6195,2645,3416,3916,4248,5068,1300,1000,500,500,1000,1000,1
14364,20000,1,2,2,46,0,0,0,0,0,0,19401,20650,0,0,0,0,1650,0,0,0,0,0,1
14365,180000,2,1,1,33,0,0,2,0,0,2,13999,17829,6608,17087,17993,8662,4176,65,17087,2013,23,32852,0
14366,90000,2,1,2,26,2,0,0,0,0,0,89526,89149,85301,65463,65923,67269,3400,3325,2300,2400,2400,2400,1
14367,130000,1,3,1,56,0,0,0,0,0,0,582,0,582,291,441,441,0,582,0,441,441,291,1
14368,100000,1,1,1,51,2,2,2,2,2,2,87603,93461,95022,95972,98283,97819,8200,4000,3400,4000,1600,2000,1
14369,450000,2,1,2,54,1,0,0,0,0,0,-237,-2400,-2400,3990,30050,9993,0,0,6390,30050,9993,0,0
14370,210000,1,2,1,42,0,0,0,0,0,0,88498,168938,79989,69800,54256,48256,3555,2253,1404,1085,1652,5595,0
14371,380000,2,2,2,28,0,0,0,0,0,0,123880,105184,69221,46858,33060,27047,7050,6018,3000,4000,4000,250400,0
14372,20000,2,2,1,39,0,0,2,2,2,0,20246,36350,18910,33500,-15306,20000,3000,3000,290,5000,35306,0,0
14373,50000,2,1,2,27,0,0,0,0,0,2,51076,50816,47977,34783,20570,20047,2223,1572,1700,1739,0,225,0
14374,50000,2,1,2,24,0,0,0,0,0,0,1354,1050,-1,7999,-66,6784,1054,0,8000,0,6850,11000,1
14375,160000,1,3,2,42,0,0,2,2,2,2,43753,46869,45856,48818,49640,48737,4100,0,4000,1700,0,2000,0
14376,450000,2,1,1,27,1,0,0,0,0,0,-4,969,2226,1878,-25,5029,973,2243,2236,0,5054,392,0
14377,30000,1,3,1,47,2,2,2,2,2,2,19150,19149,23888,24337,23725,0,600,5229,1000,0,0,0,0
14378,310000,2,3,1,31,0,0,0,0,0,0,214190,178194,140681,104855,77242,74165,9000,6005,5017,3000,4000,3000,0
14379,50000,1,3,2,26,2,0,0,2,2,2,41827,42650,45930,44891,47654,48721,1800,4000,0,3500,2000,0,1
14380,160000,1,3,2,35,0,0,0,0,0,0,38486,39217,40537,41030,41891,43196,1652,1972,1465,1519,2000,1592,0
14381,170000,1,1,2,31,0,0,0,0,0,0,959,1898,850,6390,1958,1346,1911,850,6390,5,1358,202,0
14382,230000,2,1,2,28,0,0,0,0,0,0,15714,13171,24589,31111,60562,9968,13171,20015,11000,60562,8000,6059,0
14383,20000,1,3,2,25,0,0,0,0,0,0,3556,3271,798,798,798,408,1481,798,798,798,408,1188,0
14384,50000,2,2,2,22,0,0,0,0,0,0,64498,58261,401,43091,29842,30601,349,595,54061,32384,1234,1500,0
14385,140000,2,3,1,25,0,0,0,0,0,0,76910,22972,28336,30281,38339,80792,1994,18002,3001,9004,45117,40158,0
14386,50000,2,2,2,43,1,2,0,0,0,0,48777,47331,48010,24331,25553,26733,0,2000,1000,2000,2000,2000,0
14387,280000,2,2,2,31,0,0,0,0,0,0,2419,10499,16243,0,0,0,10517,16494,0,0,0,0,0
14388,360000,2,1,2,31,0,0,0,0,0,0,211,70,0,1600,0,1101,70,0,1600,0,1101,0,0
14389,50000,1,3,2,22,0,0,0,0,0,0,45803,46696,15287,7694,7921,8041,2400,1123,500,500,400,500,0
14390,20000,1,2,2,21,0,0,0,0,0,0,19739,17875,19174,19158,18762,19223,1000,26299,673,680,772,851,0
14391,310000,2,2,1,34,0,0,0,0,0,0,87842,42594,26198,26766,27341,28891,3021,1600,1000,1000,2000,3000,0
14392,260000,2,3,2,33,0,0,0,0,0,0,7571,3563,2786,-14,-14,12074,1000,2786,14,0,12088,2021,0
14393,80000,1,1,1,41,3,2,2,2,2,0,7866,8788,8498,9155,8864,9215,1200,0,800,0,500,900,1
14394,30000,1,3,2,42,1,2,0,0,0,0,13347,12843,13850,14125,14423,14516,0,1227,502,522,521,521,1
14395,340000,2,2,2,29,0,0,0,0,0,0,135538,113464,88629,71435,69725,69714,4093,3000,11115,2052,2500,1100,0
14396,260000,2,1,2,27,0,0,0,0,0,0,37003,1105,2490,17445,1795,278,1305,2690,15650,0,278,2500,0
14397,420000,2,2,1,40,0,0,0,2,0,0,33561,38901,38710,38022,20256,22743,5900,900,101,3000,3000,5000,0
14398,80000,2,1,1,54,2,2,2,0,0,0,12894,15449,14909,14915,15382,16374,3084,0,550,707,1400,200,1
14399,400000,1,1,1,36,0,0,0,0,0,0,44765,35776,67887,20356,12780,11625,10006,3072,72,62,11681,31071,0
14400,460000,1,1,1,50,0,0,0,0,0,0,30765,13883,19146,27639,38586,-260,13953,19441,27778,38780,0,0,0
14401,200000,1,2,2,39,0,0,0,0,0,0,31236,31996,32704,33351,34050,36184,1838,1546,1193,1236,2700,1022,0
14402,160000,1,2,1,52,0,0,2,0,2,0,390,780,390,1080,540,390,780,0,1080,0,390,390,0
14403,70000,1,1,2,26,0,0,0,0,0,0,6121,7064,8143,8507,8869,9220,1200,1200,500,500,500,500,1
14404,290000,1,3,2,43,0,0,0,0,0,0,170823,174650,123514,125973,128608,127976,8050,123514,4274,4426,4859,5407,0
14405,120000,2,1,2,29,0,0,0,0,0,0,50150,44742,33231,-1320,-660,956,5069,2805,0,0,1616,0,0
14406,100000,2,1,2,26,0,0,0,0,0,2,24459,26726,25669,881,57540,55038,3000,1016,2007,57500,2000,0,0
14407,30000,2,3,1,55,0,0,0,0,0,0,27381,27803,28170,9515,780,0,1633,1000,1190,0,0,0,0
14408,30000,2,1,2,23,2,0,0,0,0,0,14546,15570,16882,16911,17416,17608,1265,1577,606,778,630,653,1
14409,50000,2,1,2,23,0,0,0,0,0,0,33959,35409,36120,36991,37744,39115,2000,1601,1472,1500,2000,5000,0
14410,210000,2,1,1,39,0,0,0,0,0,0,4443,3569,1737,2433,3115,3899,3569,1737,2433,3115,3899,2460,1
14411,10000,1,3,2,24,1,3,2,3,2,0,5530,5792,6050,5808,5569,5876,500,500,0,0,400,364,1
14412,250000,2,1,1,50,0,0,0,0,0,0,18381,2749,5285,9138,1187,1235,2749,5674,9527,1187,1235,2678,0
14413,230000,2,2,1,31,1,0,0,0,0,0,0,2716,3648,6648,7982,9203,2716,1000,3000,4000,2000,1000,0
14414,150000,1,1,2,26,0,0,0,0,0,0,0,0,0,0,0,0,0,0,0,0,0,0,0
14415,20000,2,1,2,22,1,2,2,0,0,0,21672,22031,21247,7475,0,0,1000,18,300,0,0,0,1
14416,150000,2,2,1,41,0,0,0,0,0,0,80435,74826,74485,71935,71757,71844,3349,3200,2700,2711,2800,1561,0
14417,20000,1,3,2,48,0,0,0,0,2,0,5861,6728,7739,8339,8061,8221,1119,1130,730,0,294,305,0
14418,400000,2,1,2,30,0,0,0,0,0,0,1919,7381,2691,1781,7123,1470,7389,2691,1781,7123,1470,37546,0
14419,20000,2,2,1,40,2,2,4,3,2,0,17761,21152,20508,19933,19517,20235,4000,0,0,0,1000,3000,0
14420,440000,2,2,1,45,0,0,0,3,2,2,600,-420,417,2217,1321,8879,0,1937,1800,0,8480,0,1
14421,20000,1,2,2,26,0,0,0,0,0,0,1439,1261,390,540,540,540,1261,390,540,540,540,780,0
14422,320000,1,1,2,26,0,0,0,0,0,0,316,316,316,316,316,316,316,316,316,316,316,316,0
14423,300000,1,1,1,37,0,0,0,0,0,0,41000,0,0,0,0,0,0,0,0,0,0,0,0
14424,50000,2,3,1,24,0,0,2,0,0,0,18965,21647,20731,13555,2338,41191,3000,15,587,2338,41191,18957,0
14425,210000,1,1,2,27,0,0,0,2,2,0,110757,113139,119812,120763,118722,121249,5650,10100,4400,0,4500,4500,0
14426,350000,2,1,2,33,0,0,0,0,0,0,2383,9911,12149,14774,2154,67081,9911,12149,16928,0,67081,103202,0
14427,470000,1,1,1,33,0,0,0,0,0,0,1260,2516,181,3011,2891,3502,2530,181,3020,1804,1517,1958,0
14428,300000,2,1,2,28,0,0,0,0,0,0,0,0,0,0,0,0,0,0,0,0,0,0,0
14429,30000,1,2,2,25,2,2,3,3,3,3,1050,1050,1050,1050,1050,1050,0,0,0,0,0,0,1
14430,210000,1,2,2,28,0,0,0,0,0,0,180004,184401,171506,133206,98885,88101,9000,7500,5503,4185,4500,3875,0
14431,30000,2,1,1,37,0,0,0,0,0,0,8301,9156,8983,8141,6422,5187,1191,1079,239,209,206,160,0
14432,200000,2,2,2,27,0,0,0,0,0,0,127843,131352,130884,132142,118084,114281,6579,4734,4368,4183,4227,4066,0
14433,140000,1,2,1,41,0,0,0,0,0,0,82309,92682,103265,117188,113368,119194,12682,13265,17188,10000,15000,0,0
14434,50000,2,1,2,26,0,0,0,0,0,0,45431,45187,34250,30276,30894,0,1811,1400,606,618,0,0,0
14435,10000,1,2,2,32,1,2,0,0,0,0,9001,8322,8630,8630,7850,8150,0,1400,0,0,1600,0,1
14436,390000,2,2,2,28,0,0,0,0,0,0,116720,121588,121854,90634,84353,57677,7000,5000,4000,5000,10000,20000,0
14437,50000,2,3,1,50,0,0,0,0,0,0,48173,28233,28610,28808,29403,20260,2235,1612,1200,1057,871,897,0
14438,50000,2,2,1,25,0,0,0,0,0,0,16221,18965,19602,22156,22732,11378,3000,1500,4600,1000,600,258,1
14439,30000,2,3,2,31,0,0,0,0,0,0,5477,7314,2970,2587,0,0,8011,2970,2587,0,0,0,0
14440,50000,2,1,2,31,3,3,4,3,2,5,27166,30190,29421,28652,34032,32913,3769,0,0,6000,0,0,1
14441,50000,2,1,2,33,1,0,0,0,0,0,0,0,12493,28365,6300,999,0,12493,16000,0,999,0,0
14442,260000,1,1,3,41,0,0,0,0,0,0,253795,253126,253218,249770,243277,240576,9269,9090,9034,8521,10067,8100,0
14443,50000,2,1,2,34,1,0,0,0,0,0,0,0,0,0,300,150,0,0,0,300,0,980,0
14444,140000,1,1,2,28,0,0,0,0,0,0,639,8358,2620,2073,4732,1131,8358,2620,2077,4732,1131,2114,0
14445,490000,1,1,2,28,0,0,0,0,0,0,422483,430538,392670,390031,396687,404885,15358,15049,14500,14000,15021,10664,0
14446,60000,2,2,2,24,1,2,0,0,0,0,60425,57786,55272,55925,57063,48228,28,2500,2000,2030,2100,3500,1
14447,80000,1,1,2,39,2,0,0,2,2,0,62281,63774,68204,69484,68247,71110,2500,5500,3000,0,4000,2500,1
14448,80000,1,1,2,26,0,0,0,0,0,0,51533,45147,45921,46629,47655,48496,1800,1800,1690,1750,1887,1800,0
14449,290000,1,1,2,28,0,0,0,0,0,0,162118,150366,148949,141711,122755,216138,6000,6000,5000,10000,100000,7681,0
14450,280000,1,2,2,28,0,0,0,0,0,0,104451,105960,100542,103087,103983,105638,4470,4188,5000,3679,3703,3652,0
14451,130000,1,2,2,29,0,0,0,0,0,2,111731,108635,108842,110236,114763,118884,6000,6000,5000,6800,6500,0,0
14452,20000,1,3,1,52,0,0,0,0,0,0,2912,390,780,780,780,390,390,780,780,780,390,780,0
14453,50000,1,2,2,31,0,0,0,0,2,0,48548,49579,27496,20414,19978,18547,2032,1304,1500,0,868,1000,1
14454,330000,2,1,2,28,1,0,2,2,2,2,963,11,11,11,11,11,504,0,0,0,0,0,0
14455,150000,2,3,2,40,0,0,0,0,0,0,95943,1473,1863,390,772,382,32153,1863,0,772,0,398,1
14456,150000,2,2,2,26,0,0,0,0,0,0,96739,98351,100369,101035,101982,103970,4000,4500,4000,4000,5000,5000,0
14457,210000,1,2,3,27,0,0,0,0,0,0,81387,82679,84014,84365,86517,87296,3883,4000,3008,3500,3139,3373,0
14458,10000,1,2,3,28,0,0,0,0,0,0,5757,6805,7662,8034,8256,8957,1300,1128,500,500,1000,500,1
14459,300000,2,3,1,32,0,0,0,0,0,0,15003,14469,15200,18000,0,0,1469,1200,3000,0,0,0,0
14460,140000,2,2,2,35,0,0,0,0,0,0,140387,129846,87849,84455,87287,81423,5509,7124,2866,4033,5954,3120,0
14461,50000,2,2,2,26,1,0,0,0,0,0,0,0,0,0,0,0,0,0,0,0,0,9033,0
14462,140000,1,1,2,30,0,0,0,0,0,0,1750,1003,0,440,1367,890,1003,0,440,1367,890,0,0
14463,50000,2,2,1,32,0,0,0,0,0,0,46610,45005,43448,15075,16534,16809,2021,1500,700,1700,700,623,0
14464,500000,1,1,2,35,0,0,0,0,0,0,1369,6138,20424,7840,846,790,4769,19629,157,0,790,860,0
14465,500000,2,3,1,36,0,0,0,0,0,0,70016,70837,63488,32050,46393,35207,2568,2000,1285,15000,1520,6994,0
14466,20000,1,2,2,38,2,0,0,0,0,0,1442,1261,390,390,390,930,1261,390,390,390,930,0,0
14467,420000,1,1,1,47,0,0,0,0,0,0,10517,15571,9090,9622,10223,3942,15585,9100,9628,10223,3942,3754,0
14468,60000,1,2,1,37,1,2,3,4,4,3,22007,24360,26647,27912,26889,29140,3000,3000,2000,0,3000,3000,1
14469,60000,1,2,1,37,0,0,0,0,0,2,30010,34169,38551,42922,47245,44208,5000,5000,5000,5000,0,10000,0
14470,190000,2,2,2,35,0,0,0,0,0,0,158360,113702,95214,95713,97079,97659,4800,4300,3600,3700,4000,3600,0
14471,220000,1,1,1,48,3,2,2,0,0,0,2500,2500,0,0,0,0,0,0,0,0,0,0,1
14472,110000,2,2,2,28,2,2,2,2,2,2,86774,88702,89655,90593,89025,94509,4200,3300,3300,0,7000,2300,1
14473,290000,1,2,1,33,0,0,0,0,0,0,1300,0,500,1000,3441,2415,0,500,1000,3441,2415,1643,0
14474,50000,2,2,1,25,2,0,0,0,0,0,50105,50802,49988,19287,19698,20228,2300,1305,1000,855,1000,1000,0
14475,110000,2,2,2,39,0,0,0,0,0,0,210804,107572,100475,48409,47693,49018,5426,4244,1837,1713,2100,2020,0
14476,230000,2,2,1,35,0,0,0,0,0,0,2132,1520,3543,3351,-4,3267,1531,3553,3351,4,3271,4649,0
14477,250000,2,1,1,42,0,0,0,0,0,0,16240,0,0,0,0,0,0,0,0,0,0,0,0
14478,100000,1,1,2,26,0,0,0,0,0,0,7136,8515,9749,14188,16602,19575,1500,1500,4500,5000,5000,5000,0
14479,30000,2,1,2,23,0,0,0,2,2,2,29064,27368,30475,27808,31208,30582,2000,5026,0,4000,0,1500,0
14480,230000,1,1,1,47,1,0,0,0,0,0,0,0,0,0,0,0,0,0,0,0,0,0,0
14481,50000,1,2,1,29,0,0,0,0,0,0,49660,47359,45517,29699,28877,29531,2000,1500,2000,1100,2000,12000,1
14482,420000,1,1,2,33,1,0,0,0,0,0,-190,6509,0,0,0,0,6699,0,0,0,0,0,0
14483,30000,1,2,2,33,0,0,0,0,0,0,30247,29118,29997,30067,26709,13836,1590,1469,929,1265,886,66,0
14484,20000,1,1,2,34,1,2,0,0,0,0,8834,7499,8147,7247,4617,0,1000,1000,1300,1500,1680,0,1
14485,200000,2,1,1,43,0,0,0,0,0,0,200898,197438,200912,145658,146351,149667,10000,9000,6000,6000,6000,6000,0
14486,90000,2,1,2,27,1,2,2,2,2,2,17374,16806,18768,18169,19682,19220,0,2251,0,1807,0,10000,0
14487,110000,1,3,1,45,0,0,0,0,0,0,66820,36002,37484,38935,40633,41393,4400,3900,3900,4000,3100,1600,0
14488,60000,2,2,2,26,0,0,0,0,0,2,58452,52445,52974,54589,59518,60491,2500,2000,2500,6000,2100,0,0
14489,80000,1,1,2,35,0,0,0,0,0,0,37642,39947,43773,31830,7848,390,4000,5000,5500,7848,390,780,0
14490,50000,1,3,1,41,1,2,2,0,0,0,85579,78993,69424,64201,58110,57337,3023,23,4023,2523,7926,102,0
14491,180000,1,1,2,28,1,0,0,0,0,0,0,0,0,0,383,2388,0,0,0,773,2395,847,0
14492,110000,2,2,2,39,0,0,0,0,0,0,109221,111674,111867,111535,111870,110979,4230,4230,4200,4300,4150,4220,0
14493,150000,2,1,1,33,0,0,0,0,0,0,50286,110884,113152,116097,118500,120896,61101,3210,3911,3354,3400,3500,0
14494,120000,2,2,2,30,0,0,0,0,0,0,104801,100502,86478,81902,78616,80307,4000,2960,3833,2855,3000,3000,0
14495,150000,1,1,2,40,0,0,0,0,0,0,152175,148872,145978,139791,142745,146872,5800,5245,5200,5200,6500,7200,0
14496,360000,2,3,1,42,0,0,0,0,0,0,9152,6329,21830,5469,9057,312,6361,22236,5682,9147,313,6548,0
14497,60000,1,2,1,56,0,0,0,0,0,0,26344,26382,27046,27187,27372,27549,1446,1500,960,1000,1027,860,1
14498,480000,1,2,1,40,0,0,0,0,0,0,69011,69842,71857,66673,65200,65511,3000,3000,2096,2115,2089,2207,0
14499,400000,2,2,2,25,0,0,0,0,0,0,393159,44917,52366,29995,22722,24479,2522,17213,1000,1000,2100,154700,0
14500,60000,2,2,2,24,1,2,3,3,2,2,44238,47076,48871,47669,48135,50056,4000,3000,0,1500,3000,2750,0
14501,240000,2,2,1,29,0,0,2,2,2,0,198128,211417,206386,219111,211373,211215,16500,0,16007,7,8229,7621,1
14502,30000,2,1,2,27,0,0,0,0,0,0,3415,4330,0,0,0,0,1000,1000,0,0,0,0,0
14503,240000,2,1,2,38,0,0,0,0,0,0,138151,111189,75880,46407,12697,215281,6021,3004,4006,5000,215281,8000,0
14504,50000,2,2,2,23,0,0,0,2,0,0,16370,15373,12065,10199,9261,6816,1524,2588,0,284,1000,1000,1
14505,130000,2,1,2,27,0,0,0,0,0,0,91467,68747,66372,64854,66432,46919,3247,3372,2354,2432,2919,1926,0
14506,30000,2,2,1,49,2,0,0,0,2,2,23778,24507,25892,27366,26798,28321,1415,1800,2200,0,2500,0,0
14507,10000,1,2,1,35,0,0,0,0,0,0,9159,10004,9722,10044,9856,10285,1160,1139,1241,345,580,180,0
14508,180000,1,2,2,27,0,0,0,0,0,0,51826,6699,6529,104327,105867,106806,1500,2000,100000,4500,5041,2000,0
14509,230000,2,3,2,26,0,0,0,0,0,0,14361,15491,16190,11849,11826,6248,1369,1068,306,457,348,500,0
14510,30000,2,1,2,27,1,2,0,0,2,0,28686,27620,28164,30444,29887,29153,0,2000,3000,0,1000,1000,0
14511,50000,1,3,1,52,1,2,2,0,0,2,7839,8761,8472,8641,9298,9000,1200,0,310,797,0,333,0
14512,500000,1,1,2,30,0,0,0,0,0,0,1089,58665,168052,254571,59587,13398,58665,170119,156000,2000,13398,527143,0
14513,360000,1,2,2,30,0,0,2,2,0,0,0,1000,1000,0,0,0,1000,0,0,0,0,0,0
14514,460000,2,1,1,43,0,0,0,0,0,0,323408,261444,309622,297039,258056,188083,5229,580464,80017,31017,27,38700,0
14515,10000,2,2,2,32,0,0,0,0,0,0,8509,9228,9821,9495,9469,10191,1400,1300,350,500,1650,0,0
14516,270000,2,1,2,32,0,0,0,0,0,0,48114,42573,55350,92141,57961,45282,20091,30128,60183,2071,2045,2791,0
14517,80000,1,2,1,43,0,0,0,0,0,0,43749,46330,43134,38010,38510,38427,3356,3204,2017,3515,2506,2015,0
14518,100000,1,1,2,32,0,0,0,0,0,0,87580,84140,86400,87275,89082,91030,3300,3881,2500,2519,2700,3004,0
14519,20000,1,3,1,42,2,2,2,0,0,0,13053,4078,0,0,0,0,16,0,0,0,0,0,1
14520,300000,1,2,1,38,0,0,0,0,0,0,374,1685,1485,990,495,495,2000,1485,0,0,495,495,1
14521,30000,2,2,2,44,0,0,0,0,0,0,2436,11376,21354,28308,23346,10784,11378,11004,9003,3349,10785,8984,0
14522,160000,1,1,2,33,1,0,2,0,0,0,-77,1598,1097,772,447,797,2000,0,0,0,1000,0,1
14523,30000,2,2,2,25,0,0,0,0,0,2,7204,7453,7098,10148,22070,23182,1200,1114,4000,13000,2000,0,0
14524,160000,2,1,2,31,0,0,0,0,0,0,4203,9739,15628,3666,4098,4237,9739,17751,3666,4098,4237,3007,0
14525,380000,2,1,2,31,0,0,0,0,0,0,276,276,0,196050,202129,295891,276,0,202129,9500,98500,17000,0
14526,180000,1,2,2,43,0,0,0,0,0,0,164222,169073,171820,160018,164717,151235,7500,5900,6000,7000,7000,5000,0
14527,100000,1,1,1,45,0,0,0,0,0,0,99626,101446,21300,20091,19299,9346,4600,1429,600,600,1000,1000,0
14528,260000,1,1,1,38,0,0,2,2,0,2,263,511,248,-15,3526,263,512,1,1,3805,1,527,0
14529,180000,2,3,2,25,0,0,0,0,0,0,120583,97341,87773,89547,91639,93991,3507,3201,3200,3500,4000,3704,0
14530,240000,1,3,1,38,0,0,0,0,0,0,230131,216824,219487,151295,228276,233079,8500,6900,6000,80000,8600,9000,0
14531,30000,1,2,3,44,0,0,0,0,0,0,6289,9331,12380,15158,15760,18985,3173,3222,3000,1000,3500,2000,1
14532,50000,1,2,2,26,0,0,0,0,0,0,20329,14244,30580,15365,15587,15940,1600,1600,1000,1000,1000,1000,0
14533,180000,2,2,1,43,0,0,0,0,0,0,7823,9549,1968,1800,8198,511,9549,1968,1800,8198,0,844,0
14534,20000,1,2,2,24,0,0,0,0,0,0,610,13222,13488,11818,12428,5965,13002,3000,0,1000,5965,0,0
14535,130000,1,2,2,31,0,0,2,0,0,0,48628,52379,31247,40047,12450,2294,5207,0,9000,12450,2294,0,1
14536,240000,1,1,1,36,0,0,0,0,0,0,229,-167,-563,254,-142,344,0,0,1213,0,1032,0,0
14537,160000,2,5,1,35,1,0,0,0,0,0,0,0,0,0,0,0,0,0,0,0,0,0,0
14538,60000,1,3,2,29,0,0,0,0,0,0,4511,5529,6544,7093,7973,9038,1096,1111,660,1000,1200,0,1
14539,100000,1,3,1,35,0,0,0,0,0,0,96521,98728,74239,75704,55704,56810,3938,2515,2516,4022,2032,2112,0
14540,320000,2,2,2,28,1,0,0,0,0,0,0,0,2428,990,495,854,0,2428,990,0,854,495,0
14541,110000,2,2,1,62,0,0,0,0,0,0,33536,30155,26054,22918,23216,14371,3000,2000,3000,6000,2340,111,0
14542,50000,2,1,2,31,2,2,3,2,0,0,48903,53997,52298,50778,48055,45704,6500,0,0,3130,2532,1700,1
14543,50000,1,2,1,38,2,0,0,2,2,2,27686,28436,31051,31542,32185,32900,1500,3100,1300,1300,1400,1300,1
14544,140000,1,2,2,39,0,0,0,0,0,0,139079,143816,134472,130129,133031,136919,7000,4800,4659,5000,6100,6000,0
14545,80000,1,2,1,46,0,0,0,0,0,0,81283,80390,79080,77850,80330,80000,2892,3000,5390,4106,3000,0,1
14546,50000,1,2,2,23,0,0,0,0,0,0,47385,48790,19306,19857,20361,20051,2472,1234,785,900,2800,1500,0
14547,140000,2,2,1,35,1,2,0,0,2,2,130215,126720,128116,136956,134665,142199,0,5000,11000,0,10000,0,1
14548,210000,2,2,1,52,0,0,0,0,0,0,5723,3386,8964,2241,2241,2241,1237,4482,0,2241,2241,2241,0
14549,130000,1,2,1,35,0,0,0,0,0,0,8010,5932,4950,-2490,-37594,-21295,1500,1012,0,0,0,80000,0
14550,200000,2,1,2,31,0,0,0,0,0,0,4138,790,1230,390,390,390,790,1230,390,390,390,390,1
14551,110000,1,2,2,40,0,0,0,0,0,0,4202,5524,6144,7628,7111,7981,2000,2000,2000,1000,2000,0,0
14552,140000,2,2,2,27,2,2,0,0,0,2,107257,104122,104742,107626,114633,116904,0,3842,4626,8933,4300,0,0
14553,20000,1,2,2,43,0,0,0,0,0,0,390,390,390,390,540,930,390,390,390,540,780,0,0
14554,450000,1,2,2,30,0,0,0,0,0,0,610723,555086,497132,514249,462666,472480,20200,18000,25135,432130,17000,20000,1
14555,170000,1,2,1,36,0,0,0,0,0,0,87076,77902,54592,56128,57469,59669,3781,2104,3208,2998,3000,2208,0
14556,170000,2,2,1,36,0,0,0,0,0,0,158651,143801,138145,125499,124205,123940,5428,4707,4400,4450,4650,4500,0
14557,180000,1,2,2,29,0,0,0,0,0,0,175773,179866,173007,168743,172275,176861,6059,5653,6488,5138,6313,4754,0
14558,200000,1,1,1,39,0,0,0,0,2,2,303347,171592,176615,185049,188375,183069,6500,8051,13000,6500,0,6700,0
14559,80000,2,2,1,27,0,0,0,0,0,0,25424,24499,25181,5187,5524,5529,2000,2150,1000,2500,1000,1000,0
14560,150000,2,2,2,41,0,0,0,0,0,0,15938,16128,17051,15109,13895,14236,1317,2008,1004,505,573,1003,0
14561,160000,1,1,2,31,0,0,0,0,0,0,157303,161498,153226,78511,9808,8358,8055,5045,2280,305,2000,2000,1
14562,60000,1,3,2,38,0,0,0,0,0,0,3059,291,1131,441,443,732,291,1131,441,443,580,0,0
14563,240000,2,2,1,39,4,3,2,2,2,2,47739,46712,45660,48905,47993,52015,0,0,4000,0,5000,2000,1
14564,20000,1,2,2,24,0,0,2,0,0,0,12549,11552,6622,6232,390,930,2319,0,0,0,930,0,1
14565,500000,1,1,2,30,0,0,0,0,0,0,449733,425268,489942,437809,409337,406573,20120,120063,40000,12389,12000,10000,0
14566,280000,2,2,2,50,0,0,0,0,0,0,9173,11564,6781,5725,3989,2599,11574,7104,5857,3989,2599,27192,0
14567,200000,1,1,3,50,3,2,2,2,0,0,176077,179769,178358,177340,181281,191644,8000,3000,3400,6800,13600,5900,1
14568,290000,2,1,2,29,0,0,0,0,0,0,6649,15819,10986,8184,14936,19573,15837,11584,8184,14936,19573,6309,0
14569,80000,2,1,2,34,0,0,2,2,0,0,75517,77078,73783,68909,66308,60687,6000,2000,0,5065,6235,3000,1
14570,20000,2,3,1,61,2,2,2,2,0,0,2730,5461,6218,5970,8945,9896,2800,1000,0,3100,1100,0,1
14571,400000,2,1,2,41,0,0,0,0,0,0,48938,27703,43775,10644,42195,12246,27703,43947,10183,42195,12246,13663,0
14572,30000,2,3,1,53,0,0,0,0,0,0,30587,29462,28068,23362,29837,30357,1700,1288,982,32000,2000,1436,0
14573,130000,1,1,1,34,0,0,0,0,0,0,128846,130525,74745,68597,54774,53728,5170,2584,4000,2006,2000,2004,1
14574,60000,1,2,1,33,0,0,0,0,0,0,4843,8790,12420,14731,21508,7695,5000,5000,4000,4000,3500,3000,0
14575,20000,1,3,1,37,0,0,0,0,0,0,1439,1251,390,390,370,-20,1251,400,390,370,0,800,0
14576,160000,1,2,1,43,1,0,0,0,0,0,-3,-3,997,1798,800,0,0,1003,1804,202,0,50000,0
14577,110000,2,2,2,25,1,2,2,0,0,0,104871,107422,101930,102111,101521,100240,8000,0,4000,4000,3600,3500,0
14578,230000,1,1,1,40,0,0,0,0,0,0,87162,88801,87972,57846,57798,52071,4293,3000,1928,2000,2500,2000,0
14579,20000,2,1,2,22,0,0,0,0,0,0,18356,0,0,0,0,0,0,0,0,0,0,0,0
14580,140000,2,2,1,34,0,0,0,0,0,0,15550,17780,18226,19915,20891,21542,2500,1500,2000,1300,1000,1500,0
14581,130000,2,3,1,48,0,0,0,0,0,0,46206,46396,43812,42132,44190,44636,3000,3000,3000,4000,4000,3000,0
14582,130000,2,1,2,47,2,2,2,2,2,2,18454,21121,20484,22145,21652,23138,2976,0,2000,0,2000,0,1
14583,200000,1,2,1,30,0,0,0,0,0,0,113676,116355,117802,116296,60792,30808,6000,5000,6000,3000,1611,55000,0
14584,60000,2,3,1,43,2,2,0,0,0,0,4703,0,0,0,0,992,0,0,0,0,992,14000,1
14585,20000,1,1,2,25,1,0,0,0,0,0,-431,569,1769,2582,3184,3974,1000,1769,1000,800,1000,4000,0
14586,110000,2,1,2,32,1,0,0,0,0,0,0,0,0,0,0,0,0,0,0,0,0,0,1
14587,320000,2,1,2,27,1,0,2,2,0,0,0,638,500,0,0,0,638,0,0,0,0,0,1
14588,130000,1,3,3,40,2,0,0,0,0,0,88222,88288,84822,85970,86644,87576,3515,3107,5003,3203,3456,4000,0
14589,280000,1,1,1,50,3,5,4,3,2,0,327918,321476,314931,176439,154010,134334,0,0,500,0,6267,2257,0
14590,290000,1,1,2,34,0,0,0,0,0,0,1597,-2002,-1001,3999,0,4483,0,0,5000,0,4483,1209,0
14591,30000,2,3,1,28,0,0,0,0,0,0,17897,18944,19698,17855,13784,6616,1342,1096,514,1021,151,1077,0
14592,80000,1,2,2,28,0,0,0,0,0,0,54475,3075,0,6150,0,0,6150,0,6150,0,0,0,0
14593,70000,2,1,2,24,0,0,0,0,0,0,10916,12386,9864,5201,6950,7256,2000,2063,2000,2000,421,2000,0
14594,80000,2,3,1,44,0,0,2,0,0,0,80808,81615,79075,79604,78567,79810,6926,0,3000,3000,3300,3200,0
14595,200000,2,1,1,33,0,0,0,0,0,0,1853,5928,8789,0,0,0,5928,3000,0,0,0,0,0
14596,50000,1,2,1,28,0,0,2,0,0,0,96393,100459,96051,18051,18767,19462,5800,300,18000,1000,1000,1000,0
14597,120000,1,2,2,28,0,0,2,0,0,0,59946,49595,35786,32651,29972,27425,4000,0,1210,1000,1035,2000,0
14598,80000,1,1,2,29,0,0,0,0,0,0,51630,54183,55685,58642,60533,61823,4000,3000,4500,3000,2300,6500,0
14599,200000,2,2,1,35,2,0,0,0,0,0,51609,53165,55285,57370,59454,63461,3000,3000,3000,3000,5000,0,1
14600,90000,2,2,1,34,0,0,0,0,0,0,1905,1924,11855,665,0,665,1924,11855,10655,0,665,0,0
14601,30000,2,2,1,38,1,2,2,0,0,0,29803,30766,29918,29071,29527,30480,1734,0,1148,1034,2667,0,0
14602,30000,2,3,1,29,0,0,0,0,0,0,3489,14926,9937,8027,14709,7483,14969,9942,10,10022,384,0,0
14603,50000,2,3,2,23,0,0,0,0,0,0,47486,47963,33499,19227,19334,19735,1703,1304,680,696,717,677,0
14604,150000,1,2,2,31,0,0,0,0,0,0,148815,148090,133619,127043,112067,39901,5147,4900,4677,4707,1700,1000,0
14605,280000,2,2,1,42,0,0,0,0,0,0,256675,253682,260274,153516,156830,152045,13000,11000,8000,5866,8000,5616,0
14606,10000,1,3,2,25,0,0,0,0,0,0,6892,7915,10086,18714,9781,9979,1294,2465,500,1000,500,0,0
14607,160000,2,2,1,35,0,0,0,0,0,0,96515,139439,141416,112497,119511,119763,50439,6000,5000,9000,4000,4000,0
14608,160000,2,2,1,30,0,0,0,0,0,0,51400,0,0,0,0,0,0,0,0,0,0,0,0
14609,390000,1,1,1,46,0,0,0,0,0,0,6346,94921,53796,6009,9096,3267,94921,53796,6009,9096,3267,2901,0
14610,50000,1,2,2,22,0,0,0,0,0,0,34033,34622,19993,18852,18020,18537,1342,1500,700,651,1000,1000,1
14611,50000,1,2,2,26,0,0,0,0,0,0,18838,385,11500,2756,7000,12025,0,11615,2756,7000,12025,1880,0
14612,150000,1,2,2,28,0,0,0,0,0,0,95322,96903,94682,89207,46259,50504,3216,2338,2653,2001,5012,2058,0
14613,50000,1,3,2,23,0,0,0,0,0,0,47104,25555,16097,16337,16330,16708,2000,1500,800,700,650,700,0
14614,190000,2,1,2,39,0,0,0,0,0,0,83369,81617,83351,82989,83760,85707,3853,4000,3000,3200,3500,3500,0
14615,10000,1,3,2,29,2,2,6,6,6,6,142,142,142,142,142,142,0,0,0,0,0,0,1
14616,210000,2,1,2,37,1,0,0,0,0,0,-200,-200,199672,199272,199272,0,0,199872,0,0,0,0,0
14617,230000,1,1,2,32,0,0,0,0,0,0,1470,0,1470,735,419,316,0,1470,735,419,316,735,0
14618,150000,2,1,1,52,0,0,0,0,0,0,5094,29137,25772,48635,25907,7513,29148,25000,48635,13907,1513,46798,0
14619,230000,2,1,1,34,0,0,0,0,0,0,4358,6020,9938,9865,6981,12157,3000,5000,5828,6981,6157,6342,0
14620,80000,2,1,2,28,1,2,0,0,0,2,4885,3482,4251,4047,3547,221,0,1000,500,1000,0,1000,0
14621,160000,2,5,2,31,0,0,0,0,0,0,1790,0,31568,17638,1285,2705,0,31568,353,1285,2705,0,0
14622,500000,2,1,2,27,0,0,0,0,0,0,33299,60857,26324,26091,9558,4242,60957,27056,26096,9605,4242,930,0
14623,180000,2,1,2,34,0,0,0,0,0,0,43374,38842,37895,36002,31173,30832,2100,2000,5000,1500,1500,1500,0
14624,30000,2,2,2,23,1,2,2,2,2,2,28850,28102,30324,27446,29329,29720,0,2700,0,2300,1000,0,1
14625,130000,2,1,1,47,0,0,0,0,0,0,113470,110794,65715,67523,68131,68140,4000,3000,5500,3000,3000,1700,0
14626,10000,2,3,1,46,0,0,0,0,0,0,10400,0,0,0,1864,1720,0,0,0,1864,50,1500,0
14627,20000,2,2,1,45,0,0,0,0,0,0,650,264,264,264,654,654,264,264,264,1044,654,264,0
14628,30000,1,3,2,27,0,0,0,0,0,0,18556,20252,22419,22075,29466,28911,2000,3008,5066,29572,1911,1000,0
14629,30000,1,2,2,38,0,0,0,0,0,0,20996,25607,26813,25868,25418,27572,5000,2000,1089,3000,5000,0,1
14630,320000,2,1,1,39,0,0,0,0,0,0,206461,117168,128832,133329,53870,13185,5000,15000,5000,5000,3000,5000,0
14631,10000,1,2,2,23,3,2,2,2,2,2,10034,9239,10025,10227,9933,9884,0,1600,500,0,1000,0,1
14632,350000,2,0,2,53,0,0,0,0,0,0,5095,4815,61044,22611,1385,6043,4840,61349,22687,1389,6058,1153,0
14633,20000,1,3,2,35,0,0,0,0,0,0,17365,19001,20269,18654,18914,20200,2618,2276,791,686,1600,0,0
14634,50000,1,2,2,25,1,4,3,2,2,0,53086,51981,50805,51518,50713,51309,0,0,1800,108,2400,1926,0
14635,310000,1,1,2,28,0,0,0,0,0,0,153620,147023,127390,129886,130676,127738,6603,4600,4507,4027,4025,4018,0
14636,80000,1,2,2,34,0,0,0,0,0,0,66122,92131,47655,43182,44332,45440,2600,4300,2000,2000,2000,2000,0
14637,170000,1,1,2,43,0,0,0,0,0,0,1866,5750,200,41467,1028,2643,5750,200,41467,1328,2643,126,0
14638,10000,2,3,3,52,2,0,0,2,0,0,9970,9625,9622,7773,5968,5380,2001,1801,0,700,1300,3200,1
14639,30000,1,3,2,41,1,0,0,0,0,0,0,0,0,0,0,0,0,0,0,0,0,0,0
14640,170000,2,3,2,46,0,0,0,0,0,0,1986,1050,170,2785,3128,505,1050,170,2785,3128,505,190,0
14641,230000,2,1,1,32,0,0,0,0,0,0,700,1428,600,0,0,0,1428,600,0,0,0,0,0
14642,50000,2,2,2,23,0,0,0,0,0,2,16139,17261,14354,8713,1781,1615,1400,1000,500,1781,0,0,0
14643,300000,2,1,1,52,1,0,0,0,0,0,0,0,0,0,0,0,0,0,0,0,0,0,0
14644,210000,1,2,1,37,1,0,0,0,0,0,0,0,0,150,150,150,0,0,150,150,150,100,0
14645,20000,2,3,1,36,0,0,2,0,0,0,21309,22693,20899,20014,19331,17176,3150,0,800,850,660,650,0
14646,20000,2,2,1,32,0,0,0,0,0,0,16434,17191,0,0,0,0,1500,0,0,0,0,8000,0
14647,20000,2,2,2,25,2,2,2,0,0,0,16923,20319,19543,19534,19320,12442,4000,0,391,386,249,0,0
14648,80000,1,1,2,29,0,0,0,0,0,0,31637,27137,25986,23496,23601,24650,1734,2000,2000,2000,2000,2000,0
14649,30000,2,2,3,22,0,0,0,0,0,0,7928,2318,22430,20457,13964,14872,2318,22000,1000,1000,1000,1000,0
14650,200000,1,1,2,33,2,2,2,2,2,2,156558,167453,170010,172226,175918,179441,15000,6800,6500,6600,6600,5200,1
14651,210000,1,1,2,31,2,0,0,0,0,0,1172,380,1552,776,776,1359,380,1552,0,776,1359,20302,0
14652,330000,2,1,1,42,0,0,0,0,0,0,899,7445,0,3899,2707,8000,7448,0,3899,2707,8000,0,0
14653,30000,1,2,2,25,2,2,2,2,2,2,14420,15390,14846,16098,15700,16784,1500,0,1500,0,1500,0,1
14654,280000,1,1,1,39,0,0,0,0,0,0,17489,7542,2219,3008,849,1763,7614,2226,3008,1255,152446,0,0
14655,300000,1,1,1,37,0,0,0,0,0,0,1943,0,0,0,0,0,0,0,0,0,0,0,0
14656,10000,1,3,1,42,1,2,0,0,0,0,6091,6837,7666,9270,7897,8763,1000,1000,9501,500,1000,1000,0
14657,50000,2,2,2,24,0,0,0,0,0,0,27788,19742,20672,16336,16921,17489,2000,1600,1000,1000,1000,500,0
14658,280000,1,2,1,49,0,0,0,0,0,0,390,390,390,390,390,150,390,390,390,390,150,780,0
14659,20000,1,2,1,51,0,0,0,0,0,0,14681,14777,15025,16504,17950,19558,1562,1200,2000,2000,2000,3000,0
14660,130000,1,2,2,32,0,0,0,0,0,0,1496,1496,1496,1496,1496,1496,1496,1496,1496,1496,1496,1496,0
14661,20000,1,2,2,25,0,0,0,0,0,0,18193,18804,19324,18692,16035,12262,1800,1200,559,532,424,620,0
14662,120000,2,2,2,26,0,0,0,0,0,0,5820,216,3858,6849,2616,2805,216,3858,6849,2616,2805,3926,0
14663,400000,2,1,2,33,0,0,0,0,0,0,7768,31313,8744,11640,41432,20075,31330,8853,11816,41432,20974,44135,0
14664,300000,2,2,2,39,0,0,0,0,0,0,6293,5483,990,990,990,990,5490,990,990,990,990,990,0
14665,30000,2,2,2,23,0,0,0,0,0,0,12775,13864,14927,15378,15978,16560,1600,1600,1000,1000,1000,1000,0
14666,20000,1,2,1,47,0,0,0,0,0,0,14835,16605,19160,14506,12839,8495,3000,3000,5000,5000,3000,511,1
14667,320000,2,2,1,43,0,0,0,0,0,0,24685,27002,82271,5315,33059,908,30161,82271,5315,33059,908,6382,0
14668,80000,1,2,1,57,0,0,0,0,0,0,54211,55348,56477,57601,58807,60300,2007,2047,2060,2133,2469,2493,0
14669,160000,1,3,1,59,0,0,0,0,0,0,-220,390,170,-220,390,390,1000,170,0,1000,390,390,0
14670,80000,2,3,2,50,0,0,0,0,0,0,46914,47918,47620,48571,48525,43987,2210,1700,1614,1600,1600,1600,0
14671,280000,2,3,2,47,0,0,0,0,0,0,27572,38918,27000,27000,0,30460,39787,29000,27000,0,30460,5983,0
14672,210000,2,1,2,28,1,0,0,0,0,0,0,0,0,0,0,0,0,0,0,0,0,0,1
14673,250000,2,1,2,27,0,0,0,0,0,0,8769,990,0,0,955,8175,990,0,0,955,8200,2434,0
14674,120000,2,1,2,27,0,0,0,0,0,2,3215,700,700,10673,9671,9332,700,700,10673,2550,0,10000,0
14675,20000,2,2,2,27,0,0,0,0,0,0,15685,16731,18048,18102,18491,19173,1300,1600,650,681,1000,1000,0
14676,200000,2,2,2,35,0,0,0,0,0,0,72450,52795,41861,34531,1794,-345,5556,1000,2000,1000,0,0,0
14677,100000,1,1,1,45,0,0,0,0,0,0,42049,43570,44601,45598,46752,48008,2200,2100,2000,2000,2010,2006,0
14678,80000,2,2,1,53,0,0,0,0,0,0,48688,101878,20475,20325,20276,20662,2530,3990,850,800,1100,1100,0
14679,450000,2,1,2,39,0,0,0,0,0,0,242,0,2343,2313,8295,699,0,2343,2313,8295,1806,1274,0
14680,200000,2,1,1,38,0,0,0,0,0,0,5221,6875,5129,14997,2996,5525,6877,5129,17653,2996,6143,3538,0
14681,50000,2,2,2,28,0,0,0,0,0,0,47813,33463,29628,31230,0,0,1900,2000,2000,0,0,0,0
14682,500000,2,2,2,31,0,0,0,0,0,0,43818,45021,49283,66144,75191,80619,5000,5040,17604,10000,10000,10200,0
14683,50000,1,1,2,25,0,0,2,2,2,2,44663,48045,47306,49296,47220,49584,4100,400,3000,2,4005,6,0
14684,450000,2,1,1,29,0,0,0,0,0,0,72622,6920,7700,9700,11700,0,2000,1000,2000,2000,0,0,0
14685,130000,2,1,2,30,0,0,0,0,0,0,780,0,390,540,540,636,0,390,540,540,636,3636,0
14686,220000,2,1,2,29,0,0,0,0,0,0,-37,5645,11731,-729,-5960,-5960,5682,11742,0,5231,0,0,0
14687,210000,2,2,1,38,0,0,0,0,0,0,390,780,0,0,4853,5190,780,0,0,4853,5190,0,0
14688,50000,1,1,2,57,0,0,0,0,0,0,50698,51030,49984,20155,19959,20194,2100,1320,704,716,733,702,0
14689,260000,1,2,2,31,0,0,0,0,0,0,260783,54254,24119,16887,149104,127342,1743,24145,16900,150241,5285,942,0
14690,70000,2,2,2,26,0,0,0,0,0,0,35867,28496,28401,22587,24361,25424,3000,3005,3000,3000,1500,1008,0
14691,50000,1,2,1,37,0,0,0,0,0,0,49045,50174,43647,19305,20025,18584,2000,2000,1000,1000,1000,1000,1
14692,20000,1,2,2,28,2,2,2,2,2,2,12762,12272,14255,13729,14706,14320,0,2500,0,1200,0,1500,1
14693,170000,1,2,1,34,1,2,2,2,2,0,91450,90486,86004,64363,55912,54500,3400,0,3957,0,2200,1300,1
14694,100000,2,2,2,34,0,0,0,0,0,0,104660,104108,102066,99186,97140,95123,4589,4516,3645,3649,3724,3236,0
14695,200000,2,2,2,30,0,0,0,0,0,0,11916,23694,26397,12674,14068,6468,12366,11000,12674,14445,6867,399,1
14696,30000,2,3,1,59,1,2,2,2,2,0,28084,29299,28741,30467,29858,28898,1950,200,2492,0,580,0,1
14697,300000,2,1,2,39,0,0,0,0,2,0,89792,91558,93741,99802,97711,99538,4500,5000,8000,0,4000,4200,0
14698,360000,2,2,2,28,3,2,2,0,0,0,2500,2500,0,0,0,0,0,0,0,0,0,0,1
14699,140000,1,1,2,33,0,0,0,0,0,0,128891,103523,86543,68972,47268,2299,4637,2083,1503,1083,1121,67243,0
14700,360000,2,2,2,28,0,0,0,0,0,0,220,2755,1380,0,1999,-1,2755,1380,0,1999,0,500,0
14701,150000,2,2,1,43,0,0,0,0,0,0,32283,18361,9160,13596,11457,29550,18361,1000,13596,11457,18550,0,0
14702,280000,1,2,1,37,0,0,0,0,0,0,149227,152331,153080,156000,160000,40485,5505,3258,3120,4000,100045,10000,0
14703,230000,2,2,1,46,0,0,0,0,0,0,1443,1443,2886,1443,1443,1443,1443,2886,0,1443,1443,1443,0
14704,80000,2,3,1,46,0,0,0,0,0,0,70324,66864,32990,30059,28786,29371,3000,2003,1500,1200,1200,1500,0
14705,50000,1,1,2,32,0,0,0,0,0,0,20542,10858,0,777,793,26793,1411,0,777,16,26000,1000,0
14706,180000,1,1,2,30,1,0,0,0,0,0,0,1186,0,0,0,0,1186,0,0,0,0,0,1
14707,100000,1,2,2,34,2,2,2,2,2,2,32685,36546,37152,36258,38512,37741,4400,1500,0,3000,0,4000,1
14708,30000,1,1,2,30,1,2,2,2,0,0,21996,21356,23496,22820,23352,23963,0,2500,0,900,1000,1200,1
14709,80000,1,1,1,37,2,2,2,2,2,2,57844,59038,57501,60424,61811,63142,2700,0,4500,2500,2500,2400,0
14710,500000,2,1,1,39,0,0,0,0,0,0,28852,112344,26834,33120,21771,52277,90668,26834,33452,21881,52539,57159,0
14711,150000,2,2,2,33,0,0,0,0,0,0,6806,2774,0,500,399,0,2779,0,500,399,0,0,0
14712,50000,2,2,2,22,1,2,0,0,2,0,8566,8287,9288,9990,9694,9879,0,1300,1000,0,500,500,0
14713,260000,2,1,1,42,0,0,0,0,0,0,6000,4856,4328,15711,0,127395,4570,4353,17767,23209,127395,0,0
14714,410000,2,2,1,35,0,0,0,0,0,0,11193,1831,13745,6033,8326,8926,1831,13745,121,8326,8926,26392,0
14715,50000,2,3,1,33,0,0,0,0,0,0,39847,37561,36725,35346,33810,32788,1719,1783,1200,1200,1500,1000,0
14716,100000,2,2,1,39,0,0,0,0,0,0,100549,94471,57529,58070,58615,58760,3711,3155,1696,1889,1764,1714,0
14717,90000,2,3,1,37,0,0,0,0,0,0,62460,63354,64528,65815,67350,68605,2500,2300,2281,2519,2451,2300,0
14718,50000,1,1,2,32,2,0,0,2,0,0,16434,17550,21414,20774,21177,21612,1688,4476,0,888,788,1088,0
14719,200000,2,2,1,51,1,2,2,0,0,2,93215,95336,93114,94239,99428,101843,4300,0,3365,6700,4000,3500,0
14720,240000,1,1,2,33,0,0,0,0,0,0,6785,57953,20367,6997,15607,44412,58243,20469,7032,15685,44513,20159,0
14721,360000,1,1,2,29,0,2,0,0,0,0,6167,3506,10845,8336,5878,12903,17,10859,380,187,12966,1038,1
14722,170000,2,1,2,37,0,0,0,0,0,0,49699,32301,74152,38579,77819,47975,32305,74198,38804,66000,40970,25156,0
14723,80000,2,3,1,30,2,2,2,2,2,2,41687,42719,43018,44013,45058,46068,2000,1300,2000,1900,1900,0,1
14724,260000,1,3,1,49,0,0,0,0,0,0,8654,15260,6790,10070,585,435,15328,6914,10098,585,435,427,0
14725,70000,2,2,2,55,0,0,0,0,0,0,53214,54571,42413,42946,43843,44714,2230,2004,1537,1589,1598,1654,0
14726,30000,2,3,2,43,0,0,0,0,0,0,26828,25352,26553,26554,18869,12359,1588,1789,790,471,352,121,0
14727,290000,2,2,1,35,0,0,0,2,0,0,260698,267453,278924,235368,232117,230763,11019,20326,44,10035,10034,10062,0
14728,110000,2,2,1,46,0,0,0,0,0,0,110950,111750,111227,110849,110575,110394,4088,3912,3888,3975,4162,3945,1
14729,110000,1,2,1,30,0,0,3,2,2,2,57503,66128,64477,65413,66520,68270,9600,0,2600,2300,3000,5200,1
14730,200000,1,2,1,40,0,0,0,0,0,0,93700,95991,15040,14074,14758,15442,4512,2010,1000,1000,1000,0,0
14731,70000,2,3,2,22,0,0,0,0,0,0,52899,45758,37858,29660,29519,29457,1726,3028,1026,1195,1060,1031,0
14732,150000,2,2,2,29,0,0,0,0,0,0,84357,86398,64763,66093,62568,63828,2841,3000,1839,1773,1792,1846,0
14733,340000,2,2,2,43,0,0,2,0,0,0,106867,117152,113312,114379,113627,112193,12002,0,4387,4634,4519,2402,0
14734,30000,2,2,2,25,2,0,0,0,0,0,10343,11069,12082,12473,12623,27460,1200,1201,592,500,1500,0,1
14735,200000,1,1,1,40,0,0,0,0,0,0,390,394,388,822,386,540,400,390,830,400,550,310,0
14736,400000,2,2,2,44,0,0,0,0,0,0,4988,2986,96868,33745,5143,1601,3003,97353,33913,5168,1611,0,0
14737,110000,2,2,1,41,0,0,0,0,0,0,52388,41742,43852,39840,32801,33174,1780,3306,1108,1126,1269,679,0
14738,420000,1,2,1,36,0,0,0,0,0,0,56068,55115,19304,22304,28465,38182,15005,10013,10000,10000,20000,20000,0
14739,150000,2,5,1,45,0,0,0,0,0,0,232587,259740,241615,139741,144692,124197,30032,25099,80000,120000,95000,30000,0
14740,290000,2,1,1,36,0,0,0,0,0,0,97733,91270,79396,69925,71794,73597,3500,3000,3000,3000,3000,3000,0
14741,160000,1,1,1,58,1,0,0,0,0,0,0,0,0,0,4816,0,0,0,0,4816,0,0,0
14742,50000,1,3,2,31,0,0,0,0,0,0,44461,8635,-2550,-3300,-3300,-3300,1000,0,0,0,0,0,1
14743,150000,1,1,2,25,0,0,0,0,0,0,132684,128111,120509,74837,74391,66932,5713,12137,9005,2528,3119,2548,0
14744,500000,2,1,2,29,0,0,0,0,0,0,82715,29004,104650,75583,26728,78226,7057,134011,8000,10000,78226,50000,0
14745,140000,2,2,2,26,0,0,0,0,0,0,54868,56983,59152,67288,71674,31374,3000,4000,9500,5000,2000,1400,0
14746,200000,1,1,1,44,0,0,0,0,0,0,1785,750,0,0,708,15500,757,0,0,708,15699,0,0
14747,230000,1,1,1,46,0,0,0,0,0,0,519,518,2784,2360,1908,97,518,2784,32,0,0,0,1
14748,60000,2,2,2,26,0,0,0,0,0,0,53986,47413,36527,28170,28963,29456,2050,2011,1200,1400,1200,800,0
14749,150000,1,2,1,38,0,0,0,0,0,0,509,14310,980,1000,1132,8774,14310,980,1000,1132,8774,10867,0
14750,340000,2,1,2,29,0,0,0,2,0,0,2688,11432,12411,9119,29280,23093,11486,12824,10,29047,6153,3523,0
14751,140000,1,1,2,30,0,0,0,0,0,0,5600,0,0,0,5302,10251,0,0,0,5302,5251,0,0
14752,20000,2,1,1,41,1,3,2,0,0,0,6249,5965,2417,1616,1616,3067,0,0,0,0,3067,0,0
14753,200000,2,1,2,26,0,0,0,0,0,0,14513,84387,87121,87857,88766,90228,84387,5000,4000,4000,4000,3000,0
14754,20000,1,3,1,44,0,0,0,0,0,0,2522,169,1261,1170,780,390,169,1261,1170,0,0,0,0
14755,300000,2,1,1,29,0,0,0,0,0,0,64437,65905,67344,69268,70647,73044,2000,2000,2500,2100,3000,2000,0
14756,200000,2,1,1,64,0,0,0,0,0,0,2035,1261,69048,3352,1992,1176,1261,69054,2000,0,1176,11099,1
14757,180000,1,1,2,28,0,0,0,0,0,0,180387,182361,184097,177870,169767,175867,9000,8500,8500,8000,14250,8000,0
14758,30000,2,3,1,24,2,0,0,0,0,0,27896,29938,30061,29621,27956,29484,2506,1748,1003,1022,2000,1000,0
14759,350000,1,1,1,62,0,0,0,0,0,0,83393,10237,14580,61024,86809,177816,10237,14580,61024,86809,177816,82610,0
14760,160000,1,1,2,28,0,0,0,0,0,0,3236,-524,3003,737,0,894,0,3740,0,0,894,0,0
14761,20000,2,3,1,42,2,0,0,0,2,2,20205,16882,18094,19592,19930,20353,1500,1500,1800,800,900,36,1
14762,130000,1,1,2,28,1,0,0,0,0,0,0,3000,0,0,0,0,3000,0,0,0,0,1000,0
14763,180000,2,1,1,43,0,0,0,0,0,0,166569,144637,137261,135904,127905,129465,6000,6382,5000,4649,5084,4564,0
14764,220000,2,2,1,36,2,2,2,0,0,0,195725,197466,189149,187531,187856,186532,8200,0,7000,7000,7200,23700,1
14765,120000,2,2,2,25,0,0,0,0,0,0,54628,55235,45025,43834,43449,44675,2200,2000,1700,2000,2100,1500,0
14766,500000,2,2,1,33,0,0,0,0,0,0,48415,50588,32091,19615,23084,4528,15021,1408,392,7000,4528,22021,0
14767,150000,2,1,2,29,0,0,0,0,0,0,2889,3469,1791,570,0,0,3469,1791,570,0,0,399,1
14768,180000,1,1,2,29,0,0,0,0,0,0,18213,4390,1016,4745,0,0,4390,1016,4745,0,0,1400,0
14769,440000,1,1,2,30,0,0,0,0,0,0,390512,200426,170209,136020,101744,78482,10063,7784,4632,3458,2671,2027,0
14770,190000,2,2,1,35,0,0,0,0,0,0,189420,192058,185995,188649,190700,185912,8900,6700,6699,7400,6900,7400,0
14771,160000,2,2,1,40,0,0,0,0,0,0,766,766,766,766,0,27547,766,766,766,0,27547,20238,1
14772,20000,1,2,1,37,0,0,0,0,0,0,6372,2818,3734,3826,2110,2054,1100,1000,500,2110,2054,2505,0
14773,30000,1,3,1,44,0,0,0,0,0,0,10056,11387,12192,12986,13775,14393,1500,1300,1000,1000,1000,1000,0
14774,420000,1,1,1,32,1,0,0,0,0,0,8120,2205,-94,6300,1047,67631,1011,0,6394,1047,67643,2005,0
14775,370000,2,1,2,28,0,0,0,0,0,0,68452,71014,72547,74501,76058,77572,3513,3046,3000,2589,2603,2695,0
14776,60000,1,2,2,35,1,2,0,0,0,0,62522,60932,113580,673,28976,29719,0,1680,2752,59358,1231,1200,0
14777,180000,1,2,2,43,0,0,0,0,0,0,106765,99297,69691,71234,72930,75734,10000,5000,2703,3000,4013,10000,0
14778,90000,2,3,2,25,0,0,0,0,0,0,16977,19612,5613,5613,10113,10113,3000,3000,0,4500,0,3440,0
14779,250000,2,2,2,24,2,0,0,0,0,0,69770,70954,70681,69497,41367,17004,3562,1914,1517,2000,8001,295,1
14780,30000,2,1,2,25,0,0,0,0,0,0,25115,26287,26602,21000,0,0,1886,1620,0,0,0,0,1
14781,140000,1,1,1,41,0,0,0,0,0,0,4523,12171,0,0,0,10832,12171,0,0,0,10832,0,0
14782,180000,2,1,2,26,0,0,0,0,0,0,51699,48469,49553,49772,50829,51234,2200,2200,2000,2000,2100,1600,0
14783,70000,2,1,2,30,0,0,0,0,0,2,12196,13291,14563,14625,15589,15189,1300,1500,600,1200,0,600,0
14784,320000,2,2,2,36,0,0,0,0,0,0,29862,33785,4900,15813,0,0,5000,4905,15873,0,0,21657,1
14785,150000,1,1,2,28,1,0,0,0,0,0,0,0,0,65696,67148,68460,0,0,65696,3000,3000,4000,0
14786,20000,1,2,2,29,0,0,0,0,0,0,3785,4871,7817,7977,0,0,1154,3100,160,0,0,0,1
14787,30000,1,1,2,25,0,0,0,0,0,0,19041,20232,21293,22040,22786,23410,1500,1400,1100,1100,1003,2000,1
14788,500000,1,1,2,31,0,0,0,0,0,0,239824,226716,115610,89359,63609,123128,5614,118640,5841,6000,100000,5000,0
14789,30000,2,2,2,22,2,2,2,0,0,2,200,200,200,29847,30089,27957,0,0,29847,340,0,0,0
14790,50000,1,2,3,41,0,0,0,0,0,0,780,12667,6713,6452,6188,4048,12667,1055,184,182,153,100,0
14791,20000,1,3,1,44,0,0,0,0,0,0,5855,6874,8037,8253,8427,9468,1122,1285,500,307,1182,0,0
14792,10000,2,3,1,51,2,2,0,0,0,0,103,-677,-677,-1067,-747,71,0,0,0,1100,818,1418,1
14793,500000,2,3,1,45,0,0,0,0,0,0,338,338,98,522,285,950,338,98,522,285,950,285,0
14794,20000,1,1,2,25,2,2,4,4,3,2,2902,6888,7638,7388,6991,33327,4200,1000,0,0,27150,900,1
14795,200000,2,1,1,28,0,0,0,0,0,0,40559,44565,46815,52978,53970,56064,5000,3000,7000,2000,3000,3000,0
14796,10000,1,2,1,31,0,0,0,2,0,0,6106,7199,10215,9943,9758,9335,1200,4442,0,1200,1200,0,0
14797,50000,2,3,1,43,2,2,2,2,2,2,44865,46760,47390,44520,45310,44430,2923,1700,0,3500,0,2000,1
14798,320000,2,2,1,35,0,0,0,0,0,0,177391,182132,101849,92474,95279,77536,8200,4364,18000,4000,2576,5000,0
14799,50000,1,2,1,41,0,0,0,0,0,0,48729,19598,0,0,0,402,1000,402,0,0,402,19603,0
14800,30000,2,1,1,41,0,0,0,0,0,0,15636,4542,4075,3668,0,0,2000,1000,1000,1000,1800,0,0
14801,110000,1,3,2,36,0,0,0,0,0,0,2509,1260,0,0,0,0,1260,0,0,0,0,0,1
14802,50000,2,1,1,35,1,0,0,0,0,0,0,354,134,134,0,0,354,134,0,0,0,190,0
14803,140000,2,1,2,29,1,2,0,0,0,0,112592,108669,110174,111079,113439,114983,0,5500,4900,5000,4112,4500,0
14804,90000,2,1,1,44,0,0,0,0,0,0,539,0,0,0,0,0,0,0,0,0,0,0,0
14805,60000,1,2,1,49,0,0,0,0,0,0,59578,66781,65508,17677,19481,19205,22000,2188,2501,2512,4005,2604,1
14806,20000,1,2,2,24,2,2,2,2,2,2,16276,16715,18327,17735,19446,18988,1000,2200,0,2000,0,1200,0
14807,340000,2,1,1,62,0,0,0,0,0,0,509365,522309,534137,466565,466774,471573,20309,20137,16565,16774,21573,21000,0
14808,30000,1,2,2,29,1,3,2,0,0,0,31986,31189,29634,28174,27307,24449,0,4,1020,1110,989,982,0
14809,170000,1,1,1,35,0,0,0,0,0,0,481,326,526,526,635,760,326,526,526,635,760,526,1
14810,130000,1,1,1,45,2,0,0,2,2,2,53709,55244,58716,57174,61240,61284,3000,5000,0,5000,1200,3000,1
14811,250000,2,2,1,44,0,0,2,2,2,0,6107,8837,8535,10647,10352,12788,3000,0,3000,0,3000,3000,0
14812,200000,2,2,1,36,0,0,0,0,0,0,390,1308,1662,14490,34902,390,1308,1662,14987,34902,390,7500,0
14813,10000,2,2,1,49,0,0,0,0,0,0,3100,4116,5280,5543,5605,5717,1073,1237,500,300,205,300,1
14814,180000,2,2,2,29,0,0,0,0,0,2,13936,0,0,0,1030,440,0,0,0,1030,0,0,0
14815,230000,2,1,2,29,0,0,0,0,0,0,8916,318,725,2586,3198,4260,318,725,2592,3198,4260,4944,0
14816,200000,2,3,1,45,0,0,0,0,0,0,11025,6959,887,1462,15195,17933,6959,887,1462,15195,17933,887,0
14817,90000,2,3,2,33,0,0,0,0,0,0,130765,98506,94475,39368,34884,424,4800,4000,1000,698,424,26979,0
14818,130000,1,3,2,28,0,0,0,0,0,0,3964,600,0,631,0,427,600,0,631,0,427,1747,0
14819,230000,1,1,2,26,0,0,0,0,0,0,1099,19686,3036,4806,-1,1699,19686,4000,4806,0,1700,3658,0
14820,320000,1,2,2,36,0,0,2,0,0,0,289508,302561,283356,275361,268871,256974,21041,1514,9122,9518,9209,10213,0
14821,30000,1,3,2,34,2,2,2,0,0,0,24367,28682,27922,28632,29075,30891,4723,0,1173,1056,2300,0,1
14822,80000,2,2,2,25,0,0,2,0,0,0,57994,17695,7987,2622,2449,-331,3327,44,2629,2457,0,0,0
14823,80000,2,1,1,35,0,0,0,0,0,0,1000,0,0,0,490,707,0,0,0,490,707,450,1
14824,260000,2,2,1,45,0,0,0,0,0,0,7893,5923,5601,5480,5911,5963,5923,5601,5482,5911,5963,5757,0
14825,20000,1,3,2,26,2,0,0,0,0,0,14081,15835,16985,19985,9421,9764,2000,2000,3000,1000,500,1000,1
14826,200000,2,2,1,34,0,0,0,0,0,0,795,1795,3618,0,1496,0,1000,3618,0,1496,0,0,1
14827,80000,2,2,2,23,0,0,2,0,0,0,54658,45978,32431,27674,23304,6586,5573,5,2000,1000,132,1998,0
14828,100000,2,1,2,42,0,0,0,0,0,0,60380,58567,79527,18950,19667,18531,2200,22004,656,1000,396,300,0
14829,150000,2,5,1,35,0,0,0,0,0,0,39708,37441,36143,33567,32447,32592,1608,1510,1170,1183,1140,1141,0
14830,80000,2,1,2,27,0,0,0,0,0,0,76306,75970,77468,60167,57474,58815,3600,3574,2300,2300,2300,2200,0
14831,20000,2,2,2,48,0,0,0,0,2,0,7684,8565,4519,3520,1680,5285,1200,2008,1680,0,5285,0,0
14832,200000,2,2,1,26,0,0,0,0,0,0,15150,16311,16900,5000,0,282,1411,1000,5000,0,282,8423,0
14833,120000,2,2,1,41,2,0,0,0,0,2,36850,40232,41256,44063,46686,48768,4000,2000,3500,3500,3000,0,1
14834,30000,1,3,2,50,2,0,0,0,0,0,46868,42397,38569,33570,19895,30125,1800,2200,1400,2000,30000,997,1
14835,200000,1,1,2,37,0,0,0,0,0,0,118134,126591,134110,139209,135902,138997,15034,20038,20019,5014,10047,10238,0
14836,80000,2,3,2,38,0,0,0,0,0,0,77929,77711,74525,61360,49359,48253,3006,2747,2344,1756,1758,1717,0
14837,280000,2,1,1,46,0,0,0,0,0,0,11967,183,1699,0,2722,0,183,1699,0,2722,0,1041,1
14838,500000,1,1,2,40,0,0,0,0,0,0,353356,320704,321094,317546,279250,239172,17000,11684,15000,8995,9457,10000,0
14839,120000,2,1,1,37,0,0,0,0,0,0,696,-4,1878,407,247,1817,0,1882,407,247,2000,0,0
14840,220000,2,2,1,41,0,0,0,0,0,0,4016,3962,2908,3054,3054,0,3000,2000,3200,3054,0,0,0
14841,360000,1,2,1,34,0,0,2,0,0,0,6287,3580,2224,1206,-11,2216,2505,5,12,0,2227,0,0
14842,210000,2,1,1,35,0,0,0,0,0,0,142422,143650,0,0,0,0,6500,0,0,0,0,0,0
14843,160000,2,1,1,28,1,3,2,0,0,0,4529,4269,1170,780,780,0,0,0,0,0,0,0,1
14844,100000,2,1,2,29,0,0,0,0,0,0,0,0,0,0,0,0,0,0,0,0,0,0,1
14845,400000,2,1,2,31,0,0,0,0,0,0,4209,14858,28082,20188,68992,27613,14894,28222,20214,57060,16017,115710,0
14846,110000,2,2,1,46,0,0,0,0,0,0,111301,69352,58442,55485,53539,41193,3075,3000,2000,2941,1512,2040,0
14847,360000,1,1,1,37,1,0,0,0,0,0,0,0,0,0,0,0,0,0,0,0,0,0,1
14848,500000,2,2,1,48,0,0,0,0,0,0,39734,149570,137549,130893,108030,144938,117243,4500,4500,5000,50000,4578,0
14849,130000,1,2,2,27,0,0,0,0,0,0,116646,113851,110317,108099,106028,104253,5578,4000,3863,3831,4136,5385,0
14850,60000,2,1,2,26,0,0,0,0,0,0,17873,5959,2933,2933,4933,1983,3000,1000,0,2000,0,13072,0
14851,240000,1,1,1,39,0,0,0,0,0,0,33984,2300,6904,15980,0,9060,3000,7104,15980,0,9060,3935,0
14852,100000,2,2,1,40,0,0,0,0,0,0,-14,1452,4091,3011,5955,0,1466,4091,3020,5955,0,2835,0
14853,150000,2,2,1,38,0,0,0,0,0,0,5195,4177,7444,19997,4095,52207,4185,7447,20013,4095,25869,0,0
14854,290000,1,2,1,39,0,0,0,0,0,0,209265,215887,220787,223810,228043,234257,10000,10000,8165,9000,10000,7010,0
14855,50000,1,2,2,43,0,0,0,0,0,0,34110,3552,0,0,0,0,3505,0,0,0,0,0,0
14856,30000,2,2,2,46,1,0,0,0,0,0,8891,24501,24886,25014,29356,25515,28001,1245,763,5000,1164,9114,0
14857,210000,2,2,1,35,0,0,0,0,0,0,1338,1508,1409,1549,2454,946,1508,1409,1549,2454,946,1525,0
14858,100000,2,1,2,30,0,2,0,0,0,0,14729,5691,11440,7470,44097,56328,0,6000,0,44097,15000,0,0
14859,30000,2,3,2,40,0,2,0,0,0,0,780,390,650,260,370,-20,0,650,0,500,0,800,0
14860,30000,2,3,2,34,0,0,0,0,0,0,9318,10621,15685,5476,0,0,10621,15685,5827,0,0,0,0
14861,80000,2,3,1,34,2,3,2,2,2,0,78489,76697,74847,79620,78257,79953,0,0,6000,0,3200,3000,0
14862,30000,2,2,2,24,2,2,7,7,7,7,2550,2550,2550,2550,2550,2550,0,0,0,0,0,0,1
14863,70000,2,3,2,41,0,0,0,0,0,0,32581,32888,33481,33683,34227,34327,2000,1500,1138,1806,1383,1250,0
14864,470000,2,1,2,27,0,0,0,0,0,0,2981,3182,1512,3657,6556,3772,3182,1512,3657,6556,3772,957,0
14865,180000,2,1,1,39,1,0,0,0,0,0,0,0,0,0,0,0,0,0,0,0,0,0,1
14866,20000,1,2,1,32,0,0,0,0,0,0,17106,18282,19424,19208,19600,20000,1458,1600,384,392,400,0,1
14867,420000,1,1,1,60,0,0,0,0,0,0,195379,198147,200431,200252,202789,205082,8003,7529,10005,8015,10018,7715,0
14868,100000,2,2,2,29,0,0,2,0,0,2,95205,102039,99504,94453,99711,97944,9300,0,3400,6800,0,3500,1
14869,130000,2,3,1,53,0,0,0,0,0,0,18614,20343,22386,24296,25436,27451,2343,2386,2296,1536,2451,2659,0
14870,200000,1,1,1,34,0,0,0,0,0,0,780,0,390,3672,390,390,0,390,3672,390,390,390,0
14871,150000,1,1,2,44,1,2,0,0,0,0,10710,4982,800,56800,54588,-7,137,15800,56800,0,7,79447,0
14872,410000,2,1,2,30,0,0,0,0,0,0,6972,3188,15106,15313,10959,8341,3188,15106,6000,0,8341,17331,0
14873,30000,1,1,1,40,0,0,0,0,0,0,1047,447,318,258,0,318,447,318,258,0,318,1991,1
14874,20000,1,2,2,23,1,2,0,0,0,0,9352,9059,9823,10023,0,0,0,1000,200,0,0,0,1
14875,130000,2,2,2,30,0,0,0,0,0,0,126834,128882,15621,0,0,0,5802,1000,0,0,0,0,0
14876,180000,2,1,2,28,0,0,0,0,0,0,0,0,0,1430,0,0,0,0,1430,0,0,0,0
14877,120000,1,1,2,32,0,0,0,0,0,0,45117,45607,46247,45974,45854,45191,3000,3000,2000,2000,1500,1500,0
14878,190000,2,3,1,27,0,0,2,0,0,0,43903,53382,21811,2921,107441,108642,10882,0,2921,107441,4000,3700,0
14879,30000,2,2,1,53,0,0,0,0,0,0,26891,28151,28827,29412,26199,27116,2000,1500,1000,1000,1351,1000,0
14880,170000,1,1,2,28,0,0,0,0,0,0,73254,68005,63311,57304,51663,45795,2500,3000,2200,2000,1700,1500,0
14881,120000,1,3,1,32,1,2,2,2,2,2,110826,113572,114719,115736,117729,120601,6000,4500,4400,4000,5000,4700,0
14882,50000,1,2,2,34,1,2,2,2,0,0,35548,31713,50319,42805,39207,50155,0,21220,13,1510,15018,21,0
14883,100000,1,2,2,50,1,0,0,0,0,0,0,2976,44591,8910,0,0,2976,44591,0,0,0,0,0
14884,20000,2,2,2,26,2,2,2,2,2,0,10372,12897,12393,14185,13817,14434,3000,0,2000,0,1000,3000,1
14885,40000,1,1,2,25,0,0,0,0,0,0,511,513,1531,1017,506,499,513,1531,0,0,499,0,1
14886,300000,1,1,1,45,0,0,0,0,0,0,1095,2930,2228,452,0,0,2941,2228,452,0,0,0,0
14887,230000,2,3,1,37,1,0,0,0,0,0,0,0,0,0,2533,0,0,0,0,2533,0,500,0
14888,280000,2,1,1,38,0,0,2,0,0,0,5165,8559,6455,544,0,4694,6455,11,5,0,4694,5292,1
14889,450000,2,1,3,37,1,0,0,0,0,0,0,0,0,0,0,0,0,0,0,0,0,0,0
14890,260000,1,2,2,30,0,0,0,0,0,0,7426,6887,7757,8172,8407,8681,2000,1757,2000,2000,2000,2000,0
14891,50000,2,3,1,39,0,0,0,0,0,0,43994,33508,37600,0,0,-5000,5000,5000,0,0,0,5000,0
14892,50000,2,2,1,29,2,2,7,7,7,6,2550,2550,2550,2550,2550,1950,0,0,0,0,0,0,1
14893,240000,2,2,1,36,0,0,0,0,0,0,227797,192920,185654,181350,186501,187457,10011,7722,9000,8000,7000,7000,0
14894,70000,2,2,1,32,1,2,2,2,2,2,22914,23953,23275,24584,24051,26654,1700,0,2000,0,3000,600,0
14895,60000,2,2,2,30,0,0,0,0,0,0,60922,59205,60850,40548,40580,40416,3205,2850,1578,1580,1416,2512,0
14896,230000,2,2,1,31,0,0,0,0,0,0,160413,149267,126107,105831,82694,65983,6011,5012,2000,2300,2400,1500,0
14897,30000,1,1,2,27,0,0,0,0,0,0,27159,27577,28838,28085,28428,29430,1500,1749,1200,1100,1465,1386,0
14898,80000,2,3,1,29,1,2,0,0,0,0,80867,75615,77343,78883,79915,80296,0,3000,2744,3022,6000,2800,1
14899,360000,2,2,1,40,0,0,0,0,0,0,0,0,0,0,0,0,0,0,0,0,0,0,0
14900,200000,2,1,1,49,0,0,0,0,0,0,51024,27254,36052,38440,40555,49699,10000,10021,5000,6000,10000,10000,0
14901,150000,2,1,2,37,0,2,2,0,0,0,180,1582,1402,3244,-13,-13,1402,0,3244,0,0,0,0
14902,260000,2,1,1,42,0,0,0,0,0,0,387,616,450,773,268,402,616,450,773,268,402,334,0
14903,180000,2,2,2,24,0,0,0,0,0,0,126420,130905,136925,56669,24610,20476,6519,10000,3000,2000,2000,1000,0
14904,220000,2,3,1,32,0,0,0,0,0,0,8178,9509,9110,6401,7084,5625,9140,9046,6007,5030,5019,5018,0
14905,180000,2,1,2,40,0,0,0,0,0,0,42790,43899,45172,46121,95432,50984,1800,2000,2000,2332,5000,1000,0
14906,90000,2,6,3,46,0,0,0,0,0,0,77263,26691,21066,20422,20327,13619,8333,1494,600,1000,1000,257,0
14907,20000,1,2,2,24,0,0,2,0,0,0,14558,17212,16635,16678,17268,17563,3200,0,600,1840,800,626,0
14908,290000,2,2,2,31,0,0,0,0,0,0,172758,176718,181392,173856,172835,176710,8100,9000,6500,7000,6800,7000,0
14909,210000,1,2,1,35,0,0,2,0,0,0,396,1188,792,396,396,396,1188,0,0,396,396,396,0
14910,20000,1,1,2,31,0,0,0,0,0,0,18551,19595,20546,20250,19754,19833,1647,1598,692,697,777,797,0
14911,310000,2,1,2,27,0,0,0,0,0,0,115126,105687,102306,93929,87681,73479,5222,5197,4000,5000,3980,3271,0
14912,240000,1,2,1,42,0,0,0,0,0,0,66394,63650,7117,2898,5530,67010,1273,7117,2905,5530,46275,17446,0
14913,330000,2,2,1,42,0,0,2,2,0,0,-4,8223,2996,207,-3,500,15450,0,209,3,503,0,1
14914,310000,2,2,2,29,0,0,0,0,0,0,1469,1340,9794,15792,8944,88643,1340,9794,7004,1000,89137,4150,1
14915,30000,1,2,2,26,2,2,2,2,2,2,200,200,200,200,200,200,0,0,0,0,0,0,1
14916,470000,1,1,1,37,0,0,0,0,0,0,134561,226498,165474,120644,119006,110780,150055,7046,10000,15029,15017,10023,0
14917,280000,2,1,1,56,0,0,0,0,0,0,89739,73565,77944,81926,79277,78723,4000,6000,6000,7000,5000,5000,0
14918,120000,2,1,1,34,1,0,0,0,0,0,0,0,0,0,0,0,0,0,0,0,0,0,0
14919,240000,1,2,2,28,0,0,0,0,0,0,4882,5205,2747,4594,4092,4361,5220,2773,4614,4104,4374,2443,1
14920,800000,1,2,1,53,0,0,0,0,0,0,7639,5552,64535,40814,12590,9339,11145,64657,131,247,9366,63482,0
14921,320000,2,1,2,30,0,0,0,0,0,0,1663,7025,1189,0,2701,2043,7025,1189,0,2701,2043,0,1
14922,140000,2,1,1,34,0,0,0,0,0,0,103288,98632,93615,91282,88128,87812,4500,4126,3509,3500,4000,3500,0
14923,20000,1,2,2,25,2,2,2,2,0,0,8880,9889,10087,9585,10082,10965,1500,700,0,1000,1400,0,0
14924,160000,2,2,2,43,1,0,0,0,0,0,0,0,0,0,0,695,0,0,0,0,695,0,0
14925,280000,2,2,1,38,0,0,0,0,0,0,237821,223180,237301,201226,207802,219281,11000,20000,10000,10000,15000,10000,0
14926,330000,2,2,2,33,0,0,0,0,0,0,166917,159118,149325,143242,138627,139977,7400,6600,4800,5000,5400,5100,0
14927,230000,2,1,1,24,0,0,0,0,0,0,35000,35000,44884,10086,6905,237,35000,44884,202,405,237,3566,0
14928,50000,1,2,2,25,0,2,2,0,0,0,1170,780,0,0,0,0,0,0,0,0,0,0,1
14929,210000,2,2,2,33,1,0,0,0,0,0,21854,17376,18796,117846,118877,121476,2269,3000,100004,4000,3687,3500,0
14930,170000,1,2,2,29,1,0,0,0,0,0,0,0,0,0,0,0,0,0,0,0,0,0,0
14931,220000,1,1,2,47,0,0,0,0,0,0,159351,162791,167631,169593,172967,183598,6000,7536,6231,6271,13500,0,0
14932,90000,1,1,2,30,0,0,0,0,0,0,1166,1918,930,930,2250,930,1918,1194,930,2250,930,930,0
14933,20000,1,2,1,26,1,2,2,2,2,2,11338,10870,12380,11884,12894,12540,0,2000,0,1203,0,1700,0
14934,480000,2,2,1,31,0,0,0,0,0,0,20824,21960,20885,19949,23031,27176,5004,5000,795,5000,5000,10000,0
14935,140000,1,1,1,36,0,0,0,0,0,0,40836,41878,42977,43960,45093,46342,2001,2100,2000,2000,2000,5000,0
14936,160000,1,1,1,41,0,0,0,0,0,0,97266,99466,102650,0,0,0,3769,5000,0,0,0,0,0
14937,80000,2,2,1,41,0,0,0,0,0,0,78337,77959,78206,72040,73733,75309,3500,3700,3000,3000,2793,3000,1
14938,100000,2,1,2,22,2,0,0,0,0,0,72222,73859,75427,76587,78711,80510,3400,3400,3000,3500,3200,2000,0
14939,310000,2,2,2,35,0,0,0,0,0,0,184404,180576,175348,139525,139156,115785,6225,5808,4312,4427,4524,4263,0
14940,200000,2,2,1,36,0,0,0,0,0,0,371,37647,371,2977,3784,10579,37647,371,2977,3784,10579,10546,0
14941,50000,1,2,1,55,0,0,0,0,0,0,25330,25894,26866,26673,26871,27009,1745,1717,914,1000,963,1112,0
14942,100000,2,2,1,39,2,2,0,0,0,0,78353,77726,79151,80249,82405,77011,1200,3400,2900,3500,3000,6100,1
14943,240000,2,1,2,26,1,0,0,0,0,0,0,189,651,0,127,0,189,651,0,127,0,0,0
14944,30000,1,2,1,53,0,0,0,0,0,0,18112,18456,19004,19030,24541,26305,1329,1267,683,8000,2731,0,0
14945,180000,1,3,1,43,0,0,0,0,0,0,3690,15618,4685,238,218,6690,15682,4699,238,218,6710,11949,0
14946,40000,2,1,2,24,0,0,0,0,2,0,38272,39159,40007,41973,40689,40640,2000,2000,3100,0,1500,1500,1
14947,70000,2,2,1,31,0,0,0,0,0,0,71065,69311,70882,68678,69030,66791,2566,2775,2381,3000,2452,2608,0
14948,50000,2,2,2,22,0,0,2,0,0,0,30631,30479,28301,26829,27173,26424,4809,0,1200,1500,943,1142,0
14949,500000,1,2,2,30,1,0,0,0,0,0,2817,7682,47403,36067,46054,34290,5037,47221,5026,16005,2000,1000,0
14950,200000,2,1,2,33,0,0,0,0,0,0,390,0,780,0,0,0,0,780,0,0,0,0,0
14951,250000,1,1,1,51,2,2,2,2,2,2,2487,2487,2487,2487,2487,2487,0,0,0,0,0,0,1
14952,50000,1,1,1,49,1,2,2,0,0,0,48518,49244,45385,17912,31278,14818,1800,82,1500,10000,1062,549,0
14953,180000,1,2,1,33,1,0,0,0,0,0,0,0,0,0,0,0,0,0,0,0,0,0,0
14954,160000,2,1,1,42,0,0,0,0,0,0,3607,4417,1058,2146,2534,2242,4417,1058,2146,2534,2242,2254,0
14955,20000,1,2,2,40,1,2,2,2,3,2,15476,16533,15975,17903,17336,16910,1600,0,2500,0,0,2000,0
14956,50000,2,2,1,44,0,0,0,0,0,0,27321,24726,22581,20192,18813,17328,1415,1500,700,700,629,488,0
14957,20000,2,1,2,23,0,0,0,0,0,0,17165,18387,19573,19504,19642,20128,1500,1600,700,1000,1000,1000,0
14958,150000,2,1,2,24,0,0,0,0,0,0,291,291,291,658,441,1197,291,291,658,441,1197,8007,0
14959,360000,1,2,2,48,0,0,0,0,0,0,29269,26763,23202,24979,26734,17956,1500,2000,2000,2000,2000,3000,0
14960,20000,1,2,2,28,0,0,0,0,0,0,8814,10167,21774,10707,10539,10757,1500,1200,378,389,400,600,0
14961,170000,2,2,2,32,0,0,0,0,0,0,71752,73282,74707,75626,75845,25140,2687,2671,3100,3286,1100,1000,0
14962,30000,1,3,2,42,0,0,2,0,0,0,27742,31130,29105,58840,28840,1319,4600,0,1060,1091,1319,565,0
14963,80000,2,2,1,29,0,0,0,0,0,0,49528,44639,39720,34465,29488,32912,1730,1644,1222,1400,10000,1200,0
14964,110000,2,2,2,25,0,0,0,0,0,0,111115,113515,111815,79375,78541,79731,6000,5000,3000,3100,3000,3000,0
14965,140000,1,2,2,25,0,0,0,0,0,0,1198,4656,1516,-660,249,-427,4660,2000,0,2200,1500,1400,0
14966,50000,1,2,2,34,0,0,0,0,0,0,50713,49402,44415,0,0,0,3000,1000,0,0,0,0,0
14967,120000,2,2,1,34,0,0,0,0,0,0,88210,86473,86353,84327,82469,82491,3300,3022,3100,3000,3100,3000,0
14968,10000,1,3,2,22,0,0,0,0,0,0,18289,9217,10203,9634,9857,9704,1317,1303,334,373,326,1359,0
14969,20000,2,1,1,43,0,0,0,0,0,0,1716,4019,2500,1000,0,0,4027,2500,0,0,0,0,0
14970,180000,2,1,2,31,0,0,0,0,0,0,4582,1359,316,3072,2756,2440,1359,316,3072,0,0,316,1
14971,240000,2,2,2,24,0,0,0,0,0,0,50787,51524,31783,33993,36783,37102,1601,1400,3000,3180,37102,904,0
14972,120000,1,2,1,30,1,2,0,0,0,0,6305,7052,8786,8863,10763,7140,1000,2000,177,2000,1000,0,1
14973,150000,2,1,2,28,0,0,0,4,3,2,8982,0,1187,1182,882,441,0,1187,0,0,0,583,0
14974,30000,1,3,1,55,2,2,7,7,7,7,2395,2395,2395,2395,2395,2395,0,0,0,0,0,0,1
14975,80000,1,1,2,31,0,0,0,0,0,0,17873,65585,64047,48107,48620,45280,65592,2051,2002,2013,2004,2000,0
14976,50000,1,1,1,28,0,0,0,0,0,0,4545,0,0,0,0,0,0,0,0,0,0,0,1
14977,30000,2,3,1,58,2,2,2,2,2,2,26580,27652,27905,27158,29239,29791,1800,1000,0,2518,1185,1200,1
14978,200000,1,1,1,29,0,0,0,0,0,0,9585,1686,820,1889,6617,3986,1735,824,1889,6617,3986,2460,0
14979,480000,2,2,2,31,0,0,0,0,0,0,1759,1759,1759,1759,1759,1759,1759,1759,1759,1759,1759,1759,1
14980,50000,1,2,2,55,2,0,0,0,0,0,21133,21793,19641,15848,16026,16359,1325,1506,713,582,600,607,1
14981,30000,1,2,1,23,2,2,2,2,2,2,28224,29276,28635,30127,30525,29793,1800,150,2250,1000,0,700,1
14982,300000,2,1,2,31,0,0,0,0,0,0,7834,1086,316,316,316,316,1093,316,316,316,316,316,1
14983,500000,2,2,1,36,0,0,0,0,0,0,4952,6607,8544,15351,5839,9192,3008,4005,8048,131,9213,111,0
14984,350000,1,1,2,30,0,0,0,0,0,0,18265,31619,2071,2915,1011,23620,16158,2081,2929,1016,23738,919,0
14985,150000,1,1,1,41,0,0,0,0,0,0,6780,10633,3260,0,0,1081,10638,3260,0,0,1081,0,0
14986,30000,1,2,1,46,0,0,0,0,0,0,20328,18944,3395,0,0,0,1582,1033,0,0,0,0,0
14987,20000,2,1,2,25,1,2,0,0,0,0,20420,16592,14400,17000,17000,20000,2,2000,3000,0,3000,0,0
14988,380000,2,2,2,41,0,0,0,0,0,0,302130,266160,236316,224029,224022,225978,10018,10000,15000,30000,30251,20000,0
14989,70000,2,1,1,42,0,0,0,0,0,2,40466,41805,42520,43378,46664,47341,1994,1709,1567,4000,1600,2000,1
14990,300000,2,2,1,40,0,0,0,0,0,0,2991,1278,4043,683,172,402,1278,4045,685,172,402,4080,0
14991,160000,1,3,2,27,1,2,0,0,0,0,80166,34775,34073,15676,99436,90927,0,142848,1800,90000,3300,3400,1
14992,230000,2,2,2,32,1,0,0,0,0,0,328,1593,2015,1077,1479,3104,1621,2015,10,1479,3104,1152,0
14993,260000,1,1,1,51,0,0,2,0,0,0,229,674,476,2856,814,605,674,0,2880,814,605,1776,0
14994,360000,1,2,1,37,0,0,0,0,0,0,194836,134296,128307,61650,0,87754,5180,5564,2850,0,87754,3159,0
14995,50000,2,2,2,26,0,0,0,0,0,0,49028,49740,780,390,850,18460,2400,780,0,850,18000,1000,0
14996,20000,1,2,2,24,0,0,0,0,0,0,2500,3068,-380,-380,-380,-380,3068,0,0,0,0,0,0
14997,140000,2,2,2,29,0,0,0,0,0,0,116597,55208,47397,45860,46264,41870,3018,3000,1356,2000,2000,1500,0
14998,50000,1,2,2,24,0,0,0,0,0,0,44687,39137,39877,28471,29309,28409,2138,44447,2202,2004,1202,1051,0
14999,50000,1,3,2,27,0,0,0,0,0,0,45002,46053,45120,45870,46975,49284,2100,2100,1800,2000,3100,1300,0
15000,50000,1,2,2,28,0,0,0,0,0,0,39103,40142,41462,42130,43011,43863,1667,1987,1655,1710,1719,1616,0
15001,50000,2,1,2,22,0,0,0,0,0,0,24763,33542,30455,2000,0,0,10000,1175,2000,0,0,0,1
15002,80000,2,1,2,24,0,0,0,0,0,0,75356,78236,77700,58025,59527,60778,5000,4176,4000,3000,2141,3000,0
15003,90000,2,2,1,28,0,0,0,0,0,0,24657,25743,26406,24364,19726,19166,1500,1500,1508,1000,1000,800,0
15004,50000,2,2,1,27,0,0,0,0,0,0,492,492,492,492,492,470,493,493,493,493,471,7739,0
15005,270000,2,2,1,32,0,0,0,0,0,0,116315,119103,122249,123905,105064,105600,6500,6843,6284,3617,3716,4035,0
15006,60000,2,2,2,34,1,2,0,0,0,0,64684,63036,60031,27725,28282,30268,0,2459,1433,990,2419,0,0
15007,240000,2,2,1,35,0,0,0,0,0,0,3862,1780,0,0,0,0,1783,0,0,0,0,2500,0
15008,240000,1,1,2,36,0,0,0,0,0,0,131477,126941,62378,20156,157391,158991,6009,3017,1048,150004,5613,5809,0
15009,30000,1,3,1,43,1,3,2,2,2,2,22494,21845,21207,23491,22818,24321,0,0,2645,0,2029,1027,1
15010,50000,1,2,2,42,1,2,0,0,0,0,51047,47924,49053,50106,17756,18072,0,2200,2180,1000,1000,800,0
15011,370000,1,2,2,33,0,0,0,2,0,0,72322,74758,78423,81017,81698,83562,4252,5500,4500,2926,3182,3043,0
15012,50000,1,2,1,34,1,2,0,0,0,0,49372,47420,47992,49278,28086,30196,0,2500,3500,1000,3397,0,0
15013,130000,1,2,2,35,0,0,0,0,0,0,2541,0,7609,8217,9741,8308,0,7609,2500,1600,510,299,0
15014,20000,1,2,2,40,1,4,3,2,2,2,17361,16803,16253,15695,16832,16420,0,0,0,1400,0,603,0
15015,410000,1,2,2,39,0,0,0,0,0,0,335938,328323,321091,274957,268891,262570,14000,13014,30000,12000,10000,9040,0
15016,50000,1,1,1,47,0,0,0,0,0,0,47695,49550,51636,53561,53283,53057,2657,2743,2668,1712,1762,1894,0
15017,30000,1,1,2,42,1,2,2,2,0,0,31217,30406,31380,30277,30028,30198,0,3600,0,1100,1050,1000,0
15018,20000,1,2,1,44,0,0,2,0,0,0,16401,9620,9264,11693,11826,13242,3000,1000,3000,1000,2000,1000,0
15019,50000,1,1,1,41,0,0,0,2,2,2,34384,35503,38931,38006,44357,43516,2000,4000,0,7000,0,2000,0
15020,360000,1,1,1,36,0,0,0,0,0,0,8162,3141,587,1647,1745,597,3144,590,1670,1748,600,11883,0
15021,70000,1,2,2,45,1,2,2,2,2,0,9728,9423,12251,12358,11865,11975,0,3000,600,0,450,500,0
15022,160000,1,3,2,38,0,0,0,0,0,0,47268,47269,45688,47690,48712,49525,2725,2767,2769,1791,1928,1960,0
15023,20000,1,2,2,38,0,0,0,0,0,0,19817,19751,20242,20098,20059,20513,2000,1700,1300,1008,1700,1000,0
15024,110000,1,2,1,39,0,0,0,0,0,0,64494,49464,40359,34533,36819,32467,4000,3007,3000,3000,3000,4000,0
15025,50000,1,2,1,45,1,2,0,0,0,0,20530,15843,18256,19896,19874,19248,0,3000,2000,1000,2000,0,0
15026,80000,1,2,1,32,0,0,0,0,0,0,75149,76786,72626,29012,28653,28398,4003,3003,2003,1146,1403,1503,0
15027,150000,1,1,1,31,0,0,0,0,0,0,1600,1815,0,0,0,16877,1815,0,0,0,16877,25069,0
15028,290000,1,2,2,42,0,0,0,0,0,0,76063,72418,65814,60861,60901,53023,4434,3814,2861,1901,2023,3719,0
15029,340000,1,3,1,48,0,0,0,0,0,0,4726,5178,65826,63877,53845,51983,1379,61883,2147,1855,1774,1541,0
15030,110000,1,3,1,43,0,0,0,0,0,0,103225,106004,108831,79455,54971,57257,4500,5000,3043,2000,3000,5000,0
15031,150000,1,1,1,46,2,2,2,2,2,2,148364,150565,150254,64644,40150,41250,5400,5026,1722,1500,3000,108058,1
15032,280000,1,2,1,38,0,0,0,0,0,0,3596,959,1067,3405,1805,2153,963,1072,3422,1814,2162,1757,0
15033,20000,1,2,1,46,0,0,3,2,0,0,8168,12309,11834,11180,780,1170,4600,0,0,0,0,930,1
15034,180000,1,2,1,36,2,2,2,2,2,2,114140,115764,117426,119000,120528,123451,5000,5000,5000,5000,5000,0,1
15035,50000,1,1,2,39,0,0,0,2,0,0,33307,38730,50694,49483,17299,17959,6000,13000,0,1000,1000,2000,1
15036,200000,1,1,1,38,0,0,0,0,0,0,0,0,0,0,0,0,0,0,0,0,0,0,1
15037,280000,1,2,2,35,0,0,0,0,0,0,117,1368,14027,-2,475,5038,1375,14111,0,477,5063,415,0
15038,100000,1,1,1,35,0,0,0,2,2,0,65451,72277,78115,79244,77373,78973,8000,7000,3000,0,3000,6000,0
15039,50000,1,2,2,33,0,0,0,0,0,0,8406,8418,8347,12321,6294,3333,3000,3000,7508,1000,1000,1500,0
15040,210000,1,1,1,38,0,0,0,0,0,0,81582,82768,654,628,302,476,4000,1584,300,0,500,476,0
15041,280000,1,2,1,33,0,0,0,0,0,0,22331,22341,23359,23647,-1353,93696,1371,1389,1175,0,95049,3308,0
15042,350000,1,1,1,39,0,0,0,0,0,0,3948,4368,5339,0,0,0,2184,10678,0,0,0,0,0
15043,230000,1,3,2,39,0,0,0,2,0,0,948,1156,1728,1156,1172,396,1156,1728,0,1172,0,776,0
15044,100000,1,1,2,40,0,0,0,0,2,0,97582,99964,96270,97440,94518,24180,5000,5000,6000,0,484,0,0
15045,390000,1,1,1,35,0,0,0,0,0,0,24297,28804,43996,47532,49414,51380,5000,20000,5006,5006,5008,3004,0
15046,210000,1,2,1,40,0,0,0,0,0,0,3180,0,0,0,0,0,0,0,0,0,0,0,0
15047,50000,1,3,2,47,0,0,0,0,0,0,29789,28699,29305,27595,27745,28086,1763,1759,1439,979,1164,1300,0
15048,50000,1,3,1,44,0,0,0,0,0,0,15109,16117,17217,18005,18369,18888,1263,1363,1151,515,670,780,0
15049,340000,1,1,1,42,0,0,0,0,2,0,13454,14544,-2429,10300,3630,3577,15074,528,15303,13,3615,6765,0
15050,300000,1,2,2,38,1,0,0,0,0,0,5256,2491,3523,6355,5055,-445,4000,2000,3000,0,0,0,0
15051,150000,1,3,1,37,0,0,0,0,0,0,8027,7121,10292,3141,7522,3929,7129,11000,3141,7531,3929,0,0
15052,200000,1,1,3,45,0,0,0,0,0,0,74416,75891,77516,79088,80141,81833,3061,3200,3196,2700,2714,8918,0
15053,350000,1,1,2,34,1,2,0,0,2,0,334427,322808,254410,11423,8415,10230,332,81256,8441,6,8013,1006,1
15054,20000,1,2,2,34,0,0,0,0,0,0,17809,15650,16691,17903,18318,19033,1300,1300,1500,1000,1000,1000,0
15055,470000,1,2,1,35,0,0,0,0,0,0,170812,172332,177566,182074,183417,185608,6500,8000,9000,7000,8000,8000,1
15056,200000,1,1,1,39,0,0,0,0,0,2,132589,135286,139725,142605,149894,153054,4900,6600,6700,11200,5700,5900,1
15057,20000,1,3,2,40,1,3,2,0,0,0,9080,8790,8505,9557,10395,11227,0,0,1200,1000,1000,1000,0
15058,230000,1,1,1,37,0,0,0,0,0,0,211,162,155,155,75,635,162,155,155,75,635,2336,0
15059,200000,1,2,2,33,0,0,0,0,0,0,154000,155392,76667,151434,49407,51636,5000,5000,88300,5000,3000,2000,1
15060,70000,1,3,1,34,0,0,0,0,0,0,63580,64688,66566,56942,58986,61031,3000,3002,2500,3000,3000,2502,0
15061,20000,1,3,1,38,2,0,0,0,0,0,19868,19805,19900,390,390,0,1515,1000,390,390,0,780,1
15062,10000,1,2,2,34,0,0,0,0,0,0,9178,7692,9484,10004,10084,9936,1500,2257,1200,500,500,600,0
15063,100000,1,3,2,35,2,2,2,2,2,2,67646,69237,70638,71680,72705,74195,3300,3100,2800,2800,2800,2800,1
15064,130000,1,3,1,39,0,0,0,0,0,0,957,6214,1625,728,2464,1139,6220,1628,730,2466,1145,650,0
15065,240000,1,1,1,46,0,0,0,0,0,0,7278,800,437,11624,9411,-3316,804,437,11705,9473,1405,164705,0
15066,590000,1,1,2,33,0,0,0,0,0,0,42337,90090,68573,61065,30510,25887,60092,68753,10000,15033,25965,20377,0
15067,420000,1,1,2,39,0,0,0,0,0,0,403552,390237,368259,344875,338552,345971,13703,15581,13000,12000,13000,12013,0
15068,360000,1,2,1,34,0,0,0,0,0,0,5375,0,7799,8506,0,4186,0,7799,8528,0,4186,0,0
15069,280000,1,1,1,35,0,0,0,0,0,2,59188,146368,244092,210226,177595,153181,100000,101585,90762,50119,282,50436,0
15070,400000,1,1,1,35,0,0,0,0,0,0,0,2720,98,44321,1699,0,2720,98,45869,1699,0,2024,0
15071,10000,1,2,1,35,0,0,0,0,0,0,5828,7717,8830,9687,10025,10400,2000,1400,1162,500,600,0,0
15072,110000,1,2,1,35,1,2,0,0,0,0,112829,108073,110313,108986,48641,46982,0,6307,5093,2008,2010,3000,1
15073,220000,1,1,2,47,0,2,0,0,0,0,628,314,290,5134,346,427,1,291,5159,347,428,14473,0
15074,130000,1,2,1,46,0,0,0,0,0,0,89634,90999,94519,97939,101299,109615,5000,5000,5000,5000,10000,5000,0
15075,50000,1,2,2,33,0,0,0,0,0,0,45853,44206,34713,19474,19508,19837,5435,2109,1576,1000,2000,1000,0
15076,520000,1,1,2,34,0,0,0,0,0,0,203647,185853,178531,170915,162864,155297,6501,7001,5989,5701,6001,6001,0
15077,30000,1,2,2,47,1,3,2,0,0,0,15783,15237,15693,16928,18299,20129,0,1000,1500,1659,2129,0,1
15078,50000,1,6,1,45,0,0,0,0,0,0,33634,34770,34948,-52,848,850,2000,1000,0,900,2,1749,0
15079,260000,1,2,1,32,0,0,0,0,0,0,29389,2981,12001,20325,43849,22820,2796,12173,20619,43968,3014,2021,0
15080,210000,1,2,1,44,0,0,0,0,0,0,245,245,141,-104,-104,-104,245,141,88,0,0,0,0
15081,500000,1,1,2,38,0,0,0,0,0,0,130700,15785,154653,450497,425957,298509,15785,154653,338394,16000,500,19999,0
15082,120000,1,1,1,33,0,0,0,0,0,0,119684,121113,113997,117085,117945,109855,5000,4200,5000,5000,4200,4100,0
15083,110000,1,2,2,32,0,0,0,0,0,0,97510,92152,94503,95571,91794,80365,3300,3838,3056,8000,3000,3200,0
15084,420000,1,1,2,32,0,0,0,0,0,0,11728,8860,4829,12181,7597,17772,8904,4866,12241,7635,17858,10057,0
15085,80000,1,3,1,41,0,0,0,0,0,0,76015,77582,60311,62471,21071,2099,3008,3000,5000,10000,2099,0,1
15086,300000,1,2,1,41,0,0,0,0,0,0,39260,29318,16703,16000,10154,10154,2052,3012,2048,10154,0,4589,0
15087,260000,1,1,2,35,2,2,2,0,0,2,139582,149124,145333,148332,160810,155683,13400,0,6910,16502,0,5847,1
15088,500000,1,1,1,42,1,0,0,0,0,0,0,0,0,0,0,0,0,0,0,0,0,0,0
15089,20000,1,2,1,37,3,2,0,0,0,0,20334,18555,3455,4359,4448,4704,0,1096,1000,89,256,0,0
15090,160000,1,1,2,36,0,0,0,0,0,0,156775,157941,146063,128318,96654,98694,5145,5187,5014,3000,3251,3104,0
15091,290000,1,1,2,34,0,0,0,0,0,0,0,0,0,0,0,0,0,0,0,0,0,0,0
15092,360000,1,1,1,32,0,0,0,0,0,0,120533,124530,128518,134368,135626,134864,6000,6000,8000,4918,5000,3300,0
15093,200000,1,4,1,35,0,0,0,0,0,0,3000,5752,5028,13784,14482,11836,5752,5028,13800,2900,3100,305,0
15094,180000,1,1,2,41,0,0,0,0,0,0,105347,66897,49287,4130,238,0,6241,2324,1019,1,0,1452,0
15095,100000,1,1,2,35,0,2,0,0,0,0,1818,1644,2449,-571,40342,41113,0,1020,0,41113,1000,1400,1
15096,500000,1,1,3,38,0,0,0,0,0,0,1523,0,0,0,0,0,0,0,0,0,0,0,1
15097,50000,1,2,1,38,0,0,0,0,0,0,13921,14800,16394,6198,7717,7722,1500,2000,1091,2000,500,500,0
15098,290000,1,1,2,36,0,0,0,0,0,0,215472,222699,213253,126952,103575,56564,11000,9500,4000,3003,2000,2000,0
15099,270000,1,1,2,32,0,0,0,0,0,0,0,0,0,0,0,0,0,0,0,0,0,0,0
15100,250000,1,1,2,33,0,0,0,0,0,0,5017,22469,-29,-29,-29,-29,22581,0,0,0,0,5821,0
15101,80000,1,3,1,45,2,0,0,0,0,0,75222,131966,68466,68547,59339,32500,2379,6036,1763,1187,650,0,1
15102,360000,1,1,1,35,0,0,0,0,0,0,1540,1099,6342,5077,1274,-6,1102,6353,5105,1277,0,2058,0
15103,50000,1,1,2,40,1,2,0,0,0,0,25667,26441,27213,28521,28458,29053,1500,1500,1771,1500,1053,1093,0
15104,420000,1,1,2,35,0,0,0,0,0,0,168182,163177,149406,136292,128344,120582,15000,6000,5000,10000,10000,10000,0
15105,180000,1,1,1,39,0,0,0,0,0,0,257579,274731,281713,242063,122295,-1005,20000,11000,145000,26000,0,101005,0
15106,180000,1,1,2,36,0,0,0,0,0,0,0,0,0,0,680,34704,0,0,0,680,34704,700,0
15107,220000,1,1,1,45,0,0,0,0,0,0,3455,11997,5874,416,416,416,12001,5874,416,416,416,416,0
15108,210000,1,0,2,45,0,0,0,0,0,0,2563,5854,1032,788,3499,3372,5854,1032,788,3565,3372,15381,0
15109,180000,1,2,1,47,0,0,0,0,0,0,179253,95170,97338,99694,65977,67415,3700,3700,4100,2360,2500,2618,0
15110,210000,1,2,1,44,1,2,0,0,0,0,236136,220847,216703,206635,96240,88040,0,9400,5000,2000,1800,10000,0
15111,20000,1,2,1,50,1,2,2,2,0,0,18206,18217,19930,780,780,0,1000,3000,0,0,0,0,0
15112,50000,1,2,1,50,2,2,2,2,2,2,19786,19170,21864,21215,23494,22978,0,3008,0,2638,0,845,1
15113,250000,1,3,1,51,0,0,0,0,0,0,-18,2482,-18,-18,-18,-18,2518,0,0,0,0,0,0
15114,50000,1,1,2,51,1,0,0,0,0,0,0,0,0,0,0,0,0,0,0,0,0,0,0
15115,50000,1,2,1,56,0,0,0,0,0,0,46794,46836,48062,49242,18713,19456,1756,1982,2162,633,1007,627,0
15116,50000,1,3,1,51,0,0,0,0,0,0,44147,45063,36421,18759,19131,19531,1785,1973,1311,683,707,735,1
15117,50000,1,1,3,51,0,0,0,0,0,0,48600,49387,49259,30864,16016,13913,1986,1638,1130,449,418,416,0
15118,50000,1,1,1,48,2,2,2,2,0,0,47009,49942,50382,49162,40973,39671,4000,1500,0,1275,1377,1882,0
15119,370000,1,2,1,55,0,0,0,0,0,0,360546,369909,370605,366054,310869,311284,15901,13603,13500,11014,12024,16027,0
15120,20000,1,3,1,56,1,2,2,2,2,0,9453,10143,10730,12241,11748,12456,1000,900,2000,0,900,3200,1
15121,300000,1,3,1,61,0,0,0,0,0,0,269781,275773,282818,289012,123239,123812,10001,11001,12001,10001,5001,5001,0
15122,50000,1,2,1,53,0,0,0,0,0,0,48120,47824,48954,46716,18685,19076,1818,1948,1835,669,692,707,0
15123,200000,1,1,1,52,0,0,0,0,0,0,2343,3943,1443,1443,1443,1443,3943,1443,1443,1443,1443,1443,0
15124,180000,1,2,1,53,0,0,0,0,0,0,316,316,316,316,316,316,316,316,316,316,316,466,1
15125,490000,1,2,1,50,0,0,0,0,0,0,208353,205873,210880,215628,217883,223541,10000,10000,10000,10000,10000,8000,0
15126,330000,1,1,2,65,0,0,0,0,0,0,20727,197441,184973,172124,158958,144889,194000,6710,6223,5671,5274,4657,0
15127,160000,1,2,1,50,1,2,2,2,0,0,142779,146635,148953,144119,48552,49770,7700,6100,0,2000,2000,2000,1
15128,80000,1,2,2,48,0,0,0,0,0,0,74040,74658,72885,47663,48350,47208,3500,2500,2000,2000,2000,2000,0
15129,30000,1,3,2,52,1,2,0,0,0,0,18034,16604,16635,15413,14296,9090,6,1335,2000,0,0,939,0
15130,150000,1,2,2,52,0,0,0,0,0,0,4966,-1390,-4661,129847,131969,134515,1406,133122,136320,5001,5000,5001,0
15131,50000,1,1,2,50,0,0,0,0,0,0,22551,18975,18830,19425,19414,19427,1296,1318,1303,682,703,696,0
15132,50000,1,2,1,52,0,0,2,0,0,0,43286,47744,46706,48066,49026,49755,5500,0,2500,2000,2000,2058,0
15133,200000,1,3,1,50,0,0,0,0,0,0,17306,17380,20341,16223,17466,16613,17380,20341,16223,17466,16613,17935,0
15134,240000,1,2,1,54,0,0,0,2,0,0,14332,16135,249258,243589,204754,201426,2000,234000,30,7046,7023,10005,0
15135,50000,1,2,2,51,0,0,0,0,0,0,41700,42858,44131,14242,14525,14830,1853,2126,1237,520,539,542,0
15136,150000,1,1,2,53,0,0,0,0,0,0,103720,103662,105000,0,0,0,5000,3000,0,0,0,0,0
15137,190000,1,2,1,58,1,2,0,0,0,0,147335,135184,139664,142293,113086,115433,0,6586,5881,3292,3399,3469,0
15138,450000,1,2,1,66,0,0,0,0,0,0,-81,15029,-1318,-9157,-20753,-22680,15110,40,258,9,23,27,0
15139,30000,1,3,1,55,3,2,2,7,7,7,2395,2395,2395,2395,2395,2395,0,0,0,0,0,0,1
15140,410000,1,2,1,63,0,0,0,0,0,0,429392,425895,411492,371539,308888,240970,15120,16284,16524,10320,8525,6739,1
15141,50000,1,3,1,55,0,0,0,2,2,0,50805,50690,51393,49949,21942,19826,1750,5600,34,10600,712,729,1
15142,240000,1,2,2,57,0,0,0,0,0,0,1115,1211,2206,62507,63226,63517,1211,2455,64395,1917,4160,1710,0
15143,20000,2,3,2,26,0,0,0,0,0,0,19026,19495,19417,19159,15574,0,2302,2004,1200,1000,0,0,0
15144,290000,2,1,2,42,0,0,0,0,0,0,768,42863,2632,11767,4684,3685,42863,2632,11780,4684,3685,4352,0
15145,330000,2,1,2,28,0,0,0,0,0,0,32316,33705,28743,28217,25432,19938,2000,2000,2000,800,687,812,0
15146,170000,2,2,2,23,0,0,0,0,0,0,139172,140837,139639,146931,98827,100833,4970,5300,10000,3500,3500,4000,0
15147,70000,2,1,2,23,2,2,0,0,0,0,72593,70828,74271,70467,50700,49329,0,7463,2200,2840,1781,1812,1
15148,120000,2,1,2,24,0,0,0,0,0,0,14709,8158,3529,11050,15811,14774,9326,3538,11050,5313,516,6202,0
15149,250000,1,1,1,53,0,0,0,0,0,0,0,0,0,0,0,0,0,0,0,0,0,0,1
15150,290000,2,3,2,29,0,0,0,0,0,0,279804,279377,283202,283401,285291,287510,10000,11000,10000,10000,11000,11000,0
15151,20000,2,2,2,26,0,0,0,0,0,0,25451,24025,21148,17767,2692,-956,3000,1500,1035,54,24056,21000,0
15152,80000,2,1,2,23,2,2,2,0,0,2,74860,80461,78259,66068,50748,51490,6865,37,2122,3600,1600,18,1
15153,30000,2,2,2,22,1,2,0,0,0,0,27332,26600,27832,26897,27278,27851,0,2006,2000,1100,1137,1300,0
15154,50000,2,2,2,23,2,0,0,0,0,0,8730,4388,0,0,5412,6414,1000,0,0,5412,2000,0,1
15155,30000,2,2,2,21,2,0,0,2,0,0,23243,24394,25693,25760,165,0,1704,2168,1000,165,0,0,1
15156,200000,2,2,2,22,0,0,0,0,0,2,205736,199379,132963,145115,153040,155636,7758,5001,15000,10800,5600,0,1
15157,70000,2,2,2,23,0,0,0,0,0,0,32244,33549,34308,35638,36046,36958,1841,1600,1900,1300,1489,1800,0
15158,50000,2,2,1,26,0,0,0,0,0,0,50905,49796,50783,49776,50937,49956,2200,2100,2000,2000,2000,2300,0
15159,30000,2,2,2,22,0,0,0,0,0,0,14617,17363,20430,25130,7746,10583,3000,3376,5076,8009,6017,3023,0
15160,70000,2,2,2,22,2,2,2,2,0,0,64838,69136,69422,65107,28736,29221,6000,2000,55,1170,1100,1170,0
15161,80000,2,2,2,22,2,0,0,0,0,0,73954,77526,99205,74016,48043,48545,5400,3451,3577,2000,1800,1800,1
15162,50000,2,2,2,25,0,0,0,0,0,0,33703,30857,28481,27634,26691,26329,1800,1800,1400,915,1500,1500,0
15163,300000,2,2,2,26,0,0,0,0,0,0,29300,18988,6893,49379,49161,50646,1214,2000,49379,1500,2000,15000,0
15164,30000,2,2,2,22,0,0,0,0,0,0,2006,3116,28844,25317,25885,25165,1157,25885,1500,2170,1000,1000,0
15165,50000,2,2,2,30,0,0,0,0,0,0,49129,49102,49049,41876,29158,29493,1833,1804,1494,1031,1062,1092,0
15166,50000,2,3,1,31,0,0,0,0,0,0,50734,43406,44333,44577,44501,11614,1700,2016,1600,2100,1000,47000,0
15167,80000,2,2,2,22,0,0,0,0,0,0,3436,3473,10007,3584,2961,3831,3473,10020,2986,22,3835,5683,0
15168,50000,2,2,2,23,0,0,0,0,0,0,40760,39660,23203,18983,13466,18878,1500,1500,1100,1466,5556,598,0
15169,50000,2,2,1,23,0,0,0,0,0,0,50859,49808,49993,50025,29562,29786,1965,2150,2118,1045,1077,1070,0
15170,40000,2,2,2,23,2,2,2,0,0,0,8160,9197,9895,11420,12723,14360,1327,1000,2000,1500,2000,0,1
15171,160000,2,2,2,23,0,0,0,0,0,0,17920,17195,17164,7175,1942,100025,2000,3181,3012,1942,100025,3000,0
15172,60000,2,1,2,23,0,0,0,0,0,0,21972,24612,16711,8549,7635,12258,3126,1392,5033,3601,5200,3647,0
15173,30000,2,2,2,23,0,0,0,2,0,0,27186,27585,30398,29305,29408,28699,1451,3564,0,1174,1207,4302,1
15174,30000,2,1,2,23,0,0,2,0,0,2,12936,15904,15364,16798,19203,18757,3200,0,2000,3000,0,2000,0
15175,30000,2,2,2,23,0,0,0,0,0,0,34084,33476,32006,31672,31247,30673,1521,1573,1500,1300,1300,1329,0
15176,90000,2,1,2,23,0,0,0,0,0,0,5802,4657,10967,14644,12467,4155,4657,10967,10000,249,0,0,0
15177,100000,2,2,2,24,0,0,0,0,0,0,85343,83855,78703,76544,75360,76507,2916,3000,3000,3000,3000,2700,0
15178,50000,2,1,2,23,0,0,0,0,0,2,8400,9412,10433,11443,12268,11928,1160,1181,1191,1016,0,1499,0
15179,90000,2,2,2,25,0,0,0,0,0,0,28276,29305,30336,28800,9852,2160,1505,1536,1000,9852,2160,400,0
15180,90000,2,2,2,28,2,2,0,0,0,2,65521,63869,65212,66627,70652,69397,0,2368,2500,5140,0,2600,1
15181,50000,2,2,2,23,2,0,0,0,0,0,48668,48554,45445,38551,28056,28310,4034,2000,5008,1000,2000,1000,1
15182,80000,2,2,1,25,0,0,0,0,0,0,76117,76660,46137,48218,48286,48207,2300,2200,3207,2000,2000,2000,0
15183,60000,2,2,2,25,0,0,0,0,0,0,6234,7402,8270,9287,10076,10612,1276,1144,1161,950,700,1000,0
15184,80000,2,2,2,25,0,0,0,0,0,0,4418,7327,10190,13768,17748,10577,3000,3000,4000,5000,1000,1310,0
15185,20000,2,2,2,25,2,2,2,2,2,2,14549,17144,16580,18366,18766,18324,2845,0,2067,1000,0,1664,0
15186,30000,2,1,2,25,2,2,2,2,2,2,7593,9634,4476,8830,8153,6422,2379,7,7002,13,155,1,0
15187,80000,2,2,2,24,0,0,0,0,0,0,60423,55120,20407,18839,3810,23836,2007,2000,1014,0,23836,3000,0
15188,160000,2,2,2,24,0,2,0,2,0,0,2227,316,632,316,316,632,0,632,0,316,632,0,0
15189,460000,2,1,1,34,0,0,0,0,0,0,11689,12911,15418,22465,25546,36452,2000,3000,8000,4000,16000,6000,0
15190,90000,2,2,2,24,1,2,0,0,0,0,88550,78892,75808,63362,65300,67248,3000,3500,3000,3000,3000,5000,1
15191,30000,2,2,2,24,3,2,2,7,7,7,300,300,300,300,300,300,0,0,0,0,0,0,0
15192,220000,2,2,2,28,0,0,0,0,0,0,224166,219085,213888,215125,216543,217390,8200,7729,9207,7917,7911,8203,0
15193,70000,2,3,2,22,0,0,0,0,0,0,53443,49938,39926,18648,5022,5935,3000,2500,2500,1000,1000,500,0
15194,110000,2,2,2,24,2,2,2,2,2,2,107378,109604,111661,112299,113035,109678,5500,5300,4000,4000,0,4540,1
15195,50000,2,2,1,25,0,0,0,0,0,0,16092,12352,-1618,-809,46976,47618,2352,809,928,48659,1400,2000,0
15196,120000,2,1,2,26,0,0,0,0,0,0,316,316,316,316,316,316,316,316,316,316,316,1844,0
15197,150000,2,2,2,26,0,0,0,0,0,0,127487,120586,118785,117406,106323,102179,6000,4500,5400,3900,4500,4000,0
15198,140000,2,2,2,26,0,0,0,0,0,0,182424,115115,120176,101065,64570,51521,10207,9120,3000,2117,2000,2000,0
15199,120000,2,1,2,26,0,0,0,0,0,0,102157,103182,91442,88476,72666,74561,5367,20000,3500,2512,7500,4000,0
15200,40000,2,2,2,26,0,0,0,0,0,0,36835,37528,35964,34258,516,38432,2000,2000,5000,516,39235,2000,0
15201,90000,2,2,2,30,2,0,0,0,0,2,75620,75382,73980,75036,77094,75708,3300,3350,3300,5500,1600,3950,1
15202,50000,2,2,2,23,3,2,2,2,0,0,22613,21957,24482,24693,25283,27367,0,3200,910,1000,2500,0,1
15203,130000,2,2,2,26,0,0,0,2,0,2,90833,2774,740,740,73758,72800,2788,740,0,73758,0,2342,0
15204,180000,2,1,2,26,0,0,0,0,0,0,100,100,100,100,100,100,100,100,100,100,100,100,0
15205,220000,2,1,2,26,0,0,0,0,0,0,4750,4909,3791,7982,5850,11304,2012,3791,8493,5850,11304,2067,0
15206,160000,2,2,1,29,0,0,0,2,0,0,6252,5073,6854,3759,3164,3000,4000,2230,0,16,16,81,0
15207,70000,2,3,2,29,0,0,0,2,0,0,20064,24336,25510,24726,25377,24818,24336,3010,0,875,600,1000,0
15208,60000,2,1,2,27,0,0,2,2,0,0,4262,7169,8396,8113,8971,10824,3000,1500,0,1000,2000,1000,1
15209,140000,2,2,2,27,0,0,0,0,2,2,120072,78166,72631,65517,59275,58208,2824,2508,4973,2300,0,3000,0
15210,70000,2,2,1,27,0,0,2,2,2,2,68425,71783,72616,68201,50995,48822,6800,3100,15,3850,0,1800,0
15211,320000,2,2,2,28,0,0,0,0,0,0,4114,390,944,473,1747,1193,390,944,473,5000,1200,980,0
15212,60000,2,1,2,28,0,0,0,2,0,0,20217,8376,7139,4254,4855,5355,1116,2420,0,800,1000,0,0
15213,360000,2,1,2,27,1,0,0,0,0,0,0,0,0,0,0,0,0,0,0,0,0,0,1
15214,500000,2,1,2,27,0,0,0,0,0,0,3715,2862,827,-4571,-4954,1566,2013,1044,163,5,8007,1282,0
15215,200000,2,1,2,28,1,0,0,0,0,0,0,0,0,1545,1156,6099,0,0,1545,1156,5000,3000,0
15216,160000,2,2,2,28,0,0,0,0,0,0,1049,2058,2164,3975,3720,5668,2060,2164,2000,1500,2000,1737,0
15217,80000,2,2,2,44,0,0,0,0,0,0,7491,2900,0,0,0,0,2900,0,0,0,0,0,0
15218,20000,2,2,2,39,0,0,0,0,0,0,19064,20356,18186,16524,19026,16309,2000,2000,2000,5000,1000,6000,0
15219,110000,2,3,2,41,1,2,0,0,0,0,105152,97804,100364,91061,65582,67002,0,5200,5000,2500,2600,2702,0
15220,30000,2,2,1,38,0,0,0,0,0,0,2805,0,0,48514,49300,691,0,0,48514,986,691,4645,0
15221,140000,2,2,1,31,1,0,0,0,0,0,-53,-53,1117,0,0,0,0,1170,0,0,0,278,0
15222,150000,2,2,1,32,0,0,0,0,0,0,17594,14850,15919,10177,7954,8049,1609,2000,1000,0,8049,1000,0
15223,140000,2,2,2,33,0,0,0,0,0,0,54279,55991,59465,62855,63670,67464,2615,5000,5000,2455,5000,5000,0
15224,460000,2,2,2,35,0,0,0,0,0,0,442291,449790,450047,453770,396600,392879,16000,17610,17500,13810,14100,14520,1
15225,60000,2,2,2,28,0,0,0,0,0,0,58204,56930,56616,56749,57504,58296,2030,2083,1983,2200,2500,2200,0
15226,90000,2,3,1,40,1,2,2,3,2,2,78976,84566,89609,87282,88261,90029,7500,7300,0,3300,3300,0,1
15227,130000,2,6,1,44,2,2,2,2,0,0,112570,109131,118539,115029,115793,118335,0,11323,0,4294,4700,4260,1
15228,300000,2,2,2,28,0,0,0,0,0,0,25193,34242,35228,12512,12570,13022,10000,1377,1149,2000,615,9000,0
15229,130000,2,2,1,29,1,2,2,2,2,2,85342,88063,89895,87577,93136,91551,5000,4100,0,7000,0,7200,0
15230,160000,2,2,1,29,0,0,0,0,0,0,3617,2091,5816,5414,615,25072,2122,5822,5524,615,25139,2100,0
15231,20000,2,2,2,36,0,0,0,0,0,2,12530,13518,14596,15550,16790,17175,1500,1600,1500,1500,800,0,0
15232,20000,2,3,1,42,2,2,2,0,0,0,16478,19187,18592,19431,19993,-1000,2994,0,1238,800,0,1000,1
15233,210000,2,1,2,34,0,0,0,0,0,0,5081,4053,3853,3942,2338,1767,4055,3856,3945,2338,1767,0,0
15234,100000,2,2,1,38,0,0,0,2,2,2,89745,91659,96808,84528,67873,65503,3421,7728,0,5000,2600,0,0
15235,120000,2,1,1,43,0,0,0,0,0,2,24484,26751,28999,30064,33732,5992,3000,3000,2000,5000,0,10000,1
15236,60000,2,3,1,41,0,0,0,0,0,0,56261,55773,55953,55562,55063,54819,1993,2627,2700,2500,2300,3000,0
15237,30000,2,2,2,26,2,2,2,2,0,0,30028,26208,28804,22335,17448,17448,0,3400,0,0,0,0,1
15238,290000,2,1,1,30,0,0,0,0,0,0,53476,52089,49979,36439,33231,32131,2009,2569,1532,987,1002,1035,0
15239,260000,2,2,2,34,0,0,0,0,0,0,40066,38115,38730,37947,40122,34751,2000,3030,5039,7000,3000,10000,0
15240,130000,2,3,1,34,0,0,2,0,0,0,124777,133265,129713,129883,122349,101415,12000,0,5100,4820,3844,4500,0
15241,180000,2,2,1,42,1,0,0,0,0,0,0,0,0,0,0,0,0,0,0,0,0,0,0
15242,80000,2,2,1,36,0,0,0,0,0,0,79407,66491,59040,49555,38185,32582,2491,2540,1566,1485,1258,3600,0
15243,70000,2,2,1,38,0,0,0,0,0,0,59195,37953,34689,35700,36252,37008,2195,1881,1892,1444,1490,1344,0
15244,290000,2,2,2,34,0,0,0,0,0,0,58481,41773,40597,38441,37454,35484,2000,2000,2000,2000,2000,2000,0
15245,80000,2,2,1,37,0,0,0,2,2,2,28652,29869,33071,33531,34184,33503,2000,4000,1300,1500,0,1300,0
15246,300000,2,2,1,27,0,0,0,0,0,0,2200,1378,1109,0,474,337,1378,1422,0,474,337,1394,0
15247,200000,2,1,1,28,0,0,0,0,0,0,148880,151913,155170,159089,160950,164691,7000,7200,8000,6000,6500,7000,0
15248,30000,2,1,2,29,0,0,0,0,2,0,15982,12226,13565,15526,14979,15735,2226,1539,2500,0,1000,1000,0
15249,240000,2,1,2,35,0,0,0,0,0,0,86508,86596,87475,89253,91128,127950,3583,2768,2817,2928,37950,4303,0
15250,500000,2,1,1,35,0,0,0,0,0,0,416,258,1563,21557,14802,19552,258,1563,21557,1000,8000,23762,0
15251,30000,2,2,1,45,2,0,0,0,0,0,31548,30226,31237,13511,13781,14070,1665,1676,1223,493,511,514,0
15252,180000,2,1,2,28,2,2,2,2,0,0,2096,3775,5570,4722,8643,7783,1721,2005,31,5000,1000,5000,0
15253,180000,2,2,1,31,0,0,0,0,0,0,384,0,0,0,503,2156,0,0,0,503,2343,1988,1
15254,180000,2,1,2,37,0,0,0,0,0,0,34607,43623,46667,31931,33928,35235,10000,5000,15000,5000,2000,5000,0
15255,260000,2,2,2,26,0,0,0,0,0,0,217735,222109,220219,206666,185282,167161,9553,7893,9241,7106,6506,6240,0
15256,80000,2,2,2,33,0,0,0,0,0,0,1305,-789,-789,1042,1042,0,0,0,2000,0,0,193,0
15257,400000,2,2,2,38,0,0,0,0,0,0,0,0,0,0,45374,46306,0,0,0,45374,1113,1129,0
15258,360000,2,3,2,27,0,0,0,0,0,0,0,750,-2,468,-8,2496,750,2,470,0,2504,1153,0
15259,130000,2,1,2,29,1,0,0,0,0,0,0,0,0,0,0,0,0,0,0,0,0,1313,0
15260,50000,2,2,2,35,0,0,0,0,0,0,48848,49988,45434,34688,24124,21072,2000,2000,1900,1032,3000,907,0
15261,290000,2,2,2,29,0,0,0,0,0,0,19315,30310,29312,31404,31004,29124,15000,2000,3000,0,0,4280,0
15262,360000,2,1,1,38,0,0,0,0,0,0,1873,13532,5757,28974,8093,3250,13537,5762,29000,8093,1500,3513,0
15263,240000,2,2,2,29,0,0,0,0,0,0,238225,243044,239228,243318,195320,196664,9000,10500,10000,7000,7300,7439,0
15264,80000,2,3,1,41,0,0,0,0,0,0,76095,78197,64065,54764,55868,57288,3500,2600,2000,2000,2303,2300,0
15265,230000,2,2,2,32,1,0,0,0,0,0,-46,-46,-46,4826,4829,1788,0,0,4872,4829,1788,1266,1
15266,230000,2,1,1,39,0,0,0,0,0,0,219712,208532,229229,143168,145270,141874,30500,25000,10000,5000,5000,18000,0
15267,330000,2,2,1,37,0,0,0,0,0,0,2202,2900,2335,7278,6646,5324,2911,2579,7278,6,26,2089,0
15268,30000,2,2,1,34,1,2,2,0,0,0,22419,24932,23502,24603,24996,26426,3207,0,1800,1100,2000,1977,0
15269,120000,2,2,1,33,0,0,0,0,0,0,42687,46640,50865,54401,57873,61917,5000,5000,5000,5000,5000,3000,0
15270,60000,2,5,1,30,0,0,0,0,0,0,3591,-5,-5,0,1360,1180,0,0,5,1360,1180,3302,0
15271,230000,2,2,1,42,0,0,0,0,0,0,430,430,430,430,430,430,430,430,430,430,430,430,1
15272,330000,2,2,1,43,1,0,0,0,0,0,-58,22301,0,0,0,0,22359,5895,0,0,0,0,0
15273,380000,2,2,1,44,0,0,0,0,0,0,1040,0,0,12500,37811,1500,0,0,12500,25311,1500,5680,0
15274,150000,2,1,2,27,0,0,0,0,0,0,8404,4493,11848,7435,3685,3545,4493,11848,7435,0,3545,5718,0
15275,170000,2,3,2,29,0,0,0,0,0,0,116048,117485,119050,120225,122345,124302,4200,4300,4400,4518,4500,5000,1
15276,200000,2,2,1,30,0,2,0,0,0,0,1626,730,3049,700,2423,2210,233,3049,700,2423,2210,1233,0
15277,200000,2,2,1,31,0,0,0,0,0,0,24605,25653,26750,24014,10885,7371,1462,1559,2000,390,328,180,0
15278,260000,2,2,1,32,0,0,0,0,0,0,104717,102159,102369,80488,82150,84818,5300,3500,3000,3000,4000,4000,0
15279,430000,2,2,1,47,0,0,0,0,0,0,1343,909,5271,757,157,157,909,5319,757,157,157,5989,0
15280,20000,2,2,1,46,1,2,2,2,0,0,10935,11456,13169,13656,14430,14200,1000,1900,1000,1000,0,8119,1
15281,200000,2,2,1,30,0,0,0,0,0,0,75014,77044,80096,82269,85093,86870,3190,4195,4300,5000,3196,3231,0
15282,290000,2,1,2,31,0,0,0,0,0,0,5307,4739,11495,11214,4084,6348,4739,11527,15537,4873,26348,2306,0
15283,240000,2,1,2,28,0,0,0,0,0,0,188956,189678,189471,191623,195624,199259,7200,7500,6300,6000,6100,6000,0
15284,290000,2,1,1,34,0,0,0,0,0,0,3412,1573,11859,2483,1170,20328,1573,11886,2485,1170,20328,375,0
15285,490000,2,1,2,41,0,0,0,0,0,0,250970,255009,248203,101770,63192,64720,10000,11547,4600,2000,2000,2000,0
15286,230000,2,1,1,39,0,0,0,0,0,0,970,1475,1636,1149,334,459,1483,1640,1152,335,460,553,0
15287,290000,2,2,2,26,0,0,0,0,0,0,81022,59327,102180,58554,59358,45266,2121,48345,1689,1516,1240,1211,0
15288,20000,2,3,2,28,0,2,2,2,0,0,5741,5155,5754,5150,858,0,0,2294,0,1056,0,935,0
15289,300000,2,1,2,28,0,0,0,0,0,0,9582,6803,7198,6975,9356,3697,1818,7217,7023,9383,3714,6546,0
15290,130000,2,2,1,48,0,0,0,2,0,0,390,390,1170,780,390,390,390,1170,0,0,390,390,1
15291,150000,2,2,1,37,0,0,0,0,0,0,119398,97435,98481,98101,97178,97249,3459,4913,3929,2390,3052,6300,0
15292,50000,2,2,1,37,0,0,0,0,0,0,35874,32130,34602,35172,27568,28467,1600,3000,1477,2000,1500,2500,0
15293,200000,2,2,1,45,0,0,0,0,0,0,1182,0,198,3532,0,0,0,198,3532,0,0,0,0
15294,180000,2,2,1,47,0,0,0,0,0,0,107,825,7609,825,1650,825,825,7609,825,1650,0,8214,0
15295,300000,2,1,1,43,0,0,0,0,0,0,21670,-5,-5,1578,1307,0,0,0,1583,1307,0,179,0
15296,30000,2,2,3,41,1,2,2,2,2,2,8055,9263,8973,10337,10022,10924,1500,0,1675,0,1065,0,1
15297,420000,2,3,1,44,1,0,0,0,0,0,0,5526,7248,7303,0,932,5526,2000,2002,0,932,1861,0
15298,320000,2,2,2,42,0,0,0,0,0,0,2920,2610,9433,2490,2655,1070,2610,9439,2493,2655,0,5682,0
15299,380000,2,1,2,31,0,0,2,0,0,0,66979,70289,69790,71506,74078,77088,5700,2500,3500,5000,5000,3400,0
15300,270000,2,3,1,43,0,0,0,0,0,0,46107,42151,40546,36822,31700,29133,1700,1700,1500,1100,1200,1200,0
15301,150000,2,2,1,40,0,0,0,0,0,0,213638,190709,168741,170544,146787,149759,7877,8069,6708,40502,5706,4860,0
15302,180000,2,2,1,46,0,0,0,0,0,0,171768,164274,165923,169038,172388,165165,7400,6100,6200,6543,6251,14614,0
15303,180000,2,2,2,29,0,0,0,0,0,0,2639,0,0,0,0,0,0,0,0,0,0,661,1
15304,140000,2,3,1,41,0,0,0,0,0,0,114133,122191,128069,103319,105702,108619,10000,8000,5000,4000,4520,6000,1
15305,90000,2,3,1,38,0,0,0,0,0,0,85718,88476,90120,91124,65778,65866,4200,5000,4776,2400,3000,3000,0
15306,100000,2,2,1,33,0,0,0,0,0,0,83013,89589,92887,0,0,0,8000,5000,0,0,0,0,0
15307,60000,2,2,1,34,0,2,2,2,2,0,2084,145,145,145,145,1195,0,0,0,0,1200,0,1
15308,140000,2,2,2,42,0,0,0,2,0,0,117460,110301,107289,63778,41334,42664,7000,16000,0,3000,2000,2000,0
15309,50000,2,3,1,43,1,2,2,2,2,0,15214,14673,17621,17839,17257,17826,0,3200,800,0,1000,3800,0
15310,140000,2,1,1,39,1,0,0,0,0,0,0,797,190,3260,32617,20506,797,190,3269,32617,5000,2774,0
15311,230000,2,2,2,31,1,2,0,0,0,2,19451,13716,14718,13524,15529,12936,1017,5028,5003,3012,3,3898,0
15312,240000,2,3,2,37,1,0,0,0,0,0,-3,-3,2486,2500,580,490,0,2489,2500,580,490,177,0
15313,180000,2,1,1,46,0,0,0,0,0,0,184650,0,0,0,0,0,0,0,0,0,0,0,0
15314,80000,2,3,1,39,0,0,0,0,0,0,18787,19869,20897,21911,22545,23181,1400,1352,1366,1000,1000,1000,0
15315,150000,2,1,1,37,0,0,0,0,0,0,61137,62350,63653,64955,66249,67637,2230,2306,2356,2372,2456,2631,0
15316,300000,2,1,2,35,1,0,0,0,0,0,0,0,0,0,150000,0,0,0,0,150000,0,267,0
15317,420000,2,1,1,45,2,0,0,0,0,0,412289,414634,409078,412057,402926,373095,16272,17029,15514,15056,13707,14128,1
15318,60000,2,1,2,31,0,0,0,0,0,0,7233,1596,1562,0,0,0,1596,1562,0,0,0,0,0
15319,30000,2,3,1,48,0,0,0,0,0,0,29757,29059,26386,9370,7290,0,1720,1450,1010,500,0,0,0
15320,210000,2,1,2,37,0,0,0,0,0,0,430,1570,17036,73158,46823,1427,1570,17036,73158,936,29,630,0
15321,170000,2,2,2,38,0,0,0,0,0,0,0,0,0,0,0,330,0,0,0,0,330,1290,1
15322,270000,2,2,1,44,0,0,0,0,0,0,24775,18018,15896,32396,50411,60957,10203,15908,20000,29000,22000,1821,0
15323,120000,2,1,2,39,0,0,0,0,0,0,28724,-72,-72,-72,-72,-72,0,0,0,0,0,0,0
15324,150000,2,3,2,42,0,0,0,0,0,0,30643,31209,25977,30776,920,0,1237,1354,5153,924,0,0,0
15325,150000,2,1,2,37,0,0,0,0,0,0,7591,5538,18987,0,1399,150,5538,18987,0,1399,150,203,1
15326,240000,2,2,1,35,0,0,0,0,0,0,5391,7375,4908,5638,2582,4127,7375,4908,5638,2587,4127,4942,0
15327,130000,2,3,3,43,0,0,0,0,0,0,15923,82292,396,1552,776,776,70000,792,1552,0,776,3676,0
15328,150000,2,3,1,38,0,0,0,0,0,0,105911,109006,108761,79044,79350,80594,5530,4100,3150,2211,2270,2288,0
15329,20000,2,1,1,37,0,0,0,0,0,0,19921,18100,19146,20098,20191,18216,1594,1640,1592,685,662,827,0
15330,390000,2,1,2,33,0,0,0,0,0,0,2703,1017,0,0,1560,4386,1017,0,0,1560,4386,12000,0
15331,270000,2,2,1,39,0,0,0,0,0,0,161039,164354,167788,339599,174797,180313,6000,6079,6213,12840,8500,8205,0
15332,180000,2,1,1,45,0,2,0,0,0,0,1560,316,316,316,316,316,0,316,316,316,316,316,1
15333,200000,2,1,2,30,0,0,0,0,0,0,78866,74961,69702,63210,57098,46455,20000,2513,1656,5000,20000,15000,0
15334,180000,2,2,2,37,0,0,0,0,0,0,491,0,0,0,0,0,0,0,0,0,0,3738,0
15335,330000,2,1,2,39,0,0,0,0,0,0,118467,110930,100498,95072,94164,94043,4000,4600,4000,4190,6680,3500,0
15336,140000,2,1,2,40,0,0,0,0,0,0,51270,54000,4117,6817,0,0,4500,4117,3000,0,0,0,0
15337,220000,2,2,1,34,0,0,0,0,0,0,387,1083,1969,389,389,389,1086,2099,390,390,390,391,0
15338,400000,2,1,1,40,0,0,0,0,0,0,6376,4925,4382,1240,167621,3284,5949,4403,1250,168459,3301,11168,0
15339,150000,2,2,1,36,0,0,0,0,0,0,339351,133681,100683,147127,79942,71976,7000,3500,3000,5242,3009,4000,0
15340,200000,2,2,1,36,2,2,0,0,0,0,2500,0,0,0,0,0,0,0,0,0,0,0,1
15341,30000,2,2,1,43,0,0,0,0,0,0,661,25166,26195,27209,27924,30204,25166,1437,1451,1166,2900,600,0
15342,170000,2,2,2,30,0,0,0,0,0,0,106667,103955,85601,82963,58547,57080,3458,3426,2711,1779,1940,2000,0
15343,180000,2,2,1,30,1,2,0,0,0,0,18435,1563,3842,7146,10480,13886,0,3842,5000,5000,10000,5000,0
15344,300000,2,2,1,31,0,0,0,0,0,0,5361,2700,3822,1103,1622,-1,1060,1182,1108,1630,0,0,0
15345,100000,2,2,2,32,0,0,0,2,0,0,76112,77494,96445,92742,92644,95497,4500,25445,0,3500,6790,0,0
15346,500000,2,1,1,38,0,0,0,0,0,0,5410,2760,36861,23200,34255,18554,2700,36861,10000,20055,1000,5622,0
15347,80000,2,3,1,40,0,0,0,0,0,0,34965,35660,37082,38464,38922,40791,1578,2000,2000,1397,2500,3000,0
15348,60000,2,2,2,40,0,0,0,0,0,0,61756,60800,55390,50221,22032,20710,2200,2100,8000,800,1000,1000,0
15349,50000,2,2,1,37,0,0,0,0,0,0,24380,23325,21940,20718,24048,5017,1366,1400,1200,5000,5017,71,0
15350,500000,2,3,1,48,0,0,0,0,0,0,485,6342,6390,5477,1060,23726,6342,1228,1000,1060,23726,1084,0
15351,50000,2,3,3,37,2,2,2,2,2,2,47676,48896,49325,48033,27019,26450,2300,1500,0,3400,0,1200,1
15352,160000,2,3,1,44,0,0,0,2,2,2,6061,1594,2904,2313,2753,2191,2000,3037,0,1000,0,5000,0
15353,180000,2,2,1,46,1,0,0,0,0,0,0,0,0,0,0,0,0,0,0,0,0,0,0
15354,520000,2,1,1,46,1,2,2,0,0,2,133890,106928,37238,36293,55826,34989,5022,0,20000,40000,0,5000,0
15355,160000,2,1,1,33,0,0,0,0,0,0,5459,20415,2141,2144,5816,2144,20415,2141,2144,5816,2144,1456,0
15356,380000,2,1,1,35,0,0,0,0,0,0,472,14985,10472,39993,25356,39772,14985,10472,39993,25356,39772,54002,0
15357,440000,2,2,1,33,0,0,0,2,0,0,411970,420142,443407,431200,440000,-6948,15003,30000,0,9000,788,0,0
15358,280000,2,1,2,33,2,0,0,0,0,0,3192,4962,7860,10708,13516,16279,2000,3000,3000,3000,3000,3000,0
15359,130000,2,2,1,35,0,0,0,0,0,0,63281,56889,60955,62038,62393,65439,10000,5000,2142,5000,4000,9500,0
15360,250000,2,2,1,31,1,0,0,0,0,0,0,0,0,1000,0,1013,0,0,1000,0,1013,0,0
15361,360000,2,2,1,39,1,0,0,0,0,0,0,791,173,1640,287,2418,791,173,1640,287,2426,507,0
15362,470000,2,2,2,36,0,0,0,0,0,0,9,89,0,157,157,205430,1960,0,157,0,205430,130,0
15363,330000,2,2,1,29,0,0,0,0,0,0,132702,135972,137289,141844,143470,146596,6972,4989,6844,5470,5596,5577,0
15364,240000,2,2,1,42,0,0,0,0,0,0,1986,1323,329,9228,7776,7500,1323,329,9228,7776,7500,635,0
15365,360000,2,1,1,48,0,0,0,0,0,0,485,-15,-15,12588,1243,-6,0,0,12603,1250,0,420,0
15366,80000,2,3,2,40,2,2,0,0,0,0,81428,78041,75945,61740,29089,28267,4,3716,2000,1000,1000,2000,1
15367,280000,2,1,2,29,0,0,0,0,0,0,15801,9982,9909,10420,10142,10329,1200,1200,1200,1000,350,300,0
15368,60000,2,1,1,38,1,0,3,2,0,0,0,780,780,390,390,390,780,0,0,390,390,87,0
15369,220000,2,1,1,44,2,2,0,0,0,2,34510,33661,34913,36334,38729,39062,0,2100,2000,3000,1100,1700,1
15370,140000,2,2,1,45,0,0,0,0,2,2,53951,55444,57549,60971,61374,63243,3000,3000,5000,2000,3000,2500,0
15371,230000,2,1,2,29,0,0,0,0,0,0,23586,6633,2525,146959,150080,153186,5576,2525,146959,4452,4586,5497,0
15372,360000,2,1,1,30,1,0,0,0,0,0,-6,1191,23812,3155,-140,27994,1197,23931,3171,0,28134,8402,0
15373,390000,2,1,2,30,0,0,0,0,0,0,152535,153477,148629,141571,126583,154557,5153,10000,10000,5010,50000,5000,0
15374,280000,2,2,1,32,0,0,0,0,0,0,11561,12662,13752,14815,15168,15523,1300,1300,1300,600,600,600,0
15375,310000,2,3,2,32,0,0,0,0,0,0,41623,42465,32003,33885,29125,17227,3021,7000,5040,1000,7000,6000,0
15376,500000,2,2,1,33,0,0,0,0,0,0,264479,275025,285034,290002,295756,302149,15000,14500,10370,11000,11000,13000,0
15377,230000,2,2,2,39,0,0,0,0,0,0,72288,69680,66081,64495,60511,57450,2429,2579,2100,2000,2000,2100,0
15378,30000,2,3,1,41,0,0,0,0,0,0,0,0,0,0,0,0,0,0,0,0,0,0,0
15379,120000,2,5,1,41,0,0,0,0,0,0,0,77,-1460,-1460,-1460,-1460,77,1460,0,0,0,0,0
15380,200000,2,2,2,43,0,0,0,0,0,0,10000,10000,10000,10301,10000,10000,10000,10000,10301,10000,10000,10000,0
15381,390000,2,1,2,30,0,0,0,0,0,0,60819,61300,59328,57852,55903,53516,5000,2506,3000,2500,2000,2000,0
15382,200000,2,1,2,30,0,0,0,0,0,0,59891,60537,61592,59786,58172,59175,3000,2800,3000,2100,2070,1800,0
15383,600000,2,2,1,38,1,2,0,0,0,0,485861,462675,464983,416550,416545,420232,33,15287,14069,15013,15003,15000,0
15384,20000,2,3,1,45,2,2,3,2,2,0,21646,24390,23719,23936,23253,25871,3400,0,900,0,3000,2000,1
15385,140000,2,2,1,48,0,0,0,0,0,0,41241,42548,44552,46503,48418,49277,1996,3000,3000,3000,1790,1965,0
15386,90000,2,2,1,34,0,2,0,0,0,0,336,168,432,0,0,0,0,432,0,0,0,0,1
15387,20000,2,3,1,44,0,0,0,0,0,0,5636,6737,7832,8624,8800,9300,1200,1208,1000,176,500,0,0
15388,30000,2,6,1,45,0,0,0,0,0,0,26958,26716,26679,22972,20152,11688,4000,5022,1232,820,286,237,0
15389,250000,2,1,2,35,0,0,0,0,0,0,154878,152677,134445,136219,117625,107642,5200,5200,10000,4014,4057,4000,0
15390,350000,2,2,2,33,0,0,0,0,0,0,187649,141353,142923,145149,132948,85677,5100,5400,6100,6000,3200,3100,0
15391,150000,2,2,1,49,0,0,0,0,0,0,4016,5115,3425,1334,2117,1098,5119,1002,1336,2119,1098,757,0
15392,300000,2,2,2,42,0,0,0,0,0,0,113308,109901,108659,110781,107833,104466,5400,5800,6000,7000,5000,5000,0
15393,50000,2,3,1,53,0,0,0,0,0,0,46778,47770,49009,50593,20218,20645,1770,2009,2593,1000,752,1017,1
15394,390000,2,3,1,58,0,0,0,0,0,0,1186,15523,0,609,0,0,15657,0,609,0,0,0,0
15395,120000,2,3,2,53,0,2,0,0,0,0,1743,316,316,632,316,316,0,316,632,0,316,816,0
15396,140000,2,3,2,53,0,0,0,0,0,0,142270,144418,143728,125158,93998,91229,5357,5829,6240,3500,3500,4000,0
15397,80000,2,3,1,51,0,0,0,0,0,0,80904,64144,54029,51497,28250,28073,2500,2200,1817,1200,1200,1100,0
15398,50000,2,3,1,55,0,0,0,0,0,0,23593,24787,9145,12423,41956,45112,1831,1189,3467,30000,4000,0,0
15399,140000,2,2,2,49,0,0,0,0,0,0,1282,367,0,3794,0,865,367,0,3794,0,865,825,1
15400,330000,2,2,1,50,0,0,0,0,0,0,5600,0,98,0,0,318,0,98,0,0,318,452,0
15401,280000,2,2,1,49,2,2,2,0,0,0,28788,31315,30529,33562,34557,35600,3315,0,3562,1557,1600,3175,0
15402,470000,2,2,1,49,0,0,0,0,0,0,3388,1359,7650,6682,1942,0,1359,7650,6682,1942,0,5870,1
15403,100000,2,5,1,54,0,0,0,0,0,0,95980,99056,100415,102666,63913,65246,4057,3232,3275,2290,2365,2382,0
15404,160000,2,3,1,53,0,0,0,0,0,0,123760,124218,124438,112113,96459,93449,6018,5810,4591,3524,3542,3426,0
15405,320000,2,3,1,51,0,0,0,0,0,0,8391,2855,1021,953,868,872,2869,1026,957,868,4,954,0
15406,130000,2,3,1,49,0,0,0,0,0,0,132571,-829,-829,-829,-829,-829,0,0,0,0,0,0,0
15407,50000,2,3,1,53,2,2,2,2,0,0,41174,42196,43327,42335,43326,46256,2000,2100,0,2000,3800,5783,0
15408,540000,2,2,1,50,0,0,0,0,0,0,66637,66665,66513,67149,66880,67667,3100,3070,3100,2320,2796,3500,0
15409,50000,2,5,2,48,0,0,0,0,0,0,47937,33816,60320,36249,780,0,2000,2000,3293,0,0,0,0
15410,140000,2,2,1,48,0,0,0,0,0,0,248822,246595,249664,253418,258909,255232,10000,10200,9000,9000,10000,10000,0
15411,50000,2,2,1,53,0,0,0,0,0,0,28509,29230,30356,31342,32644,32719,1500,1600,1498,2627,1400,1200,0
15412,360000,2,2,1,69,0,0,0,0,0,0,0,0,0,0,0,0,0,0,0,0,0,0,0
15413,420000,2,1,1,45,1,0,0,0,0,0,0,23621,29042,35000,292962,247622,23621,29052,35000,292962,0,606,0
15414,360000,2,1,1,51,0,0,0,0,0,0,1495,1117,7062,-3,1178,-2,1120,7065,0,1181,0,1758,0
15415,110000,2,3,1,63,0,0,0,0,0,0,390,390,390,390,780,0,390,390,390,780,0,390,1
15416,170000,2,1,1,52,0,0,0,0,0,0,416,2939,5447,416,7509,6387,2939,3000,5,7509,6387,1666,0
15417,350000,2,1,3,53,1,0,0,0,0,0,36138,7613,5875,4020,33127,6877,7619,5875,4020,33127,6877,0,0
15418,240000,2,2,1,56,2,0,0,0,0,0,133954,138785,141894,143270,201082,215709,8500,6500,5000,60000,17464,6516,0
15419,240000,2,2,2,51,0,0,0,0,0,0,489,4006,696,696,696,696,4006,696,696,696,696,1542,0
15420,80000,2,2,1,57,1,0,0,0,0,0,0,2412,0,0,0,1650,2412,0,0,0,1650,2500,0
15421,60000,2,3,1,59,0,0,0,0,0,0,694,694,694,694,694,28948,694,694,694,694,28948,1044,0
15422,220000,2,2,1,53,2,0,0,0,0,0,220389,223682,223193,215040,210884,210479,8490,8100,8000,7804,8254,6640,1
15423,500000,2,1,2,54,0,0,0,0,0,0,260356,253580,239479,200081,185130,168868,18609,9800,6610,6000,6000,5000,0
15424,20000,1,2,2,24,0,0,2,0,0,0,15886,16337,16470,10195,11195,11995,2500,800,1500,1000,800,6720,0
15425,360000,1,2,1,27,3,2,2,0,0,0,245135,244583,156843,63861,64437,8844,8000,0,2700,3000,1000,1072,1
15426,300000,2,2,1,53,0,0,0,0,0,0,5551,6564,7954,8690,0,1420,1110,1500,1000,0,1420,0,0
15427,60000,1,2,2,38,0,0,0,0,0,0,57775,51280,16299,-41,-41,-41,2000,1043,0,0,0,17500,1
15428,360000,1,2,1,30,3,2,2,2,2,2,2500,2500,2500,2500,2500,0,0,0,0,0,0,0,1
15429,50000,1,2,2,23,0,0,0,0,0,0,42284,31512,26097,27148,54991,28480,1800,1600,1500,1000,2400,1500,0
15430,130000,1,2,1,24,0,0,2,0,0,0,46113,49520,47627,47262,46226,390,5000,0,1925,0,0,780,0
15431,50000,1,1,1,24,0,0,0,0,0,0,47734,47025,48102,48612,49465,50299,1763,1840,1751,1717,1773,1845,0
15432,150000,1,2,2,28,0,0,0,0,0,0,134218,118580,95916,82867,58995,59799,4465,10629,3500,1833,1886,1610,0
15433,30000,1,1,2,24,0,0,0,0,0,0,28327,27406,28400,28115,28826,27745,1464,1458,1443,1154,1008,1018,0
15434,350000,1,1,2,29,0,0,0,0,0,0,27916,24973,22752,21010,4470,6838,2001,2010,1082,10506,7034,4573,0
15435,50000,1,2,2,25,0,0,0,0,0,0,48517,37071,5181,8548,50678,48220,5204,5196,8557,48011,2040,2121,0
15436,20000,1,2,2,23,0,0,0,2,0,0,13284,13987,15958,16168,16268,16600,1229,2200,900,500,332,2000,0
15437,20000,1,2,2,23,1,0,0,0,0,0,0,0,0,0,17330,16066,0,0,0,17330,738,1000,0
15438,180000,1,1,2,26,0,0,0,0,0,0,-106,-200,-200,-200,0,4709,0,0,0,200,4709,0,0
15439,50000,1,3,2,26,1,0,0,0,0,0,0,0,0,0,0,0,0,0,0,0,0,0,0
15440,150000,1,2,2,26,1,2,0,0,0,0,156387,148656,150963,152607,103113,96518,0,6000,10000,4000,4000,7000,1
15441,120000,1,1,2,27,0,0,0,0,0,0,117324,91457,94478,74807,76952,0,3500,5390,3200,3500,3000,77233,0
15442,20000,1,2,2,27,0,0,0,0,0,0,7320,7761,631,4481,6481,3465,2000,631,4481,2000,300,3332,1
15443,60000,1,2,2,24,0,0,0,0,0,0,836,836,6842,4603,3884,760,836,6842,1000,117,760,10038,0
15444,80000,1,3,2,28,1,2,2,0,0,0,38151,39227,38318,42614,86966,41950,2000,0,5000,1500,1500,7000,1
15445,50000,1,3,2,30,0,0,0,0,0,0,49631,49641,50355,0,0,0,3000,2000,0,0,0,0,0
15446,50000,1,1,2,25,0,0,2,2,2,0,44477,45425,48559,49065,48057,48942,2000,3134,1640,0,1968,1504,0
15447,30000,1,2,2,22,0,0,0,0,0,0,30465,27943,14588,30158,29562,29818,1630,2231,16310,1051,1103,1003,0
15448,20000,1,2,2,26,0,0,2,2,0,0,15481,18004,19121,18521,18615,19015,3100,1700,0,700,700,860,1
15449,50000,1,2,2,27,0,0,0,0,0,0,0,0,0,0,0,0,0,0,0,0,0,0,0
15450,150000,1,1,2,25,0,0,0,0,0,0,51568,52952,95134,31578,26089,16624,3000,60086,2000,2000,5000,6000,0
15451,50000,1,2,1,26,1,0,0,0,0,0,0,0,0,2056,973,973,0,0,2056,973,973,27154,0
15452,500000,1,1,2,28,0,0,0,0,0,0,59646,49412,48060,51132,49348,40652,43018,3030,10022,3064,3022,2018,0
15453,120000,1,1,2,27,0,0,2,0,0,0,75896,77931,79384,81367,82321,84336,3900,3300,3900,3200,3500,3500,0
15454,260000,1,1,2,27,0,0,0,0,0,0,256324,250666,245741,240132,234520,227149,10000,9000,10340,11500,8042,14000,0
15455,20000,1,2,2,23,2,2,2,0,0,0,7130,9455,9159,10000,0,0,2455,0,1000,0,0,0,1
15456,20000,1,2,2,24,1,2,0,0,0,0,20036,19322,17619,10688,11346,0,0,2000,4000,2033,0,0,0
15457,200000,1,1,2,29,0,0,0,0,0,0,33188,10293,55615,37643,47437,38640,11958,73912,37858,47675,38834,49403,0
15458,80000,1,3,1,31,1,0,0,0,0,0,0,0,0,0,0,0,0,0,0,0,0,0,0
15459,160000,1,2,2,28,0,0,0,0,0,0,0,0,0,0,0,0,0,0,0,0,0,0,0
15460,200000,1,1,2,28,0,2,2,0,0,0,2006,1823,-2,-2,-90,-90,0,27,88,0,0,0,0
15461,90000,1,2,2,29,0,0,0,0,0,0,85769,87877,89766,63793,24265,25713,3535,3703,2085,1026,2000,2000,0
15462,20000,1,3,2,41,1,2,0,0,0,0,9913,3261,1491,390,390,390,50,1491,2500,390,390,0,0
15463,120000,1,2,2,36,0,0,0,0,0,0,396,396,396,392,396,396,396,396,392,400,396,942,0
15464,490000,1,1,2,35,0,0,0,0,0,0,156021,155635,156094,159376,158235,163963,8030,9071,18944,10000,8030,6059,0
15465,290000,1,2,1,38,0,0,0,0,0,0,3137,7999,2948,-6097,11037,17834,8042,2980,2777,17941,10002,10000,0
15466,160000,1,3,2,30,0,0,0,0,0,0,275241,280903,272419,0,0,0,8365,9368,0,0,0,0,0
15467,220000,1,1,2,30,2,0,0,0,0,0,84630,87604,89687,90889,91892,93815,5000,5000,4200,4000,4000,5000,0
15468,290000,1,2,1,38,0,0,0,0,0,0,116625,118801,99370,84836,82168,80299,5000,3530,3019,2818,3000,3199,0
15469,360000,1,1,1,37,0,0,0,0,0,0,0,0,0,0,0,0,0,0,0,0,0,0,1
15470,120000,1,2,2,40,2,2,2,2,2,2,58908,53306,50104,43957,43401,37371,1000,3000,0,5000,0,31000,1
15471,360000,1,1,2,30,0,0,0,0,0,0,194001,197032,183154,143367,135751,138659,8000,10000,5500,5000,5100,7000,0
15472,80000,1,3,1,33,0,0,0,0,0,0,390,390,390,1936,390,390,390,390,1936,390,390,390,1
15473,420000,1,2,1,37,0,0,0,0,0,0,3823,149793,56611,77406,79316,73995,150298,10617,25000,3034,3012,5012,0
15474,360000,1,1,1,39,0,0,0,0,0,0,12768,0,0,0,0,0,0,0,0,0,0,0,0
15475,230000,1,2,1,45,0,0,0,0,0,0,41414,42420,44234,45684,46653,47779,2000,2500,2500,2000,2000,2000,0
15476,50000,1,3,1,46,1,2,2,2,0,0,51814,53077,51400,0,0,0,2400,0,0,0,0,0,1
15477,60000,1,2,1,48,0,0,0,0,0,0,60924,60089,59828,58217,18527,40334,2400,2800,2000,1110,40621,1800,0
15478,200000,1,2,2,30,0,0,0,0,0,0,179273,182624,188541,179380,41060,41258,6657,10000,8000,2000,2000,2000,0
15479,480000,1,2,1,30,0,0,0,0,0,0,1309,662,645,32636,27552,1428,668,645,32641,27552,1428,11822,0
15480,360000,1,3,1,32,0,0,0,0,0,0,33597,-1,-1,-1,-1,-1,0,0,0,0,0,0,0
15481,100000,1,1,1,33,2,2,0,0,0,0,94257,78728,65747,67046,69938,74800,0,3100,3000,4000,6000,0,1
15482,150000,1,1,1,37,0,0,0,0,0,0,22109,10876,10268,5872,3068,2181,10943,10273,5978,3068,2181,3242,1
15483,20000,1,3,1,39,0,0,0,0,0,0,19831,1391,19037,19939,15110,0,1300,20398,1300,694,0,0,0
15484,500000,1,1,1,45,0,0,0,0,0,0,2900,0,0,0,0,0,0,0,0,0,0,0,0
15485,180000,1,1,1,36,1,0,0,0,0,0,0,0,0,0,0,0,0,0,0,0,0,0,0
15486,230000,1,2,1,29,0,0,0,0,0,0,50845,48170,46987,45669,44510,43084,1768,1769,1635,1660,1544,1445,0
15487,180000,1,2,2,43,0,0,0,0,0,0,5904,5715,2378,10396,2527,2173,5739,2385,10427,2534,2179,13903,0
15488,60000,1,2,2,29,1,0,0,0,0,0,0,0,0,0,0,0,0,0,0,0,0,251,1
15489,200000,1,1,1,42,1,0,0,0,0,0,0,581,581,581,581,581,581,581,581,581,581,581,1
15490,30000,1,3,1,28,0,0,0,0,2,0,38390,20830,56262,59113,58016,30900,4200,36444,4360,4,2204,0,0
15491,20000,1,1,1,31,0,0,0,2,0,0,4596,5675,8231,2717,4733,1099,1161,2717,0,4733,1099,0,1
15492,110000,1,1,1,41,0,0,0,0,0,0,80959,80733,80984,80706,80580,77993,3486,2958,2803,2940,2821,2806,0
15493,80000,1,3,1,41,0,0,0,0,0,0,90894,93167,81146,80674,63110,40376,4000,3200,2606,2431,1779,1000,1
15494,160000,1,2,1,35,0,0,0,0,0,0,160303,164150,0,0,0,0,8000,0,0,0,0,0,0
15495,20000,1,2,2,35,0,0,0,0,0,0,19600,19694,19945,20051,19472,19830,1312,1363,1249,1000,2000,1000,1
15496,30000,1,3,2,30,1,2,2,2,2,2,4318,5096,6353,7092,7972,7702,1000,1500,1000,1000,0,1000,0
15497,30000,1,2,1,48,0,0,0,0,0,0,29428,19950,24514,4083,6234,0,1402,10096,4083,6255,0,0,0
15498,150000,1,2,1,34,1,2,2,2,2,2,52692,54229,55768,56266,54764,58862,3000,3000,2000,0,5000,3000,1
15499,280000,1,2,1,31,0,0,0,0,0,0,235937,178376,183488,188165,99133,101547,7000,8000,8000,5000,4003,5000,0
15500,50000,1,2,2,33,1,2,0,0,0,0,51210,47140,48478,48173,21134,20403,0,3518,3000,2352,2000,2000,0
15501,50000,1,2,1,28,2,2,2,0,0,0,47237,50632,49546,49448,19887,38212,4500,0,1713,1003,699,800,1
15502,280000,1,1,1,34,1,0,0,2,0,0,-2159,5777,7936,2932,6493,4867,7936,2980,29,6493,4867,240,0
15503,200000,1,2,1,41,0,0,2,0,0,0,92272,69963,67223,69167,69289,70333,6582,0,2943,2301,2374,2500,0
15504,210000,1,3,1,47,0,0,0,0,0,0,6460,3623,10325,8751,11920,8967,3623,10362,8751,11920,8967,7416,1
15505,360000,1,3,1,27,0,0,0,0,0,0,0,0,0,0,0,0,0,0,0,0,0,0,0
15506,50000,1,3,1,29,1,2,2,2,0,0,47479,46415,50351,49038,28661,30398,0,4690,0,1000,2159,0,0
15507,90000,1,2,2,33,0,0,0,0,0,0,60881,65215,66748,70101,80611,89870,5000,2200,4035,12200,10000,0,0
15508,270000,1,2,1,35,0,0,0,0,0,0,48465,45898,46765,55438,54285,54198,1737,2000,10000,1461,1492,899,0
15509,50000,1,3,1,44,0,0,0,0,0,0,1261,1261,0,1261,1261,1261,1261,0,2522,1261,1261,1432,0
15510,80000,1,2,2,43,0,0,0,0,0,0,70479,71900,0,0,0,0,3300,0,0,0,0,390,0
15511,160000,1,3,1,38,0,0,0,0,0,0,25003,23621,24994,15778,9333,7083,2000,5060,5000,1500,0,0,0
15512,200000,1,2,1,36,0,0,0,0,0,0,75,3707,697,0,2769,1382,3707,697,0,2769,1438,2411,0
15513,30000,1,2,1,37,2,2,2,2,2,2,19177,20054,20930,21291,20651,22110,1500,1500,1000,0,1801,1000,1
15514,260000,1,2,2,32,0,0,0,0,0,0,170276,164617,150188,138975,134225,128321,6200,6000,6000,5006,5006,6006,1
15515,520000,1,2,1,34,0,0,0,0,0,0,10000,10000,10000,10317,10000,126247,10000,10000,10317,10000,126247,4666,0
15516,140000,1,3,1,37,0,0,0,0,0,0,13806,1003,1170,1003,1003,1003,1003,1170,1003,1003,1003,1003,1
15517,20000,1,2,2,34,0,0,0,0,0,0,18351,17706,18831,18334,17280,15582,1304,1429,1608,346,312,318,1
15518,50000,1,3,1,41,2,2,2,2,0,0,20186,15773,13555,0,0,0,2700,103,0,0,0,0,1
15519,50000,1,2,2,31,0,0,0,0,0,0,8673,10957,17187,6377,6370,1910,5011,10000,10000,6000,0,3000,0
15520,170000,1,3,1,42,0,0,0,0,0,0,191865,186841,183151,170838,80934,80821,7080,8271,5159,2700,2619,3500,0
15521,180000,1,2,2,32,0,0,0,0,0,0,45469,39368,9652,10775,1943,13243,5000,2000,3000,1943,13000,170000,0
15522,360000,1,2,1,35,0,0,0,2,2,0,0,0,1300,300,0,598,0,1300,0,0,598,1352,0
15523,220000,1,2,1,39,1,2,0,0,0,0,4949,4724,6478,7412,7886,8358,0,2000,1200,600,600,600,0
15524,500000,1,1,1,48,0,0,0,0,0,0,107595,109605,113409,114191,117285,120388,5000,5571,4152,5000,5000,5000,0
15525,80000,1,2,2,36,0,0,2,2,0,0,79673,79353,80107,78323,45985,45434,7100,2600,371,1904,1801,1801,0
15526,150000,1,2,1,40,0,0,0,0,0,0,154432,106396,105332,82191,77262,49851,4000,7041,3000,3116,2500,5000,0
15527,140000,1,3,1,47,0,0,0,2,0,0,292,396,792,884,488,1092,500,792,488,0,1000,0,1
15528,190000,1,2,2,39,0,0,0,0,0,0,146224,149289,152886,156273,159800,162570,5500,6000,6000,6000,6000,6000,0
15529,200000,1,1,2,32,0,0,0,0,0,0,270160,275565,282023,286199,265201,271381,11000,12003,11010,15000,10004,11004,0
15530,260000,1,1,2,33,0,0,0,0,0,0,93767,80944,67691,53334,76056,64968,3014,3017,2016,43000,2000,2000,0
15531,210000,1,1,2,30,0,0,0,0,0,0,137825,140883,145675,149399,150796,88463,5346,7056,7656,5885,3345,3363,0
15532,240000,1,2,1,38,2,2,0,0,0,0,7123,6848,836,2508,1672,836,836,836,2508,0,0,563,1
15533,140000,1,1,1,39,1,0,0,0,0,0,0,0,0,0,0,0,0,0,0,0,0,0,1
15534,200000,1,1,1,34,0,0,0,0,0,0,7468,5023,618,605,3098,805,5048,621,608,3114,1003,2164,0
15535,200000,1,2,2,35,0,0,0,0,0,0,27784,33877,35420,26609,25392,23367,10000,10000,2000,5000,5000,1000,0
15536,500000,1,1,2,41,0,0,0,0,0,0,1296,0,0,0,0,2300,0,0,0,0,2300,0,0
15537,50000,1,2,1,39,2,2,2,2,2,2,31476,30676,33261,32427,34579,35476,0,3400,0,2700,1600,1500,1
15538,130000,1,2,2,38,1,0,0,0,0,0,-470,-470,-470,-470,47296,0,0,0,0,47766,0,0,0
15539,230000,1,2,2,31,0,0,0,0,0,0,100074,107085,115039,117144,117429,117560,9000,10000,6000,3405,3000,1286,0
15540,260000,1,1,2,34,0,0,0,0,0,0,916,2615,1580,920,730,466,2615,1586,920,730,466,1455,0
15541,260000,1,2,1,46,0,0,0,0,0,0,57963,262696,247462,252073,195628,199646,247562,9000,8300,6576,7000,7000,0
15542,160000,1,2,2,30,0,0,0,0,0,0,750,370,-20,780,0,1470,400,0,800,0,1470,0,0
15543,250000,1,2,1,40,1,2,0,0,0,0,65087,62216,39814,34374,34768,38830,0,2000,1871,1265,4643,3214,1
15544,180000,1,1,2,30,1,0,0,0,0,0,0,0,0,0,0,0,0,0,0,0,0,0,0
15545,20000,1,1,1,32,2,0,0,0,0,2,12720,13451,14786,15532,16767,17104,1250,1554,1300,1500,750,0,1
15546,270000,1,1,1,37,2,0,0,0,0,0,160069,156346,159223,165480,76144,77944,6000,7000,9000,5000,3000,3000,1
15547,280000,1,1,1,47,0,0,0,0,0,0,3587,3187,3190,1982,3590,3590,3200,3203,1992,3608,3600,3602,0
15548,30000,1,2,2,30,0,0,0,0,0,0,7038,8052,10153,9761,9960,4010,1291,2392,1000,199,80,949,0
15549,450000,1,2,2,36,0,0,0,0,0,0,8012,4009,5226,4715,3275,6422,4021,5241,4729,3284,6441,4285,1
15550,360000,1,1,1,33,0,0,0,0,0,0,21936,35331,30580,34985,39585,49735,14000,5000,5000,5000,10150,60000,0
15551,20000,1,2,2,36,2,2,2,0,0,0,18458,17334,16768,17539,18775,18586,1450,0,1134,1370,1000,424,0
15552,200000,1,3,2,40,0,0,0,0,0,0,316,316,316,316,316,316,316,316,316,316,316,316,1
15553,500000,1,1,1,46,0,0,0,0,0,0,16347,20496,14509,16910,10854,16809,17029,8014,14030,7012,16016,14004,0
15554,200000,1,1,1,42,0,0,0,0,0,0,-6028,10177,10229,7899,4553,4252,20405,10426,8008,4575,4273,9652,0
15555,450000,1,3,1,39,0,0,0,0,0,0,28499,13119,9983,4904,45338,51646,1214,3109,4904,45338,7570,11729,0
15556,20000,1,2,2,37,2,2,2,0,0,0,3254,2522,0,780,390,390,2000,0,780,0,390,1680,1
15557,500000,1,1,1,42,0,0,0,0,0,0,9894,1500,14148,28190,7423,3588,1500,14148,20000,0,0,1715,0
15558,260000,1,1,2,31,0,0,0,0,0,0,102350,96133,90183,89846,101034,84152,4033,4000,4005,14066,3017,2736,0
15559,60000,1,1,1,38,2,2,2,0,0,2,46389,49808,48736,49525,57564,56517,4200,0,1900,8900,0,26000,1
15560,10000,1,2,1,37,0,0,0,0,0,0,8487,9003,0,390,4555,5165,2008,0,390,4555,1000,6810,0
15561,240000,1,2,1,34,0,0,0,0,0,0,133272,133373,138006,136195,140860,138787,6000,9583,6000,10000,4974,4820,0
15562,480000,1,1,1,43,0,0,0,0,0,0,377420,389573,400693,393892,348733,331930,20000,20000,20005,15000,15000,12000,0
15563,520000,1,1,1,38,0,0,0,0,0,0,98615,102085,102762,104865,106947,109507,5102,3800,3803,3822,4277,4868,0
15564,20000,1,2,1,42,2,0,0,0,0,0,20745,21431,19745,19943,19235,19245,1373,1386,1189,570,589,600,1
15565,180000,1,1,2,33,0,0,0,2,0,0,3060,1854,3238,2106,1510,1746,1000,2500,0,1000,500,930,0
15566,290000,1,2,1,43,0,0,2,0,0,0,172,1930,1752,3710,3848,4285,1930,0,2000,200,500,0,0
15567,50000,1,3,2,40,0,0,0,0,0,0,43530,43344,46616,48872,19981,16554,2000,4000,4500,2000,1000,3000,1
15568,500000,1,1,2,39,0,0,0,0,0,0,297309,290425,286959,278420,291642,286666,10322,13500,10000,30000,12000,10000,0
15569,100000,1,2,2,40,0,0,0,0,0,0,95600,87442,60737,66077,68990,70724,15037,5003,8058,8000,3000,5000,0
15570,300000,1,1,1,39,0,0,0,0,0,0,20938,21064,26041,18158,18147,45199,21169,26171,18249,18238,45301,120,0
15571,130000,1,1,1,40,2,2,2,2,2,2,62177,60580,65489,66327,64665,68740,0,5900,2500,0,5300,2700,0
15572,500000,1,1,1,50,0,0,0,0,0,0,2112,6000,2079,2710,2040,-55,6031,2509,2713,2010,0,4642,0
15573,220000,1,2,1,55,0,0,0,0,0,0,757,757,3257,757,757,757,757,3257,757,757,757,907,0
15574,260000,1,3,1,63,0,0,0,0,0,2,261326,264126,244115,248831,263528,258973,9166,9001,9061,19155,1,9858,0
15575,50000,1,2,1,51,0,0,0,0,0,0,40197,41240,37093,32925,26640,22247,2044,2000,1547,2388,944,1000,1
15576,110000,1,2,2,55,0,0,0,0,2,0,51716,113395,111693,115073,111811,111719,65668,4267,9455,0,3991,8071,1
15577,350000,1,1,1,49,0,0,0,0,0,0,27506,4213,1518,4625,363,858,4213,1529,4713,363,858,566,0
15578,180000,1,2,1,48,0,0,0,0,0,0,1294,1294,1466,1294,2324,264,1294,1466,1294,2324,264,264,0
15579,120000,1,3,2,50,0,0,0,2,0,0,118506,118930,125089,122242,119996,122049,4500,9000,1609,5000,5000,5000,0
15580,460000,1,2,1,51,0,0,0,0,0,0,326,827,289,44517,36065,6591,831,290,44558,101,6621,9584,1
15581,250000,1,2,1,52,2,2,2,2,0,0,29860,29086,33288,32459,34600,36539,0,5000,0,3000,2500,2500,1
15582,50000,1,2,1,58,0,0,0,0,0,0,60524,61627,56937,51506,45058,37598,2200,2297,1751,1086,3307,1142,0
15583,350000,1,1,1,56,0,0,0,0,0,0,257463,256706,257944,149040,144639,139558,10023,7700,5162,5025,5041,5061,0
15584,20000,1,3,1,52,0,0,3,2,0,0,16049,19967,19368,18759,19131,19533,4519,0,0,683,709,1027,1
15585,290000,1,2,1,49,0,0,0,0,0,0,4040,5438,3116,13459,2685,2532,5457,3131,13526,2698,2544,1988,0
15586,500000,1,1,1,50,2,2,2,2,2,2,70144,74850,76463,77611,78735,80430,6500,3400,3000,3000,3100,3110,1
15587,240000,1,1,2,57,0,0,0,0,0,0,224041,238077,245387,248945,224776,11567,18800,12000,10000,20019,3000,9000,0
15588,50000,1,2,2,52,0,0,0,0,0,0,45840,47595,28491,3642,12291,16674,8000,8080,15012,10000,8000,2000,0
15589,180000,1,1,1,50,0,0,0,0,0,0,62782,66114,69436,72560,76169,77988,5000,5000,5000,5000,3000,5000,0
15590,500000,1,3,1,52,0,0,0,0,0,0,30561,38207,18008,29158,11484,103340,38219,18008,29248,11484,103340,28524,0
15591,110000,1,2,2,51,0,0,0,0,0,0,110950,69564,51264,51584,49601,50485,2500,2500,1800,1800,2000,2000,0
15592,500000,1,2,1,53,0,0,0,0,0,0,-12,1270,4338,1080,2576,6200,1282,4338,1100,2576,1024,1000,0
15593,30000,1,2,1,53,0,0,0,0,0,0,29557,30091,28247,28884,29523,30672,1427,2973,1500,1100,2000,1000,0
15594,600000,1,1,1,53,2,2,2,0,0,0,458652,467150,458862,469703,447130,440982,17000,0,18000,16000,16000,21000,1
15595,80000,1,1,1,60,0,0,0,0,0,0,49246,53315,47740,50100,0,0,5000,3300,6267,0,0,0,0
15596,270000,1,1,1,61,0,0,0,0,0,0,15194,16934,18533,8855,3140,5140,2000,2000,2000,1000,2000,2000,0
15597,30000,1,3,2,56,0,0,0,0,0,0,32758,33720,32779,31557,30094,27223,1521,1580,1358,895,1217,1022,0
15598,20000,2,2,2,22,1,2,0,0,2,2,9498,9202,10741,12326,11888,9351,0,2000,1800,0,900,0,1
15599,20000,2,1,2,23,2,0,0,0,0,0,19175,19889,17703,18690,19065,19261,1575,1400,1300,643,862,2000,0
15600,90000,1,3,1,56,2,0,0,2,2,0,48900,37039,36334,34214,30789,28994,2000,4000,1100,0,1050,1034,1
15601,160000,1,2,1,59,0,0,0,0,0,0,1443,1443,1443,1443,1443,1443,1443,1443,1443,1443,1443,1443,0
15602,90000,2,2,2,23,0,0,0,0,0,0,87727,89402,88118,87852,49042,49251,3160,3688,4559,1665,1707,1807,0
15603,60000,2,2,2,24,1,0,3,2,0,0,0,948,948,632,316,316,948,0,0,0,316,782,1
15604,20000,2,3,2,24,0,0,0,0,0,0,12509,0,0,0,13398,7224,0,0,0,13398,0,0,0
15605,120000,2,2,2,25,0,0,0,0,0,0,827,827,827,827,1654,827,827,827,827,1654,0,0,0
15606,20000,2,2,1,27,0,0,0,0,0,0,19667,15,15,41,10522,12340,0,0,26,19700,2000,2000,0
15607,130000,2,2,2,28,0,0,0,0,0,0,120208,111999,114413,116721,117795,120511,5500,5700,5692,4500,4850,3800,1
15608,90000,2,2,2,27,0,0,0,0,0,0,18525,14242,25574,21948,19689,11026,10105,16776,19689,0,5000,15000,0
15609,430000,2,1,2,27,0,0,0,0,0,0,389,389,389,383,1462,389,390,390,384,1469,390,390,0
15610,360000,2,1,2,27,0,0,0,0,0,0,0,0,12063,6080,0,0,0,12063,6080,0,0,0,0
15611,10000,2,1,2,22,0,0,0,0,0,0,9791,7052,6816,5210,0,0,1275,2500,1000,0,0,0,0
15612,210000,2,2,2,25,0,0,0,0,0,0,648,34601,30853,13774,3988,0,39637,1371,1000,11197,0,3223,0
15613,120000,2,3,1,30,0,0,0,0,0,0,757,757,1549,757,757,1328,757,1549,757,757,1328,757,0
15614,120000,2,2,1,30,0,0,0,0,0,0,121038,121211,119339,122334,121254,122094,4700,4400,5000,4600,5000,4500,0
15615,100000,2,1,2,30,2,2,2,2,0,0,92162,93769,95163,74656,65718,78474,3800,3420,80,1800,17000,2000,0
15616,60000,2,2,2,28,2,0,0,0,2,0,5669,6328,8460,10146,9413,15997,2000,3000,2500,0,15997,3000,1
15617,20000,2,1,2,25,0,0,0,0,0,0,0,0,0,6000,16321,286,0,0,6000,16321,286,0,0
15618,200000,2,2,2,26,0,0,0,0,0,0,0,0,0,0,0,0,0,0,0,0,0,0,0
15619,90000,2,3,2,26,0,0,0,0,0,0,3268,6745,3402,8652,5381,7190,6745,1131,5381,4,7190,0,1
15620,220000,2,1,2,28,0,0,0,0,0,0,53342,56022,5806,5637,23054,10730,5000,5806,5637,23054,0,2406,0
15621,180000,2,2,1,40,0,0,0,0,0,0,22523,20831,1537,-43,-43,-43,2045,1000,0,0,0,0,0
15622,320000,2,1,2,31,0,0,0,0,0,0,77052,65457,62680,62597,60080,55314,3000,3000,3017,2100,3000,3000,0
15623,280000,2,2,2,29,0,0,0,0,0,0,7545,2549,3266,10501,10131,8471,2709,3284,11001,8,6,666,0
15624,130000,2,2,2,30,0,0,2,0,0,0,396,792,396,792,396,396,792,0,792,0,396,396,0
15625,280000,2,1,2,30,1,0,0,0,0,0,0,230,0,327,168,168,230,0,327,0,0,0,1
15626,50000,2,2,1,30,0,0,0,0,0,0,86750,42968,43444,40616,2008,-1500,4000,4013,5000,5000,5000,5000,0
15627,200000,2,2,2,33,0,2,2,0,0,0,10111,2900,0,0,0,4549,0,0,0,0,4549,0,0
15628,320000,2,1,2,33,0,0,0,0,0,0,2722,11040,9422,0,1200,1150,11040,9422,0,1200,1150,0,0
15629,90000,2,2,1,37,0,2,0,2,0,0,2330,1073,2323,1073,1073,9699,0,2323,0,1073,9699,10289,0
15630,180000,2,2,1,34,2,0,0,0,0,0,314,8000,0,0,0,600,8000,0,0,0,600,0,0
15631,140000,2,2,1,35,0,0,0,0,0,0,62244,55125,48943,42337,35446,29383,2000,2200,2000,1300,2000,0,0
15632,330000,2,1,2,36,0,0,0,0,0,0,43943,41738,37766,37117,30555,13420,5019,1952,2000,814,475,697,0
15633,90000,2,2,2,25,1,0,0,0,0,2,0,840,420,0,1140,150,840,420,0,1140,0,570,1
15634,180000,2,2,2,27,0,0,0,0,0,0,53490,54552,56300,56831,57958,59330,1952,2627,2063,2072,2303,2500,0
15635,200000,2,1,1,38,0,0,0,0,0,0,5625,12125,13300,3450,13880,5147,12125,13416,3450,13880,5147,1050,0
15636,270000,2,2,1,38,0,0,0,0,0,0,2974,3562,5061,5500,116681,119553,1071,2000,1000,116681,5000,4000,0
15637,60000,2,1,2,23,0,0,0,0,0,0,51275,41950,40861,35638,32147,19796,2000,1718,3800,2000,2386,1000,0
15638,80000,2,2,2,26,0,0,0,0,0,0,24986,23000,1000,0,0,0,2000,1000,0,0,0,0,0
15639,250000,2,1,2,29,2,0,0,0,0,0,1381,1381,7014,1581,36022,34011,1381,7014,1581,36022,10000,10961,1
15640,270000,2,2,1,32,2,0,0,0,0,0,276339,264141,270573,275560,243792,251098,11000,12000,11000,8700,11077,34000,0
15641,170000,2,1,2,40,0,0,0,0,0,0,15442,16869,21014,18517,9058,5035,2000,5020,2000,3000,1000,464,0
15642,250000,2,2,1,36,0,0,0,0,0,0,253627,239250,245611,33017,182078,184036,10153,11000,4701,190071,8000,10014,0
15643,360000,2,2,1,38,0,0,0,0,0,0,994,0,27566,28558,12495,18906,0,27566,2513,12495,8906,1841,0
15644,310000,2,2,1,34,0,0,0,0,0,0,86769,87842,42594,26198,26766,27341,2800,3021,1600,1000,1000,2000,0
15645,200000,2,2,1,39,1,0,0,0,0,0,0,21801,62433,-82,16550,5239,21801,42745,0,16632,5265,0,0
15646,130000,2,3,1,42,1,0,0,0,0,0,0,0,0,0,0,0,0,0,0,0,0,5000,0
15647,310000,2,2,1,49,0,0,0,0,0,0,52439,44350,34608,21262,11944,-2571,2042,1562,1118,1139,2195,61526,0
15648,200000,2,2,2,34,0,0,0,0,0,0,19252,10000,0,0,0,0,1000,0,0,0,0,0,0
15649,190000,2,2,1,35,0,0,0,0,0,0,187777,189420,192058,185995,188649,190700,8300,8900,6700,6699,7400,6900,0
15650,210000,2,2,1,36,0,0,0,0,0,0,26656,2641,0,0,0,0,2641,0,0,0,0,0,0
15651,100000,2,2,1,36,0,0,0,0,0,0,5788,5802,14562,6930,5958,1448,1600,14562,6969,5958,1448,101434,0
15652,90000,2,2,1,39,1,2,2,2,0,0,90880,87502,91442,89804,87213,90441,0,7300,1144,3265,6788,0,0
15653,290000,2,2,2,41,0,0,0,0,0,0,268498,272517,275748,277300,209747,212027,10000,12000,8000,7000,7000,5000,0
15654,200000,2,2,1,42,0,0,0,0,0,0,8050,0,1560,0,0,0,0,1560,0,0,0,0,0
15655,120000,2,1,2,40,0,0,0,0,0,0,326,326,326,12055,11968,12968,326,326,12055,239,1000,652,0
15656,130000,2,2,1,37,0,0,0,2,0,0,41200,42532,46413,45000,45800,0,2019,4900,0,1000,0,0,1
15657,150000,2,3,1,46,0,0,0,0,0,0,38985,36466,31907,33300,34681,36060,10107,20000,10000,10000,10000,10000,0
15658,220000,2,1,1,37,0,0,0,0,0,0,14298,100606,11202,21683,10860,12534,101405,11202,21778,10860,12534,7923,0
15659,200000,2,2,1,37,0,0,0,0,0,0,97645,99894,97400,4283,145769,143712,3952,4500,4283,148192,5133,5108,0
15660,120000,2,3,1,37,0,0,0,0,0,0,3140,448,0,0,0,10614,448,0,0,0,10614,0,0
15661,200000,2,2,2,37,1,0,0,0,0,0,-1,297,-2,-2,-2,-2,298,0,0,0,0,544,0
15662,100000,2,2,1,41,0,0,0,0,0,0,1594,4612,2098,3494,2086,2379,4612,2099,3494,2086,2379,3219,0
15663,130000,2,2,2,43,0,0,0,0,0,0,109464,106613,107700,103736,101414,100157,3835,5433,4431,6938,3467,3593,0
15664,10000,2,2,2,55,1,2,0,0,0,0,9193,7653,8337,8356,8527,4694,0,1201,1000,171,94,80,1
15665,150000,2,2,1,45,0,0,0,0,0,0,135260,144927,148990,70303,64749,66206,12000,7007,3000,3000,2500,5000,0
15666,60000,2,3,1,42,0,0,0,0,0,0,29243,31093,26401,326,324,1126,3032,1454,326,324,1130,199,0
15667,130000,1,3,2,27,1,2,0,0,0,0,133019,133178,132355,131797,131457,132202,6000,6000,5000,5000,5000,5200,0
15668,50000,1,1,2,22,0,0,0,0,0,0,45192,9920,16991,17727,18391,18490,5000,31991,1500,1200,10000,1000,0
15669,410000,1,1,2,27,0,0,0,0,0,0,7189,15646,15678,40512,17884,34251,16090,16076,40203,17974,34518,369,0
15670,210000,1,1,2,29,0,0,0,0,0,0,0,0,1865,-3,-3,3677,0,1865,0,0,3680,0,0
15671,140000,1,2,2,30,0,0,0,0,0,0,1288,-4925,136239,137748,81195,47338,0,143200,5200,2352,2000,2000,0
15672,80000,1,3,1,31,2,0,0,2,0,0,28175,57433,61513,59769,61937,66088,30000,5000,0,3000,5000,5000,1
15673,30000,1,2,2,31,1,2,2,2,2,2,10916,11940,11462,13263,12758,13545,1500,0,2300,0,1300,800,1
15674,200000,1,1,1,32,0,2,0,2,0,0,760,380,760,380,380,0,0,760,0,380,0,154350,0
15675,550000,1,1,2,31,1,2,2,0,0,0,17516,1600,94,100,704,7480,0,94,112,704,7491,7000,0
15676,80000,1,2,2,24,1,0,0,0,2,2,-1461,-1461,-1458,16950,16475,19284,0,3,18950,0,5889,0,1
15677,50000,1,1,2,25,0,0,0,0,0,0,49357,49983,50516,50987,48960,48691,2100,2000,2500,2000,1800,2000,0
15678,30000,1,1,2,26,1,2,2,0,0,0,24599,23397,22721,22403,21972,22512,1700,0,1700,900,1000,900,0
15679,100000,1,1,2,26,0,0,0,0,0,0,2724,46286,46435,4398,3437,3476,45000,2300,1000,0,1000,100,0
15680,70000,1,1,2,27,0,0,0,0,0,0,2219,0,0,0,0,1453,0,0,0,0,1453,0,0
15681,220000,1,1,2,32,0,0,0,0,0,0,13596,34661,29084,31770,3322,32528,34661,11000,31770,3322,32528,139961,0
15682,30000,1,2,2,25,1,0,2,2,0,0,0,1170,390,0,9494,11473,1170,0,0,9494,3000,378,1
15683,250000,1,2,2,28,0,0,0,0,0,0,22303,51749,186394,9458,6620,10040,51762,186398,9467,6620,10040,8960,0
15684,20000,1,3,2,28,1,2,0,0,0,2,18953,14043,13266,14340,15301,14916,18,1600,1600,1500,0,1000,0
15685,210000,1,2,2,29,0,0,0,0,0,0,118905,118620,78297,36137,33264,29493,5000,4000,2000,2000,2000,2000,0
15686,360000,1,1,2,29,1,0,0,0,0,0,0,0,0,0,0,0,0,0,0,0,0,0,0
15687,170000,1,2,2,29,0,0,0,0,0,0,23070,186183,164405,93983,2806,1732,164000,7000,5215,3500,2000,300,0
15688,10000,1,2,2,29,0,0,0,0,0,0,9363,9990,-10,6390,6682,7271,1000,0,6400,400,700,500,0
15689,280000,1,2,2,30,0,0,0,0,0,0,31272,40688,139417,144087,147694,155284,10000,100000,7000,6000,10000,8000,1
15690,30000,1,2,2,22,0,0,0,0,0,0,4921,3810,3890,2199,2209,1429,1500,2000,2000,400,0,500,1
15691,20000,1,2,2,24,0,0,0,0,0,2,15110,16548,17443,16216,18027,12364,2000,1500,1500,2000,0,1000,0
15692,10000,1,1,2,26,0,0,0,0,0,0,6376,7386,8581,9765,10066,10151,1121,1316,1500,450,500,800,1
15693,80000,1,2,2,26,0,0,0,0,0,0,350,-40,70,180,-210,220,0,500,500,0,820,500,0
15694,360000,1,1,2,29,0,0,0,0,0,0,109997,205119,209680,213527,174907,126309,100000,8270,8423,6753,5139,5000,0
15695,250000,1,1,2,31,1,0,0,0,0,0,-160,-550,450,330,-60,1540,0,1390,660,0,1600,3000,0
15696,170000,1,2,2,33,0,0,0,0,0,0,2754,2754,2754,2754,2754,2754,2754,2754,2754,2754,2754,2754,0
15697,80000,1,1,2,33,0,0,0,0,0,0,73983,75454,77738,77235,76835,34751,3300,4100,2000,0,0,0,1
15698,130000,1,2,1,33,0,0,0,0,0,0,39251,40772,40437,9919,10295,7964,2500,3200,1200,500,447,1000,0
15699,260000,1,2,2,34,0,0,0,0,0,0,32324,24103,20158,12619,176498,172274,1503,2260,3030,170039,6227,6052,0
15700,20000,1,2,1,31,1,4,3,2,0,0,21676,21054,20442,19773,20238,18062,0,0,0,1000,1000,1000,0
15701,400000,1,1,1,32,2,2,0,0,0,0,187698,190103,195498,0,0,0,7000,10000,0,0,0,4290,1
15702,220000,1,1,1,33,0,0,0,0,0,0,586,-64,942,5378,126,3419,0,1006,6031,1003,4003,16,0
15703,180000,1,3,2,27,0,0,0,0,0,0,172511,177587,175867,159053,126688,122947,8008,6528,6500,5000,5000,5000,0
15704,10000,1,2,2,29,0,0,0,0,0,0,9893,8694,8365,9526,9711,9764,1125,1146,1307,492,357,901,0
15705,500000,1,3,2,53,0,0,0,0,0,2,17362,16666,16666,16666,33923,16666,16666,16666,16666,33923,0,16666,0
15706,50000,1,2,2,35,0,0,0,0,0,0,47816,49694,48543,46366,9076,9812,3000,3000,3019,3000,1000,2000,0
15707,180000,1,2,1,36,0,0,0,0,0,0,15315,0,0,0,500,2240,0,0,0,500,2240,1800,0
15708,370000,1,2,1,39,1,2,0,2,0,0,3633,1746,3677,1746,1746,1746,0,3677,0,1746,1746,1746,0
15709,360000,1,1,1,37,0,0,0,0,0,0,68438,71287,73406,74397,75467,79841,4000,3009,3509,3500,5000,5019,0
15710,230000,1,2,1,41,0,0,0,0,0,0,33842,35273,36693,37006,36519,31204,2000,2000,2000,2500,2000,2000,0
15711,270000,1,1,1,45,1,0,0,0,0,0,0,278,608,494,315,0,278,608,494,315,0,181,0
15712,150000,1,1,1,35,0,0,0,0,0,0,5819,805,-48,8029,2188,9157,809,0,8077,2199,9202,2112,0
15713,170000,1,2,1,37,0,0,0,0,0,0,0,0,0,0,0,0,0,0,0,0,0,0,0
15714,10000,1,2,1,41,0,0,0,0,0,0,3311,7244,3980,0,9263,3693,7244,4000,0,9263,3693,0,0
15715,210000,1,1,1,47,0,0,0,0,0,0,8417,15271,12803,13984,9958,13066,15271,12831,13996,9958,13066,6151,0
15716,270000,1,1,1,39,0,0,0,0,0,0,10648,0,15332,9094,225604,7443,0,3119,9124,225616,7443,69550,0
15717,50000,1,2,2,44,0,0,0,0,0,0,15735,15681,35492,7988,8986,10463,1500,3100,3000,1500,2000,1500,0
15718,250000,1,2,1,34,0,0,0,0,0,0,6461,8117,2200,3772,8650,17650,8117,2200,3772,8650,10000,4646,0
15719,50000,1,1,2,35,2,0,0,0,0,0,50481,48264,19142,18188,18397,18161,3183,1565,7240,795,1000,673,1
15720,280000,1,2,1,35,0,0,0,0,0,0,202260,102097,104596,106950,87706,88396,4000,4000,4000,3000,3600,3100,0
15721,210000,1,2,1,35,0,0,0,0,0,0,5811,0,0,0,1243,0,0,0,0,1243,0,0,0
15722,360000,1,1,1,45,1,0,0,0,0,0,0,709,0,0,0,0,709,0,0,0,0,0,0
15723,250000,1,2,1,44,0,0,0,0,0,0,254933,244433,249882,248013,99071,98928,8754,10866,5592,2212,2565,2156,0
15724,170000,1,5,1,40,0,0,0,0,0,0,69072,153837,144225,111983,0,0,100467,50269,3567,0,0,0,0
15725,140000,1,2,2,38,0,0,0,2,0,0,137611,135905,142477,140617,139353,140953,6010,12500,4009,5000,6000,5300,0
15726,30000,2,2,2,21,0,0,0,0,0,0,28409,28530,29435,30841,29434,16565,2000,2000,2000,1765,331,0,0
15727,20000,2,2,1,22,2,0,0,0,0,2,14414,15424,16448,17462,18305,17871,1554,1578,1592,1435,0,1663,1
15728,50000,2,2,2,22,0,0,0,0,0,0,50784,50670,50222,20013,39721,30526,2300,2000,1682,41803,1261,1200,0
15729,50000,2,1,2,21,0,0,0,0,0,0,36809,33121,29672,22365,12702,4134,5143,5000,1021,0,3000,0,0
15730,60000,2,2,2,22,0,0,0,0,0,0,60330,60382,60264,46149,28990,30067,2500,2501,1506,1000,1500,2000,1
15731,170000,1,1,1,51,0,0,0,0,0,0,316,316,316,316,316,316,316,316,316,316,316,316,0
15732,220000,1,1,1,42,0,0,0,0,0,0,2358,156,0,50510,2202,4533,156,0,50510,0,5131,0,0
15733,50000,2,2,1,30,1,2,0,0,0,0,27369,6425,4580,0,0,0,0,1050,0,0,0,0,0
15734,20000,2,2,2,23,0,0,0,0,0,0,19242,15014,13484,7612,8612,5007,1500,1535,1000,1000,1000,0,0
15735,20000,2,2,1,38,0,0,0,0,0,0,19520,16247,6687,5165,5060,2180,1623,1262,1101,2180,0,0,0
15736,50000,2,2,2,30,1,2,0,0,0,0,49310,48210,48673,33270,7689,15529,0,2310,1900,400,8000,1000,1
15737,160000,2,1,1,27,0,0,0,0,0,0,146643,151342,152714,141957,140605,143519,6645,4844,6368,3961,4086,4280,0
15738,400000,2,2,2,27,0,0,0,0,0,0,20030,3497,6725,6016,8985,14705,3513,6742,1435,9030,14778,25730,0
15739,140000,2,2,2,27,0,0,0,0,0,0,134936,137328,138767,137231,128228,110803,6700,6704,5000,4155,4100,3600,0
15740,80000,2,1,2,27,0,0,0,0,0,0,993,1528,1138,4130,3740,1404,1528,1499,4130,0,1404,1621,0
15741,140000,2,2,2,27,2,2,3,2,0,0,137582,145941,142243,138383,131645,123840,12100,0,0,6000,5000,6000,0
15742,340000,2,1,1,27,0,0,0,0,0,0,307650,0,0,495,495,1528,0,0,495,495,1528,3254,0
15743,70000,2,2,2,26,0,0,0,0,0,0,7053,9761,50926,48588,49323,50685,3000,45000,3000,2000,2500,2000,0
15744,130000,2,1,2,26,0,0,0,0,0,0,0,365,894,6006,1385,1666,365,894,6006,1385,1666,0,0
15745,30000,2,3,2,22,1,2,0,0,0,0,41867,38195,37026,34579,32477,32477,0,2145,1400,1000,0,30305,1
15746,90000,2,2,2,23,0,0,0,0,0,0,23362,23255,23539,28986,27079,21966,9025,3539,9000,650,584,639,0
15747,30000,2,2,1,23,1,2,0,0,0,0,28108,27228,24921,25945,20634,1600,0,1500,5229,942,1704,0,0
15748,100000,2,2,2,22,1,2,0,0,0,0,96491,94043,97522,97696,90605,85293,0,5000,3000,2113,2995,139,0
15749,20000,2,2,1,23,1,2,0,0,0,2,15988,16219,17626,18398,19052,15429,794,1674,1446,1100,0,379,0
15750,30000,2,1,2,24,0,0,2,0,0,0,736,1472,736,736,736,1423,1472,0,736,736,1423,831,0
15751,90000,2,1,2,23,0,0,0,0,2,0,60374,57829,59492,68365,66832,69248,3000,2600,10000,0,3500,4000,0
15752,20000,2,1,2,23,2,0,0,0,0,0,17476,18807,15784,19062,19444,20004,2000,1500,4300,624,800,600,1
15753,30000,2,2,2,22,3,2,2,2,0,0,200,200,200,200,29847,30089,0,0,0,29847,340,0,0
15754,80000,2,1,2,22,0,0,0,0,0,0,6518,65145,53655,50279,41166,28657,65145,2386,2000,2000,3000,1000,0
15755,200000,2,3,2,25,0,0,0,0,0,0,7930,5790,9853,5334,5481,11344,1343,5033,3516,5497,11378,12774,0
15756,60000,2,3,2,23,0,0,0,0,0,0,60465,60100,58795,47818,28357,29309,3000,2148,3049,3000,3002,1021,0
15757,60000,2,2,2,22,0,0,0,0,2,2,60434,60935,56585,77520,29002,30274,2141,3085,3623,0,3158,0,0
15758,80000,2,2,1,22,2,2,2,2,2,0,79026,81521,83628,152452,0,0,4400,4001,12,0,0,0,1
15759,20000,2,1,3,22,2,0,0,0,0,0,14033,14993,16244,18300,18100,-1900,1500,1800,2800,0,0,1900,1
15760,130000,2,2,2,22,2,2,2,2,0,0,29929,27812,21213,15443,25371,4264,3412,1700,0,15571,4264,1000,0
15761,20000,2,2,2,22,2,0,0,2,3,2,6655,9711,12450,13949,13437,13082,3200,2900,2000,0,0,4600,1
15762,50000,2,1,2,23,0,0,0,0,0,0,1980,269,-721,-710,29114,27154,269,710,268,45171,1036,1000,0
15763,60000,2,2,1,23,2,2,2,0,0,0,58032,61026,44438,35619,30210,1527,4800,0,1539,1500,1527,27887,1
15764,100000,2,2,2,23,2,2,2,2,2,2,90680,93267,95189,96332,97560,95885,5000,4300,3600,3700,0,7300,0
15765,70000,2,3,2,24,0,0,0,0,0,0,5633,6646,7665,8836,9532,9730,1114,1133,1304,1000,351,2523,0
15766,30000,2,3,2,22,3,2,2,2,2,3,9340,10533,10221,16808,17738,17174,1500,0,6808,1502,0,0,1
15767,10000,2,1,2,22,1,3,3,2,0,0,6251,6498,6744,6977,6593,7481,500,500,500,242,1000,273,0
15768,10000,2,2,2,23,0,0,0,0,0,2,5403,6462,7479,8489,9007,9227,1300,1272,1282,800,500,0,0
15769,50000,2,3,2,23,0,0,0,0,0,0,35158,34364,34212,33886,32929,34549,1544,1861,2004,1324,3768,1,1
15770,30000,2,2,2,24,0,0,0,0,0,0,0,0,0,0,0,0,0,0,0,0,0,0,0
15771,30000,2,2,2,24,0,0,0,0,0,0,26581,27080,26759,27186,27208,27234,1500,1445,1425,1000,1000,2000,1
15772,100000,2,3,2,24,0,0,0,0,0,2,54938,55621,56999,57748,62489,60984,1985,2664,2700,6700,0,2389,0
15773,30000,2,3,2,24,2,2,0,0,2,2,31073,30279,30428,30485,31012,30402,0,1500,2700,1300,0,1117,1
15774,90000,2,2,2,24,0,0,0,0,0,0,15985,11413,61879,56377,51068,51722,4000,55000,3750,2500,2500,2500,0
15775,140000,2,2,2,24,2,2,2,2,2,2,50643,51916,52903,53652,52201,55497,2400,2400,2200,0,4300,2200,1
15776,50000,2,2,1,24,0,0,0,0,0,0,25207,25435,0,0,0,0,1000,0,0,0,0,0,0
15777,70000,2,2,2,24,0,0,0,0,0,0,64927,58840,42859,0,0,2254,2177,5000,0,0,2254,24738,0
15778,10000,2,2,2,25,1,2,2,2,0,0,8599,9695,10385,9987,9987,0,1400,1000,0,0,0,0,1
15779,20000,2,2,2,24,2,3,2,2,2,2,12764,12267,13266,12756,13801,13439,0,1500,0,1259,0,1200,1
15780,100000,2,2,2,44,0,0,0,0,0,0,12566,2421,3360,2845,2505,2158,3061,1390,6477,50,43,36,0
15781,130000,2,1,2,27,0,0,0,0,0,0,116186,111703,105091,100046,96090,90359,5500,4500,3500,6011,3200,4000,0
15782,130000,2,2,2,24,0,0,0,0,0,0,12163,21895,18885,19057,2511,10358,10095,7005,6013,2511,10358,5000,0
15783,80000,2,2,2,23,0,0,0,0,0,0,77894,79427,79514,72712,42309,43227,2850,2874,2335,1600,1600,1700,0
15784,50000,2,2,2,23,0,0,0,0,2,0,48409,39572,16922,19319,17644,18209,1605,1603,3000,0,1000,1000,0
15785,50000,2,1,2,23,2,2,0,0,2,2,50668,46576,46225,46473,45099,45116,0,2120,2810,1000,2083,1500,1
15786,150000,2,2,1,24,0,0,0,0,0,0,1473,1473,3323,5953,2559,4509,1473,3323,5970,2571,4515,4019,0
15787,50000,2,2,3,24,0,0,0,0,0,0,40901,37962,26566,9866,5386,5651,1600,6207,1465,2200,1000,3000,0
15788,70000,2,2,2,26,0,0,0,0,0,0,105338,100820,96815,90968,86011,81276,3600,3990,2700,2300,2300,3000,0
15789,30000,2,2,1,26,2,2,2,2,2,2,30372,30954,30670,29856,30584,27883,1805,2074,0,2304,0,2400,1
15790,390000,2,1,2,25,0,0,0,0,0,0,21382,19133,19327,26992,33483,37465,4000,5000,11417,10000,10000,5000,0
15791,80000,2,2,2,25,0,0,0,0,0,0,36808,38190,39571,40775,40592,20650,2000,2000,1867,1784,1050,0,0
15792,70000,2,1,2,26,0,0,0,0,0,0,41614,43610,46581,47634,51305,52580,3000,4000,1829,4500,2100,2500,0
15793,30000,2,2,2,23,0,0,0,2,0,0,10550,11670,13469,14045,14509,16962,1300,2000,1100,1000,2700,500,1
15794,60000,2,2,2,23,0,0,0,0,0,0,45995,44955,20264,20614,20877,21535,2400,1700,1403,1000,1000,1000,0
15795,20000,2,3,1,24,0,0,0,0,0,0,13506,14772,16520,17623,15237,13776,1500,2000,1500,506,803,1009,0
15796,70000,2,2,2,25,0,0,0,0,2,2,73939,70488,51152,35122,28633,28039,3000,2000,4500,1200,0,1200,1
15797,200000,2,2,2,25,0,0,0,0,0,0,195520,195884,194045,189557,177185,171010,7080,8000,7011,8500,6010,6000,0
15798,50000,2,2,2,23,0,0,0,0,0,0,48227,48273,42670,49263,18296,34822,2000,2520,20000,1000,1000,1000,0
15799,50000,2,2,1,27,1,2,0,0,0,0,52180,51009,49025,38697,18561,18952,0,2080,1600,657,683,838,0
15800,20000,2,2,2,23,0,0,0,0,2,0,13858,15121,16472,18087,17499,17868,1500,1600,2200,0,650,1450,0
15801,50000,2,1,2,23,1,2,0,0,0,0,34443,33590,34651,35677,36485,37300,0,1600,1600,1400,1400,1400,0
15802,90000,2,2,2,24,0,0,0,0,0,0,35411,17417,26046,10689,12455,15181,10000,14790,5000,5249,9932,0,0
15803,100000,2,2,2,24,2,0,0,0,0,0,177646,94299,96389,97571,86202,92282,7900,4500,3800,3500,7500,3500,0
15804,70000,2,2,2,24,0,0,0,0,0,0,61094,62483,63882,64733,66680,71243,3000,3000,2500,3000,5800,0,0
15805,90000,2,2,2,24,0,0,0,0,0,0,87711,80699,68100,33434,0,0,3248,2991,2655,0,0,0,0
15806,30000,2,3,1,23,0,0,2,0,0,0,27552,30686,29915,29994,27310,27778,3605,2,1731,1093,1026,1964,0
15807,100000,2,1,2,27,0,0,0,0,0,0,81152,81912,83231,62421,63814,65164,3000,2700,2270,2433,2530,2400,0
15808,280000,2,2,2,25,0,0,0,0,0,0,196909,176261,174573,174488,172747,126494,6285,5897,5895,7747,6509,11234,0
15809,100000,2,2,2,28,1,2,2,2,0,0,101080,87572,92041,75461,74233,76543,0,7690,0,2800,5700,0,0
15810,140000,2,2,1,28,0,0,0,0,0,0,62204,65280,56504,53528,42168,25742,7028,6000,5026,5000,3000,2000,0
15811,10000,2,1,2,27,2,0,0,2,0,0,6100,7274,9596,9289,9593,9795,1281,2603,0,1000,500,421,1
15812,50000,2,2,1,28,0,0,0,0,0,0,48198,45579,43670,16643,10021,9833,2195,1978,1144,341,345,510,0
15813,120000,2,1,2,28,0,0,0,0,0,0,2750,-650,-975,-1625,2561,4187,0,0,0,4186,2000,1000,0
15814,20000,2,2,1,27,0,0,0,0,0,0,10489,8652,7143,6044,780,116,1222,1200,1004,780,116,806,1
15815,30000,2,2,1,27,0,0,2,0,0,0,390,780,390,780,390,390,780,0,780,0,390,150,0
15816,130000,2,2,2,26,1,0,0,0,0,0,0,0,0,0,0,0,0,0,0,0,0,0,0
15817,150000,2,1,2,27,0,0,0,0,0,0,5200,1689,-17,3996,2278,1132,1689,0,4013,2278,1132,4721,0
15818,180000,2,2,1,27,0,0,0,0,0,0,114556,116155,120264,124203,125702,128734,5000,6000,6000,5000,5000,10000,0
15819,400000,2,2,2,26,0,0,0,0,0,0,74465,68544,60763,53184,45776,38432,3600,2200,1700,1500,1315,800,0
15820,300000,2,1,2,27,1,0,0,0,0,0,-2,-2,0,876,0,0,874,876,876,0,0,0,0
15821,30000,2,1,2,27,2,0,0,0,0,0,23575,24584,25885,26851,26808,27599,1400,1700,1900,557,1000,2000,0
15822,130000,2,1,2,27,0,0,0,0,0,0,0,0,734,0,390,988,0,734,0,390,988,1990,0
15823,20000,2,3,1,26,0,0,0,2,0,0,15271,16707,20601,19952,19586,18528,2000,4500,0,671,700,2000,1
15824,50000,2,2,1,27,2,0,0,0,0,0,50151,48945,36467,18890,30288,30003,1724,1819,2664,31057,1064,1073,0
15825,80000,2,2,2,27,1,2,2,2,2,0,4073,3863,8109,7849,0,0,0,4500,21,0,0,0,0
15826,20000,2,2,2,26,0,0,0,0,0,0,16932,17938,18798,19347,8007,4890,1596,1456,1005,160,98,0,0
15827,50000,2,2,2,27,2,2,2,2,2,0,48407,47760,45064,45744,43123,42343,2100,0,3400,0,1528,3038,1
15828,80000,2,2,2,26,0,0,0,0,0,0,80919,77264,79332,80969,79144,79023,3000,3700,4000,3000,3300,3050,0
15829,340000,2,1,2,26,0,0,0,0,0,0,4617,13054,15449,9610,4173,12929,13054,15449,9610,4373,12929,8000,0
15830,30000,2,2,1,27,0,0,0,0,0,0,29083,27227,28327,27831,14215,32635,1500,1938,2000,505,25000,1229,0
15831,120000,2,2,2,27,0,0,0,0,0,0,57449,38254,23017,14440,4770,1595,1743,1640,1010,95,1595,0,0
15832,50000,2,1,2,27,1,2,2,0,0,0,4040,3800,0,0,0,0,0,0,0,0,0,0,1
15833,50000,2,2,2,27,0,0,0,0,0,0,33944,29194,27862,21229,20178,19275,1513,2000,2000,1000,1000,1000,0
15834,500000,2,1,2,28,0,0,0,0,0,0,27250,20000,19501,20000,0,0,20000,19501,1000,0,0,0,0
15835,360000,2,2,2,27,2,2,0,0,0,0,2500,0,0,0,0,0,0,0,0,0,0,0,1
15836,60000,2,1,2,27,1,0,2,0,0,0,0,3187,2816,3579,3400,4417,3366,0,1000,0,1017,0,0
15837,50000,2,2,2,27,0,0,0,0,0,0,50686,49525,49603,49222,30421,30352,1779,3001,1558,1045,1074,1634,0
15838,130000,2,1,2,27,0,0,0,0,0,0,15700,250,7671,12088,74088,63593,250,7671,5000,65000,3000,41803,0
15839,360000,2,2,2,29,0,0,0,0,0,0,58653,56329,55957,52392,61700,42975,5886,4054,8412,15096,1208,3000,0
15840,160000,2,2,2,27,1,2,0,0,0,0,156506,157177,157804,157478,156098,156659,7000,6000,7217,6000,6000,6000,0
15841,360000,2,2,1,27,0,0,0,0,0,0,5146,15381,0,0,0,0,15381,0,0,0,0,0,0
15842,210000,2,2,2,28,0,0,0,0,0,0,2316,2316,2836,2316,1446,131242,2316,2836,2316,1446,131242,5000,0
15843,230000,2,2,2,28,2,0,0,2,2,2,183197,185399,198941,201358,204067,200720,6724,18150,7200,7500,0,15079,1
15844,70000,2,2,2,27,2,2,2,0,0,0,34263,37375,36498,37516,38587,43924,4000,0,1929,2000,6000,3700,1
15845,50000,2,2,1,25,0,0,0,0,0,0,2126,1513,1246,1111,3018,5847,1513,1246,1111,3018,5847,1273,0
15846,80000,2,2,2,25,0,0,0,0,0,0,2177,1677,7360,0,0,0,2000,5860,0,0,0,0,0
15847,100000,2,2,2,26,0,0,0,0,0,0,1734,6645,7725,11246,9755,8260,6649,2704,5250,4,0,24,1
15848,200000,2,2,1,28,0,0,0,0,0,0,197142,198367,96731,67431,60690,60442,9197,3700,6478,2114,2337,2401,0
15849,70000,2,2,2,28,0,0,0,0,0,0,68462,69205,70644,70759,70352,70659,3100,3160,3100,2500,2600,2800,0
15850,110000,2,1,1,28,0,0,0,0,0,2,109474,110723,111125,106828,84729,82910,11602,4238,4316,11190,0,3000,0
15851,50000,2,1,2,28,1,2,2,2,2,2,51943,50800,51967,50794,51911,50976,0,4156,0,4100,0,2000,1
15852,50000,2,1,2,28,1,2,0,0,0,0,43810,44184,4273,4999,5726,1473,1500,1300,2390,2200,0,3283,0
15853,70000,2,2,2,27,0,0,2,2,0,0,25105,27867,28125,28364,29586,30110,3500,1000,1000,2000,1000,1500,0
15854,60000,2,2,2,27,3,2,2,2,4,3,56670,57252,55764,64522,62945,61700,2100,0,9700,0,0,0,1
15855,130000,2,2,1,27,0,0,0,0,0,0,76885,79106,81231,81983,83773,85532,3500,4000,3000,3146,3260,3200,0
15856,150000,2,2,2,25,2,2,2,2,2,2,114074,116313,118700,115328,121084,123473,5600,5700,0,9200,4500,0,1
15857,30000,2,2,2,27,0,0,2,2,2,0,17845,20615,19962,18191,12134,6879,3384,0,1450,0,500,2417,0
15858,200000,2,2,2,26,0,0,0,0,0,0,12557,11443,4794,11720,12293,10798,1084,1024,11726,2608,344,253,0
15859,50000,2,2,1,29,0,0,0,0,0,0,48712,98492,50095,49057,17426,17789,2128,2477,2409,769,792,659,0
15860,260000,2,1,2,29,1,0,0,0,0,0,0,18488,17276,6165,9219,980,18488,17276,6179,9219,0,9012,0
15861,360000,2,1,2,29,0,0,0,0,0,0,8805,10768,16659,25302,15147,5281,5001,6688,16251,394,5307,5389,0
15862,30000,2,2,2,29,2,2,2,0,0,0,13519,16493,15545,16557,16857,18121,3211,0,1275,575,1539,700,1
15863,100000,2,2,1,29,0,0,0,2,2,2,73742,75216,82006,84044,84532,80828,2700,8000,4304,3000,0,3000,1
15864,80000,2,2,1,29,0,0,2,2,0,0,52533,56340,57022,55081,55350,55906,5120,2600,0,2200,2028,3000,0
15865,30000,2,2,1,29,0,0,0,0,0,2,27030,23830,24943,27507,30767,29762,2379,1500,3000,3722,0,1543,0
15866,400000,2,1,2,28,0,0,0,0,0,2,1026,8968,1600,8799,6171,4921,9066,1608,9070,1001,3,2214,0
15867,240000,2,1,2,29,0,2,2,0,0,0,3126,3126,626,626,776,783,626,626,626,776,783,1252,0
15868,110000,2,2,2,30,2,2,2,2,2,0,124206,124679,126200,130540,127114,111429,4000,5000,8000,0,5000,5000,1
15869,220000,2,1,2,28,0,0,0,0,0,0,57739,42144,19270,1500,5520,0,2000,1000,1500,5520,0,0,0
15870,200000,2,1,2,28,0,0,0,0,0,0,105051,99648,144932,134530,129395,124561,32000,60000,6305,4300,4500,4500,0
15871,360000,2,2,2,28,0,0,0,0,0,0,264971,257086,253407,259551,265149,340930,9043,8847,10000,10000,80016,15000,0
15872,30000,2,2,2,28,2,2,2,2,2,2,19334,20218,19607,21778,22124,22622,1500,0,2500,1000,1000,900,0
15873,110000,2,1,2,28,0,0,0,0,0,0,107649,82139,74760,63520,62529,58228,3500,3899,3000,1800,3000,2000,0
15874,80000,2,1,2,29,0,0,0,0,0,0,33947,37339,36601,40589,42675,44567,4000,2500,5000,3000,2500,10000,0
15875,50000,2,2,2,35,0,0,0,0,0,0,13517,14536,15694,16431,17056,17581,1550,1700,1300,900,800,800,0
15876,100000,2,1,2,22,1,2,0,0,0,0,74001,72222,73859,75427,76587,78711,0,3400,3400,3000,3500,3200,1
15877,50000,2,2,2,23,0,0,0,0,0,0,26871,19785,10103,9763,9592,7797,1500,1500,1500,1500,1200,1300,0
15878,350000,2,3,2,28,0,0,0,0,0,0,0,0,0,0,0,0,0,0,0,0,0,0,1
15879,80000,2,3,1,28,0,0,0,0,0,0,63900,65343,66171,58683,43421,44267,3000,2470,2228,1516,2000,1556,1
15880,90000,2,1,1,29,0,0,0,0,0,0,45343,31228,29756,27751,20292,14937,2967,2007,1429,1092,412,263,0
15881,120000,2,1,2,27,0,0,0,0,0,0,110994,29177,30212,31226,31844,32513,1471,1506,1520,1138,1180,1345,0
15882,50000,2,1,2,25,0,0,0,0,0,0,3624,4487,4545,6249,6249,6249,1100,1600,2000,0,0,0,0
15883,50000,2,2,2,23,0,0,0,0,0,0,19455,13675,10476,11197,11609,11922,1500,1500,1200,600,500,800,0
15884,90000,2,2,2,24,0,0,0,0,0,2,10648,10951,11288,10852,10519,9235,1500,1529,1113,800,0,2000,0
15885,70000,2,2,2,25,0,0,0,0,0,0,32486,33640,35286,36889,34152,36694,2000,2500,2519,5090,3100,0,0
15886,10000,2,2,1,31,3,2,0,0,0,0,10243,9920,8894,8136,8449,8493,0,1281,1135,448,329,287,0
15887,130000,2,2,2,29,0,0,0,2,0,0,867,1110,1170,780,390,0,1200,1170,0,0,0,780,0
15888,360000,2,1,2,27,0,0,0,0,0,0,130640,120058,110795,101668,78730,66682,4500,4100,4208,3000,2300,1800,0
15889,80000,2,2,1,35,0,0,2,2,2,3,63706,66613,69602,70752,74183,72727,5660,4688,2900,5200,0,3000,0
15890,70000,2,2,2,27,0,0,0,0,2,0,47938,49638,51005,54141,52676,53871,2500,2464,4600,0,2200,2180,0
15891,30000,2,1,2,22,2,2,0,0,0,0,29188,25908,19998,15675,8240,438,0,1441,1000,165,438,0,1
15892,80000,2,2,2,24,0,0,0,0,0,0,68250,68817,71181,68997,70364,71842,3000,3500,3000,2503,2596,3000,0
15893,80000,2,2,2,24,0,0,0,0,0,0,1138,800,179,1755,0,1190,804,179,1755,0,1190,0,0
15894,150000,2,1,2,29,0,0,0,0,2,2,110018,47600,26219,17705,17920,17494,2400,1619,2550,800,0,700,0
15895,260000,2,2,2,29,0,0,0,0,0,0,193000,149410,138021,98578,84967,83224,5072,4439,3079,3020,3036,4554,0
15896,20000,2,2,1,29,0,0,0,2,3,3,14757,16196,17825,20234,20510,19897,2000,2200,3000,900,0,500,0
15897,20000,2,2,2,25,0,0,0,0,0,0,7561,8576,9621,10485,10700,10922,1144,1189,1053,268,277,358,1
15898,200000,2,2,2,27,1,2,0,0,0,0,18354,9000,9306,9306,9000,9000,0,9306,9306,9000,9000,9300,0
15899,110000,2,2,1,25,0,4,3,2,3,2,96343,93959,91624,96190,95233,97760,0,0,7000,1500,4200,3500,1
15900,160000,2,1,1,24,0,0,0,0,0,0,2990,8619,4405,4445,2820,4970,8619,1000,4000,2820,4970,2825,0
15901,20000,2,2,1,24,0,0,0,0,0,0,17191,18594,19489,20200,20000,0,2000,1500,1200,0,0,0,0
15902,110000,2,2,2,26,0,0,0,0,0,0,63376,67293,67536,77697,82888,88048,5000,1317,11380,6508,6540,6671,0
15903,200000,2,1,2,30,0,0,2,2,2,2,182967,194924,75635,94454,60875,41221,15349,10,32000,0,3000,0,1
15904,50000,2,3,2,29,2,0,0,0,0,0,48259,48740,26953,27860,28420,29045,1726,1500,1376,936,1000,1100,1
15905,340000,2,2,2,30,0,0,0,0,0,0,257884,254863,24810,27502,3490,99514,13000,2000,5000,3490,99000,5000,0
15906,220000,2,1,2,30,0,0,0,0,0,0,6391,2383,1496,5199,20718,12428,2402,1503,5233,20828,12490,1601,0
15907,180000,2,2,2,30,0,0,0,0,0,0,148860,135814,138654,130773,121293,123947,6500,7000,6600,4700,5100,4700,0
15908,110000,2,5,2,32,3,2,0,0,0,0,109655,98133,95391,79409,78014,77709,3500,3515,3307,3014,3009,4000,0
15909,50000,2,2,1,32,0,0,0,0,0,0,49330,49547,49740,50275,20089,19964,2150,2100,2097,1289,712,713,0
15910,50000,2,3,2,28,1,3,3,2,2,2,40527,42066,41126,40165,42683,43843,2500,0,0,3200,2000,1700,0
15911,240000,2,2,2,29,0,0,0,0,0,0,17486,16262,6046,3774,889,5474,5005,3000,1000,18,5000,2500,0
15912,200000,2,1,2,29,0,0,0,0,0,0,56555,0,0,3941,16405,-150,0,0,3941,16405,0,2477,0
15913,90000,2,3,1,29,0,0,0,0,0,0,91116,89047,91595,88197,59822,55345,3500,4000,3002,1974,2000,5000,0
15914,20000,2,2,1,29,0,0,0,0,0,0,3138,4090,2060,780,1000,0,1030,1000,780,1000,0,0,1
15915,300000,2,1,2,30,0,0,0,0,0,0,0,0,0,0,0,0,0,0,0,0,0,0,1
15916,290000,2,2,2,30,0,0,2,0,0,0,4479,8025,3499,3264,-550,-550,15499,0,3302,0,0,1250,0
15917,20000,2,2,1,30,0,0,0,0,0,0,18354,16419,10419,780,0,0,1225,1015,780,0,0,0,1
15918,200000,2,2,2,31,0,0,0,0,0,0,101431,102604,125731,120465,118759,119378,5000,30000,5809,4002,4500,4100,0
15919,130000,2,1,1,31,0,0,0,0,0,0,128319,131825,127949,129357,126999,126719,6300,4800,5000,4700,5000,5000,0
15920,10000,2,2,2,27,2,0,0,0,0,0,6694,7546,8345,8688,8865,9046,1124,1207,1000,177,181,0,0
15921,210000,2,1,2,28,0,0,0,0,0,0,74235,74108,59594,51877,44293,38215,4000,5000,2000,2540,3000,3000,0
15922,130000,2,2,1,28,0,0,0,0,0,0,115303,113502,111651,102622,96723,98827,4157,4168,5025,3223,4105,4000,0
15923,80000,2,2,1,29,2,2,2,2,0,0,82074,79440,102872,49043,23962,23283,0,4300,0,1000,5000,1000,1
15924,410000,2,1,1,37,0,0,0,0,0,0,54326,23223,25865,21619,19336,1433,5000,15014,5034,10006,1433,371,0
15925,60000,2,2,1,31,0,0,2,2,2,2,37549,40603,39676,42407,41428,45576,4000,0,3700,0,5000,2000,1
15926,30000,2,2,2,31,0,0,0,0,0,0,0,0,0,0,0,0,0,0,0,0,0,0,0
15927,320000,2,2,1,32,0,0,0,0,0,0,101121,86781,74909,55472,53699,46313,5800,9805,5006,3704,12860,13201,0
15928,80000,2,2,1,32,0,0,0,0,0,0,8592,4000,6881,7697,3333,3063,4000,6881,5003,3000,3063,0,0
15929,210000,2,2,1,32,0,0,0,0,0,0,189307,194602,199963,205137,84877,83899,8438,10000,10000,84890,2948,3497,0
15930,60000,2,2,1,32,2,2,2,2,2,2,20524,21584,22437,22771,23099,23583,1700,1500,1000,1000,1000,0,1
15931,310000,2,2,1,29,0,0,0,0,0,0,13158,1062,8805,3024,0,0,1062,8805,3087,0,0,3240,0
15932,130000,2,2,2,25,0,0,0,0,0,0,51734,77751,93696,79187,116374,120793,77817,79000,3382,103001,6000,4514,0
15933,60000,2,2,2,26,0,0,0,0,0,0,58117,53986,47413,36527,28170,28963,2400,2050,2011,1200,1400,1200,0
15934,30000,2,2,2,29,0,0,0,0,0,0,25167,25299,22912,14940,9365,1280,1414,1415,1002,200,104,0,0
15935,150000,2,2,2,25,0,0,0,0,0,0,1344,1041,2021,4495,15145,525,1041,2021,4495,10650,525,0,0
15936,30000,2,2,1,25,2,2,2,2,2,2,28766,27183,30023,29243,31262,30327,0,3600,0,2800,0,1080,1
15937,130000,2,2,2,42,0,0,0,0,0,0,49363,47432,94050,21000,858,2160,5026,5000,21000,858,2160,200,0
15938,50000,2,2,2,26,1,2,2,2,2,3,18253,20539,20616,20977,23287,22637,2900,700,1000,2970,0,0,0
15939,170000,2,2,2,27,0,0,0,0,0,0,80848,83678,28461,13263,3637,4814,8000,2000,1000,1000,2000,1000,0
15940,30000,2,2,1,32,1,3,2,0,0,2,27807,27078,26363,27379,28953,28354,0,0,1758,2332,0,1400,1
15941,250000,2,3,1,32,0,0,0,0,0,0,860,860,860,860,440,1280,860,860,860,440,1280,440,0
15942,110000,2,2,2,32,3,2,0,0,0,0,108087,103307,103749,78961,76180,76353,0,5100,3411,3003,3000,3001,0
15943,160000,2,1,2,29,0,0,0,0,0,0,14023,14224,101479,101454,102861,103921,1450,101505,3600,3700,3800,3500,0
15944,340000,2,1,2,33,0,0,2,0,0,2,63201,68466,64478,67271,62269,56502,8100,0,5000,5000,0,10000,0
15945,100000,2,3,1,36,0,0,0,0,0,0,102505,101554,101827,100055,80923,81249,3830,4100,4510,3186,2886,3020,0
15946,230000,2,2,2,28,0,0,0,0,0,0,64992,56763,58020,59580,59224,61867,2500,2500,3000,2000,4000,2000,0
15947,200000,2,1,1,31,0,0,0,0,0,0,0,0,0,0,0,0,0,0,0,0,0,0,0
15948,30000,2,2,1,30,3,2,2,7,7,7,2400,2400,2400,2400,2400,2400,0,0,0,0,0,0,1
15949,120000,2,2,2,30,0,0,0,0,0,0,110612,114323,116835,118053,119047,119641,5555,5847,5800,4445,4700,4500,0
15950,120000,2,2,2,28,0,0,0,0,0,0,67087,66665,67525,67091,67419,67711,2400,3040,2400,2500,2450,2500,0
15951,50000,2,2,1,31,1,3,2,0,0,0,50701,49147,21163,19894,19758,19324,0,507,1300,1000,700,771,1
15952,20000,2,3,2,31,0,0,0,0,0,0,5556,3684,4298,3882,3563,3242,1028,1032,1000,72,369,0,0
15953,500000,2,2,2,30,0,0,0,0,0,0,98618,73464,84741,72510,69053,64841,25464,43095,7522,9065,8841,12000,0
15954,100000,2,1,2,31,1,0,0,0,0,0,0,-740,740,1480,1480,740,0,2220,1480,740,0,2931,0
15955,50000,2,1,2,38,2,2,2,0,0,0,21534,22283,21638,22651,23275,24902,1400,0,1376,1000,2000,0,1
15956,210000,2,1,2,30,0,0,0,0,0,0,7264,8816,10749,5125,5732,9297,2000,2500,2000,1000,4000,4000,0
15957,50000,2,2,1,30,0,0,0,0,0,0,50425,51400,0,0,0,0,2400,0,0,0,0,0,0
15958,200000,2,3,1,29,2,2,2,2,0,0,128649,131059,132120,128669,131499,143020,6000,4600,0,4800,13700,500,1
15959,150000,2,2,2,27,0,0,0,0,0,0,1745,3384,1555,2126,60092,59831,3384,1555,2126,60092,3000,3000,0
15960,50000,2,2,1,34,2,0,0,2,2,0,62643,59851,65545,62672,57755,55512,2151,10000,2100,0,2000,1861,1
15961,300000,2,1,2,30,0,0,0,0,0,0,217329,206703,203164,164371,161331,154515,8000,20219,7500,6500,7500,6000,0
15962,120000,2,1,2,31,0,0,0,0,0,0,316,316,316,316,632,316,316,316,316,632,0,316,0
15963,190000,2,2,2,36,0,0,0,0,0,0,187972,188542,190411,190197,180392,163922,8197,8400,6486,6046,6069,5626,0
15964,70000,2,2,1,35,0,0,0,0,0,0,68445,67371,68263,68927,69176,70592,3001,3052,3348,2617,2840,2674,0
15965,50000,2,2,1,39,2,2,2,2,0,0,78874,74268,66468,56847,50680,26729,4725,1400,0,1545,2022,51000,1
15966,50000,2,2,2,38,0,0,0,0,0,2,31426,23712,18919,24227,25229,12150,1655,1675,15000,2610,0,2000,0
15967,80000,2,3,1,38,0,0,0,2,0,0,82391,80977,88815,83153,50910,60012,2925,12265,9,1737,1760,1882,0
15968,30000,2,2,3,35,0,0,0,0,0,0,25952,26657,27972,28628,29005,29817,1440,1750,1390,764,1000,850,1
15969,140000,2,2,1,41,0,0,0,0,0,2,41814,43616,44710,45661,50880,49934,2500,2100,2000,6000,0,2000,0
15970,20000,2,3,1,49,1,2,3,2,0,0,18769,21349,20732,19946,19546,19546,3186,0,0,0,0,0,1
15971,30000,2,2,1,38,0,0,0,0,0,0,6061,3656,0,0,0,0,1007,0,0,0,0,0,1
15972,260000,2,3,1,44,0,0,0,0,0,0,148803,137561,130539,112300,105517,108011,5100,5300,4303,3600,4000,4000,0
15973,30000,2,1,1,48,0,0,0,2,2,2,25265,26529,30090,28908,30472,29483,2000,4000,0,2400,0,1500,1
15974,50000,2,2,2,41,1,2,0,0,0,0,49487,48282,39490,27835,23391,24507,0,2000,2537,1500,1500,1500,1
15975,50000,2,2,1,35,0,0,0,0,0,0,16053,16024,25350,25738,25948,26163,2000,10000,1500,1000,1000,1500,0
15976,60000,2,3,1,35,1,2,0,0,2,0,10722,10254,15043,19738,19195,19473,0,5000,5000,0,2000,1000,1
15977,50000,2,2,1,48,1,2,0,0,0,0,18704,18106,19793,19378,18874,19361,0,2000,1500,1000,2000,1000,1
15978,80000,2,2,1,38,0,0,0,0,0,0,72704,70907,59223,40128,41152,41527,3133,2132,1650,2000,1503,1505,0
15979,80000,2,2,1,41,0,0,0,0,0,2,79958,81662,78899,78245,62234,60737,3452,4066,3469,4630,0,2500,1
15980,100000,2,3,1,40,0,0,0,0,0,0,49328,44045,42373,37088,75672,31645,2038,1994,1457,1205,1162,1131,0
15981,30000,2,3,1,37,1,2,2,2,0,0,28361,27227,29346,23548,11790,7276,0,3313,108,299,325,0,0
15982,30000,2,2,1,49,0,0,0,0,2,2,23705,24709,25745,27949,27216,29138,1386,1422,2626,0,2351,1033,0
15983,30000,2,3,1,46,0,0,0,0,0,2,9847,10857,11877,12891,13960,14082,1181,1201,1215,1284,490,0,0
15984,50000,2,2,1,31,2,4,3,2,0,0,13815,13307,12755,8400,3150,0,0,3,17,0,0,0,1
15985,240000,2,2,2,48,0,0,0,0,0,0,234312,231407,233781,220150,190170,194018,9454,10128,8012,6500,7000,7000,1
15986,30000,2,3,1,44,1,0,0,0,0,0,0,0,0,0,0,379,0,0,0,0,379,0,0
15987,240000,2,2,2,35,0,0,0,0,0,0,15750,12891,0,0,0,0,1005,0,0,0,0,0,0
15988,50000,2,2,2,31,2,2,2,2,2,2,28947,30072,30895,31589,32071,32709,1900,1600,1500,1300,1300,1500,1
15989,70000,2,1,2,23,0,0,0,0,0,0,7531,8545,9588,10900,46462,47599,1145,1188,1500,36000,2000,1668,1
15990,80000,2,3,1,28,0,0,0,0,0,0,72561,62691,61652,54602,50011,49701,2300,2809,2104,1708,1768,1807,0
15991,120000,2,2,2,30,0,0,0,2,2,0,98546,100675,104347,108258,104972,104638,5600,6800,7300,0,4600,3400,0
15992,100000,2,3,1,32,0,0,2,2,2,2,32200,37211,36338,37698,38074,40295,5884,0,2270,1300,3000,1700,0
15993,50000,2,2,1,44,0,0,0,0,0,0,49644,0,0,0,0,0,0,0,0,0,0,0,0
15994,320000,2,2,1,39,0,0,0,0,0,0,42442,3336,7210,6091,24641,30005,3336,7210,6091,24641,30000,5645,0
15995,220000,2,1,1,36,0,0,0,0,0,0,215979,210475,216513,196219,200117,204312,7800,9639,7123,7162,7419,7462,0
15996,140000,2,1,2,33,0,0,0,0,0,0,87713,88906,88736,91287,91057,91538,5000,5000,5000,5000,3500,3500,0
15997,140000,2,1,1,37,0,0,0,0,0,0,136431,135134,139178,139900,109665,108129,4849,6703,6120,4015,4042,4057,1
15998,50000,2,2,2,24,0,0,0,2,2,0,0,0,37111,37516,36614,37537,0,37111,1307,0,1509,1388,0
15999,60000,2,1,2,25,0,2,0,0,0,0,538,269,269,269,0,1257,0,269,269,0,1526,0,1
16000,90000,2,2,2,47,0,0,0,0,0,0,81902,71768,72163,27124,27724,28724,3274,2271,1400,1000,1000,1000,0
16001,20000,2,2,3,44,3,2,2,7,7,7,2400,2400,2400,2400,2400,2400,0,0,0,0,0,0,1
16002,130000,2,2,2,29,0,0,2,0,0,0,34529,52868,51457,60045,47696,43677,19000,0,10000,10000,10000,10000,0
16003,80000,2,2,1,34,1,2,2,2,0,0,84720,86221,84062,79076,31984,29306,3808,2804,30,1108,1108,1133,1
16004,230000,2,2,1,37,0,0,0,0,0,0,126251,128542,122493,124743,127507,121400,4500,4600,4389,4697,4800,4000,0
16005,180000,2,2,1,29,0,0,0,0,0,0,25781,26000,26310,26662,26166,26176,1800,1800,1500,1056,950,1000,0
16006,20000,2,2,2,34,0,0,0,0,0,0,17489,3077,0,0,0,0,3077,19837,0,15846,2000,0,0
16007,210000,2,2,1,34,0,0,0,0,2,0,4141,5347,25064,30684,29892,30516,1283,20000,6071,0,1107,1114,0
16008,70000,2,2,2,22,2,2,2,2,0,0,69242,71007,72596,70467,48129,47751,3500,3300,0,2000,2000,2000,0
16009,50000,2,1,2,22,0,0,0,0,0,0,15787,17486,17823,18495,18266,18631,2250,1587,1259,765,773,476,0
16010,140000,2,2,1,30,0,0,0,0,0,2,106526,85019,82784,81458,86227,84646,4000,3000,4000,7000,0,4000,0
16011,100000,2,2,1,32,0,0,0,0,0,0,29987,29219,27865,11166,32261,7961,2007,2049,1045,23610,4000,1000,0
16012,80000,2,2,2,37,0,0,0,0,0,0,5583,3946,0,0,0,0,3946,0,0,0,0,0,0
16013,300000,2,1,1,36,1,0,0,0,0,0,0,0,0,0,1894,2394,0,0,0,1894,500,4662,0
16014,200000,2,3,2,26,0,0,0,0,0,0,0,2381,10,1010,2230,1191,0,15,1000,2000,1191,866,0
16015,100000,2,2,2,29,0,0,0,0,0,0,600,600,0,0,0,0,600,0,0,0,0,0,0
16016,50000,2,2,1,45,0,0,0,0,0,0,49375,45390,46210,46549,20084,20264,1721,2321,1660,3000,1004,1003,0
16017,140000,2,3,1,47,6,5,4,3,2,0,151790,147998,144280,139701,90756,92935,0,0,0,0,3000,2000,0
16018,50000,2,2,1,28,0,0,0,0,0,0,43206,42105,40591,31609,29662,24741,2100,2021,1500,1009,1000,1000,0
16019,500000,2,1,2,28,0,0,0,0,0,0,229258,134264,134908,141358,121262,131147,10042,8048,20141,10000,12000,15000,0
16020,360000,2,2,2,31,0,0,0,0,0,0,3000,2668,2668,-7,-7,3500,2668,3000,7,0,3507,2500,0
16021,240000,2,2,2,34,1,0,0,0,0,0,-10,-10,-10,-10,-10,-10,0,0,0,0,0,0,0
16022,200000,2,1,1,35,0,0,2,0,0,0,316,734,418,424,424,424,734,0,424,424,424,608,0
16023,280000,2,1,1,35,0,0,0,0,0,0,281424,232826,195621,96843,99232,102620,9604,53459,4000,4000,5000,4000,0
16024,330000,2,1,1,36,1,0,0,0,0,0,0,0,0,469,150,3661,0,0,469,150,3661,3800,0
16025,100000,2,3,2,32,0,0,0,0,0,0,79158,93667,58161,41414,28835,29423,23591,2116,1400,1165,588,639,0
16026,30000,2,3,1,35,1,2,2,0,0,3,10211,6314,0,0,600,300,0,0,0,600,0,0,1
16027,130000,2,2,2,37,2,0,0,0,0,0,129677,131798,98083,92317,87375,87634,5940,4700,4433,3100,3300,3200,1
16028,30000,2,2,2,41,1,2,0,0,0,0,25562,23250,23217,21295,19076,9292,0,1600,1500,1000,1720,0,0
16029,50000,2,3,3,43,1,2,2,0,0,0,17962,18766,18177,19147,17827,18389,1400,0,1289,800,1000,1000,1
16030,80000,2,2,1,39,1,0,0,2,2,2,0,174,2071,2036,840,1081,174,2071,150,0,931,0,1
16031,570000,2,1,2,30,0,0,0,0,0,0,323085,303794,243673,74003,57763,50852,50468,33372,74085,290,51107,41791,0
16032,20000,2,2,1,32,1,2,2,2,0,0,17044,16478,19098,18397,18696,38282,0,3200,0,700,700,500,0
16033,90000,2,2,2,35,0,0,0,0,0,0,30646,29919,29045,28025,26758,26012,1500,1509,1400,1000,1100,1000,0
16034,150000,2,3,1,43,0,0,0,2,2,0,142811,139652,111868,107702,103112,103246,6000,10700,1600,0,2800,2500,1
16035,110000,2,2,1,41,0,0,0,0,0,0,182235,185646,168171,129227,49830,50287,6071,5070,3362,1755,2000,2000,0
16036,170000,2,3,1,37,1,2,0,0,0,0,33039,30336,30826,31996,33676,25301,3,2008,5000,2037,2029,2008,0
16037,90000,2,2,2,26,0,0,0,0,0,0,61982,46323,43710,45474,46369,47623,2000,2100,2500,1650,2000,2000,0
16038,110000,2,2,2,26,0,0,0,0,0,0,45028,46276,47527,48735,49925,50967,2000,2000,2000,2000,2000,2500,0
16039,20000,2,2,1,28,0,2,2,0,0,0,2120,1760,0,0,0,0,0,0,0,0,0,0,0
16040,200000,2,2,1,31,3,2,2,2,2,2,5000,5000,5000,5000,5000,5000,0,0,0,0,0,0,1
16041,50000,2,2,1,34,0,0,0,0,0,0,51012,49882,50446,49910,29844,30524,2000,2200,2270,1204,1300,1238,0
16042,50000,2,3,1,45,0,0,0,0,0,0,22352,23244,20791,22104,22237,22703,1324,1351,1664,797,825,1030,0
16043,30000,2,3,1,46,0,0,0,2,0,0,2572,8822,5786,2749,28241,26960,8848,5869,0,26965,1066,3196,0
16044,50000,2,3,1,46,0,0,0,0,0,0,65,0,1271,940,110,0,0,1271,949,110,0,558,1
16045,80000,2,3,1,26,0,0,0,2,2,0,6808,8686,11628,12008,11658,12603,2000,3100,1000,0,1000,2000,0
16046,160000,2,1,2,26,0,0,0,0,0,0,157453,155081,137027,70845,0,0,5937,5000,1417,0,0,0,0
16047,10000,2,2,2,40,0,0,0,0,0,0,-4,-4,-4,26,326,-87,0,0,30,300,1000,2000,1
16048,20000,2,2,2,26,1,2,2,0,0,0,19725,17368,16801,17789,17419,17628,1293,0,1281,771,640,790,0
16049,70000,2,1,1,34,0,0,0,0,0,0,40498,41192,42274,43596,44173,45309,1668,1750,2023,1600,1850,5800,0
16050,110000,2,3,3,37,2,0,0,0,0,0,67930,64654,63389,60021,58660,59891,2293,2255,2139,2097,2174,2200,0
16051,150000,2,2,1,45,0,0,0,0,0,0,16611,18540,18204,16132,-5880,-20544,18552,18267,16142,5880,13707,1088,0
16052,500000,2,1,1,39,0,0,0,0,0,0,418958,439432,440324,440565,440050,438953,39432,20000,20000,20000,20000,20000,0
16053,30000,2,2,1,48,2,2,2,2,2,0,28695,29824,29066,31236,29819,30058,1900,0,3000,0,1500,2000,1
16054,160000,2,3,1,46,0,0,0,0,0,0,24904,2338,4856,4127,3995,842,2343,4856,1000,3995,842,26313,0
16055,300000,2,2,1,36,0,0,0,0,0,0,77765,1443,41071,58995,24713,28948,1443,41071,58995,24713,28948,7210,0
16056,200000,2,3,1,46,0,0,0,0,0,0,154875,140376,129962,124282,118956,121449,5216,8000,20000,15653,3793,10000,0
16057,50000,2,2,2,35,0,0,0,0,0,0,2628,1000,2050,3000,0,0,1000,1050,1000,0,1000,0,0
16058,80000,2,2,2,29,0,0,0,0,0,0,60857,46724,35074,32812,25930,26414,2000,2000,2000,1100,1000,1100,0
16059,140000,2,2,2,29,0,0,2,0,0,0,122662,123536,104817,102161,85512,83028,6504,4000,4500,3500,4000,3500,0
16060,60000,2,3,1,32,0,0,0,0,0,0,63354,65299,67087,27121,26316,26476,3000,3490,1794,1311,953,1390,1
16061,50000,2,3,1,47,0,0,2,2,2,2,25347,29766,26283,28198,23159,23089,4881,0,4087,0,1798,0,0
16062,30000,2,2,2,39,0,0,0,0,0,0,29758,30454,30221,29376,29564,28762,1500,1518,1439,1017,1032,1367,0
16063,80000,2,2,1,45,0,0,0,0,0,0,28775,28951,26813,27383,27475,27823,1442,1459,1500,1000,1003,1100,0
16064,50000,2,2,1,43,1,2,0,0,0,0,50738,49236,48608,48423,49023,49681,4,1939,2000,1700,1750,5430,0
16065,90000,2,2,2,39,0,2,0,0,0,0,2489,1242,1062,1062,1062,0,0,1062,1062,0,0,0,0
16066,120000,2,2,1,46,0,0,0,0,0,0,80324,79071,76279,60939,61036,61359,3458,2519,2158,2151,2368,2197,0
16067,50000,2,2,1,39,3,3,2,0,0,0,52714,51593,50492,47633,18283,18610,0,0,5000,3000,1000,2000,1
16068,80000,2,2,2,31,0,0,2,2,0,0,75953,81055,81587,78103,78335,78678,7000,3000,0,3000,3100,5900,0
16069,160000,2,1,1,31,0,0,0,0,0,0,3089,0,12548,0,0,0,0,12548,0,0,0,0,0
16070,140000,2,2,2,33,0,0,0,0,0,0,316,316,13816,316,316,316,316,13816,316,316,316,316,0
16071,50000,2,2,1,33,0,0,0,0,0,0,33441,20668,22926,21767,13806,5320,2659,2917,4600,1000,5200,0,0
16072,50000,2,2,1,35,0,0,0,0,0,0,40506,41742,43157,14510,14963,16580,5000,3000,2000,500,2000,5000,0
16073,50000,2,3,2,40,0,0,0,0,0,0,19824,29311,30862,26614,15571,14971,15000,10000,5000,1500,800,2000,0
16074,360000,2,2,1,47,0,0,0,0,0,0,410,3620,7656,56397,43882,21818,3620,7656,56397,0,0,12117,0
16075,120000,2,2,1,38,0,0,0,0,0,2,50721,25967,25949,25619,4456,2714,1667,1967,1650,500,0,1500,0
16076,160000,2,3,1,38,2,2,2,2,0,0,113336,116136,118474,115127,111864,102418,6000,5500,0,3700,3200,3400,1
16077,100000,2,2,1,42,0,0,0,0,0,0,8166,8783,9417,10002,9804,9626,1140,1164,1139,331,350,500,0
16078,110000,2,2,1,46,0,0,0,0,0,2,105851,108187,108015,88618,71865,65629,5604,4661,3560,4915,0,3000,0
16079,300000,2,3,2,30,0,0,0,0,0,0,0,0,0,0,0,0,0,0,0,0,0,0,1
16080,110000,2,2,2,31,0,0,0,0,0,0,98006,93978,93066,88823,78144,78169,4300,4295,3000,2887,3000,3034,0
16081,220000,2,1,1,31,0,0,0,0,0,0,67722,74057,75767,77902,79505,82061,7500,3500,4000,3500,4000,3000,0
16082,100000,2,2,2,31,0,0,0,0,0,0,71171,72613,74105,75617,77150,78953,1746,1792,1828,1855,2121,2100,0
16083,50000,2,2,2,28,2,2,0,0,0,0,16639,16041,12151,4963,0,0,14,1505,2000,0,0,0,0
16084,140000,2,2,2,28,1,2,2,2,0,0,5420,3978,3723,0,0,0,2000,0,0,0,0,0,0
16085,50000,2,2,1,43,0,0,0,0,0,0,7965,12717,11016,22263,18711,12712,12724,11022,22264,378,258,5380,0
16086,30000,2,3,1,28,0,0,0,0,0,0,16162,13301,12930,13233,12595,12454,2000,1307,2000,252,249,100,1
16087,170000,2,2,2,30,0,0,0,0,0,0,92626,90727,93345,93812,95613,95972,5000,5000,5000,5000,4400,3000,0
16088,260000,2,2,1,32,0,0,0,0,0,0,1249,0,0,0,1178,1692,0,0,0,1178,1692,810,1
16089,290000,2,2,1,33,0,0,0,0,0,0,2369,1298,2369,1298,1298,1623,1298,2369,1298,1298,1623,1275,1
16090,80000,2,2,2,37,2,0,0,0,0,0,52052,51407,0,0,0,0,2000,0,0,0,0,0,1
16091,160000,2,2,1,35,2,0,0,0,0,0,776,776,1172,380,776,1172,776,1172,380,776,1172,380,0
16092,100000,2,1,1,40,2,2,0,0,2,0,97229,94777,95634,65828,61621,62756,0,2924,5226,0,2278,2292,1
16093,40000,2,2,1,37,2,2,2,2,2,0,25561,26343,25635,28100,27352,27862,1500,0,2900,0,1100,2400,1
16094,290000,2,1,2,35,0,0,0,0,0,0,190453,194303,197076,197488,196976,196579,8100,7000,8400,7000,7500,7500,0
16095,160000,2,2,2,42,1,2,2,0,0,0,152699,152630,95758,97251,98010,99669,4462,0,4385,3639,3762,3800,1
16096,140000,2,2,1,36,1,2,3,2,0,0,59379,63007,61459,59798,61287,8383,5200,0,0,3009,1000,94000,0
16097,80000,2,2,2,45,1,0,0,0,0,0,-1600,82150,0,0,0,0,83750,0,0,0,0,0,0
16098,30000,2,2,1,42,1,2,2,2,4,3,16484,17709,17141,20730,20116,19512,1800,0,4200,0,0,0,1
16099,70000,2,2,1,46,2,2,2,2,2,2,24036,25035,25930,26206,26477,27404,1700,1600,1000,1000,1500,0,1
16100,30000,2,2,1,29,0,0,0,0,0,0,419,1173,1370,880,780,0,1173,1370,880,500,0,1500,1
16101,50000,2,2,1,30,0,0,0,0,0,0,34811,30753,6680,0,0,0,2000,1000,0,0,0,0,1
16102,570000,2,1,2,32,0,0,0,0,0,0,47758,33050,36283,36502,37669,39102,3000,4880,3000,3000,3000,3000,0
16103,200000,2,5,1,33,0,0,0,0,0,0,92707,73970,122304,116674,89694,68256,3112,50000,6760,3486,2476,2500,0
16104,10000,2,2,1,37,0,4,3,2,2,2,3305,2870,2440,2510,2641,2222,0,0,500,400,0,36,0
16105,60000,2,3,1,48,0,0,0,0,0,0,58653,59063,53377,37418,37543,35447,2500,2000,1900,1500,1300,1300,1
16106,220000,2,2,2,46,0,0,0,2,2,0,86957,85577,91266,88051,81803,79286,4000,12000,3100,0,2900,3000,1
16107,60000,2,2,2,42,0,0,0,0,0,0,60902,61078,61160,61055,60895,61587,2350,2532,2510,3250,2900,2630,1
16108,280000,2,2,1,42,2,0,0,0,0,0,185147,132646,137109,135264,133046,126155,5000,10000,5000,5000,5000,5000,1
16109,10000,2,2,2,31,0,0,0,0,0,0,10468,9138,10309,10299,10295,10306,1160,1331,1321,517,528,600,0
16110,200000,2,1,2,31,0,0,0,0,0,0,191807,195618,200170,202965,155579,124488,8500,9200,8000,7000,5000,5000,0
16111,200000,2,2,1,33,0,0,0,0,0,0,103876,66894,12475,14208,15270,14880,2034,3000,2083,10000,0,1286,1
16112,220000,2,2,1,37,0,0,0,0,0,0,81191,78538,76747,67266,60896,160731,3000,3000,3520,3000,106200,5000,0
16113,370000,2,2,1,45,0,0,0,0,0,2,155124,162526,168389,338660,221808,222304,10000,10000,10000,114000,10000,0,0
16114,100000,2,2,1,36,0,0,0,0,0,0,25945,21237,16723,15868,8275,5954,4021,3013,4031,3012,2006,3121,0
16115,290000,2,2,1,45,0,0,0,0,0,0,145023,115830,76453,59734,61238,63089,6000,4000,5500,2500,3000,3000,0
16116,20000,2,3,1,43,1,0,0,0,0,0,0,0,0,0,0,0,0,0,0,0,0,0,1
16117,200000,2,2,2,36,0,0,0,0,0,0,199278,201725,203794,189024,191803,195044,7279,8679,6300,6000,6000,22001,1
16118,110000,2,3,2,33,0,0,0,0,0,0,35370,30661,62708,52873,48240,41313,11000,40000,3526,4515,3000,0,0
16119,80000,2,2,1,41,0,0,0,2,0,0,78032,59156,61063,56202,25775,24688,2130,5804,121,1003,853,1941,0
16120,100000,2,2,1,36,0,0,0,0,0,0,100050,96652,97974,97486,95479,92817,4500,4600,4500,3500,3500,3500,0
16121,50000,2,2,1,39,0,0,0,0,0,0,41598,35995,33059,32663,29608,28939,1825,1593,1458,1186,1198,1114,0
16122,20000,2,2,3,30,1,2,2,2,0,0,17836,17246,19381,18772,19145,19545,0,2921,0,685,708,700,1
16123,300000,2,1,2,33,0,0,0,0,0,0,13713,14547,13328,20714,13054,12632,15003,13539,20714,13054,12636,12700,0
16124,160000,2,2,2,41,0,0,0,0,0,0,71900,0,0,0,0,0,0,0,0,0,0,0,0
16125,80000,2,3,1,40,2,0,0,0,0,0,16413,12171,11554,7830,4305,5427,2160,1500,1218,311,1351,1000,1
16126,30000,2,2,1,34,2,2,0,0,0,2,16944,16374,17724,18473,19763,19306,0,1620,1350,1600,0,1630,1
16127,30000,2,2,1,37,2,2,2,2,0,0,8229,11076,11787,11301,11677,11766,3000,1188,0,564,426,429,0
16128,60000,2,2,1,36,0,0,0,0,0,0,60333,51838,45728,36441,37336,38138,2100,2000,1700,1500,1400,1500,0
16129,200000,2,2,2,32,0,0,0,0,0,0,24429,13060,13683,-3942,123250,125926,1500,1000,0,128000,4600,5000,1
16130,50000,2,2,1,41,0,0,0,0,0,0,23064,17783,16315,12225,11184,10133,1281,1214,1155,375,364,354,0
16131,50000,2,3,2,45,0,0,0,0,0,0,10723,9872,658,1473,1473,1473,1000,658,1000,1473,1473,540,0
16132,270000,2,2,1,42,1,0,0,0,0,0,-330,-330,-330,-330,-330,-330,0,0,0,0,0,0,0
16133,30000,2,3,1,40,2,0,0,0,0,0,27783,27584,28638,29584,30036,29404,1748,1802,1748,1200,1223,1100,1
16134,60000,2,2,1,41,0,0,0,0,0,0,34632,35654,36991,37701,38452,39255,1600,1915,1625,1376,1422,1435,1
16135,60000,2,2,2,28,1,0,0,2,0,0,0,1672,836,836,780,390,1672,836,0,780,390,0,1
16136,50000,2,1,1,39,0,0,0,0,0,0,50465,51092,56266,39545,19856,19765,4000,3032,1668,1500,1805,23000,1
16137,220000,2,2,1,37,1,2,2,2,2,0,194640,189976,189665,171669,167294,172042,0,15510,0,5500,7250,6500,0
16138,50000,2,3,1,36,0,2,2,0,0,0,51741,96172,48827,38600,19541,19795,300,5222,2034,744,5200,790,1
16139,30000,2,3,2,33,0,0,2,0,0,2,22463,25362,24672,25317,26516,26133,3278,0,1233,1432,0,566,1
16140,280000,2,2,2,33,0,0,0,0,0,0,28928,24266,20209,20395,18969,18381,1634,1649,1304,703,701,705,0
16141,120000,2,2,1,35,0,0,2,2,2,2,2415,11837,9754,24007,22299,31576,9886,0,20000,0,10000,0,0
16142,120000,2,3,1,39,1,2,2,2,2,2,69830,68108,70415,74443,75527,77171,0,3400,5800,2900,3000,3100,0
16143,70000,2,3,1,41,0,0,0,0,0,0,23546,23462,17548,15864,14937,12841,1573,1355,1203,516,500,500,0
16144,550000,2,2,1,39,0,0,0,0,0,0,67886,67806,66328,26422,21386,17674,3688,2577,2169,1000,602,890,0
16145,220000,2,2,2,36,0,0,0,0,0,0,124418,126695,106534,109884,106114,108202,6300,4000,5500,3775,4100,5000,0
16146,340000,2,2,1,45,0,0,0,0,0,0,3253,15865,1946,546,546,590,15886,1946,546,546,590,550,0
16147,110000,2,3,2,32,0,0,0,0,0,0,9943,9267,4957,6037,7628,2746,9284,6960,6055,7651,8,5159,0
16148,140000,2,3,1,34,0,0,0,0,0,0,131138,133452,136194,137490,106322,104583,6300,7000,5421,4000,4000,4200,0
16149,360000,2,2,2,41,0,0,0,0,0,0,352538,360648,339204,282520,290521,27792,14152,15000,15000,15004,5071,5168,1
16150,290000,2,1,2,30,0,0,0,0,0,0,1459,1029,2154,1492,229,943,1078,2154,1518,229,943,189,0
16151,200000,2,2,1,48,0,0,0,2,2,2,26465,20435,8475,8162,10962,7350,1000,8475,0,3000,0,7505,0
16152,60000,2,2,1,38,0,0,0,0,0,0,21261,2522,0,1411,1455,4486,2522,0,1411,1455,4486,11961,0
16153,40000,2,2,1,43,0,0,0,0,0,0,1858,220,960,960,960,1383,220,960,960,960,1383,960,0
16154,120000,2,2,2,29,0,0,0,2,0,0,9102,10626,15003,9270,46193,30774,2000,5000,0,49920,1500,4000,0
16155,80000,2,2,1,38,2,0,0,0,2,0,62622,54613,43232,32361,22382,20509,3208,1964,3428,7,1000,2900,1
16156,300000,2,2,1,43,0,0,0,0,0,0,0,0,0,0,0,0,0,0,0,0,0,520,1
16157,20000,2,2,1,25,0,0,0,0,0,0,3454,6875,13936,2816,7419,165,6885,14523,2816,7419,0,16963,1
16158,30000,2,2,1,46,2,2,2,2,2,0,34713,32875,29088,26788,17014,3000,2000,4,2916,106,3000,0,1
16159,180000,2,1,2,30,0,0,0,0,0,0,174869,173094,131039,132269,144990,152632,8328,7000,4900,15000,10000,6000,0
16160,110000,2,2,2,39,0,0,0,0,0,0,111533,110367,112974,108390,107180,107309,5500,5900,5500,5000,5000,4300,0
16161,250000,2,2,1,40,0,0,0,0,0,0,121558,126367,130658,79361,81196,83040,6500,7000,4000,3000,3000,4000,0
16162,140000,2,2,2,32,0,0,0,0,0,0,137647,136497,135505,137629,120147,122247,5004,5000,5000,4300,5000,5158,0
16163,80000,2,2,1,29,2,0,0,2,0,0,76362,77883,81811,80250,61467,10662,3392,5800,1000,600,400,1000,1
16164,20000,2,3,1,32,0,0,0,2,0,0,18539,18800,21274,20109,19976,20143,1400,3300,0,1000,1000,1000,0
16165,50000,2,3,2,47,0,0,0,0,0,0,11961,14259,16028,17760,19462,22141,2500,2000,2000,2000,3000,3000,0
16166,90000,2,3,1,40,0,0,0,0,0,0,14028,11732,9940,11264,12774,13038,3090,1176,1500,2000,609,478,0
16167,20000,2,2,1,33,0,0,0,0,0,0,17287,13864,14534,9662,8091,0,1572,1242,1020,2000,0,0,0
16168,150000,2,2,2,34,0,0,0,0,0,0,121764,150928,151428,111159,97154,98404,35837,8794,3454,98231,3486,2706,0
16169,150000,2,1,1,34,0,0,0,0,0,0,3099,3102,3087,2887,2887,2887,3102,3087,2887,2887,2887,3103,0
16170,50000,2,3,2,41,0,0,0,0,0,0,3048,4063,5081,6090,6211,6342,1074,1092,1101,222,231,231,1
16171,90000,2,2,2,47,0,0,0,0,0,0,932,319,800,0,0,0,319,800,0,0,0,0,0
16172,350000,2,2,2,40,0,0,0,0,0,0,26774,22062,38491,4683,3797,6677,22181,38683,4706,3816,6708,20105,0
16173,30000,2,2,2,38,0,0,0,0,2,0,22070,23075,24124,27012,26279,26831,1676,1725,3613,0,975,980,0
16174,150000,2,1,1,28,1,0,0,0,0,0,0,0,522,0,3978,25590,0,522,0,3978,25590,0,0
16175,190000,2,1,2,29,0,0,0,0,0,0,189417,95341,74959,76514,78047,79603,3318,2719,2800,2800,2900,3400,1
16176,340000,2,2,1,36,0,0,0,0,0,0,3058,4087,5129,3142,3210,4153,1087,1129,1052,120,1000,1000,0
16177,50000,2,2,1,47,0,0,0,0,0,0,49571,37680,31932,25300,18902,18920,2000,1812,2000,664,700,709,0
16178,50000,2,2,2,29,2,2,2,2,2,2,30715,29923,32700,28768,29639,28629,0,3304,4,2230,0,2009,1
16179,280000,2,2,2,30,0,0,0,0,0,0,0,0,0,0,0,0,0,0,0,0,0,150,0
16180,230000,2,1,2,31,0,0,0,0,0,0,903,1711,1292,885,1292,795,1711,1292,885,1292,795,1035,1
16181,400000,2,1,2,31,0,0,0,0,0,0,72551,8572,2190,12881,7497,11563,8657,2190,12881,0,4590,0,0
16182,190000,2,3,1,37,0,0,0,0,0,0,752,1302,18666,19623,21268,23038,1302,18666,2000,3000,3000,1200,1
16183,170000,2,1,2,31,0,0,0,0,0,0,18038,26669,11709,14168,9084,0,10047,11909,5000,16,0,0,0
16184,150000,2,1,2,30,1,0,0,0,0,0,0,0,0,0,1883,1883,0,0,0,1883,0,0,1
16185,140000,2,1,2,32,0,0,0,0,0,2,97528,99468,101863,105575,122173,116266,3562,4000,5445,20000,0,9010,1
16186,110000,2,2,2,23,0,0,0,0,0,0,37857,39117,34330,12207,71932,73769,2000,3000,1500,71392,3000,3500,0
16187,260000,2,1,2,31,0,0,0,0,0,0,16083,759,-484,-484,3872,2,759,0,0,4356,0,3200,0
16188,30000,2,2,2,37,2,0,0,0,0,0,25037,18486,19082,19145,15839,9335,2000,2000,2500,2000,2000,4000,0
16189,130000,2,3,1,42,2,2,0,0,0,0,95564,92809,95477,95334,96066,97413,0,4500,3500,3400,4000,4000,1
16190,190000,2,3,2,37,0,0,0,0,0,0,44098,157205,91091,88145,90414,85083,164582,10056,10000,5000,10000,13000,0
16191,10000,2,2,2,36,1,2,0,0,0,0,7081,6819,7996,9004,9180,9371,0,1290,1298,474,487,500,1
16192,30000,2,2,1,42,2,0,0,0,0,0,5288,6310,8693,11541,13344,15118,1117,2500,3000,2000,2000,553,1
16193,300000,2,1,2,45,0,0,0,0,0,0,122838,124057,125120,133997,118000,131067,10039,10048,20172,11034,20109,30428,0
16194,200000,2,2,1,40,0,0,0,0,0,0,9798,14457,8916,12868,7818,12910,14499,8983,12908,7834,12919,13583,0
16195,130000,2,3,1,36,0,0,0,0,0,0,140479,133540,126408,119174,111339,103492,5000,5000,4200,4000,3600,4542,0
16196,400000,2,3,2,35,0,0,0,0,0,0,1432,8125,7017,10525,13295,11024,8132,7018,10542,13378,11045,6666,1
16197,220000,2,2,2,32,0,0,0,0,0,0,93682,96466,99009,100462,102614,104806,4337,5000,4000,3824,4000,4000,0
16198,100000,2,1,1,34,1,0,0,0,0,0,0,0,0,0,0,315,0,0,0,0,315,165,0
16199,80000,2,2,1,38,0,0,0,0,0,0,29249,28795,27006,23705,18275,18104,1800,1550,1244,751,612,667,0
16200,50000,2,3,2,34,0,0,0,0,0,0,60170,48000,50192,50451,49086,34161,3000,3000,5000,3000,1000,711,0
16201,200000,2,1,1,34,1,0,0,0,0,0,0,0,0,0,0,0,0,0,0,0,0,0,0
16202,400000,2,2,1,43,0,0,0,0,0,0,398711,407664,186081,189987,193824,201699,17000,7000,7000,7000,11000,10000,0
16203,50000,2,2,2,48,0,0,0,0,0,0,47295,30348,24446,25535,26109,26689,4000,1800,1500,1000,1000,1500,0
16204,140000,2,3,1,37,0,0,0,0,0,0,4637,4619,5538,2770,390,390,1141,1450,1000,390,390,390,0
16205,10000,2,2,1,49,0,0,0,0,0,0,8671,6613,7648,8758,9410,4373,1265,1300,1400,1000,304,283,0
16206,80000,2,3,1,41,0,0,0,0,0,0,3482,2946,1524,2946,1473,0,1000,1524,1473,1473,0,390,0
16207,220000,2,1,1,38,0,0,0,0,0,0,136269,138972,141900,144764,147657,150749,4967,5160,5233,5278,5464,6121,0
16208,80000,2,2,2,45,0,0,0,0,0,0,78083,79829,80896,53052,91667,47160,3045,2545,2100,1700,3374,1740,0
16209,360000,2,1,1,35,0,0,0,0,0,0,94657,34529,106276,73331,7759,31840,45000,100000,73427,7759,31840,12577,1
16210,20000,2,2,1,46,2,0,0,2,2,2,16371,17384,19954,19259,20139,19434,1289,2859,0,1044,0,528,1
16211,20000,2,2,1,46,0,0,0,0,0,0,10640,11252,12277,12287,12140,11990,1185,1600,1000,243,240,619,0
16212,20000,2,3,2,34,1,2,2,2,2,0,19381,20359,19360,20421,19832,18052,1600,300,1700,0,804,1000,0
16213,70000,2,2,1,38,0,0,0,0,0,0,50416,51412,53109,53630,108596,55886,1835,2520,2000,2000,4058,2100,0
16214,210000,2,2,1,33,0,0,0,0,0,0,29672,31050,0,0,0,87045,2100,0,0,0,87045,4000,0
16215,240000,2,2,1,32,0,0,0,0,0,0,153104,102049,105086,0,0,0,4500,5014,0,0,0,1418,0
16216,50000,2,2,1,34,0,0,0,0,0,0,24636,25064,51224,26230,18755,19227,1500,2300,2800,1000,1150,1000,0
16217,50000,2,2,1,31,0,0,0,0,0,0,17019,7412,45137,41168,5890,7000,2591,40693,3900,1000,1500,2360,0
16218,230000,2,1,2,38,0,0,0,0,0,0,0,0,0,1158,1158,1158,0,0,1158,0,0,0,0
16219,120000,2,1,2,45,0,0,0,0,0,2,90041,86140,87941,89737,95451,97379,3079,3185,3251,7200,3600,3900,0
16220,180000,2,1,2,44,0,0,2,0,0,0,7668,10006,7996,8960,6310,4656,2489,0,1166,126,112,244,1
16221,290000,2,1,1,38,0,0,0,0,0,0,3613,14708,7209,14912,45473,15095,14718,7420,15118,45473,15095,8908,0
16222,160000,2,1,1,47,0,0,0,0,0,0,151400,155658,143564,130860,122188,79360,6960,6882,6307,4730,2874,3052,0
16223,80000,2,3,1,43,2,2,2,3,3,2,66852,68152,71459,73690,71908,76294,3000,5000,4000,0,5700,0,1
16224,50000,2,2,2,31,2,0,0,2,2,2,28133,29461,32067,31252,32633,33965,1800,3400,0,1900,2000,0,1
16225,20000,2,3,1,33,1,0,0,0,0,0,0,0,0,0,0,0,0,0,0,0,0,0,1
16226,50000,2,2,3,34,0,0,0,0,0,0,33436,31231,30994,20244,12135,12270,2005,2005,2716,1000,911,500,1
16227,80000,2,2,1,34,2,2,2,2,2,0,63619,64484,62882,69109,67401,68863,2500,0,7282,0,2700,3000,1
16228,30000,2,3,1,43,1,2,0,0,0,0,32577,29268,26897,23352,18738,15236,0,1468,1564,591,489,388,0
16229,10000,2,2,1,37,3,2,0,0,2,0,7621,7368,8226,9834,9549,9774,0,1122,1730,0,508,425,1
16230,200000,2,2,2,41,0,0,0,0,0,0,15094,1717,988,1805,72551,90988,1727,991,1817,72836,30300,60000,0
16231,50000,2,2,1,33,0,0,0,0,0,0,49450,50067,69594,46181,16770,19890,1743,2236,2807,629,3810,719,0
16232,480000,2,2,2,34,0,0,0,0,0,0,489305,479927,471639,375196,285319,209218,18231,20010,13013,11209,9010,162510,1
16233,260000,2,2,1,46,0,0,0,0,0,0,28700,29484,28592,16869,12713,10420,15000,10000,3000,12713,10420,12532,0
16234,200000,2,1,2,34,0,0,0,0,0,0,129554,116490,119279,121782,125427,140460,5600,6000,4300,5500,17000,5300,0
16235,210000,2,1,1,40,1,0,0,0,0,0,0,0,0,4351,0,6200,0,0,4351,0,6200,5276,0
16236,70000,2,2,1,41,2,3,3,3,3,2,50460,52331,53896,54426,52956,54459,3000,3000,2000,0,2500,2200,1
16237,50000,2,2,1,43,2,2,2,0,0,0,49072,50559,49060,44908,29969,30230,4000,0,2000,1039,1100,1100,0
16238,20000,2,2,2,45,2,0,0,0,0,2,13696,15156,16183,16893,18200,17769,2000,1574,1284,1591,0,644,1
16239,80000,2,2,1,35,0,0,0,0,0,0,390,0,1151,10312,12238,8279,0,1151,10312,12238,5000,3000,0
16240,200000,2,3,1,37,0,0,0,0,0,0,10701,4251,5144,6807,51013,54416,4251,5144,2000,44406,54725,3000,0
16241,210000,2,1,1,38,0,0,0,0,0,0,29504,0,0,0,1742,0,0,0,0,1742,0,22854,0
16242,210000,2,3,1,35,0,0,0,0,0,0,79662,25442,26823,32032,37457,43814,3000,1791,6000,6000,7000,5000,0
16243,360000,2,1,3,35,0,0,0,0,0,0,3555,2570,0,0,0,6920,2570,0,0,0,6920,0,0
16244,80000,2,2,2,56,0,0,2,0,0,2,57730,64934,63325,67711,71984,73672,8198,0,5487,5429,3000,2621,1
16245,50000,2,3,1,43,0,0,0,0,0,0,3238,4672,2865,3878,4809,5726,1500,1056,1069,1000,1000,255,0
16246,20000,2,2,2,40,0,0,0,0,0,0,3135,2643,2454,2250,2296,4315,2000,2296,2296,2342,4315,2796,0
16247,40000,2,2,1,38,0,0,3,2,2,2,35183,39197,39477,39924,39004,41462,4600,1200,1400,0,3069,0,1
16248,50000,2,2,1,38,2,0,0,2,2,2,29989,31184,33850,34495,35129,35918,2000,3500,1500,1500,1500,1500,1
16249,170000,2,2,1,45,0,0,0,0,2,2,133341,133715,130591,138404,138733,137642,6804,6883,11600,5020,1200,4000,0
16250,310000,2,1,1,37,0,0,0,0,0,0,123,123,0,123,0,0,123,0,123,0,0,0,0
16251,50000,2,2,1,24,0,0,2,0,0,2,46108,49330,48263,49780,56396,55479,4000,0,2384,8000,0,1852,0
16252,30000,2,1,2,25,0,0,3,2,2,2,24709,28970,28233,27481,29484,30157,5000,0,0,2471,1300,4800,0
16253,200000,2,2,1,45,0,0,0,0,0,0,144249,144423,139978,126213,93788,94875,6097,8039,5112,5000,5008,4019,0
16254,260000,2,2,1,38,0,0,0,0,0,0,191160,194522,190339,186688,177785,165789,8357,7200,6500,6000,6000,6400,0
16255,80000,2,2,2,29,0,0,0,2,2,0,59520,60492,62160,64714,62420,62990,2753,3438,4400,0,2400,9974,1
16256,180000,2,2,2,27,1,0,0,0,0,0,0,0,0,0,0,0,0,0,0,0,0,0,0
16257,130000,2,1,2,28,0,0,0,0,0,0,2936,1688,5890,1113,1283,3000,2464,5890,1113,1283,3000,883,0
16258,190000,2,1,1,30,0,0,2,0,0,0,176699,188703,184403,90887,90097,90295,15000,3000,4100,3200,3264,3248,1
16259,110000,2,2,1,33,0,0,0,2,2,2,105440,105852,111966,106068,109293,105804,5300,11000,0,8077,0,3947,0
16260,60000,2,2,1,40,2,2,2,2,0,0,42922,45617,46549,32902,30677,31318,3700,2000,0,1059,1096,1114,1
16261,40000,2,3,1,49,1,2,2,2,0,0,35771,34896,39322,38319,39531,40224,0,5000,0,2000,1400,2000,0
16262,80000,2,2,1,32,0,0,0,0,0,0,1880,1261,1650,3176,3379,1807,1261,1650,3176,3379,1807,2241,0
16263,100000,2,5,2,33,0,0,0,0,0,0,42622,46884,51103,52251,53480,54467,5000,5000,2000,2100,2000,5001,0
16264,400000,2,2,1,34,0,0,0,0,0,0,95390,95654,97702,98972,101154,102371,2988,3780,3000,3004,2988,2827,0
16265,70000,2,2,1,40,1,2,2,0,0,0,56922,60047,56884,57717,26342,26342,5500,0,2723,1062,936,943,1
16266,500000,2,2,1,49,0,0,0,0,0,0,3645,2744,1000,16639,7081,0,2744,1005,16639,142,0,10220,0
16267,190000,2,3,2,46,0,0,0,0,0,0,124245,126722,129376,132016,134632,137470,4536,4696,4791,4811,5000,5033,0
16268,200000,2,2,2,35,0,0,0,0,0,0,4585,5859,7763,8525,6843,2865,1500,2000,1000,518,1000,296,0
16269,210000,2,2,1,42,0,0,0,0,0,0,109919,92271,79445,27278,32509,41225,11488,10000,11990,17990,15000,15000,0
16270,340000,2,2,2,47,0,0,0,0,0,0,196112,183453,167592,162628,142779,139548,6446,6207,5758,4853,4940,4600,0
16271,180000,2,1,2,38,0,0,0,0,0,0,16056,179490,180360,177460,140738,141830,180040,8200,9607,5103,5237,5000,0
16272,110000,2,2,2,28,0,0,0,0,0,0,10048,8311,3404,407,1250,88628,2000,3000,410,1250,89035,3491,0
16273,80000,2,3,2,42,0,0,0,2,0,0,11460,455,10843,9011,7560,7686,455,10843,0,22,7709,9398,0
16274,30000,2,3,1,31,0,0,0,0,0,0,9388,10387,10624,11539,11771,9075,1162,1229,1144,376,329,345,0
16275,200000,2,1,2,31,0,2,0,2,0,0,2905,1258,1863,390,390,390,0,2253,0,390,390,390,0
16276,80000,2,2,1,31,0,0,0,0,0,0,51346,52955,54063,54608,55695,56786,3000,2500,2000,2500,2500,2500,0
16277,300000,2,1,2,31,0,0,0,0,0,0,34515,60700,33843,5045,10288,12565,30000,5000,5045,10288,5000,5000,1
16278,280000,2,1,2,32,0,0,0,0,0,0,215052,191094,195204,199091,201581,206054,7000,7200,8800,7300,7700,16000,0
16279,110000,2,2,2,32,1,0,0,0,0,0,-296,1733,-153,6540,632,316,2345,0,7009,632,0,36049,0
16280,130000,2,2,2,33,0,0,0,0,0,0,108984,106533,104394,103798,82816,78727,3775,3988,6000,3784,3010,3200,0
16281,500000,2,4,1,32,0,0,0,0,0,0,33647,482,9034,64346,5988,16890,486,9041,64988,6000,16899,14028,0
16282,150000,2,2,1,32,1,0,0,0,0,0,0,0,0,0,0,0,0,0,0,0,0,0,0
16283,450000,2,2,2,36,0,0,0,0,0,0,12050,13500,6350,11670,1530,1232,13551,6364,11728,1532,1234,201,0
16284,230000,2,2,1,34,0,0,0,0,0,0,167299,165568,140467,133479,122948,125519,8448,5785,5400,4397,4548,4670,0
16285,80000,2,2,2,34,2,2,3,2,0,0,74860,84054,82194,78715,26681,0,11074,3,5,1075,0,0,0
16286,260000,2,1,1,34,0,0,2,0,0,0,199,598,400,199,1117,922,599,2,200,1118,5,459,0
16287,150000,2,2,1,34,2,2,2,2,0,0,140711,147833,148066,142163,135075,135309,12416,6130,27,4610,5000,5000,0
16288,50000,2,2,1,35,0,0,0,0,0,0,23280,0,0,0,0,0,0,0,0,0,0,0,0
16289,30000,2,3,1,35,0,0,0,0,0,0,27785,28786,26496,25098,26209,25325,1800,1500,1450,1500,1500,1500,1
16290,100000,2,3,1,41,1,2,2,2,0,0,102250,97551,101882,98311,97546,101281,0,8900,0,3500,7570,0,1
16291,190000,2,2,1,43,1,2,0,0,0,0,189697,185105,184180,156969,157856,158451,0,9021,6000,5489,5670,6000,1
16292,130000,2,2,1,34,0,0,0,0,0,0,9383,9380,7350,3488,3991,3077,1317,1268,1010,4003,3086,2406,0
16293,30000,2,2,1,38,0,0,0,0,0,0,24380,15525,0,0,0,0,1600,0,0,0,0,292,1
16294,30000,2,2,2,38,0,0,0,0,0,0,29632,30239,30526,29219,30012,28422,1492,1661,1238,1031,1083,0,0
16295,110000,2,1,1,44,0,0,2,2,2,2,87418,93862,91505,98566,99700,97833,7900,0,8600,3800,0,3700,1
16296,120000,2,3,1,39,0,0,0,0,2,2,116983,117616,74853,78692,78456,76140,5750,4000,6300,3000,0,3700,0
16297,30000,2,3,1,41,0,0,2,0,0,0,30518,34984,30321,23610,20614,18873,5002,7,1511,5005,5183,5108,0
16298,30000,2,3,1,36,2,0,0,0,0,0,7109,7963,9152,10282,10180,10394,1132,1321,1451,349,362,343,1
16299,30000,2,2,2,42,0,0,0,0,0,0,26504,28056,27987,1812,0,0,2000,2000,2000,0,0,0,0
16300,10000,2,3,2,45,1,2,3,2,0,0,6925,10273,9964,9327,9512,9200,3647,0,0,332,333,564,1
16301,400000,2,2,1,32,0,0,0,0,0,0,183339,179701,179979,89317,59413,65890,10016,7473,6151,2000,7015,45,0
16302,20000,2,3,3,32,0,0,0,0,0,0,19446,20650,0,0,0,1000,2000,0,0,0,1000,0,0
16303,20000,2,2,1,36,2,0,0,0,0,0,18720,18932,19543,20002,19314,19320,1610,1374,1215,596,609,717,1
16304,500000,2,1,2,33,0,0,0,0,0,0,30267,14773,18129,18934,21687,16438,14773,18129,18941,16687,16438,415,0
16305,30000,2,2,1,33,4,3,2,0,0,2,31087,29545,26270,24966,23834,20859,0,0,2000,2000,0,1200,1
16306,50000,2,2,1,33,1,2,0,0,0,0,7642,3273,4166,0,0,0,0,1000,0,0,0,0,1
16307,30000,2,2,2,33,0,0,0,0,0,0,30336,29965,28048,29775,27736,26956,3005,2000,3000,3000,2000,2000,0
16308,30000,2,2,2,33,2,0,0,0,0,0,17011,15720,18443,7138,7638,5884,2000,3000,1000,500,5884,0,1
16309,110000,2,2,2,33,0,0,0,0,0,0,36075,39442,41240,42380,380,96736,4000,2760,3000,380,96736,3600,0
16310,100000,2,2,1,34,3,2,2,2,2,2,39192,39951,39030,43381,43771,44626,1700,0,5000,1400,1700,300,0
16311,200000,2,2,1,36,0,0,0,0,0,0,175000,184057,189643,115046,24895,35410,12000,9427,5934,13000,11000,1320,0
16312,110000,2,3,1,40,0,0,0,0,0,0,41629,42626,45666,84725,49757,46196,1688,3728,1726,1608,2169,1698,0
16313,140000,2,2,2,38,0,0,0,0,0,0,139001,141453,132415,130305,79775,74462,4826,8000,3100,3000,5417,0,0
16314,70000,2,2,3,45,0,0,0,0,0,0,70820,66163,67605,68855,70377,67818,2500,2507,2428,2594,2602,2500,0
16315,130000,2,3,2,37,0,0,0,0,0,0,31280,32582,33328,34310,35059,44458,1813,1559,1541,1290,10000,1958,0
16316,30000,2,2,1,45,0,0,2,2,0,0,390,780,780,0,0,0,780,0,0,0,0,0,0
16317,160000,2,3,1,36,0,0,0,0,2,2,92816,87606,82218,79438,72451,39831,5000,10000,5018,127,10015,69,0
16318,50000,2,5,2,36,0,0,0,0,0,0,46277,42207,20361,17527,17318,17738,2058,1265,5000,700,700,800,0
16319,80000,2,2,1,36,1,0,0,0,0,0,4749,6108,2861,3277,3319,1150,6120,2861,3279,3319,1150,1150,0
16320,50000,2,3,1,44,0,0,2,0,0,0,46989,51036,48353,47264,29325,31100,5177,22,2154,1200,3450,0,0
16321,50000,2,3,1,40,0,0,0,0,0,0,31297,30175,30140,29724,30316,29269,1476,1517,1451,1043,1048,1429,0
16322,180000,2,2,2,44,0,0,0,0,2,0,3481,757,9877,4383,3482,4479,761,9962,3485,2,4479,5392,0
16323,130000,2,2,1,42,1,0,0,0,0,0,0,0,441,305,0,0,0,441,305,0,0,0,1
16324,420000,2,1,1,47,1,0,0,0,0,0,0,14165,53697,50081,44875,42691,14165,55732,1563,1594,1454,1535,0
16325,140000,2,2,1,44,0,0,0,0,0,0,110575,0,0,0,0,0,0,0,0,0,0,0,1
16326,20000,2,2,1,42,0,0,0,3,2,2,12029,13045,16024,15420,13929,11307,1224,3203,0,1000,0,2000,0
16327,200000,2,2,3,40,0,0,0,0,0,0,118728,110699,61827,35902,326,1446,4895,3927,35955,0,5826,4706,1
16328,180000,2,1,1,49,0,0,0,0,0,0,0,0,0,0,0,0,0,0,0,0,0,0,0
16329,120000,2,3,1,37,0,0,0,2,0,0,19821,20836,23562,22890,23189,23521,1651,3377,0,976,855,1011,0
16330,210000,2,2,1,43,0,0,0,0,0,0,190693,169931,173389,154440,155592,116249,7000,7000,10005,6193,4231,5000,0
16331,30000,2,2,1,45,1,2,2,2,2,2,23155,22490,26789,26065,27408,26831,0,5000,0,2084,0,2305,1
16332,80000,2,2,2,43,0,0,0,0,0,0,72987,72055,70730,68487,57304,41345,2561,2745,2100,1684,4000,3000,0
16333,110000,2,2,1,35,0,0,0,0,0,2,85958,83389,83734,82532,81032,79835,2968,4088,3677,5400,0,3618,0
16334,60000,2,2,1,36,0,0,0,0,0,0,60299,44659,44291,41241,29534,29297,2000,3042,1433,1012,1029,1074,1
16335,60000,2,2,1,36,0,0,0,0,0,0,59945,57262,27275,22095,14293,12217,1805,5816,1000,5000,12217,8000,0
16336,140000,2,1,2,37,1,0,0,0,0,0,-18,-18,-18,-18,-18,-18,0,0,0,0,0,0,0
16337,60000,2,2,1,35,0,0,0,0,0,0,57267,57225,47343,29164,27829,27574,3023,2245,2005,2000,1088,3000,0
16338,500000,2,1,2,39,0,0,0,0,0,0,51,-8,-8,10362,21905,23717,0,0,10370,15000,10000,4311,1
16339,420000,2,2,1,41,0,0,0,0,0,0,373978,389754,366938,361024,354813,344221,33808,14996,13209,12890,11081,16298,1
16340,30000,2,2,1,43,2,2,2,2,2,2,15780,15246,17838,17272,18131,17711,0,3141,0,1434,0,1581,1
16341,170000,2,3,1,38,0,0,0,0,0,0,4202,5146,6494,1264,948,632,1336,2000,1264,0,0,0,0
16342,200000,2,1,1,49,0,0,0,0,0,0,1248,0,94,1712,9549,1060,0,94,1712,9549,1060,0,0
16343,160000,2,1,1,45,0,0,0,0,0,0,108799,110963,114975,115923,107621,110006,3972,5800,4431,3854,4121,4603,0
16344,200000,2,1,1,35,1,2,0,0,0,0,205002,195441,192803,304997,188504,189527,41,8597,8583,6880,7235,6839,1
16345,20000,2,2,1,43,0,0,0,0,0,2,19295,19639,18541,19059,19757,19913,1295,1309,1602,1300,600,400,0
16346,190000,2,4,2,39,0,0,0,0,0,0,109023,99265,78430,77653,78395,70849,4000,3507,3003,3003,3510,3500,0
16347,70000,2,1,1,45,1,2,0,2,0,0,6369,390,3060,780,2079,0,0,3450,0,2079,0,0,1
16348,220000,2,2,2,33,2,2,2,2,0,0,153664,156646,158994,154506,126399,129357,7000,6300,0,5000,5000,5000,0
16349,500000,2,1,2,34,0,0,0,0,0,0,11765,6599,11421,-83,49699,3821,6648,11986,0,49947,3840,11939,0
16350,210000,2,1,2,37,0,0,0,0,0,0,349,10128,19631,23906,373,3073,10152,19631,23906,0,3073,7418,1
16351,50000,2,2,1,31,2,0,0,2,0,0,43979,44970,48101,46993,47940,50903,1724,3855,0,1694,3713,2000,0
16352,160000,2,5,1,38,0,0,0,0,0,0,141282,144433,152067,155527,157886,156241,5500,10000,6000,6100,6100,6000,0
16353,20000,2,1,2,39,0,0,0,0,0,0,16690,17696,18878,19308,19498,0,1588,1770,1200,390,0,44334,1
16354,70000,2,2,1,37,0,0,0,0,2,2,68886,60353,32488,35377,30159,29177,2850,1919,5154,1184,0,1213,1
16355,220000,2,1,1,40,0,0,0,0,0,0,63386,64165,61655,61855,64966,66942,8000,3000,3000,5000,3000,3000,0
16356,200000,2,2,1,48,0,0,0,0,0,0,1002,0,490,902,0,0,0,490,902,0,0,0,0
16357,130000,2,3,1,44,0,0,0,0,0,0,129329,123615,107284,54656,22534,8754,4505,3577,1231,2534,5012,2531,0
16358,30000,2,2,2,34,1,2,2,0,0,0,16935,17855,17280,18594,18806,19045,1500,0,1606,818,690,695,0
16359,260000,2,1,1,45,1,0,0,0,0,0,4856,1853,108,0,134,4950,1853,108,0,134,4950,500,0
16360,230000,2,3,1,32,1,2,0,0,0,0,167419,16968,7226,1469,690,388,76,3742,1546,0,388,910,0
16361,240000,2,1,2,33,0,0,0,0,0,0,0,0,0,0,0,0,0,0,0,0,0,0,0
16362,260000,2,1,1,32,0,0,0,0,0,0,2378,4884,329,2464,2673,12354,4884,329,2465,2673,12354,9583,0
16363,360000,2,2,1,33,1,0,2,2,0,0,-10,2635,590,-9,-9,-9,2645,2,0,0,0,0,0
16364,260000,2,1,1,36,0,0,0,0,0,0,416,416,416,3541,416,416,416,416,3541,416,416,1644,0
16365,230000,2,2,1,34,0,0,0,0,0,0,3128,10998,1509,1390,1072,849,10998,1509,1390,0,849,3720,0
16366,300000,2,1,2,35,0,0,0,0,0,0,103,344,891,889,889,739,344,891,889,889,739,1807,0
16367,140000,2,1,1,45,0,0,0,0,0,0,2300,483,487,1011,524,1037,483,487,1011,0,1000,974,0
16368,380000,2,3,1,38,0,0,0,0,0,0,379080,374137,371624,362191,322148,309689,13501,14152,12270,11031,10207,10910,1
16369,190000,2,1,2,31,0,0,0,0,0,0,150183,129603,131661,137765,123616,125841,7000,7000,8500,5000,6000,5000,0
16370,500000,2,1,2,31,0,0,0,0,0,0,67475,72191,64130,45766,45324,55011,6000,2332,1219,5000,54000,110000,0
16371,200000,2,1,1,39,0,0,0,0,0,0,14510,7922,0,0,506,4408,7922,0,0,506,4408,0,0
16372,310000,2,2,1,37,0,0,0,0,0,0,30691,27595,29616,29598,27589,28985,7595,5616,9598,5589,5985,9382,0
16373,30000,2,3,1,49,0,0,0,0,0,0,24885,25886,26901,27907,28469,29058,1215,1230,1236,798,822,1079,0
16374,280000,2,2,1,49,0,0,0,0,0,0,66749,67942,67908,63990,64050,64486,3001,2382,67867,2420,2338,2326,0
16375,80000,2,1,1,42,2,2,2,2,2,2,18378,19377,20471,20638,21003,20529,1600,1700,800,1000,0,2000,1
16376,150000,2,2,1,35,2,2,2,0,0,0,1846,5466,3660,2415,5033,803,3672,0,2415,5033,803,2531,1
16377,30000,2,2,1,48,2,2,3,2,2,2,10509,12727,12240,11747,12651,12305,2700,0,0,1100,0,1100,1
16378,170000,2,1,1,41,0,0,0,0,0,0,118379,120087,121958,123629,123605,123794,4294,4428,4326,4154,4345,9098,0
16379,110000,2,1,1,42,0,0,0,0,0,0,47021,48235,49455,51132,52183,53192,2000,2000,2500,2500,2000,3000,0
16380,30000,2,3,1,46,1,2,2,2,2,2,29201,30406,31295,29929,27744,28117,2000,1700,954,0,2253,1106,1
16381,90000,2,1,2,33,0,0,0,2,2,2,33035,34178,36133,38240,37325,39725,2000,2500,3000,0,3000,2000,1
16382,50000,2,2,2,40,0,0,0,0,0,0,50531,50446,48763,35038,27839,27872,2504,1815,2389,3003,2800,2504,1
16383,120000,2,1,1,36,0,2,2,0,0,0,536,210,-116,-442,732,406,0,0,0,1500,0,0,1
16384,20000,2,3,2,46,1,2,0,0,0,0,18505,17898,18067,18917,18717,17144,0,1800,1600,400,0,0,0
16385,220000,2,1,1,42,0,0,0,0,0,0,316,316,396,316,32816,316,316,396,316,32816,316,316,0
16386,230000,2,2,1,42,0,0,0,0,0,0,390,390,390,390,1240,4234,390,390,390,1240,4234,2970,0
16387,160000,2,1,2,29,0,0,2,0,0,0,1116,2599,1302,1852,736,3542,2599,0,1852,0,3542,0,1
16388,450000,2,2,1,38,0,0,0,0,0,0,87836,92361,96013,34079,35629,59829,6000,6000,10000,15000,35000,115000,0
16389,390000,2,1,1,46,0,0,0,0,0,0,6570,2287,0,18692,10418,8590,2287,0,18692,1000,172,4801,0
16390,90000,2,2,2,29,1,2,2,2,0,0,34954,34093,37539,36641,37061,38011,0,4000,0,1326,1547,3000,0
16391,60000,2,2,1,33,0,0,0,0,0,0,56038,54660,49907,44057,27510,28086,1911,1879,1500,1000,1019,1500,1
16392,180000,2,2,1,34,0,0,0,0,0,0,3359,4060,-200,2000,0,19726,4060,0,2200,0,19726,0,1
16393,80000,2,3,1,40,0,0,0,0,0,0,7111,12774,16817,15274,20043,13318,6500,5000,4025,8000,5000,2000,0
16394,180000,2,2,2,43,0,0,0,0,0,0,543,-535,2145,12532,655,390,0,3212,12532,655,157,2063,0
16395,320000,2,2,1,46,0,0,0,0,0,0,545,5590,8477,18428,119,9416,5590,8489,18443,0,9416,2328,0
16396,320000,2,1,2,36,0,0,0,0,0,0,29026,28179,28695,19370,10155,3788,5000,5018,1000,3000,0,7013,0
16397,100000,2,2,1,39,2,0,0,0,0,0,95893,97040,65668,66046,66779,45833,3552,2617,2098,1916,1707,1732,0
16398,20000,2,3,1,42,0,0,0,0,0,0,18650,15456,16504,17496,18219,18783,1300,1300,1280,1000,1000,1107,0
16399,140000,2,3,2,34,0,0,0,0,0,0,316,0,2549,151,0,574,0,2549,151,0,574,918,0
16400,100000,2,3,2,39,0,0,0,0,0,0,1130,600,0,660,2030,3170,600,0,660,2030,3170,1152,0
16401,10000,2,3,2,44,2,2,2,2,2,2,10422,9775,10964,11153,10762,10126,0,2500,1000,400,0,672,1
16402,30000,2,2,1,36,0,0,0,2,0,0,23309,24610,26404,27149,27634,28215,2000,2500,1500,1200,1142,1600,0
16403,50000,2,3,1,39,0,0,0,0,0,0,38506,36749,32159,25145,17331,17901,2008,3000,2000,1000,1000,1000,0
16404,20000,2,2,1,44,0,0,0,0,2,0,12346,13615,13674,27524,13490,15261,1500,2000,2500,500,2000,5000,0
16405,200000,2,2,2,31,1,0,0,0,0,0,0,0,500,0,0,0,0,500,0,0,0,0,0
16406,320000,2,2,1,32,0,0,0,0,0,0,44312,23132,-2793,-2793,20381,25198,3000,23,0,23381,5000,5000,1
16407,360000,2,2,2,37,0,0,0,0,0,0,1066,0,878,1142,926,1401,0,878,1142,926,1401,938,1
16408,200000,2,1,1,33,1,0,0,0,0,0,0,0,0,0,0,0,0,0,0,0,0,1562,0
16409,140000,2,3,1,34,0,0,0,0,0,0,138375,138796,142280,142002,89035,94006,5000,8000,6314,3200,6400,2100,0
16410,420000,2,1,2,31,0,0,0,0,0,0,127901,95981,65979,36614,208821,209508,3900,5000,5000,208821,9508,32258,0
16411,150000,2,1,2,36,0,0,2,0,0,0,20755,25019,24335,24908,15339,0,4938,0,1200,507,0,0,0
16412,200000,2,2,2,38,0,0,0,0,0,0,14956,9023,4963,5418,5131,5741,5000,1155,1000,103,1000,109,0
16413,230000,2,2,1,42,0,0,0,0,0,0,3210,0,0,0,0,0,0,0,0,0,0,0,0
16414,30000,2,2,1,38,0,0,0,0,0,2,18971,20344,21705,22537,24161,25128,2000,2000,1500,2000,1500,0,0
16415,30000,2,2,1,41,0,0,0,0,0,0,39745,27393,26948,27379,22767,4721,1522,1800,1222,1500,1000,0,0
16416,50000,2,1,2,36,1,2,2,2,2,2,18992,19881,20767,20136,21802,21315,1500,1500,0,2000,0,1000,0
16417,410000,2,1,1,44,0,0,0,0,0,0,-1,1733,-2506,-2506,-2506,-2506,1734,2506,0,0,0,0,0
16418,280000,2,2,2,43,0,0,0,0,0,0,273535,280598,141996,131471,134963,139471,12000,7300,5000,6000,7000,6000,0
16419,200000,2,2,1,46,0,0,0,0,0,0,47403,37835,30212,26302,20465,12460,1550,1503,5000,3000,1000,5000,0
16420,270000,2,1,1,45,0,0,0,0,0,0,1526,0,0,0,0,0,0,0,0,0,0,0,0
16421,320000,2,1,2,32,0,0,0,0,0,0,20488,18607,41195,89714,64646,6103,18615,42067,30014,39515,6110,11611,0
16422,60000,2,2,1,32,0,0,0,0,0,0,57199,57417,35875,36695,36837,37307,2491,1669,1805,1263,1439,1408,0
16423,130000,2,2,1,35,0,0,0,0,0,0,125989,127884,128231,127677,125675,127318,6500,6500,6201,5000,5500,5100,0
16424,30000,2,3,1,54,0,0,0,0,2,0,24285,25379,26964,29307,28537,30378,1500,2000,2800,0,2300,2500,1
16425,200000,2,3,1,50,0,0,0,0,0,0,162296,169288,168430,100175,95267,87086,13000,6900,4200,3000,3200,6000,0
16426,170000,2,2,1,51,0,0,0,0,0,0,3022,2742,4592,3798,8717,4362,2751,4592,3798,8774,4362,12114,0
16427,80000,2,5,1,50,2,0,0,0,0,0,115027,118188,117725,118100,60745,54509,6000,5500,4356,3000,2100,5000,0
16428,500000,2,1,2,50,0,0,0,0,0,0,0,0,0,0,0,706,0,0,0,0,706,18115,0
16429,50000,2,3,1,47,0,0,0,0,0,0,1091,390,1554,390,780,390,390,1554,390,780,0,390,0
16430,90000,2,2,1,50,0,0,0,0,0,2,72840,0,13009,17405,20115,19655,0,13009,4627,3000,0,3000,0
16431,350000,2,5,1,50,0,0,0,0,0,0,136293,139215,142695,98404,100367,102465,4846,5577,3488,3417,3536,3707,0
16432,110000,2,3,2,52,2,2,2,0,0,0,32085,34601,31304,29291,26415,23170,3393,0,1600,1000,1000,1360,0
16433,120000,2,3,2,50,2,0,0,0,0,0,149301,149540,118675,120047,100637,79613,3000,125000,4065,4000,3000,3000,1
16434,30000,2,3,1,55,0,0,0,0,0,0,10682,11399,12421,13507,13782,14159,1200,1214,1300,500,600,2900,1
16435,30000,2,2,1,53,0,0,0,0,0,2,14495,15447,16390,17717,19420,18970,1500,1500,1600,2000,0,1500,1
16436,250000,2,1,1,51,0,0,0,0,0,0,6811,0,0,0,0,0,0,0,0,0,0,0,0
16437,50000,2,3,1,52,0,0,0,0,0,2,22377,23380,24488,25775,1080,540,1380,1488,1775,1080,0,540,0
16438,160000,2,3,1,53,0,0,0,0,0,0,95907,108036,110538,130873,134524,135264,15325,5731,24677,5753,5325,6000,0
16439,140000,2,2,1,49,0,0,0,0,0,0,8280,3147,2421,5021,2646,6117,3147,2000,5021,2646,5541,0,1
16440,80000,2,3,1,51,1,2,0,0,0,0,52275,50838,51901,52959,54012,55147,0,1883,1920,1931,2003,2046,1
16441,10000,2,3,2,53,0,0,2,0,0,0,1473,2095,622,149,-1324,-797,2095,0,1000,0,2000,0,1
16442,300000,2,5,1,50,0,2,0,0,0,0,528,264,264,264,517,528,0,264,264,517,11,264,0
16443,90000,2,2,1,50,0,0,0,2,0,0,43439,44512,47677,46615,47537,48616,2100,4200,0,2000,2000,2000,0
16444,20000,2,2,2,51,0,0,0,0,0,0,0,0,0,0,0,0,0,0,0,0,0,930,0
16445,30000,2,2,1,53,0,0,0,0,0,0,25627,26891,28151,28827,29412,26199,2000,2000,1500,1000,1000,1351,0
16446,80000,2,3,2,50,0,0,0,0,0,0,46239,46914,47918,47620,48571,48525,1754,2210,1700,1614,1600,1600,0
16447,20000,2,1,2,54,0,0,0,4,3,2,14034,15296,20035,19435,18835,18395,1500,5000,0,0,0,3000,1
16448,20000,2,3,1,55,0,0,0,0,0,0,3580,4751,5813,7052,7779,8495,1238,1300,1500,1000,1000,2500,0
16449,50000,2,2,1,53,0,0,0,0,0,0,36997,36927,34929,31874,28993,29409,1607,2010,1505,1001,2007,2007,1
16450,120000,2,1,1,60,0,0,0,0,0,0,3956,0,2216,2550,9246,8307,0,2216,2557,9246,8307,10000,0
16451,30000,2,2,1,47,0,0,0,0,0,0,30567,58722,30077,29841,20075,12250,3778,1900,1019,26,1131,1209,0
16452,30000,2,2,1,56,2,2,2,2,2,2,14909,15565,16620,16056,17386,16968,1200,1600,0,1600,0,700,1
16453,80000,2,3,1,55,0,0,0,0,0,0,46777,44628,43943,42913,43217,41662,5024,5014,5016,5017,5011,5014,0
16454,50000,2,2,1,55,0,0,0,2,2,0,21371,22389,25327,25668,24959,25506,1376,3314,1050,0,1100,950,0
16455,80000,2,2,1,56,3,2,2,2,2,2,63995,65347,66705,68506,69787,68844,3000,3000,3500,3000,300,5100,1
16456,100000,2,2,1,52,2,2,2,2,0,0,94935,98462,100978,96606,92062,90228,6018,5000,0,6040,4000,15000,0
16457,30000,2,3,1,62,0,0,0,0,0,0,18563,19647,20725,21774,22114,22607,1700,1700,1700,1000,1000,2000,1
16458,130000,2,1,2,51,0,0,0,0,0,0,73903,74661,75593,78110,81793,86452,6000,5002,6000,5000,6000,4000,0
16459,20000,2,3,1,54,1,2,2,2,0,0,7189,6925,8402,9111,9802,10508,0,1600,1000,1000,866,0,0
16460,80000,2,2,1,57,2,2,0,0,0,0,82150,0,0,0,0,0,0,0,0,0,0,0,1
16461,100000,2,1,1,51,0,0,0,0,0,0,94247,87079,89076,91143,77655,78518,3200,3400,3700,2800,2900,3100,0
16462,20000,2,3,2,50,2,0,0,0,2,2,11545,12945,13972,15730,15183,16182,1600,1542,2300,0,1400,800,1
16463,120000,2,2,1,51,0,0,0,0,0,0,138313,134057,130935,124458,78671,8730,5000,6000,3000,3000,2000,73000,0
16464,50000,2,2,2,53,2,2,2,0,0,2,3914,7419,7156,8492,9515,9287,3591,0,1500,1100,0,300,1
16465,80000,2,3,1,59,0,0,0,0,0,0,75662,70073,53169,50875,50372,49470,3212,2106,2000,1603,1903,2006,0
16466,90000,2,3,1,54,0,0,0,0,0,0,18131,18219,36190,17754,11104,11234,2301,1354,2906,370,381,376,0
16467,60000,2,3,2,47,0,0,0,0,0,0,50469,43093,37137,26015,18840,19183,3329,3429,2015,2000,2004,1000,0
16468,100000,2,3,1,50,0,0,0,2,2,2,27666,28677,31516,30701,32392,32645,1473,3312,0,2578,1294,0,1
16469,50000,2,2,1,50,0,0,0,0,0,0,51212,50658,48999,49388,48853,47765,2070,2357,1746,1628,1520,2202,0
16470,30000,2,3,1,53,2,2,2,2,2,2,17585,18598,19379,19762,20141,19680,1600,1379,1000,1000,0,1700,1
16471,240000,2,1,1,58,0,0,0,0,0,0,7217,8204,3001,6861,4681,2729,8210,3001,6866,4681,2729,3138,0
16472,200000,2,1,1,47,0,0,0,0,0,0,101986,97680,94125,89550,98565,54370,4000,3455,5000,10000,2500,2231,0
16473,130000,2,3,2,50,0,0,0,0,0,0,390,52180,206,3265,5661,7026,107767,206,3265,3000,2000,2000,0
16474,110000,2,3,1,50,0,0,0,2,2,0,101084,103476,111998,112290,106721,107636,4700,11500,3925,0,5000,4100,0
16475,50000,2,2,1,51,0,0,0,2,0,0,40268,27913,22733,15100,7080,8049,2000,3334,27,300,1092,400,0
16476,20000,2,3,1,56,0,0,2,2,3,4,6949,8823,10523,12043,13542,14728,2000,2000,2000,2000,2000,2000,1
16477,50000,2,3,1,69,0,0,0,0,0,0,12196,13985,15750,17434,19220,17822,2000,2000,2000,2000,605,1000,0
16478,80000,2,2,1,54,2,2,2,2,2,2,48298,49402,50416,51293,50170,53391,2200,2100,2000,0,4200,2100,1
16479,20000,2,3,1,52,2,0,0,0,0,0,18049,14361,15425,16460,17380,17650,1536,1600,1600,1500,700,2900,1
16480,20000,2,3,1,56,1,2,0,0,2,2,11276,10803,11528,13524,13508,13149,0,1204,2200,500,0,700,1
16481,30000,2,3,1,53,0,0,2,0,0,2,12466,15333,14802,15523,18470,18834,3086,0,1276,3223,805,0,1
16482,240000,2,4,1,59,0,0,0,0,0,0,233918,235404,236564,241075,146440,132290,8357,10001,10000,10000,5000,20000,0
16483,50000,2,3,2,56,1,0,0,0,0,0,0,0,0,0,562,736,0,0,0,562,736,1269,1
16484,80000,2,3,2,53,0,0,0,0,0,0,2315,1990,801,1030,2030,763,1400,801,1030,1000,0,0,0
16485,180000,2,1,2,56,0,0,0,0,0,0,0,0,1829,-200,0,4208,0,1829,998,200,4208,0,1
16486,240000,2,3,1,55,0,0,0,0,0,0,216170,218809,226013,229014,178852,182547,8000,11000,9000,7000,7000,7200,0
16487,120000,2,2,1,54,0,0,0,0,0,0,89197,87088,85280,83873,78945,80597,3072,3074,2887,2774,2871,3000,0
16488,20000,1,2,2,21,2,0,0,2,0,0,19820,19277,20997,20200,20000,0,2000,5000,0,0,0,0,1
16489,100000,1,2,2,33,0,0,3,2,0,0,35169,39581,38678,37453,38013,0,5328,0,0,760,0,0,0
16490,30000,1,2,2,22,3,2,2,3,3,3,1050,1050,1050,1050,1050,1050,0,0,0,0,0,0,1
16491,30000,1,2,2,23,0,0,2,2,2,0,19321,23985,23321,25809,24985,700,5320,0,3316,0,700,0,1
16492,50000,1,2,2,22,0,0,2,0,0,0,51083,50043,98450,48689,19773,19931,3500,1000,2000,900,900,1000,0
16493,100000,1,2,2,23,0,0,0,0,0,0,67873,49285,49992,35518,36426,37836,2000,1600,2000,1500,2000,2000,0
16494,80000,1,1,2,23,0,0,0,0,0,2,59976,60130,59744,44031,48089,44789,2926,2550,1848,6084,38,4,0
16495,60000,2,3,1,54,0,0,0,0,0,0,892,21674,31632,13264,948,18002,21690,32264,12948,0,17370,0,0
16496,120000,1,2,2,25,1,2,0,0,0,0,117160,92262,79889,66828,55511,21938,70,8000,2000,1346,3000,0,1
16497,20000,1,3,2,32,0,0,0,0,0,2,3448,4460,5326,6574,7417,2246,1230,1096,1344,1187,285,66,0
16498,20000,1,2,2,26,1,3,2,2,2,2,17077,17504,16940,19621,18646,19022,1000,0,3300,0,1200,700,0
16499,50000,1,1,2,26,0,0,0,0,0,2,46415,38226,31924,19682,19989,20452,1672,1699,1600,901,1500,7,0
16500,50000,1,2,2,23,0,0,0,0,0,0,2680,-1045,44316,45361,46135,46029,0,45361,1800,1503,1735,1724,0
16501,50000,1,2,1,24,0,0,0,0,0,0,15524,16558,17596,18589,18997,18705,1300,1310,1300,700,1000,800,1
16502,10000,1,2,2,23,0,0,0,0,0,0,10078,8886,8815,9600,0,0,1300,1300,1000,0,0,0,0
16503,20000,1,2,2,24,2,2,2,0,0,2,14195,15166,14638,15582,17809,17385,1500,0,1500,2500,0,1500,1
16504,30000,1,2,2,25,0,0,0,0,0,0,6122,7160,8185,9286,9483,9780,1300,1300,1400,500,600,600,0
16505,10000,1,3,2,25,0,0,0,0,0,0,8525,5141,5239,7911,17890,10000,1500,5000,4000,2000,22400,0,0
16506,10000,1,3,2,22,1,4,3,2,2,2,8357,8085,7817,7545,8268,7993,0,0,0,1000,0,750,1
16507,150000,1,2,2,23,2,0,0,0,0,0,17635,151686,147474,7474,8173,87500,135018,3000,120000,823,80000,3684,1
16508,80000,1,2,2,24,2,0,0,2,0,0,44507,46486,51876,48962,48614,49792,3000,6107,0,1675,1895,2117,1
16509,20000,1,2,2,24,0,0,0,0,0,0,3843,4110,4560,4567,4060,1035,1073,1258,1000,228,1035,0,0
16510,120000,1,1,2,24,2,0,0,0,0,0,1330,2103,2473,1162,0,3443,2103,1170,1162,0,3443,0,1
16511,40000,1,1,2,24,0,0,0,0,0,0,37412,38485,39575,39247,9687,33625,2000,20000,1359,600,33625,615,0
16512,20000,1,3,2,24,3,3,2,2,2,2,15846,16283,17325,17542,17756,18023,1000,1600,800,800,700,800,1
16513,100000,1,2,1,24,2,2,2,2,2,2,10618,13233,13427,13609,14683,15001,2800,700,700,1300,700,700,1
16514,160000,1,1,2,25,0,0,0,0,0,0,898,2686,170,1363,10484,12455,2000,0,1363,11422,12455,24262,0
16515,20000,1,1,2,24,1,2,2,4,3,2,17375,16799,21408,20779,20170,19721,0,4893,0,0,0,1000,1
16516,60000,1,2,2,24,1,2,3,2,0,0,58231,61671,59755,58194,38649,35361,5000,0,198,1500,1300,2000,1
16517,150000,1,2,2,27,0,0,0,0,0,0,84034,81537,78407,73688,56995,52887,5065,20028,3152,2025,5211,10061,0
16518,40000,1,2,2,24,4,3,2,3,2,2,38344,37433,38862,39125,39408,40925,0,2335,1200,1225,2300,1396,1
16519,30000,1,2,2,26,0,0,0,0,0,0,25531,26301,27376,28359,24844,25364,1500,1500,1450,889,920,992,0
16520,420000,1,2,2,26,1,2,2,0,0,0,390188,395881,382620,333210,324487,327615,14000,15,13175,11700,11900,12140,1
16521,20000,1,2,2,26,2,3,2,0,0,2,14962,14438,13921,15276,17019,18099,0,0,1900,3000,1500,0,0
16522,50000,1,2,2,25,2,2,0,0,0,0,44630,44802,40686,7710,0,0,1200,1200,1000,0,0,0,1
16523,20000,1,2,2,23,1,2,0,0,0,0,17845,17261,18976,19804,19204,18210,0,2000,1600,0,1150,2000,0
16524,20000,1,3,2,24,0,0,0,0,0,0,16973,17984,18748,19627,19624,19652,1600,1357,1236,623,653,673,0
16525,20000,1,2,1,28,0,0,0,2,2,3,15226,16658,19374,18766,20859,20247,2000,3300,0,2700,0,500,0
16526,300000,1,1,2,26,0,0,0,0,0,0,0,0,0,0,0,0,0,0,0,0,0,0,0
16527,30000,1,1,2,25,2,2,2,2,2,0,22422,24334,26087,26184,25563,26099,2600,2441,820,0,851,1678,0
16528,140000,1,1,2,27,0,0,0,0,0,0,29751,143701,138062,86738,43417,37398,143713,5554,3619,3002,1940,2921,0
16529,20000,1,2,1,27,0,0,0,0,0,0,20285,20256,20539,19725,19836,12559,1500,1800,1200,751,1000,0,0
16530,390000,1,1,2,27,0,0,0,0,0,0,372743,377692,337892,298729,243169,133977,20008,15057,10100,10000,10000,15000,0
16531,50000,1,2,2,27,0,0,0,0,0,0,39487,37777,36496,33512,29854,28144,1600,2000,6416,4406,1014,3006,0
16532,50000,1,2,2,26,0,0,0,0,0,0,6945,7185,3412,4158,6158,2133,2000,2000,1000,2000,2000,2000,0
16533,50000,1,2,1,26,0,0,0,0,0,0,48019,48992,49689,31368,9454,6020,2072,1769,1003,189,120,100,0
16534,320000,1,2,2,26,0,0,0,0,0,0,303703,308121,204879,143976,143142,145070,12167,8335,5113,5062,5221,5184,0
16535,280000,1,1,1,26,0,0,0,0,0,0,277815,285477,253365,221167,195058,189623,12596,11320,7608,6628,7004,6902,0
16536,50000,1,1,2,26,1,2,2,2,2,2,38160,40213,41167,41890,42605,41792,3000,1900,1700,1700,0,2500,1
16537,500000,1,2,2,26,0,0,0,0,0,0,126725,128206,129327,130136,127699,124623,6005,6005,6094,4161,5021,4350,0
16538,200000,1,1,2,28,0,0,0,0,0,0,2393,1726,1602,1040,3564,2031,1731,1606,1051,3574,2036,1703,0
16539,50000,1,1,2,28,1,0,0,0,0,0,0,0,0,0,0,0,0,0,0,0,0,0,0
16540,300000,1,2,2,27,0,0,0,0,0,0,-158,-158,-158,-158,142,92,0,0,0,300,100,100,0
16541,30000,1,2,2,27,1,2,0,0,2,2,22284,21637,22981,24996,24309,26980,0,1682,2697,0,3219,0,0
16542,50000,1,2,2,27,2,2,0,0,0,0,49079,47992,48502,49170,49891,50570,0,1842,1770,1751,3894,0,1
16543,10000,1,2,1,27,4,3,3,2,3,2,3462,4150,3940,4720,4500,4282,900,0,1000,0,0,433,1
16544,20000,1,3,2,28,1,2,0,0,3,2,8055,7777,8805,12647,12173,11855,0,1158,4000,0,0,900,1
16545,50000,1,3,2,27,0,0,0,0,0,0,49684,45435,37636,32034,28133,23860,1961,2075,1294,999,934,849,0
16546,30000,1,2,2,26,0,0,0,0,0,2,27889,26990,24706,25022,26405,25861,2875,4900,2000,2100,0,2500,0
16547,100000,1,1,2,30,0,0,0,0,0,0,100544,101167,101007,97862,79099,79812,4511,3711,3685,2797,2897,3046,1
16548,130000,1,1,2,29,0,0,0,0,0,0,9619,6247,59904,81838,37422,15365,6247,59904,30000,10000,15365,10778,0
16549,20000,1,2,2,30,1,2,2,2,2,2,16906,17328,19145,18397,20697,20547,1000,2400,0,2700,0,283,0
16550,150000,1,1,2,29,2,0,0,0,0,0,7562,10609,14101,17523,18914,28516,3500,4000,4000,2000,10000,4000,0
16551,220000,1,2,1,28,0,0,0,0,0,0,38074,43083,47051,65321,83882,72812,6000,5000,20012,23099,10029,30019,0
16552,100000,1,2,2,29,1,0,0,0,0,0,0,4586,2476,7845,13164,671,4586,2863,7845,7000,671,671,0
16553,130000,1,2,2,25,0,0,0,0,0,0,119803,118737,113689,59473,-1518,-1518,5100,4600,3000,0,0,0,1
16554,40000,1,2,2,29,0,0,2,0,0,2,20528,22973,22317,24047,26644,26079,3100,0,2100,3000,0,3000,0
16555,10000,1,1,2,30,3,2,2,7,7,7,2300,2300,2300,2300,2300,2300,0,0,0,0,0,0,1
16556,290000,1,1,1,30,1,0,0,0,0,0,0,-291,-582,-1164,291,732,0,0,0,1455,732,291,0
16557,180000,1,2,2,27,0,0,0,0,0,0,134168,120734,124730,120423,113901,114077,4345,5966,4250,4200,4200,4200,0
16558,280000,1,2,2,27,0,0,0,0,0,0,1566,2872,1572,2437,1572,1572,2891,1586,2444,1586,1579,1579,0
16559,30000,1,2,2,27,3,2,2,4,4,4,1650,1650,1650,1650,1650,1650,0,0,0,0,0,0,1
16560,310000,1,1,1,29,1,2,0,0,0,0,191457,187341,70359,77884,87484,89633,651,15000,10000,10200,2149,299,1
16561,70000,1,1,2,28,0,0,0,0,0,0,19728,16923,10076,33079,23188,20937,8000,2000,30000,5000,20000,25000,0
16562,120000,1,1,2,28,0,0,0,2,2,0,7164,9383,16571,16607,16043,16379,2515,7703,600,0,595,599,1
16563,240000,1,2,2,29,0,0,0,0,0,0,390,0,390,780,0,0,0,780,780,0,0,0,0
16564,50000,1,2,1,27,0,0,0,0,0,0,46806,46176,47151,47251,20515,19404,2000,5300,1500,1100,1000,1000,0
16565,320000,1,1,1,28,0,0,0,0,0,0,79819,64851,37762,16425,12177,45648,3524,2941,2013,270,42659,100002,0
16566,80000,1,2,2,29,0,0,0,0,0,0,82150,0,0,0,0,0,0,0,0,0,0,0,0
16567,20000,1,2,2,29,1,2,2,2,2,2,11586,11103,13913,13393,18152,17725,0,3000,0,5000,0,3000,1
16568,80000,1,2,2,29,1,2,0,0,2,0,71795,62067,60949,71829,67567,62658,0,3000,15000,0,3000,3000,0
16569,360000,1,2,1,28,0,0,2,2,0,0,0,2500,2500,0,0,0,2500,0,0,0,0,0,0
16570,50000,1,2,2,29,0,0,0,0,0,0,44177,44820,46022,46903,47837,48383,2070,3000,2000,2000,2000,2000,0
16571,20000,1,2,2,23,0,0,0,0,0,0,4584,4005,5677,688,1688,61,4005,4078,1237,1000,61,0,1
16572,10000,1,2,2,25,4,3,3,2,0,0,5365,5731,6095,6351,6603,6855,600,600,500,500,500,500,0
16573,100000,1,2,2,28,0,0,0,0,0,0,72610,72596,74331,75491,78244,77478,3500,3500,3000,4000,3000,3000,0
16574,50000,1,2,3,30,0,0,0,0,0,0,47812,97538,49187,17518,17710,18079,2536,2454,1588,780,803,673,0
16575,30000,1,2,2,24,2,0,0,0,0,0,390,780,0,0,0,0,780,0,0,0,0,0,0
16576,20000,1,2,2,24,0,0,0,0,0,0,15221,17847,18483,19079,19060,19061,3287,1313,1299,670,686,694,0
16577,70000,1,2,2,28,3,2,2,0,0,0,91930,93363,91325,93195,52925,52990,3500,0,3204,2003,2013,2511,0
16578,490000,1,1,2,29,0,0,0,0,0,0,264,678,-571,-1796,137158,139345,678,571,1225,140597,6000,3900,0
16579,30000,1,1,2,29,1,2,2,2,2,2,25264,24560,29128,29845,30257,30779,0,5000,1500,1200,1300,0,1
16580,20000,1,1,2,29,0,0,0,0,0,0,15934,15028,16023,11631,12377,4830,1329,1324,1000,2000,1000,0,0
16581,290000,1,1,2,29,0,0,0,0,0,0,783,2830,1357,14959,13459,115990,2838,1359,14968,2022,110142,205,0
16582,20000,1,3,0,29,5,4,3,2,3,3,1800,1800,1800,1800,1800,1800,0,0,0,0,0,0,0
16583,180000,1,1,2,26,0,0,0,0,0,0,8516,0,0,0,0,0,0,0,0,0,0,0,1
16584,100000,1,2,2,27,0,0,0,0,0,0,100591,101568,64480,0,0,1218,3749,2782,0,0,1218,102400,0
16585,30000,1,2,2,26,0,0,0,0,0,0,24079,25848,22299,23615,23933,24901,2500,2000,2000,1000,1500,1500,1
16586,470000,1,1,2,27,0,0,0,0,0,0,213495,183680,153743,146971,127546,129998,10005,9001,8001,5001,5001,6145,0
16587,200000,1,2,2,29,0,0,0,0,0,0,60068,50636,41265,49072,11314,11816,2500,2626,9412,500,1000,500,0
16588,400000,1,1,2,29,0,0,0,0,0,0,1123,82556,67823,61918,61884,61911,82694,1939,1720,1712,1766,1907,0
16589,400000,1,2,2,29,0,0,0,0,0,0,79435,75332,128630,69040,64657,54363,3803,2551,2735,2628,1574,1649,0
16590,50000,1,2,2,25,0,0,0,0,0,0,48336,49377,48626,38587,19089,19485,1855,1804,1713,681,701,785,0
16591,70000,1,2,2,25,1,3,2,0,0,0,12088,11601,12114,13597,15060,16653,0,1000,2000,2000,2000,2000,0
16592,80000,1,3,1,31,1,2,0,0,0,0,27653,26703,26856,27844,27480,28061,0,1459,1447,983,1023,1042,0
16593,70000,1,1,2,29,2,2,2,2,2,2,33786,34730,35878,36392,36990,37751,1800,2000,1400,1500,1500,1600,1
16594,20000,1,2,2,28,3,2,2,2,2,0,150,150,150,150,150,1150,0,0,0,0,1150,0,0
16595,10000,1,2,2,28,0,2,0,2,3,2,619,619,8642,9151,8023,5475,0,8642,800,107,200,0,1
16596,430000,1,2,2,30,0,0,2,0,0,0,28966,29957,29199,30267,49268,48241,5011,0,2000,20000,15000,5000,1
16597,40000,1,2,2,30,0,0,0,0,0,0,0,0,0,0,0,0,0,0,0,0,0,0,0
16598,450000,1,2,1,29,0,0,0,0,0,0,179547,157945,118192,82644,17720,7068,8101,12029,35524,38,2015,7522,0
16599,10000,1,3,1,30,1,2,0,0,0,0,9211,8119,7604,7637,6056,2852,0,1176,1000,121,57,5507,1
16600,10000,1,2,2,29,0,0,0,0,0,0,9073,9036,7385,7665,7817,7981,1120,1117,1127,279,289,369,0
16601,10000,1,2,1,29,2,0,0,2,2,2,2918,4204,5670,6416,7159,7904,1500,1700,1000,1000,1000,1500,0
16602,80000,1,1,2,29,0,0,0,0,0,0,79048,80676,78311,80777,79306,79195,3000,3100,7000,3200,3500,3200,0
16603,80000,1,3,1,29,2,2,0,0,2,4,69578,67871,68782,73955,79128,82275,0,2600,6332,7000,5000,0,1
16604,240000,1,2,2,29,0,0,0,0,0,0,230979,222096,220129,217549,204008,202268,7347,6830,6700,6400,6412,6549,0
16605,280000,1,2,2,31,0,0,0,0,0,0,229780,31275,32868,34292,173487,177195,2000,2100,2500,185957,6500,6100,0
16606,50000,1,2,2,31,0,0,0,0,0,0,228,3183,5455,7629,6354,4655,2955,2500,2500,2526,2000,1500,0
16607,80000,1,1,2,32,0,0,0,2,0,0,37639,38659,43427,42421,42344,43229,1650,5400,0,1662,1717,1600,0
16608,20000,1,3,1,29,1,0,0,0,0,0,0,0,0,0,0,0,0,0,0,0,0,0,0
16609,90000,1,2,2,29,1,0,0,0,0,0,0,0,0,0,0,0,0,0,0,0,0,0,1
16610,200000,1,1,2,29,0,0,0,0,0,0,8099,3432,2249,3367,-33,11202,3447,2261,3377,0,11235,2795,0
16611,360000,1,1,2,30,2,0,0,2,0,0,2024,428,5306,3603,604,14850,428,5306,0,604,14850,2403,0
16612,50000,1,2,1,31,0,0,2,2,0,0,1450,2590,770,0,0,0,2590,0,0,0,0,0,0
16613,130000,1,1,2,27,2,2,2,0,0,0,73561,70071,68392,69435,67790,69248,3500,0,2798,3500,2627,3000,1
16614,80000,1,3,1,31,0,0,0,0,0,0,65088,65200,61969,40457,42875,44724,3000,4000,3000,3000,4000,3000,0
16615,200000,1,2,2,29,0,0,0,0,0,0,8951,6595,0,0,0,0,9117,0,0,0,0,0,1
16616,150000,1,2,1,39,1,2,0,0,0,0,9937,9629,10633,10649,10570,10481,0,1175,1135,1000,1000,1000,0
16617,370000,1,1,1,34,0,0,0,0,0,0,379039,374221,279467,262511,248101,243899,14104,10107,9410,8398,8464,7826,0
16618,310000,1,2,2,45,0,0,0,0,0,0,124793,1210,31635,1788,1927,553,1217,31967,1796,1936,556,15664,0
16619,240000,1,1,2,41,0,0,0,0,0,0,24171,26474,28480,30247,30122,27437,3759,3500,3000,982,3437,2044,0
16620,320000,1,1,1,35,0,0,2,2,2,2,106799,116015,117678,119245,120794,123796,11003,5000,5000,5000,5100,5300,0
16621,50000,1,2,2,39,3,2,0,0,0,0,51998,50821,46892,33936,9225,9264,0,2343,1548,476,336,348,0
16622,50000,1,2,1,41,0,0,0,0,0,0,48537,36394,28278,16983,8888,9218,2022,2016,1272,1000,1000,1000,0
16623,50000,1,3,1,30,2,2,2,0,0,0,15397,17699,17127,18076,17061,17419,2882,0,1259,591,613,608,1
16624,80000,1,1,2,31,0,0,0,0,0,0,72840,74631,77329,78147,79785,76766,9000,5000,3000,3000,2501,3000,0
16625,420000,1,1,2,32,0,0,0,2,0,0,90875,91789,89489,87076,55508,57771,4118,14000,0,1837,3010,144204,0
16626,50000,1,1,2,32,2,2,2,2,2,2,30559,31753,32847,33308,33755,34565,2000,1900,1300,1300,1500,1500,1
16627,150000,1,2,2,32,2,2,0,0,0,2,90476,0,0,0,138355,130666,0,0,0,138355,0,5200,1
16628,130000,1,1,2,34,0,0,0,0,0,0,30190,31179,30569,28659,26952,15852,1818,2002,1400,600,1000,0,1
16629,170000,1,2,1,34,0,0,0,0,2,2,47956,48854,50068,56691,57367,56322,2000,2000,7500,2200,0,3000,0
16630,170000,1,3,1,45,0,0,0,0,0,0,165315,170562,170024,32898,34869,73932,8000,4000,3000,2500,5000,3000,0
16631,120000,1,2,2,25,0,0,2,0,0,0,11147,9757,9423,3345,2929,2520,2446,438,1000,0,7,0,0
16632,30000,1,3,2,35,1,2,2,0,0,0,29147,30268,29505,29916,14330,29000,1900,0,1300,884,780,0,1
16633,220000,1,2,2,30,0,0,0,2,0,0,6229,3516,7413,3697,3703,3500,1000,7397,0,3703,3500,3697,0
16634,50000,1,2,2,25,2,2,2,0,0,0,19775,21679,18566,19918,19584,18508,3800,0,2000,1500,1000,2000,1
16635,30000,1,2,2,34,2,2,2,0,0,2,10522,10148,8587,8366,8528,7030,1200,0,1200,1500,0,460,1
16636,250000,1,1,2,30,0,0,0,0,0,0,73936,106903,174837,81376,61474,27864,40000,85756,35153,4236,6080,88,0
16637,20000,1,2,2,29,0,0,0,0,0,0,13229,14237,15580,16304,17059,18056,1233,1576,1300,1000,1400,0,1
16638,10000,1,3,1,30,0,0,0,3,2,0,7470,8315,11267,10626,10160,10052,1141,3258,0,0,357,400,1
16639,50000,1,2,2,41,0,0,0,0,0,0,50611,41732,41111,-39,-39,18056,2200,2200,0,0,20000,1000,0
16640,30000,1,3,1,48,0,0,0,2,2,3,19650,20817,23860,24372,25776,25088,1500,3400,1200,2100,0,0,1
16641,20000,1,2,2,31,2,2,2,2,0,0,13516,13996,14475,14936,15688,16435,1000,1000,1000,1000,1000,700,1
16642,200000,1,2,2,32,0,0,0,0,0,0,196550,178609,180357,168935,88883,88973,8001,6500,6146,3300,2476,5749,0
16643,50000,1,1,2,33,1,2,2,2,0,0,7148,6887,9602,9304,10835,11658,0,3000,0,2000,1000,1500,0
16644,120000,1,1,2,35,0,0,0,0,0,2,326,326,176,-150,952,476,326,176,0,1428,0,476,0
16645,210000,1,1,2,40,0,0,0,0,0,0,325,325,325,325,325,325,325,325,325,325,325,325,1
16646,180000,1,3,1,32,0,0,0,0,0,0,181293,177552,182492,180746,131166,114909,6400,8612,7534,5506,4850,5000,0
16647,50000,1,2,1,32,0,0,0,0,0,0,19606,18516,16481,12518,7538,5854,5027,3053,5040,1000,1016,501,0
16648,70000,1,3,1,40,0,0,0,0,0,0,41986,31059,23283,11523,23516,1600,1455,1278,1000,235,1600,4316,0
16649,200000,1,1,1,44,0,0,0,0,0,0,1640,0,0,0,0,0,0,0,0,0,0,0,0
16650,50000,1,3,1,46,1,2,2,2,2,2,10960,10487,13108,12601,13391,14027,0,2800,0,1000,1000,0,1
16651,230000,1,2,1,47,0,0,0,0,0,0,996,997,998,-1,999,0,1000,1000,0,1000,0,0,0
16652,30000,1,1,1,42,1,2,2,2,0,0,20214,19596,21972,21321,21897,22395,0,3005,0,930,1000,2000,1
16653,30000,1,2,2,32,0,0,0,0,0,0,20881,22224,23557,24764,25234,14852,2000,2000,2000,1000,1000,1000,0
16654,150000,1,2,2,34,0,0,0,0,0,0,204187,222314,5051,4408,1731,1960,20000,1093,1000,1731,2169,1408,0
16655,10000,1,2,2,30,0,0,0,0,0,0,1473,3236,4790,390,0,780,3236,2000,390,0,780,0,1
16656,150000,1,1,2,29,0,0,0,0,0,0,4614,6370,9243,10280,10637,10916,2000,3000,1500,527,600,1000,0
16657,360000,1,1,2,34,1,0,0,0,0,0,0,0,0,733,0,1307,0,0,733,0,1307,0,0
16658,340000,1,1,2,38,0,0,0,0,0,0,86057,89605,87780,1680,1920,9151,5000,7785,1699,1920,9151,187000,0
16659,50000,1,2,2,34,0,0,0,0,0,0,48844,49335,49236,43524,27062,27923,1898,1996,2162,2000,1300,2000,0
16660,30000,1,2,1,39,0,0,0,0,0,0,20893,22206,19273,16469,14670,11214,2007,2000,2000,417,1500,1500,0
16661,360000,1,1,2,34,0,0,0,0,0,0,2739,1200,3118,0,162,4857,1206,3133,0,162,4881,445,0
16662,150000,1,1,1,46,0,0,0,0,0,0,150838,152696,136915,139449,140851,142160,6000,5000,7000,5165,5500,6000,0
16663,160000,1,3,2,28,2,2,2,2,2,0,152626,156752,152858,161801,114389,89684,8100,0,14025,0,5300,500,1
16664,30000,1,2,1,39,0,0,0,0,0,0,28628,29160,21075,17257,15874,9514,2003,2400,1200,317,190,0,0
16665,480000,1,1,1,47,0,0,0,0,0,0,10668,-2,454,150198,143388,157758,0,456,150244,2915,24550,100,0
16666,200000,1,2,1,45,0,0,0,0,0,0,98974,36829,31707,44433,4155,2114,10000,31727,44626,18,2124,9844,0
16667,50000,1,3,2,39,0,0,0,0,0,0,238,-152,48257,48455,48195,48828,0,48799,1773,1711,1785,1745,1
16668,20000,1,2,1,32,1,2,2,2,2,0,17913,17328,20353,19966,19056,19445,0,3309,381,0,389,890,1
16669,60000,1,2,1,44,0,0,0,0,0,0,59331,54989,53898,54960,56054,55263,2000,2000,1962,1974,2159,2100,0
16670,200000,1,1,2,26,0,0,0,0,0,0,16000,0,0,0,0,-1108,0,0,0,0,40,84628,0
16671,20000,1,2,1,27,0,0,0,0,0,0,16203,4550,0,0,0,0,2000,0,0,0,0,0,0
16672,440000,1,3,1,35,0,0,0,0,0,0,13754,12364,11613,12651,13211,23600,2017,3000,3019,5011,23748,13633,0
16673,100000,1,1,2,34,0,2,2,0,0,0,772,772,-8,2562,0,0,0,8,2570,0,0,0,0
16674,100000,1,2,2,38,0,0,0,0,0,0,95933,96772,97240,98159,97481,97574,4499,4578,4606,3817,3998,3695,0
16675,100000,1,2,1,48,0,0,2,2,2,2,11574,14570,16045,16508,15969,17733,3500,2000,1000,0,2000,0,0
16676,230000,1,3,1,46,0,0,0,0,0,0,1313,1414,1258,2565,-5,1100,1421,1264,2577,0,1105,0,0
16677,50000,1,1,2,37,0,0,0,0,0,0,13191,14659,17097,18207,20580,22577,2000,3000,1700,3000,2500,5000,0
16678,50000,1,2,1,32,0,0,0,0,0,0,42163,38252,27396,23584,17272,17634,1472,1500,1282,618,640,644,0
16679,30000,1,2,1,41,1,2,0,0,0,0,14110,13591,14309,15320,15774,15950,0,1244,1255,709,578,741,0
16680,140000,1,2,2,32,1,2,2,2,2,3,67923,69412,67734,73079,75255,75757,3200,0,6500,4000,2000,3000,1
16681,60000,1,3,2,43,0,0,0,0,0,0,55800,53216,43077,36197,34283,20395,1782,1850,1318,5822,794,2000,0
16682,50000,1,3,1,41,1,2,2,2,0,0,26915,26184,29261,28444,28878,27655,0,3500,0,1100,1100,2000,0
16683,350000,1,2,2,36,0,0,0,0,0,0,249663,230738,232382,234254,211309,210897,8026,9503,9015,7511,8011,7361,0
16684,20000,1,3,1,44,2,2,2,2,2,0,11623,12436,12943,15428,14883,15494,1300,1000,2700,0,850,850,1
16685,20000,1,2,2,30,0,0,0,0,0,0,16320,28674,15491,16299,16428,0,1238,1392,1200,329,0,0,0
16686,50000,1,2,2,36,0,0,2,2,0,0,46712,50932,49400,0,0,0,5000,0,2000,0,0,0,0
16687,20000,1,2,1,41,1,2,2,2,0,0,19951,19314,20526,19360,19660,6000,0,2976,0,500,120,780,1
16688,110000,1,3,1,34,0,0,0,0,0,0,23751,25068,26351,26996,27754,28597,1717,2000,2000,1500,2000,5000,0
16689,200000,1,1,1,44,0,2,2,0,0,0,655,265,-125,-515,-905,-905,0,0,0,0,0,0,1
16690,260000,1,2,1,46,2,2,2,2,2,2,82683,84424,86472,87157,88526,90355,4000,4300,3000,3700,3400,3600,1
16691,150000,1,2,1,36,2,2,0,0,0,0,88655,86333,88931,92441,102903,105240,0,4000,5000,12000,4000,6000,1
16692,50000,1,2,2,33,0,0,0,0,0,0,23142,28202,30610,30227,18413,17195,5494,3202,3502,3200,2500,3000,0
16693,150000,1,2,2,35,0,0,0,0,0,0,13059,11526,18301,15858,2744,2144,11526,18305,15861,2744,0,19682,0
16694,250000,1,1,2,35,2,2,2,2,2,2,153798,164692,160658,180382,182914,186838,15000,0,24000,7000,7000,6700,1
16695,50000,1,5,2,49,0,0,0,0,0,0,36869,31255,28040,20799,9584,9788,1615,2507,10814,344,359,401,0
16696,50000,1,2,1,47,0,0,0,0,0,0,38830,35866,30260,19187,19324,19192,1600,8820,1293,820,700,689,0
16697,50000,1,3,3,44,2,2,2,3,2,2,41755,40793,44084,44763,44939,46078,0,3949,1700,1200,2000,2000,0
16698,80000,1,3,2,40,1,2,2,2,2,2,81053,79337,82698,81467,49150,51303,300,6200,2139,0,4000,0,0
16699,20000,1,3,1,49,0,0,0,0,0,0,11572,27270,14375,15200,20000,16560,2820,4000,1200,5000,10000,0,0
16700,220000,1,2,1,47,2,4,3,2,2,2,233756,216591,197022,198088,187000,179703,3000,0,6000,0,14004,0,1
16701,120000,1,3,1,39,0,2,2,0,0,3,12190,13091,12591,17366,22064,21432,1400,0,5000,5000,0,0,1
16702,200000,1,3,2,39,0,0,0,0,0,0,84184,95791,94901,92866,93514,85659,16000,5013,5024,10000,5000,10000,0
16703,30000,1,3,1,47,0,0,0,0,0,0,118587,89271,91157,30420,30384,29774,6624,3000,31959,1052,1062,1114,0
16704,50000,1,2,2,43,0,0,0,0,0,0,50756,50552,49465,40020,10407,9037,1934,1917,2500,500,500,1000,0
16705,50000,1,3,2,42,2,0,0,0,0,2,4864,5876,6898,7910,8681,8397,1252,1274,1286,1057,0,306,0
16706,230000,1,2,1,45,0,0,0,0,0,0,42770,22080,16740,14029,1439,2269,2000,1347,3078,1509,9000,8000,0
16707,280000,1,2,2,33,0,0,0,0,0,0,265120,238661,223383,162196,165129,168295,9104,9401,6001,6001,6201,6201,0
16708,70000,1,1,2,43,0,0,0,0,0,0,68228,65935,67454,67592,36515,37426,2378,2600,2613,1500,1500,1500,0
16709,120000,1,2,1,40,0,0,0,0,0,0,112123,114344,117684,117344,58800,0,4089,5179,2543,1176,0,0,0
16710,170000,1,1,2,39,0,0,0,0,0,0,138811,136227,136893,122820,120550,102054,5505,4849,4614,4600,3704,4506,0
16711,30000,1,3,1,41,1,2,2,0,0,0,17301,18015,17437,18448,18815,19210,1295,0,1306,673,698,1547,0
16712,20000,1,2,1,33,0,0,0,2,2,0,18706,17483,19509,18828,0,0,1275,3081,0,0,0,0,1
16713,20000,1,3,2,35,0,0,0,0,0,0,16500,17012,18181,19331,19113,17996,1281,1450,1600,382,383,345,0
16714,220000,1,1,2,39,3,2,0,0,0,2,184140,187089,189680,193561,205161,205477,7500,7100,7203,15000,3500,4500,1
16715,50000,1,2,2,44,0,0,0,0,0,0,20995,21743,22300,4067,1290,0,3000,3007,1000,1290,0,0,0
16716,300000,1,6,1,46,0,0,0,0,0,0,289299,297003,300153,9250,6088,2497,15000,13274,1010,185,2497,2497,0
16717,430000,1,2,2,29,0,0,0,0,0,0,1442,3058,0,980,0,0,3058,0,980,0,0,1030,0
16718,30000,1,2,1,36,0,2,0,0,0,0,1226,390,390,390,390,0,0,390,390,390,0,780,1
16719,20000,1,3,3,46,0,0,0,0,0,0,14075,15523,17264,18325,15680,0,2000,2000,1500,500,0,0,0
16720,210000,1,1,1,40,0,0,0,0,0,0,119752,114952,108857,103789,96250,95788,10030,6053,10036,6027,10028,10030,0
16721,80000,1,2,1,31,0,0,0,0,0,0,47464,49665,50538,53314,27962,27873,3000,2000,29000,2004,2000,2000,1
16722,30000,1,3,2,31,0,0,0,0,0,0,28275,29772,27821,28075,29682,28001,2000,2000,2000,2014,2000,2000,0
16723,220000,1,1,1,47,2,2,2,0,0,0,165665,163494,162360,134989,124915,84959,2008,6000,6000,4000,2852,9000,1
16724,80000,1,2,2,32,0,0,0,0,0,0,22753,25046,23466,25689,29820,22082,3000,3000,3000,4500,830,2000,0
16725,480000,1,2,1,31,0,0,0,0,0,0,55346,58411,58883,59452,61168,56931,4000,3000,3000,3000,3000,3000,0
16726,150000,1,1,2,33,0,0,0,0,0,0,94020,78038,63176,52807,34199,32061,3040,5000,10116,5000,6000,3000,0
16727,60000,1,3,1,31,1,2,0,0,0,0,36243,35369,35320,0,0,0,0,1027,0,0,0,0,0
16728,80000,1,2,2,33,2,2,0,0,0,0,24928,24229,25832,27394,29922,31879,0,2000,2000,3000,2600,0,1
16729,50000,1,2,1,32,0,0,0,0,0,0,46827,48134,49550,48377,18727,19116,2084,2500,1135,497,514,335,0
16730,50000,1,3,2,34,1,2,2,2,2,2,33776,34824,33988,36311,36918,36191,1900,0,3200,1500,0,3000,1
16731,180000,1,3,1,42,0,0,0,0,0,0,177027,173635,172514,157768,126964,125456,7003,6500,7507,4500,5000,5000,0
16732,100000,1,2,1,39,0,0,0,0,0,0,10603,11735,12460,0,0,0,1315,1040,0,0,0,0,1
16733,240000,1,3,1,42,2,2,2,2,2,2,259511,258208,245397,245014,209834,195913,11000,0,12300,14288,0,6887,0
16734,50000,1,3,1,49,0,0,0,0,0,0,49331,46429,47446,39516,17643,32230,2000,3030,4000,2000,2800,2936,1
16735,20000,1,3,1,40,0,0,0,0,0,0,8151,9011,10858,12670,13157,13742,1153,2000,2000,1000,800,1000,0
16736,50000,1,2,1,30,0,0,0,0,0,0,48591,37944,50135,49526,19686,19374,12000,13000,5000,4010,6000,3000,0
16737,200000,1,2,1,31,0,0,0,0,0,0,6926,1747,642,0,0,0,1747,642,0,0,0,500,0
16738,180000,1,2,2,32,0,0,0,0,0,0,22832,19517,11988,0,0,0,1429,1000,0,0,0,0,0
16739,320000,1,1,2,33,1,0,0,0,0,0,0,0,0,0,0,0,0,0,0,0,0,0,1
16740,200000,1,3,2,48,0,0,0,0,0,0,87035,79529,67675,56519,11884,14343,2915,2646,2208,12503,14869,0,0
16741,20000,1,2,2,41,0,0,0,2,2,0,10142,10869,13940,14755,14223,15337,1200,3250,1340,0,1500,5000,1
16742,200000,1,1,2,38,0,0,0,0,0,0,5607,0,316,499,672,100,0,316,499,672,100,0,0
16743,20000,1,3,2,40,1,0,0,0,0,0,0,0,0,0,0,0,0,0,0,0,0,0,0
16744,50000,1,2,2,39,1,3,2,2,2,2,50180,49089,48935,18243,20285,17175,0,1266,0,2301,0,748,0
16745,50000,1,2,2,25,0,0,0,0,0,0,50479,48294,48735,45036,19246,18872,1649,11890,1367,668,675,673,1
16746,80000,1,2,1,43,0,0,0,0,0,0,44620,33729,40350,38812,33459,31650,1582,15350,1491,3459,1650,9028,0
16747,180000,1,1,2,33,0,0,0,0,0,0,48252,39451,20027,15000,14958,-42,9024,1104,15000,14958,0,0,0
16748,80000,1,3,1,42,0,0,0,0,0,0,-1590,-6256,-10922,-15588,-20254,-24920,4666,4666,4666,4666,266,0,0
16749,150000,1,2,2,36,2,3,2,2,2,2,87021,86708,88909,90352,91355,93241,2000,4500,3800,3400,3500,3900,0
16750,20000,1,2,2,37,0,0,0,0,0,0,830,17597,17840,16342,16428,18167,17597,1332,1134,1000,2000,0,0
16751,300000,1,1,1,42,0,0,0,0,0,0,1653,1734,0,0,0,0,1734,0,0,0,0,0,0
16752,30000,1,2,2,35,1,3,3,2,0,0,25601,26886,26185,25470,25751,27179,2000,0,0,1000,2000,1000,0
16753,140000,1,2,1,49,0,0,0,0,0,0,35815,36800,37344,37933,38522,38519,1590,1926,1911,1500,1541,1559,0
16754,80000,1,1,1,36,1,2,3,2,0,0,8415,10305,9979,1261,1261,1261,2181,0,0,1261,1261,1261,1
16755,20000,1,2,1,45,0,0,0,0,0,0,13243,11699,12372,0,-800,0,1500,5017,0,0,800,0,0
16756,70000,1,2,1,35,0,0,0,0,0,0,69388,70480,66646,69641,46458,50679,3439,3237,4938,1693,5000,2200,1
16757,320000,1,2,2,36,0,0,0,0,0,0,318022,321560,150062,139555,116315,106541,10810,4746,4241,3275,3265,2865,0
16758,80000,1,2,1,46,0,0,0,2,0,0,31290,780,390,780,780,390,780,390,0,1560,0,390,0
16759,50000,1,2,1,33,0,0,0,0,0,0,28086,29088,25692,24336,20243,18995,1500,2000,1410,1000,1000,1000,0
16760,80000,1,2,1,41,0,0,0,0,0,0,15824,12781,9994,10704,9201,6275,2000,2000,4000,1000,1000,1000,0
16761,110000,1,3,2,38,0,0,0,0,0,0,52708,51021,51166,42718,42183,40909,2469,2119,1857,1418,1390,1408,0
16762,50000,1,2,1,45,0,0,0,0,0,0,49573,49417,49085,33156,19344,18930,2245,1652,1497,10580,685,704,0
16763,50000,1,3,1,42,2,0,0,2,0,0,10343,12161,15061,14400,16000,18000,2000,3100,0,2000,2000,0,1
16764,20000,1,2,1,38,0,0,0,0,0,0,14966,16278,17012,17992,18350,18738,1565,1299,1279,637,663,1469,0
16765,120000,1,1,1,42,2,2,0,0,2,0,63598,61987,64373,69164,67453,72997,0,4000,6500,0,6639,4000,0
16766,30000,1,2,2,37,0,0,0,0,0,0,23422,24425,25463,26453,26987,28760,1397,1435,1425,959,2201,1200,0
16767,50000,1,2,3,34,0,0,0,0,0,0,8603,7757,8742,6041,5383,0,1200,1141,1006,0,0,0,0
16768,100000,1,3,2,35,1,2,0,0,0,0,23704,21774,21818,1261,1261,1261,0,2000,1261,1261,1261,1651,1
16769,50000,1,2,2,35,3,2,2,2,2,0,150,150,150,150,150,805,0,0,0,0,805,43340,0
16770,30000,1,2,2,34,0,0,0,0,0,0,17803,19126,19500,0,0,0,1626,1000,0,0,0,0,0
16771,40000,1,2,1,38,3,2,0,0,2,0,38291,37380,38180,40524,39720,39860,0,1706,3050,0,1565,1278,1
16772,190000,1,2,1,39,2,2,2,2,0,0,166611,170196,172122,167858,171192,174937,7820,6100,0,6127,6503,6500,1
16773,10000,1,3,1,39,1,2,0,0,0,0,10866,10094,9212,9633,9550,9334,0,1201,1062,254,288,365,1
16774,50000,1,3,1,43,0,0,0,0,0,0,50444,49654,49921,50512,20071,20277,2000,2050,1641,1000,1000,1000,0
16775,20000,1,2,2,34,0,0,0,2,0,0,17676,17650,18740,18373,18768,19315,2000,2500,1000,1000,1000,2000,0
16776,120000,1,3,2,37,0,0,0,0,0,0,2284,2007,1371,4639,360,2650,2007,1371,4639,360,2650,1947,0
16777,50000,1,3,2,43,0,0,0,0,0,0,50517,48230,42674,4593,18007,18230,2015,1882,2119,45800,662,1000,0
16778,310000,1,1,2,31,0,0,0,0,0,0,279711,266417,271746,260673,199746,182994,10143,24932,10440,6265,6275,5830,0
16779,240000,1,3,2,45,1,2,0,0,0,0,221341,213264,207403,201331,195040,188968,7000,7500,7300,7000,7000,5869,0
16780,50000,1,2,1,47,1,0,2,2,0,0,-658,46342,25600,-400,40000,0,47000,0,0,20400,0,0,1
16781,210000,1,1,2,40,0,0,0,0,0,0,1535,2652,179,1326,1326,1326,2652,179,1326,1326,1326,4182,1
16782,60000,1,2,1,31,1,2,2,2,0,0,16253,15695,18440,17838,17417,22102,0,3000,0,1000,5000,1000,0
16783,20000,1,2,2,31,0,0,0,0,2,2,13192,14202,15237,17164,17294,16110,1230,1265,2192,694,0,3134,1
16784,50000,1,2,2,43,0,0,0,0,0,0,50785,48709,50981,45793,46555,38816,3000,4414,1500,1042,2000,0,1
16785,30000,1,2,2,39,0,0,0,0,0,0,24065,25660,26257,27641,29335,10493,2005,2000,2000,2000,1000,1000,1
16786,60000,1,1,2,29,1,2,2,0,0,2,43434,44522,43222,43588,46564,47369,2100,0,1708,4000,2000,1903,1
16787,90000,1,2,2,29,0,0,0,0,0,0,70559,51550,0,0,0,0,3000,0,0,0,0,0,0
16788,30000,1,2,1,32,0,0,0,0,0,2,12452,13439,14420,15838,17331,16973,1500,1500,2000,2000,0,3600,1
16789,30000,1,2,2,37,3,2,2,7,7,7,2379,2379,2379,2379,2379,2379,0,0,0,0,0,0,1
16790,220000,1,3,1,39,2,2,2,2,2,2,175808,179399,183039,185541,187984,191837,8000,8000,7000,7000,7000,0,1
16791,250000,1,5,1,39,0,0,0,0,0,0,14310,3697,0,0,0,0,3700,0,0,0,0,0,0
16792,450000,1,1,1,42,0,0,0,0,0,0,2549,20499,2499,2499,0,11071,20449,2499,2499,0,11071,780,0
16793,30000,1,2,2,34,2,0,0,4,3,2,18402,19785,24633,23961,23289,22779,2000,5500,0,0,0,3400,0
16794,220000,1,2,1,37,0,0,0,0,0,0,13429,15688,17922,20111,22261,24392,2500,2500,2500,2500,2500,2500,0
16795,300000,1,1,2,30,0,0,0,0,0,0,901,901,901,1075,0,66,901,901,1075,0,66,66,0
16796,500000,1,2,2,30,0,0,0,0,0,0,135634,135796,133712,136069,67837,69514,5034,6000,5355,3500,2513,5000,0
16797,20000,1,2,2,34,1,2,0,0,0,0,15095,14459,12607,16430,19230,0,0,6000,5000,3000,0,0,0
16798,110000,1,2,2,32,0,0,0,0,0,0,42015,38897,29059,20799,-1961,-1961,1575,1377,1007,0,0,66296,0
16799,10000,1,3,1,41,1,4,3,2,0,0,10711,10399,10092,9700,10000,9900,0,0,0,302,0,0,0
16800,20000,1,2,2,47,1,2,2,2,0,0,8557,8271,11127,10657,11178,11840,0,3000,0,1000,1000,1900,1
16801,230000,1,2,1,34,0,0,0,0,0,0,1344,-6,2190,3475,1791,2993,0,2196,3485,1796,3002,2601,0
16802,20000,1,2,2,35,1,2,2,2,2,2,15668,15119,17976,19088,18500,20712,0,3108,1700,0,3500,0,1
16803,50000,1,2,1,38,0,0,0,0,0,0,1930,305,6270,6396,6596,3488,305,6270,6396,2200,3488,0,0
16804,200000,1,1,2,40,0,0,0,0,0,0,66052,68994,70825,73902,74943,76996,3800,3300,4000,2600,3000,3000,0
16805,80000,1,2,1,37,1,0,0,0,0,0,0,0,0,0,0,0,3000,0,0,0,0,0,0
16806,50000,1,3,2,43,0,0,0,0,0,0,4166,4166,4216,4166,4166,4166,4166,4216,4116,4166,4166,4166,0
16807,50000,1,2,1,49,1,2,0,0,0,0,16747,16181,17912,19606,20969,25302,0,2000,2000,2000,5000,0,1
16808,110000,1,1,2,29,0,0,0,0,0,0,110721,111242,105199,104587,49001,45093,3938,5720,3078,2000,2000,2000,1
16809,110000,1,2,1,38,0,0,0,0,0,0,42617,42229,42214,41405,40846,40385,1678,2023,1574,1375,1468,1649,0
16810,220000,1,2,1,36,0,0,0,0,0,0,87431,114959,110700,58674,50247,85500,50005,20010,2481,20000,55827,34675,0
16811,140000,1,3,1,38,0,0,0,0,0,0,138329,138072,136377,106241,96986,94665,6806,4744,4546,3672,3602,4006,0
16812,50000,1,2,2,43,0,0,0,0,0,0,34326,34110,3552,0,0,0,3000,3505,0,0,0,0,0
16813,100000,1,2,1,40,2,2,2,2,2,0,70762,69025,74489,78660,76797,78404,0,6600,6000,0,3000,3100,1
16814,20000,1,1,2,38,0,0,0,0,0,0,15255,16507,16842,15151,16741,20540,5006,4015,2006,7137,18000,202,1
16815,50000,1,3,2,32,0,0,0,0,0,0,49760,51105,48516,19078,19220,19514,2189,1600,1600,700,700,857,1
16816,40000,1,2,2,33,0,0,0,0,0,0,23330,0,0,0,0,0,0,0,0,0,0,0,0
16817,180000,1,2,1,34,0,0,0,0,0,0,13067,6170,3439,1193,381,1516,6170,3444,1193,381,1516,542,0
16818,80000,1,3,2,34,0,0,0,0,0,0,45876,46565,47967,48804,49624,50031,1752,2154,1991,1811,1742,2000,0
16819,30000,1,2,2,34,0,0,0,0,0,0,26774,28014,29248,29254,19837,14793,2000,1694,1200,8697,2000,1000,0
16820,230000,1,2,1,35,0,0,0,0,0,0,30798,28806,2425,2425,3850,2425,1000,2425,2425,3850,1000,15244,0
16821,20000,1,6,2,41,0,0,0,2,0,0,20101,20086,20221,19627,18948,0,1318,1973,1000,600,0,0,0
16822,350000,1,3,1,44,0,0,0,0,0,0,2161,7230,3301,4301,15,684,7426,3306,4301,15,684,2713,0
16823,20000,1,2,1,38,1,2,2,2,2,2,9599,9296,11813,11327,12137,11799,0,2676,0,1000,0,582,0
16824,130000,1,2,2,36,0,0,0,0,0,0,91016,36706,19802,11515,4261,45718,1848,1394,1015,99,47657,1681,0
16825,50000,1,2,1,37,0,0,0,0,0,0,47832,49020,48272,49264,26206,27823,2000,3000,2000,1000,2000,2000,1
16826,100000,1,2,2,44,0,0,0,0,0,0,20439,6882,2456,1537,1642,110,1068,1007,1741,1646,100,0,1
16827,20000,1,2,1,40,0,0,0,2,0,0,12129,12919,14810,15267,15714,16308,1300,2100,1000,1000,1000,1000,1
16828,150000,1,1,1,43,0,0,0,0,0,0,1000,0,0,1522,5014,1000,0,0,1522,5014,1406,0,0
16829,230000,1,2,1,46,0,0,0,0,0,0,117255,109450,109794,109143,107996,109230,5400,5505,5505,4000,4500,5000,0
16830,470000,1,1,1,38,0,0,0,0,0,0,33277,34292,38423,197773,202722,46980,1869,5000,162546,5783,1689,1977,1
16831,50000,1,2,1,46,0,0,0,0,0,0,43719,44290,41245,42081,20328,20391,1700,1924,2015,1000,663,10000,0
16832,120000,1,3,1,49,0,0,0,0,0,0,119440,3844,2290,780,8190,4600,3844,2299,780,8190,4600,1081,1
16833,20000,1,2,1,43,2,2,2,2,0,0,17233,18639,20035,19333,18135,14366,2000,2000,0,1000,500,1950,1
16834,10000,1,2,1,45,1,2,2,2,2,0,7953,9164,8876,10009,7169,8842,1500,0,1500,0,3000,2000,0
16835,50000,1,1,2,29,2,2,2,0,0,0,7881,10415,3997,1047,0,0,3000,0,1000,0,0,0,1
16836,360000,1,1,2,30,0,0,0,0,0,0,1246,17234,387,776,810,0,17328,388,779,814,0,0,0
16837,100000,1,5,1,38,0,0,0,0,0,0,101330,100278,100733,96038,94646,96631,3824,4311,3648,3370,3492,3614,0
16838,170000,1,1,2,36,0,0,0,0,0,0,8433,644,7567,0,499,576,644,7567,0,499,576,0,0
16839,30000,1,2,2,43,2,2,2,2,2,2,14697,17332,16770,18483,17888,19097,3200,0,2300,0,1500,0,1
16840,230000,1,1,1,37,1,0,0,2,0,0,0,2062,5056,3050,3700,1900,2062,3050,0,3700,0,2436,1
16841,150000,1,1,2,35,0,0,0,0,0,0,114997,118821,121362,124687,125223,98890,4884,5100,6000,3142,3300,3323,0
16842,260000,1,2,2,37,0,0,0,0,0,0,3000,150,-850,300,-832,-832,150,0,1000,0,0,0,0
16843,80000,1,3,1,48,0,0,0,0,0,0,76288,71659,67528,64035,60612,57532,3003,2403,3003,3001,2401,3109,0
16844,20000,1,2,2,43,0,0,0,0,0,0,19656,30177,16263,17287,17699,18413,1300,2600,1300,700,1000,700,0
16845,240000,1,1,1,36,1,0,0,0,0,0,0,0,0,0,0,0,0,0,0,0,0,0,1
16846,50000,1,2,1,40,1,2,0,0,0,0,49039,47949,49235,49577,17063,17634,0,2058,1400,762,1000,650,1
16847,50000,1,1,2,45,0,0,0,0,0,0,42931,45556,43809,36493,20069,20210,6004,1805,1255,1003,1111,3002,0
16848,100000,1,2,2,45,2,2,2,2,0,0,65781,60114,59478,54336,50640,49113,0,4817,6,1700,3650,0,1
16849,20000,1,3,2,40,0,0,0,0,0,0,16884,17891,19078,19800,20000,0,1291,1478,1200,400,0,0,0
16850,150000,1,1,1,41,2,2,2,2,0,0,116699,113358,124745,121249,124237,132252,0,14779,0,5000,10000,5000,1
16851,230000,1,2,3,37,0,0,0,0,0,0,11770,16479,20474,26492,326,1056,10000,5000,16492,0,1056,326,0
16852,20000,1,2,1,45,0,0,0,0,0,0,19473,19868,16749,17538,13840,7370,1896,1417,1206,284,147,4937,0
16853,390000,1,2,2,33,0,0,0,0,0,0,30209,31193,31440,38001,48301,28131,1804,2561,8122,11000,20015,1002,0
16854,80000,1,2,1,36,3,2,2,4,4,3,600,600,600,600,600,300,0,0,0,0,0,0,1
16855,270000,1,1,2,35,1,0,0,0,0,0,-12,-12,-12,-12,-12,-12,0,0,0,0,0,0,0
16856,20000,1,2,1,37,0,0,0,0,0,0,15429,16436,17584,18166,8190,8190,1270,1418,1000,3144,0,0,0
16857,150000,1,2,1,45,2,3,3,2,0,0,152180,157719,155368,123906,128597,105967,9500,2000,0,8000,9000,15000,0
16858,50000,1,1,2,36,0,0,0,0,0,0,49750,48854,47892,49439,48630,49160,2100,2000,2500,2413,2000,1987,0
16859,160000,1,1,1,47,1,2,2,2,2,3,58706,57384,59875,61518,65152,64074,0,3200,3000,5000,0,3000,1
16860,360000,1,1,2,33,0,0,0,0,0,0,714,-68,-68,-68,4132,-2,7,0,0,4200,48,5500,0
16861,150000,1,3,1,40,0,0,0,0,0,0,121544,123615,126733,130241,132466,134808,5000,4533,5000,3724,3829,3900,0
16862,500000,1,1,1,46,0,0,0,0,0,0,11471,13270,14245,15199,20980,18255,2000,1500,1219,6000,1000,1000,0
16863,220000,1,1,1,35,0,0,0,0,0,0,753,6213,762,5106,700,1364,6220,762,5806,0,1364,500,1
16864,280000,1,1,1,46,1,0,0,0,0,0,0,0,26330,6880,797,4898,0,26330,6880,797,4898,3680,1
16865,30000,1,1,2,38,1,2,0,0,0,0,96258,69707,71904,62630,57406,46231,0,4000,5000,8000,1460,40000,0
16866,500000,1,3,2,36,0,0,0,0,0,0,9001,1687,1409,16200,19880,9110,1702,1422,16281,20062,500,25070,0
16867,360000,1,2,1,40,0,0,0,0,0,0,0,256,0,425,1529,0,256,0,425,1529,0,590,0
16868,400000,1,1,1,38,1,2,2,2,0,0,36838,26214,16199,3320,111353,103569,65,3383,20,112679,3699,3567,0
16869,350000,1,2,1,43,0,0,0,0,0,0,6088,3405,7763,20573,2367,11486,3436,7813,20604,2376,11493,13885,0
16870,20000,1,2,2,36,1,4,3,3,2,3,15557,15015,16079,15528,16477,15930,0,1600,0,1500,0,0,1
16871,110000,1,2,1,36,1,2,0,0,0,0,112875,108481,108418,105373,71733,61020,0,4308,3196,2536,2322,2001,0
16872,30000,1,3,2,31,1,3,2,0,0,0,31405,30588,26860,21165,21281,22938,0,0,1646,762,2000,0,1
16873,20000,1,2,2,45,0,0,0,0,0,0,19856,20007,20319,20638,20025,15463,1316,1458,1277,494,427,4000,1
16874,180000,1,1,1,42,0,0,0,0,0,0,0,0,0,0,0,0,0,0,0,0,0,0,0
16875,140000,1,2,2,48,0,0,2,2,2,0,119965,124944,124901,129675,121292,121343,8506,4706,9463,16,5002,10006,0
16876,300000,1,1,2,43,0,0,0,0,0,0,163,2508,8534,14378,16245,19047,2508,8534,14378,4000,6550,0,0
16877,240000,1,3,2,41,0,0,0,0,0,0,218435,205981,187258,189435,145032,147370,5778,17020,5268,4179,4903,4236,0
16878,160000,1,2,1,41,0,0,0,0,0,0,326,1306,326,79652,326,49326,1306,652,79652,0,49326,326,1
16879,500000,1,2,1,38,0,0,0,0,0,0,49201,59372,49677,49515,42568,48268,30107,10026,7241,50091,25000,5078,0
16880,50000,1,2,1,45,0,0,0,0,0,0,50297,49944,48030,32097,31450,29695,1939,1547,1464,1078,1225,1500,0
16881,50000,1,2,1,39,1,2,2,3,2,0,26094,25376,29548,28786,28024,28772,0,4600,0,0,1200,1200,0
16882,100000,1,0,2,37,0,0,0,0,0,0,7642,0,0,0,0,0,0,0,0,0,0,0,0
16883,150000,1,2,2,38,0,0,0,0,0,0,6682,2659,2178,1536,626,621,2669,2184,1542,626,621,1591,0
16884,290000,1,1,1,36,1,0,0,0,0,0,0,0,568,16166,16726,17427,0,568,16166,1000,1000,1000,0
16885,20000,1,2,2,37,0,0,0,0,0,0,15612,16927,17794,18550,18850,0,1577,1444,1200,500,0,0,1
16886,50000,1,2,1,33,0,0,0,0,0,0,49916,50240,26443,30768,10778,10989,2000,2000,5000,1000,1000,0,0
16887,80000,1,2,1,39,0,0,0,0,0,0,37712,38713,39750,40771,42087,43409,1626,1663,1684,2000,2000,2000,0
16888,140000,1,2,1,42,0,0,0,0,0,0,139227,120780,123390,127557,117961,120570,4325,4558,6300,4221,4500,4600,0
16889,260000,1,2,2,33,0,0,0,0,0,0,19152,19934,21693,25492,29876,416,5000,5000,5000,5000,416,566,0
16890,150000,1,1,2,37,2,2,2,2,2,2,36148,36858,35985,38687,37765,40352,1600,0,3300,0,3200,1700,1
16891,300000,1,2,2,37,0,0,0,0,0,0,11669,27719,63037,1137,3916,4803,27963,63354,1140,3939,4817,5692,0
16892,120000,1,1,2,33,1,0,0,0,0,0,0,0,0,600,0,0,0,0,600,0,0,0,0
16893,90000,1,2,2,38,0,0,0,0,0,0,17621,18718,19809,20874,21228,21736,1700,1700,1700,1000,1000,1000,0
16894,200000,1,1,1,42,0,0,0,0,0,0,-200,-200,-200,-200,2472,0,0,0,0,2672,0,1862,0
16895,140000,1,1,2,32,0,0,0,0,2,0,46134,50890,59395,73225,56999,61050,5890,9395,15000,0,5000,7086,1
16896,50000,1,2,1,45,1,2,0,0,0,0,49436,48342,49140,49451,20921,20058,0,2065,1376,701,705,706,1
16897,200000,1,0,2,40,1,0,0,0,0,0,0,0,200,1000,0,0,0,200,1000,0,0,0,0
16898,280000,1,1,2,33,0,0,0,0,0,0,167272,182401,196314,170380,187450,204331,18000,18000,10000,20000,20000,20000,0
16899,430000,1,1,2,34,0,0,0,0,0,0,416678,424740,434836,378571,228568,232668,16005,18016,16005,9005,9013,8010,0
16900,190000,1,3,1,34,0,0,0,0,0,0,187780,189924,192232,186472,190262,193403,6781,7071,6744,6866,7203,7182,0
16901,50000,1,3,2,38,1,2,0,0,0,0,38811,33993,35365,15426,17157,21842,0,2077,2000,2000,5000,0,0
16902,110000,1,2,2,40,0,0,0,0,0,0,106455,109191,110937,108869,43207,42954,6000,5000,3814,2000,1600,1600,0
16903,20000,1,3,2,46,0,0,0,0,0,0,9784,11195,12542,13619,14415,15281,1885,1838,1300,1000,1074,183,0
16904,100000,1,3,2,45,0,0,0,0,0,0,10380,71944,72486,73717,74402,73187,72024,4028,6006,3018,3000,3008,0
16905,370000,1,1,2,37,0,0,0,0,0,0,12913,3409,2070,1895,2214,29613,3409,2070,1895,2214,29613,535,0
16906,320000,1,4,2,36,0,0,0,0,0,0,2860,16021,0,0,0,0,16021,0,0,0,0,0,0
16907,80000,1,1,1,33,0,0,0,0,0,0,45524,62969,36217,36386,41596,27635,2000,10000,2000,6500,8000,5000,0
16908,100000,1,1,1,35,1,0,0,0,0,0,0,0,0,0,0,970,0,0,0,0,970,830,1
16909,180000,1,2,1,42,2,0,0,0,0,0,26883,27884,28958,29864,30632,31274,1452,1526,1432,1200,1072,1326,1
16910,90000,1,3,1,46,0,0,0,0,0,0,91092,91229,66730,44850,29257,24755,4000,3000,2000,638,2000,500,0
16911,170000,1,2,1,39,0,0,0,0,0,0,142509,143339,125864,112300,110371,113685,5000,20000,6000,5000,5000,3000,0
16912,80000,1,2,1,50,0,0,0,0,0,0,72269,75007,67150,44374,48974,35396,4000,3000,5000,37000,2000,2000,0
16913,20000,1,3,1,50,0,0,0,0,0,2,19657,20141,17703,18954,19582,19866,1273,1321,1572,1200,700,400,0
16914,50000,1,2,2,60,0,0,0,0,0,0,51078,50649,36384,32913,9397,9755,2013,2505,2100,500,500,500,0
16915,20000,1,2,2,50,1,2,3,2,2,3,10056,12571,12086,11595,13197,12700,3000,0,0,1800,0,0,1
16916,390000,1,1,1,64,0,0,0,0,0,0,38383,38134,38679,39689,40472,41320,1608,1647,1657,1440,1496,1518,0
16917,80000,1,3,1,59,0,0,0,0,0,0,78651,80199,82036,82031,81535,81586,3454,3725,3722,3228,3281,3374,0
16918,350000,1,2,1,51,0,0,0,0,0,0,343842,107315,355925,353074,223209,207743,15000,340000,20000,9000,8000,14000,0
16919,320000,1,1,1,51,0,0,0,0,0,0,483184,290784,277482,282869,253903,249866,20373,13000,11160,8418,8325,8602,0
16920,50000,1,3,1,52,2,2,2,2,4,3,36428,37530,38630,41774,40806,41357,2000,2000,4086,0,1500,1000,0
16921,260000,1,2,1,62,0,0,0,0,0,0,390,390,390,390,390,390,390,780,390,390,390,390,0
16922,200000,1,2,1,55,0,0,0,0,0,0,169287,172655,178858,180101,173138,176920,6177,8982,6758,6257,6633,6115,0
16923,30000,1,2,1,49,0,0,2,0,0,0,390,1358,578,340,-50,-440,1936,0,340,0,0,0,1
16924,20000,1,2,2,55,0,0,0,0,0,2,7357,8270,9301,10440,11193,10575,1290,1321,1460,1213,1,357,0
16925,320000,1,2,1,50,0,0,0,0,0,0,277884,281848,288726,293969,247873,250870,10100,11422,11006,10011,9091,7026,0
16926,30000,1,3,3,52,1,2,2,3,2,2,23819,23144,28066,27321,27571,29300,0,5637,0,1000,2332,0,1
16927,90000,1,3,2,50,0,0,0,0,0,0,80926,76495,71616,60177,54440,45788,3451,3243,2390,1840,1690,1954,0
16928,180000,1,2,1,52,0,0,0,0,0,0,360,345,139740,15631,2777,2160,345,139770,1000,2777,2160,3424,0
16929,50000,1,1,2,50,0,0,0,0,0,0,47155,23882,10054,3122,8471,6315,2000,4038,3129,8471,12508,19216,0
16930,60000,1,2,1,52,0,0,0,0,0,0,58682,56893,58170,56539,29425,28013,3762,3000,2000,1000,1000,1500,0
16931,50000,1,2,2,53,0,0,0,0,0,0,48353,48005,49115,48688,48927,49106,2000,2581,1900,1919,1887,1127,0
16932,50000,1,3,1,55,0,0,0,0,0,0,390,390,390,390,390,390,390,390,390,390,390,390,0
16933,20000,1,3,1,53,3,2,2,7,7,7,2255,2255,2255,2255,2255,2255,0,0,0,0,0,0,1
16934,80000,1,3,1,53,1,2,0,0,0,0,9637,7251,8026,3878,3618,0,0,1088,1000,1000,958,1210,0
16935,350000,1,1,1,58,0,0,0,0,0,0,500,4063,-25,-25,-25,-25,4063,0,0,25,0,0,0
16936,200000,1,2,1,52,0,0,0,0,0,0,150603,153900,0,0,0,0,7000,0,0,0,0,0,0
16937,360000,1,2,1,50,0,0,0,0,0,0,28595,0,2500,0,0,0,0,2500,0,0,0,0,0
16938,20000,1,3,2,59,2,2,2,2,4,3,16357,19074,18482,20329,19616,19303,3000,0,2300,0,0,0,1
16939,90000,1,3,1,55,0,0,0,0,0,0,30789,31791,32827,33877,35311,36738,1514,1550,1600,2000,2000,2500,0
16940,370000,1,3,2,66,0,0,0,0,0,0,258397,236235,204503,201259,157159,152357,9661,9599,8683,6970,56032,6025,0
16941,180000,1,1,2,51,0,0,0,0,0,2,134327,123211,118587,118482,119952,110003,6015,6005,5702,7509,14,5011,1
16942,20000,1,3,3,59,2,0,0,0,0,0,15281,16316,17347,18055,18755,20299,1596,1600,1300,1000,2000,0,1
16943,30000,1,1,1,57,2,0,0,2,3,2,22957,23978,26749,28085,27344,26768,1707,3478,2073,0,0,1129,1
16944,60000,1,3,1,54,0,0,0,0,0,0,58432,58312,59388,29941,1341,1876,20000,3000,3000,1000,2000,25000,0
16945,330000,1,2,1,52,0,0,0,0,0,0,120212,119507,118891,107722,96842,85015,5000,5000,5000,5000,3500,5000,0
16946,230000,1,2,1,51,2,0,0,0,0,0,204643,197993,84076,77766,70066,62865,5805,2965,3500,2600,2500,1901,0
16947,50000,1,3,1,57,2,0,0,0,0,0,18275,18494,16978,16282,17363,8833,1509,2003,1200,1281,1512,2308,0
16948,30000,1,5,1,56,0,0,0,0,0,0,29060,23546,0,1473,780,0,1030,0,1473,780,0,1320,0
16949,80000,1,1,1,53,0,0,0,0,0,0,39298,40061,40502,15948,15915,390,1809,2030,1476,833,390,390,0
16950,50000,1,2,1,58,2,2,2,2,0,0,8728,10726,11257,11772,12574,13369,2152,1000,1000,1000,1000,1000,1
16951,10000,1,2,1,50,1,2,0,0,0,0,10171,8150,8446,8067,8227,8400,2,1281,1134,294,305,1000,0
16952,170000,1,5,1,56,0,0,0,0,0,0,86229,134760,132615,131213,129293,128379,55000,5012,5000,4516,5000,5000,0
16953,50000,1,2,1,61,2,0,0,0,0,0,390,390,390,390,390,390,390,390,390,390,390,390,1
16954,20000,1,3,2,57,2,0,0,2,3,2,9918,11442,15926,16668,16109,15709,2000,5000,1300,0,0,1000,0
16955,20000,1,2,2,50,0,0,0,0,0,0,1956,16568,15586,12800,0,0,16573,1551,5060,0,0,0,0
16956,190000,1,3,1,50,0,0,0,0,2,0,102648,106410,108770,115325,112063,114484,5400,5491,9800,0,4300,8700,0
16957,270000,1,1,1,50,2,4,3,3,2,2,213616,208784,212058,207226,202394,231339,0,8000,0,0,32236,3000,0
16958,480000,1,2,2,51,0,0,0,0,0,0,2900,17646,0,15620,5200,1355,17646,0,15620,5200,1355,2750,0
16959,380000,1,3,1,52,0,0,0,0,0,0,145445,144908,147940,151488,154975,159477,6000,5362,6000,6000,7000,10000,0
16960,20000,1,3,1,49,0,0,0,0,0,0,10823,11180,0,0,0,0,1400,0,0,0,0,0,1
16961,50000,1,2,1,48,2,2,2,2,2,2,42807,44489,45470,46424,45377,48441,2700,2000,2000,0,3800,0,1
16962,280000,1,3,1,52,0,0,0,0,0,0,247868,251246,258032,263163,267083,272706,9000,10842,10928,9700,10000,10125,1
16963,240000,1,1,1,65,0,0,0,0,0,0,146696,149707,151780,152373,145763,148276,6930,6000,6000,6000,5500,6000,0
16964,110000,1,2,1,54,2,2,2,2,2,2,55753,56839,58039,58792,59620,60819,2600,2700,2300,2400,2300,2400,1
16965,200000,1,1,1,53,0,0,0,0,0,0,66012,68099,70387,71929,58133,40500,2500,2700,2242,2093,1300,0,0
16966,140000,1,1,1,56,0,0,0,0,0,0,1862,7465,1744,1700,1700,4584,7465,1744,1700,1700,4584,1550,0
16967,260000,1,1,1,53,0,0,0,0,0,0,73223,66672,64075,63922,60089,53326,2001,2048,2129,1660,1568,1997,0
16968,130000,1,2,2,57,0,2,2,2,0,0,4820,3186,7924,6210,2560,7380,0,6210,0,0,7380,11720,0
16969,50000,1,3,1,54,0,0,0,0,0,2,37238,38387,39589,19533,20535,19690,1771,1973,1307,1699,0,705,0
16970,300000,1,1,2,55,0,0,0,0,0,0,390,601,4247,5484,5125,1752,601,4285,5500,5151,1757,12918,1
16971,30000,1,3,1,54,3,3,3,2,0,0,29391,30224,29472,56952,28476,28296,1600,0,0,600,600,1000,1
16972,50000,1,3,2,58,0,0,0,0,0,0,14628,15638,16383,17837,15791,15988,1558,1303,1757,711,600,1500,0
16973,450000,1,1,1,67,0,0,0,0,0,0,0,0,0,0,0,0,0,0,0,0,0,0,1
16974,170000,2,2,2,27,0,0,0,0,0,0,48947,35777,37589,29079,27134,27734,10000,3037,5018,5006,3024,3309,0
16975,60000,2,2,2,29,2,2,2,2,0,0,40351,41387,42117,41140,42110,42988,2000,1685,0,1655,1707,1718,1
16976,30000,2,3,2,26,0,0,0,0,0,0,30244,29640,30451,29391,30042,28436,1701,1600,1500,1095,1500,2000,0
16977,200000,2,1,2,28,0,0,0,0,0,0,3494,2516,2228,6338,2290,3620,2516,2228,6338,2290,3620,6504,0
16978,30000,2,2,1,30,1,3,2,2,2,2,28720,27977,27248,29281,28511,30952,0,0,2800,0,2900,0,0
16979,100000,2,1,1,30,1,0,0,0,0,0,0,851,1585,-1,-1,2994,851,1589,0,0,2995,0,1
16980,30000,2,3,1,35,1,2,0,0,0,0,29622,28852,29777,29478,30290,27803,0,1700,1700,1500,1500,1500,0
16981,150000,2,3,2,24,0,0,0,0,0,0,66347,15768,10874,4466,2125,4421,1827,1777,1175,2125,4421,21607,0
16982,210000,2,1,2,25,0,0,0,0,0,0,100,0,0,5933,8698,11572,0,0,5933,3000,3000,7444,0
16983,300000,2,1,2,28,0,0,0,0,0,0,788,736,736,1025,27289,28142,1000,736,1025,27000,2000,1100,0
16984,50000,2,3,2,22,0,0,0,0,0,0,18108,18512,19468,16989,17326,17748,1400,1300,2800,619,700,1000,0
16985,360000,2,2,1,33,0,0,0,0,0,0,21730,20000,8660,10013,-24,-24,20000,8660,1510,0,0,5189,0
16986,240000,2,1,2,28,0,0,0,0,0,0,233441,236496,242446,207633,197644,193724,9000,10307,9014,6029,6014,6034,0
16987,260000,2,1,2,30,0,0,0,0,0,0,893,2778,4052,977,977,452,2946,4052,977,977,452,2097,1
16988,140000,2,1,1,33,2,0,0,0,0,0,55563,55222,54293,53294,51558,52800,2520,2510,2450,1676,1900,1826,1
16989,10000,2,1,2,21,0,0,0,2,0,0,8278,7888,10084,9699,9699,0,1304,2500,6,0,0,0,0
16990,50000,2,3,2,22,0,0,0,0,0,0,46811,40458,50622,42132,15311,19387,1036,50622,1149,15311,19387,385,0
16991,50000,2,2,2,22,0,0,2,2,2,0,37253,38075,32982,31857,29647,29585,5500,6194,1200,0,2000,2000,0
16992,50000,2,2,2,22,2,2,2,2,2,2,36665,40362,39441,41318,13996,14974,4626,0,3003,0,1206,0,1
16993,140000,2,1,2,23,0,0,2,0,0,0,90289,91739,89623,82030,84792,84794,10007,1038,3900,5000,4000,5000,1
16994,20000,2,2,2,27,0,0,0,0,0,0,7486,7826,9574,12101,17128,13395,2000,4574,5101,5128,3395,5385,0
16995,50000,2,2,2,24,2,0,0,0,0,0,48690,48384,49450,49706,9472,9671,2078,2144,1400,339,352,500,1
16996,30000,2,3,2,23,4,4,3,2,0,0,15947,15410,14881,14124,14172,1270,0,0,0,48,0,0,0
16997,50000,2,2,2,22,0,0,0,0,0,0,8585,0,880,0,150,528,0,880,0,150,528,25775,0
16998,130000,2,2,2,23,0,0,0,0,0,0,-169,3464,7569,8130,544,148,4739,22271,8526,544,148,72392,0
16999,80000,2,1,2,23,0,0,0,0,0,0,390,390,390,390,390,540,390,390,390,390,540,390,0
17000,30000,2,2,2,21,0,0,0,0,0,0,28028,25278,23485,27339,25091,0,2019,2511,10000,502,0,0,0
17001,50000,2,2,2,22,0,0,0,0,0,0,24775,25971,26666,27324,29596,26226,2001,1501,1501,3001,919,3501,0
17002,20000,2,2,2,22,1,0,0,0,0,0,3843,396,0,0,0,0,2000,0,0,0,0,0,1
17003,90000,2,3,2,22,0,0,0,0,0,0,68663,65244,52452,35001,29675,28667,4341,2068,3315,1029,1334,1673,0
17004,30000,2,1,2,22,0,0,0,0,0,0,29362,29819,30582,28983,27947,26630,1800,3000,1404,559,533,1000,0
17005,50000,2,2,2,22,2,2,2,3,2,2,19091,18487,22219,21520,20108,18207,0,4042,0,648,0,921,0
17006,150000,2,1,2,24,1,0,0,0,0,2,-200,200,200,200,550,550,600,200,200,550,200,0,0
17007,20000,2,3,1,24,0,0,0,0,2,2,10994,12006,15967,17576,16996,18223,1500,4500,2187,0,1500,0,1
17008,30000,2,1,2,24,0,0,0,0,0,0,30900,410,28883,24291,27503,28142,410,28883,1710,6000,1200,1175,1
17009,50000,2,2,2,24,2,2,2,2,2,2,49397,50388,51450,47867,51045,51118,2100,2200,0,4300,2100,0,0
17010,400000,2,1,2,30,0,0,0,0,0,0,153655,156309,137701,191514,121092,166173,26876,10134,85450,10140,88097,10086,0
17011,20000,2,2,2,23,0,0,0,0,0,0,16027,16740,17451,18141,18239,18302,1600,1600,1600,1000,663,654,0
17012,70000,2,2,2,23,1,2,0,0,0,0,72306,70543,63061,61520,63080,2900,4,2407,2041,2387,2905,72697,0
17013,20000,2,1,2,23,0,0,0,0,0,0,6916,13914,10130,6165,6165,6315,14000,1145,950,0,150,6000,0
17014,30000,2,1,2,23,0,0,0,0,0,0,27013,26590,26249,22721,17650,25602,1470,1889,1400,384,1000,0,0
17015,30000,2,2,2,23,0,0,0,0,0,2,28138,22517,24148,25437,28391,27801,2000,2000,2000,3700,0,1500,0
17016,80000,2,1,2,24,2,2,0,0,0,0,48597,49259,46209,46574,47230,48282,1800,1800,1800,1800,1800,2000,1
17017,80000,2,1,2,24,0,0,0,0,0,0,78862,71124,59692,58055,44578,45889,4000,3000,1844,1567,2000,2000,0
17018,40000,2,2,2,24,0,0,0,2,2,0,33370,34413,37644,38026,36519,36724,1600,3800,1300,0,1400,1400,1
17019,70000,2,2,2,23,0,0,0,0,0,0,44830,46185,47208,47241,48212,45849,2100,2079,2500,2000,2000,1700,0
17020,10000,2,1,2,22,0,0,2,0,0,0,6967,9199,8908,9676,9680,8343,2523,0,1000,4,167,3535,1
17021,60000,2,2,1,24,2,0,0,0,2,0,61434,59358,57781,62309,60435,55468,2850,2130,7050,0,3190,2100,1
17022,50000,2,1,2,22,1,2,0,0,0,0,4434,4215,5241,6238,5979,7492,0,1103,1100,215,2000,1000,0
17023,80000,2,2,2,23,0,0,0,0,0,0,6805,8449,10303,11737,10619,49872,2000,2000,2000,1000,40002,2009,0
17024,70000,2,1,2,23,0,0,0,0,0,0,7668,8878,10077,11203,11320,11487,1500,1500,1600,600,500,600,1
17025,30000,2,3,2,22,0,0,0,0,0,0,8922,6698,187,1187,0,1405,1275,187,1000,0,1405,623,0
17026,30000,2,2,2,22,2,2,2,0,0,0,27201,27873,25406,23339,17869,15284,4000,0,2000,2000,1500,1000,1
17027,20000,2,2,2,25,0,0,0,0,0,0,18825,18545,18606,18904,19433,18902,1300,1613,1301,830,698,822,1
17028,50000,2,1,2,25,0,0,0,0,0,0,390,0,390,780,0,0,0,390,780,0,0,0,1
17029,30000,2,2,2,29,0,0,0,0,0,0,26953,27412,27835,28215,28345,29055,1741,2000,1439,959,1500,1411,0
17030,50000,2,2,2,24,0,0,0,0,0,0,50649,50607,49903,41083,29635,30261,1905,1801,1468,1043,1085,1193,0
17031,50000,2,1,2,22,1,2,2,2,0,0,42611,41632,44069,37395,32284,32805,0,3509,0,1302,1191,1492,0
17032,50000,2,3,2,23,2,2,2,2,2,2,41740,42755,43878,42877,45701,46720,2000,2100,0,3850,1900,1600,1
17033,50000,2,1,2,23,1,0,0,0,0,0,0,0,0,0,0,0,0,0,0,0,0,0,0
17034,10000,2,1,2,23,3,2,2,7,7,7,2400,2400,2400,2400,2400,2400,0,0,0,0,0,0,1
17035,10000,2,2,1,24,0,0,0,0,0,0,6902,7922,8939,9533,9692,9829,1142,1159,1140,692,829,1000,1
17036,110000,2,2,2,24,0,0,0,0,0,0,1183,1362,1352,1867,36986,40053,1362,1352,1867,36986,5000,3000,0
17037,140000,2,2,2,24,0,0,0,0,0,0,34814,35806,36823,36285,36683,37150,1887,3000,1580,1294,1355,5000,0
17038,20000,2,1,2,24,0,0,0,0,0,2,19000,15114,5831,14784,961,311,1000,5831,14784,961,0,15735,0
17039,30000,2,1,2,24,0,0,0,0,0,0,25288,27549,28784,28708,27916,30333,3000,2000,1800,2000,3000,2500,0
17040,100000,2,2,2,24,2,2,2,2,2,3,93330,95285,96674,97983,102803,100960,4400,3800,3800,7300,0,679,1
17041,20000,2,1,2,24,2,0,0,0,0,0,1150,1661,-29,2992,3664,5364,1661,0,3021,3664,5364,0,0
17042,190000,2,2,2,25,0,0,0,0,0,0,26023,24995,23130,28126,26104,18840,1615,1200,26703,2104,7000,11747,0
17043,300000,2,2,2,24,0,0,0,0,0,0,26158,25673,14290,7490,2962,0,5673,7000,7490,2962,0,0,0
17044,50000,2,2,1,26,2,2,2,2,2,2,46800,47830,48868,49470,48003,50755,2100,2100,1701,1,3906,0,1
17045,30000,2,3,2,26,0,0,2,0,0,0,30467,30403,30546,30255,30096,30353,2173,1613,1453,946,997,1118,0
17046,20000,2,1,2,25,0,0,0,0,0,0,4541,0,724,18589,18985,19531,0,724,18589,1000,1000,1000,1
17047,60000,2,2,2,25,0,0,0,0,0,0,3075,59808,58058,59679,5575,1733,61058,2186,5667,1200,2000,0,1
17048,70000,2,2,1,25,0,0,0,0,0,0,67574,69876,56925,28421,8706,29275,3839,2000,3000,1100,28000,1180,0
17049,60000,2,2,1,24,2,3,2,2,2,0,34708,33866,33041,35284,31602,32221,0,0,2900,0,1200,1409,1
17050,60000,2,2,1,25,2,0,0,2,0,0,33598,34733,37460,36558,37945,38782,2000,3600,0,2000,1600,1600,1
17051,30000,2,2,2,22,2,2,0,0,0,2,31331,24544,28267,30470,29284,25762,0,5600,3005,1200,0,5000,1
17052,100000,2,2,1,24,2,0,0,0,0,0,68371,9015,3325,0,0,93737,1300,1000,0,0,94562,3700,1
17053,70000,2,3,2,25,2,0,0,0,0,0,70963,71056,70850,70823,71006,70828,2527,2615,2500,3000,2600,3000,1
17054,20000,2,2,2,22,0,0,0,0,0,0,38391,20305,7992,13524,19320,8430,2608,2000,11200,9386,14500,10800,1
17055,50000,2,2,2,22,0,0,2,0,0,0,38340,41362,34656,35004,35514,2582,3700,0,1200,710,52,1000,0
17056,50000,2,3,1,22,2,2,2,2,2,2,40247,40189,43434,44316,45189,46214,900,3900,1900,1900,1900,3600,0
17057,30000,2,2,1,22,0,0,0,0,0,0,14533,16534,17213,17723,17431,17882,3002,2002,1553,1002,2002,1000,0
17058,30000,2,3,2,22,2,2,0,0,0,0,29793,29008,29047,29507,11609,11711,0,1687,1147,524,400,666,1
17059,30000,2,2,2,22,0,0,0,0,0,0,25490,26494,27534,28177,28399,28655,1432,1472,1447,1001,1030,1059,1
17060,60000,2,2,2,23,2,0,0,0,0,0,58900,60020,60195,60864,40512,39523,2717,2929,2429,1551,1567,1456,1
17061,20000,2,2,1,22,0,0,0,0,0,0,19667,19974,5491,831,20088,19733,1500,1000,831,20500,1000,1100,1
17062,50000,2,3,2,23,2,0,0,0,0,0,50653,49348,47995,40226,27828,28411,2190,2027,2204,996,1031,1047,0
17063,30000,2,1,2,24,0,0,0,0,0,0,28049,27383,25728,26521,23593,21963,2000,1500,2000,1000,1000,1000,0
17064,30000,2,1,2,23,0,0,0,2,2,0,29047,30062,29659,29274,18770,13960,1508,3016,1730,16,1001,1000,1
17065,70000,2,1,2,24,1,2,0,0,0,0,19200,19079,17695,17791,15704,16257,500,1300,1240,600,1000,608,0
17066,100000,2,2,2,24,0,0,0,0,0,0,101614,99413,102252,89009,79853,80970,10000,17023,8942,86950,33000,7013,0
17067,100000,2,2,2,24,0,0,0,0,0,0,7094,8249,7911,17716,1002,1518,1439,2000,10070,1002,1000,500,0
17068,250000,2,2,2,25,0,0,0,0,0,0,5211,5211,6282,4140,5211,5211,5211,6282,4140,5211,5211,5211,0
17069,130000,2,2,1,25,0,0,0,0,0,0,127125,78165,79306,80974,83635,87287,4000,3000,3000,5000,5000,5000,0
17070,50000,2,1,2,25,2,0,0,0,0,0,49052,48026,47361,44293,17807,18324,3006,2300,3064,1799,790,1100,1
17071,250000,2,2,2,26,0,0,0,2,2,2,124353,132251,148597,135715,76113,26366,10000,19888,2500,10302,17500,3000,0
17072,50000,2,2,1,26,0,0,0,0,0,0,50604,50913,43348,10122,9626,9828,1924,1461,1155,400,351,500,1
17073,50000,2,1,2,25,0,0,0,0,0,0,38487,41186,41535,36973,39581,41817,5000,5000,3000,4000,5000,2000,0
17074,230000,2,2,2,24,0,0,0,0,0,0,0,0,0,0,0,0,0,0,0,0,0,0,0
17075,200000,2,2,2,25,0,0,2,0,0,0,175435,195581,190716,132731,129960,66747,24720,0,6000,40450,13000,5000,0
17076,50000,2,2,2,23,0,0,0,0,0,0,46968,36912,32616,29788,27562,26129,1600,1500,1500,1200,1078,951,0
17077,100000,2,2,2,24,3,2,2,2,2,2,85016,86918,88624,89576,90614,89046,4200,4000,3300,3400,0,7000,1
17078,140000,2,2,2,24,0,0,2,2,2,2,99012,106817,109646,106420,111130,113204,11000,6000,0,8000,4000,5000,0
17079,20000,2,2,2,24,0,0,0,0,0,0,13542,14852,15571,16584,17067,34262,1543,1262,1275,758,638,1340,0
17080,100000,2,2,2,25,0,0,0,0,0,0,87987,86380,88597,84861,69750,47394,4000,3900,3000,2000,2000,2000,0
17081,240000,2,2,2,25,0,0,0,0,0,0,9030,9685,10996,13149,14655,17133,1144,3000,3000,2000,3000,2000,0
17082,20000,2,2,2,25,0,0,0,0,0,0,18519,20195,19638,17198,14253,18475,2000,1376,1121,460,6000,624,0
17083,50000,2,1,2,25,0,0,0,0,0,0,45342,44719,40002,38008,31898,20154,2000,5040,8034,3029,5000,49436,0
17084,50000,2,1,2,25,0,0,2,2,2,2,25008,27790,27059,29505,29824,29209,3200,0,2900,1100,0,2400,0
17085,60000,2,2,2,25,0,0,0,0,0,0,36081,37194,38116,39902,58737,56902,2500,2000,3000,20000,3000,2000,0
17086,10000,2,2,2,22,0,0,2,2,2,0,6759,8925,8637,10277,9736,9704,2450,0,1800,0,500,600,1
17087,30000,2,1,2,23,1,4,4,3,2,3,26185,29944,29399,28632,30363,29594,4518,206,0,2500,0,2000,0
17088,30000,2,1,2,23,0,0,2,2,3,2,21077,23793,23130,28790,28038,27451,3383,0,6380,0,0,2300,1
17089,60000,2,1,2,23,0,0,0,0,0,2,13233,12772,14555,15803,19217,18768,1500,2000,1500,3700,0,900,0
17090,80000,2,2,2,25,1,2,0,0,0,0,78894,79989,79882,67946,51435,53113,3000,3500,5000,2500,2500,2000,0
17091,130000,2,2,2,25,0,0,0,0,0,0,111587,112348,114734,117823,120854,123904,4100,4200,5000,5000,5000,10700,0
17092,30000,2,2,2,25,1,2,3,2,2,0,17835,21220,20563,18676,18281,17261,4000,0,1000,0,2000,2000,0
17093,60000,2,2,2,23,0,0,0,0,0,0,57097,58134,58647,59619,57068,57668,2659,2190,2078,2002,2062,2072,1
17094,80000,2,2,1,24,0,0,0,0,0,0,74377,76137,78366,78400,80000,80000,3000,3455,1960,2000,0,0,0
17095,230000,2,2,2,24,0,0,0,0,0,0,78737,63494,55284,42693,42541,34197,2300,2000,1535,1183,1500,2000,0
17096,80000,2,1,2,25,0,0,0,0,0,0,72120,71702,71532,71222,47538,48879,2600,2700,2200,2000,3443,2000,0
17097,70000,2,1,2,24,0,0,0,0,0,0,70888,63903,65248,62958,64209,59482,2900,3000,2190,2201,2181,2413,0
17098,220000,2,2,1,25,0,0,0,0,0,0,142714,270596,52682,23243,18101,27036,7200,3200,1200,1000,25000,2000,0
17099,50000,2,2,2,25,0,0,0,0,0,0,44894,43924,36549,32665,20246,19968,5003,5016,4000,2000,2000,2000,0
17100,210000,2,2,2,24,0,0,0,0,0,0,45685,29287,19689,20629,21193,21484,1609,1362,1302,866,742,1000,0
17101,60000,2,2,2,24,3,2,2,2,2,0,150,150,150,150,150,150,0,0,0,0,150,44399,1
17102,30000,2,2,1,25,1,2,0,0,0,0,29304,28534,29906,30524,28915,29524,0,1831,1449,1100,1051,1281,1
17103,50000,2,2,2,24,0,0,0,0,2,0,43627,39981,40205,43024,39908,40731,3000,2001,3520,0,2000,2000,0
17104,50000,2,2,1,24,0,0,2,0,0,0,23996,27087,26372,26992,27693,29237,3500,0,1400,1100,2100,0,0
17105,80000,2,1,2,26,0,0,0,0,0,0,37329,38151,39229,40291,40902,42122,3700,2000,2000,3500,2000,4000,0
17106,60000,2,3,1,25,0,0,0,0,0,0,60340,58556,57251,57826,22544,26675,2200,2600,2300,3000,5000,2000,1
17107,20000,2,2,2,25,0,0,0,0,0,0,15389,16397,17195,17499,16236,10400,1270,1341,1160,556,600,0,1
17108,50000,2,3,1,26,0,0,0,0,0,0,47095,48085,49039,49662,0,0,2073,2027,1650,0,0,0,0
17109,260000,2,1,2,27,0,0,0,0,0,0,23820,23873,14856,17022,20032,11144,10000,3000,4000,5000,3000,6000,0
17110,170000,2,2,2,27,0,0,0,0,0,0,414,-1020,25607,23922,24399,24919,0,27107,1500,863,903,3000,1
17111,20000,2,2,2,27,0,0,0,0,0,0,15248,16255,17282,18293,18661,20157,1265,1292,1303,671,1800,0,0
17112,20000,2,2,1,26,1,2,0,0,0,0,20224,19210,19327,20000,0,0,0,1500,1000,0,0,0,0
17113,130000,2,2,1,26,0,0,0,0,0,0,2783,131860,130000,0,0,0,130000,3000,0,0,0,0,0
17114,70000,2,2,1,25,0,0,0,0,0,0,70940,70639,71230,68655,41679,29887,2533,3098,2811,1281,1069,1103,0
17115,120000,2,1,2,26,0,0,0,0,0,0,594,1052,736,420,2189,1482,1052,736,420,2189,500,0,0
17116,210000,2,1,2,26,0,0,0,0,0,0,10401,18480,330,330,330,330,18480,330,330,330,330,480,0
17117,50000,2,2,1,27,0,0,0,0,0,0,40491,41522,42725,40802,42422,47912,2003,2206,3000,3000,8000,0,0
17118,30000,2,1,2,27,0,0,0,0,0,0,26951,27726,28561,18030,11467,12681,2000,1682,1500,1000,1408,800,0
17119,150000,2,2,2,27,0,0,0,0,0,0,140947,121059,95250,55070,44425,7582,5000,3709,1101,2000,152,70181,0
17120,300000,2,3,2,27,0,0,0,0,0,0,105786,113850,116918,119929,122914,125910,9000,4000,4000,4000,4000,4000,0
17121,150000,2,2,2,27,1,0,0,0,0,0,0,0,0,0,699,1170,0,0,0,699,1170,1173,0
17122,30000,2,2,1,27,2,2,2,2,4,3,25557,26648,27536,28203,29048,29903,1800,1600,1400,1600,1600,1600,1
17123,50000,2,2,2,27,0,0,0,0,0,0,48492,48356,32904,28864,29708,29921,1600,1715,2000,3010,2000,1100,0
17124,80000,2,1,2,26,0,0,0,0,0,0,78025,80224,81619,80030,79434,81348,3500,3300,3100,2900,3200,3100,0
17125,80000,2,2,1,26,0,0,0,0,0,0,13465,20577,10424,4898,847,1342,20587,10759,4995,847,1344,4774,0
17126,60000,2,2,2,26,1,0,0,0,0,0,-25,-25,-25,1901,38746,39178,0,0,2306,40367,1416,1419,0
17127,200000,2,1,1,27,0,0,0,0,0,0,-3,-3,-3,360,0,0,0,0,363,0,0,0,0
17128,280000,2,2,2,31,0,0,0,0,0,0,147646,150703,156784,156230,159123,163152,7001,10000,6000,5200,6000,5400,0
17129,50000,2,2,2,24,0,0,0,2,0,0,47608,48933,51415,48977,10082,9936,2118,3600,7,345,1000,400,0
17130,80000,2,2,2,24,2,2,2,2,2,2,22453,23787,23124,26700,27064,27685,2000,0,4300,1100,1200,0,1
17131,50000,2,2,2,23,0,0,0,0,0,0,33243,16290,12594,0,0,0,2000,2010,0,0,0,0,0
17132,20000,2,1,2,24,0,0,0,0,0,0,18916,18556,19162,19293,19298,19198,1600,1805,1400,405,400,0,0
17133,80000,2,1,2,24,0,0,2,0,0,0,39813,46375,43576,28468,25971,23686,9425,1,2012,1091,1006,2516,1
17134,20000,2,3,1,27,3,2,0,0,0,0,16004,15450,16892,17396,14017,0,0,1696,1200,22,0,0,1
17135,110000,2,2,2,28,0,0,0,0,0,0,106202,105080,107420,107325,108545,105341,5300,5540,5361,4500,4000,4500,0
17136,50000,2,1,2,28,0,0,0,0,0,0,31392,-288,-144,-144,-144,6,0,0,0,144,150,0,0
17137,130000,2,3,2,24,0,0,0,0,0,0,90141,91948,94067,96604,97706,121027,4200,4500,5000,3600,25000,5000,1
17138,20000,2,1,2,25,0,0,0,2,0,0,1828,2835,5270,5040,5304,5777,1200,2500,0,500,558,0,1
17139,130000,2,2,2,25,2,0,0,0,0,0,836,668,1017,1298,550,-286,668,1200,1300,964,1698,60549,1
17140,50000,2,3,2,25,0,0,2,2,2,0,41641,44434,45916,46566,45516,46484,3500,2500,1700,0,1700,3900,1
17141,50000,2,2,2,25,2,2,2,2,2,2,33586,34636,35683,36200,36808,37671,1900,1900,1400,1500,1600,1500,1
17142,130000,2,2,2,26,0,0,0,0,0,0,187600,185945,183828,164667,132746,57989,6074,6037,4646,4230,1941,2151,0
17143,80000,2,2,1,26,0,0,2,4,3,2,32183,34454,39559,38640,37721,39965,2820,6000,0,0,3000,0,1
17144,230000,2,2,1,28,0,0,0,0,0,0,1736,67982,72938,54105,18744,5148,68000,7064,4106,5075,1000,4080,0
17145,500000,2,1,2,28,0,0,0,0,0,0,6618,8984,9558,7426,11130,15382,8984,9570,7432,11130,10000,22212,0
17146,160000,2,1,2,27,0,0,0,0,0,0,124573,122730,125319,125283,124170,125140,5800,5900,5900,4300,4600,4400,0
17147,150000,2,2,1,27,0,0,0,0,0,0,5560,0,0,0,0,0,0,0,0,0,0,0,1
17148,60000,2,2,2,27,0,0,2,0,0,0,45373,49363,48308,51616,56416,21680,4747,0,5000,5000,0,23999,0
17149,50000,2,1,2,27,1,2,2,2,2,2,19096,18492,21186,22538,22274,22767,0,3000,2000,400,1000,0,0
17150,10000,2,1,1,27,0,0,0,0,0,0,6031,836,2032,2150,1490,390,836,2032,1000,1000,390,1632,0
17151,140000,2,1,2,28,0,0,0,0,0,0,9598,10631,11349,12661,12606,12869,1500,1195,1507,452,467,470,0
17152,180000,2,1,2,30,0,0,0,0,0,0,112106,105872,107685,106060,2958,1079,3800,6000,3000,100,1100,800,0
17153,260000,2,1,2,28,0,0,0,0,0,0,85666,92286,93742,93369,82476,73789,10005,4026,3481,141,20074,60308,0
17154,90000,2,2,1,27,3,2,2,2,0,0,81701,85753,87510,85188,87112,169533,6000,4000,0,4200,3285,7787,1
17155,20000,2,2,1,29,2,2,2,0,0,0,18985,20271,19658,20086,19630,19627,3100,0,1600,400,393,270,1
17156,30000,2,3,1,26,3,2,2,2,2,2,8893,8601,10862,11485,11006,12270,0,2405,1100,0,1600,0,1
17157,420000,2,2,2,26,0,0,0,0,0,0,62364,30165,106030,33694,49354,44744,30336,107382,33850,49587,47222,57258,0
17158,230000,2,2,2,27,0,0,0,0,0,0,326,326,326,326,326,326,326,326,326,326,326,326,0
17159,90000,2,2,1,28,0,0,0,0,0,0,59694,55282,60630,58919,47850,48034,2852,15678,7763,1686,1735,1518,0
17160,210000,2,2,1,27,2,2,2,0,0,0,170646,174134,167095,161573,122362,116243,7800,16,6800,3800,5134,4000,1
17161,230000,2,2,2,27,0,0,0,0,0,0,73521,75691,77867,80957,83695,86184,4000,4000,5000,5000,4000,8000,0
17162,100000,2,2,2,30,0,0,0,0,0,0,85841,74564,78351,79030,56016,36210,4000,5000,3006,2023,3000,1500,0
17163,20000,2,3,1,30,0,0,0,0,0,0,12304,17000,0,0,700,700,5170,0,0,700,0,0,0
17164,20000,2,3,2,27,0,0,0,0,0,0,20288,20293,20196,19777,20130,19350,1500,1400,2000,3000,1000,1000,0
17165,150000,2,3,2,28,0,0,0,0,0,0,35199,36206,36343,45180,45694,45694,1588,1971,20000,914,0,1746,0
17166,180000,2,1,2,29,0,0,0,0,2,0,10265,11288,13093,14874,14339,19068,1200,2000,2000,0,5000,5000,0
17167,20000,2,1,2,26,0,0,0,0,0,0,17921,18362,19669,16479,16694,17334,1333,1640,1506,721,1000,1000,0
17168,280000,2,1,2,27,0,0,2,2,0,0,18641,21870,2173,-9,-9,3617,6630,10,0,0,3626,2511,0
17169,50000,2,3,2,26,0,0,0,0,0,0,46879,48368,49284,7002,6991,7137,2569,2485,1203,192,199,163,0
17170,50000,2,3,2,26,0,0,0,0,0,0,35988,26708,25230,26999,27748,28351,1700,2000,3000,1500,1200,1136,0
17171,100000,2,2,2,26,0,0,0,0,2,0,6631,7643,8975,11032,10561,10779,1130,1462,2519,0,537,538,0
17172,10000,2,2,2,27,1,2,0,0,0,0,5150,4922,5941,6984,7120,7267,0,1257,1300,400,410,420,0
17173,90000,2,1,2,27,0,0,0,0,0,0,85822,83206,74030,70198,71330,65479,3327,3471,3199,2964,2718,2087,0
17174,120000,2,1,2,29,0,0,0,0,0,0,1914,573,214,4479,980,690,573,219,4484,980,690,0,0
17175,250000,2,2,2,29,2,2,2,0,0,0,252354,258503,252087,246649,177663,125960,11783,0,8065,5404,5000,5000,1
17176,180000,2,1,2,29,0,0,0,0,0,0,9418,-897,2331,3596,3125,2702,0,5028,6411,3155,2702,10909,0
17177,350000,2,2,2,29,0,0,0,0,0,0,209234,205458,200654,196308,192735,190735,7280,7360,8568,6600,6711,6883,0
17178,250000,2,2,2,31,0,0,0,0,0,2,1242,0,0,0,3394,3244,0,0,0,3394,0,37895,0
17179,140000,2,2,1,29,0,0,0,0,0,0,100064,95224,104440,88467,71519,63150,6029,30000,7981,3000,3000,3000,0
17180,50000,2,1,2,28,0,0,0,0,0,0,390,390,390,39685,40109,41303,390,780,39685,1337,5000,4696,1
17181,150000,2,1,2,28,2,2,2,0,0,0,145096,147384,143225,147115,145015,110635,5000,0,6000,0,3000,23747,1
17182,160000,2,1,2,28,0,0,0,0,0,0,4122,1770,0,0,0,0,2000,0,0,0,0,0,0
17183,130000,2,3,1,28,0,0,0,0,0,0,29974,28037,37414,42816,43089,37101,5026,15430,12015,8020,1060,5017,0
17184,340000,2,2,1,26,0,0,0,0,0,0,95878,97594,99835,102801,106263,98797,4500,5000,6000,7000,6000,30000,0
17185,260000,2,2,2,26,0,0,0,0,0,0,16150,17880,22248,26842,35997,55272,2000,5000,5000,10000,20000,15000,0
17186,110000,2,1,2,26,0,0,0,0,0,0,38920,28276,25171,26200,26567,26990,1700,1800,1750,1100,1000,1000,0
17187,400000,2,1,2,29,0,0,0,0,0,0,7191,8856,6181,7859,4899,1466,2000,1500,2000,1000,500,1000,0
17188,70000,2,1,2,29,0,0,0,2,2,2,40048,40783,44205,44784,43763,46646,1700,4100,1600,0,3600,2000,0
17189,20000,2,3,1,31,0,5,4,3,2,0,14320,13815,13403,12888,12019,11500,0,86,0,0,435,480,1
17190,60000,2,2,1,28,2,2,0,0,2,0,17942,17361,18081,20108,19487,35160,0,1304,2331,0,16000,2000,1
17191,80000,2,1,2,29,2,2,2,2,2,0,54313,57988,59271,60013,58453,60155,4600,2800,2300,0,2800,6300,0
17192,150000,2,2,1,31,2,0,0,0,0,0,101425,104014,108229,109374,111279,125353,3872,5500,4005,3241,15500,4000,0
17193,200000,2,5,2,29,0,0,0,0,0,0,9383,37303,21244,7422,27761,21715,37465,21321,1200,27761,5548,30966,0
17194,110000,2,1,2,29,0,0,0,0,0,0,316,31895,316,316,316,31775,31895,316,316,316,31775,1152,1
17195,450000,2,2,2,29,0,0,0,0,0,0,371724,359672,56033,31126,18345,12836,10000,1500,2109,5000,1000,3020,0
17196,160000,2,2,2,29,0,0,0,0,0,0,21898,23075,24010,400,16903,17248,5004,8004,400,16903,345,352,0
17197,150000,2,2,2,28,0,0,0,0,2,2,49278,50156,51849,54659,55681,53878,2000,2500,4300,2500,0,2800,0
17198,30000,2,1,1,28,0,0,0,0,0,0,30497,30665,30945,31070,30969,30620,1800,1900,1776,1500,1100,2504,0
17199,160000,2,2,2,29,0,0,0,0,0,0,1194,2108,1086,1874,2920,0,2108,1086,1874,2920,0,1222,0
17200,140000,2,1,2,29,0,0,0,0,0,0,51822,52960,57088,62868,65284,69663,2000,5000,6500,3000,5000,5000,0
17201,50000,2,1,2,28,0,0,0,0,0,0,5953,1044,2450,248,198,0,1044,2450,248,198,0,2890,0
17202,390000,2,1,2,27,2,2,0,0,0,2,393415,379486,375899,374302,395430,384825,0,16000,15000,29000,0,12000,1
17203,300000,2,2,1,28,0,0,0,0,0,0,16666,1000,16666,0,0,0,1000,16666,0,0,0,0,0
17204,50000,2,2,2,29,2,2,2,2,2,0,43629,46376,45354,49086,48027,49037,3790,0,4500,0,1751,1736,1
17205,70000,1,2,2,29,0,0,0,0,0,0,-8187,-17810,-595,7462,9390,5183,0,100104,10000,15000,10000,20000,0
17206,170000,2,2,2,28,0,0,0,2,0,0,44996,46045,48989,47900,51088,54256,2100,4000,0,4000,4000,4000,0
17207,160000,2,3,1,45,0,0,0,0,0,0,227,-385,-379,-1464,2110,1462,280,6,75,3574,5,246,0
17208,50000,2,1,2,27,2,3,2,2,2,2,34044,33202,34370,34806,35433,36216,0,2000,1300,1500,1500,1500,1
17209,50000,2,2,1,28,1,2,2,2,0,0,38612,37509,15377,12590,11209,7448,0,5000,0,3023,5000,4000,0
17210,90000,2,1,2,28,0,0,0,0,0,0,2780,1950,7956,499,0,5990,1950,7956,499,0,5990,0,0
17211,200000,2,1,2,25,0,0,0,0,0,0,8926,700,610,5130,12050,4970,700,610,5130,12050,4970,8888,0
17212,20000,2,2,2,26,0,0,0,0,0,0,15700,16734,17549,17702,10400,0,1600,1400,1171,600,0,0,0
17213,50000,2,2,1,30,0,0,0,2,0,0,31079,30036,6845,4364,2185,2162,2280,2300,0,44,2200,3000,0
17214,50000,2,2,1,24,1,2,0,0,2,2,12744,12243,16215,20490,19990,0,0,4200,4700,0,0,3390,1
17215,60000,2,3,2,26,0,0,0,0,0,0,27402,26455,28017,25011,28143,24712,1500,4022,1500,3500,1000,1000,0
17216,30000,2,2,1,33,0,0,0,0,0,0,11042,12051,13101,14413,14476,14792,1200,1250,1537,600,550,600,0
17217,360000,2,3,2,30,0,2,2,0,0,0,780,780,390,3115,8069,390,390,0,3115,8069,390,5716,0
17218,20000,2,2,2,22,0,0,0,0,0,0,15513,17908,18652,19156,19206,19948,3000,1666,1500,592,1284,0,0
17219,30000,2,2,2,23,0,0,2,2,2,2,18497,21016,22178,21529,23863,22357,3153,1800,0,3000,0,4255,0
17220,80000,2,2,2,25,0,0,2,2,0,0,47369,49524,48461,45943,46660,46118,4400,1500,1500,1742,1800,2100,1
17221,20000,2,2,1,22,0,0,0,0,0,0,16366,17385,18142,17245,17657,18370,1600,1600,1600,1000,1000,1000,0
17222,70000,2,2,2,25,0,0,0,0,0,0,69455,70300,70737,70324,55291,56648,2600,2620,2641,2000,2250,2100,0
17223,120000,2,1,2,26,0,0,0,0,0,0,103452,104546,105326,111987,112652,114337,4000,4000,10000,4000,5000,4200,0
17224,20000,2,1,2,26,1,2,0,0,0,0,17040,16474,17203,18411,18929,19171,0,1300,1500,824,696,1011,0
17225,20000,2,2,2,22,0,0,0,2,0,0,9848,11192,15677,15133,15582,16677,1515,5000,0,1000,1500,0,0
17226,170000,2,2,2,23,0,0,0,0,0,0,8806,32192,32555,32292,32372,31202,32192,1608,2301,2379,2202,2688,0
17227,130000,2,2,2,24,0,0,0,0,0,0,121720,115630,115939,109428,90359,89216,4155,5802,3487,2908,3013,3093,0
17228,180000,2,3,2,32,0,0,0,0,0,0,183512,172194,176105,171475,134590,133146,7700,8254,9600,4712,4995,5000,0
17229,240000,2,2,2,30,0,0,0,0,0,0,89009,71169,67528,64238,65521,65829,3071,2390,2311,2330,2392,2504,0
17230,50000,2,2,1,27,0,0,0,0,0,0,50544,50792,50480,50372,50993,7957,2300,2000,2000,2500,289,1000,0
17231,100000,2,1,1,39,2,2,2,2,2,2,94732,97284,99542,99898,99786,97670,5000,4700,2950,3100,5,6170,1
17232,80000,2,1,2,33,0,0,3,2,0,0,73397,82151,80296,77848,76508,78396,10000,0,0,2788,3171,3000,0
17233,10000,2,2,3,46,3,2,2,2,2,4,5997,5753,9629,9328,11411,10652,0,4000,0,2395,0,0,1
17234,50000,2,2,2,35,0,0,0,0,0,0,48818,49796,50892,50769,48813,49874,2200,2200,1800,1900,2000,2000,0
17235,80000,2,2,1,35,2,2,2,0,0,2,22001,23339,22677,23692,25406,26050,2000,0,1395,2109,1196,0,1
17236,40000,2,3,1,39,2,2,2,2,2,2,22241,23273,24204,24510,24811,24274,1700,1600,1000,1000,0,2000,1
17237,90000,2,2,1,40,2,2,0,0,0,0,96249,91839,90758,90537,90263,90268,0,3273,3267,3212,3440,6898,1
17238,170000,2,3,1,40,0,0,0,0,0,0,69602,61493,58298,60343,61176,62092,2128,2729,4000,2169,2241,2258,0
17239,50000,2,3,2,49,0,0,0,0,0,0,101590,50696,49894,49453,29824,29319,1800,1991,1670,1036,1050,1118,0
17240,10000,2,2,1,41,3,2,2,7,7,7,2400,2400,2400,2400,2400,2400,0,0,0,0,0,0,1
17241,70000,2,3,1,34,1,2,0,0,0,0,76023,73213,68034,68602,30252,47363,0,3000,3000,1508,20000,2500,0
17242,20000,2,2,2,38,0,0,0,0,0,0,15925,16883,17536,14810,9579,9940,1618,1661,1046,192,10476,2965,0
17243,120000,2,2,2,36,0,0,0,0,0,2,3225,4592,5975,5409,5940,1770,3232,4615,4170,1770,0,7978,0
17244,110000,2,2,1,38,0,0,0,0,0,0,105433,107065,103690,105447,97096,77197,4008,3920,4031,4000,3000,2810,0
17245,50000,2,2,1,36,2,2,4,3,2,2,44897,50039,48981,47897,48811,48058,6200,0,0,2000,160,3525,1
17246,110000,2,2,2,34,0,0,2,0,0,0,10827,11657,8428,9440,11863,10620,2500,0,1200,4000,500,500,0
17247,50000,2,2,1,37,1,2,0,0,0,0,51377,50253,50047,43142,10677,10105,0,2424,2355,363,361,393,0
17248,360000,2,1,2,31,3,2,2,2,2,2,2500,2500,2500,2500,2500,2500,0,0,0,0,0,0,1
17249,20000,2,2,1,38,3,4,3,2,2,2,18666,18087,17517,16930,18043,17156,0,0,0,1381,0,1600,1
17250,180000,2,1,1,42,0,0,0,0,0,0,79216,80905,82708,84433,86134,88251,3000,3100,3100,3100,3500,8400,1
17251,100000,2,2,1,37,0,0,0,0,0,0,100253,101587,100095,98569,99534,100013,4500,4500,5000,4000,3500,3627,0
17252,20000,2,3,1,37,1,2,0,0,2,0,15829,15283,16429,19764,19140,6420,0,1700,4000,0,1000,0,1
17253,150000,2,3,1,39,2,2,2,0,0,0,151664,153994,147038,122498,75782,71306,6300,0,5000,3000,3000,3000,0
17254,60000,2,2,1,27,0,0,0,0,0,0,40831,34613,28178,23199,572,27425,1617,1616,1008,1036,28848,1100,0
17255,80000,2,1,2,29,2,2,0,0,2,0,25248,24549,26823,29157,28389,29036,0,3000,2780,0,1100,1500,1
17256,60000,2,3,1,47,2,3,2,2,2,2,20347,19727,20909,21168,21520,21805,0,1800,900,1000,774,0,1
17257,20000,2,3,1,43,2,0,0,0,0,0,18310,18739,19411,20209,19880,4341,1300,1500,1257,456,149,191,1
17258,110000,2,2,2,33,0,0,0,0,0,0,104151,106217,108884,112149,112507,114200,3791,4368,5500,3971,6280,10300,1
17259,100000,2,3,1,41,1,2,0,0,0,0,77208,75377,77044,78333,78130,77761,0,3475,3263,2805,2888,2680,0
17260,280000,2,2,1,37,0,0,0,0,0,0,198823,206000,0,0,0,0,10000,0,0,0,0,0,0
17261,130000,2,3,2,36,0,0,0,0,0,0,127544,126771,124824,123174,100585,97687,5963,6316,4845,3471,3673,3590,0
17262,50000,2,3,2,29,0,0,0,0,0,0,47815,49216,51082,46983,19839,16389,2500,3009,4012,3000,2000,3000,0
17263,60000,2,2,1,33,0,0,0,0,0,0,50696,54841,56444,53183,55288,55782,5000,2500,2000,3000,2700,2500,0
17264,70000,2,3,1,34,0,0,0,0,0,0,43071,47338,51424,45121,5515,10424,5000,5000,5000,5000,5000,5000,0
17265,240000,2,2,1,46,0,0,0,0,0,0,177221,169897,166064,0,0,0,7053,6520,0,0,0,0,1
17266,310000,2,2,2,31,2,0,0,0,2,2,137171,141486,144515,154587,156565,153965,6600,6800,14000,6000,0,5800,1
17267,20000,2,3,2,33,0,0,0,0,0,0,20023,20239,19164,19393,19725,20054,1300,1400,1300,1000,1000,1000,0
17268,50000,2,2,1,37,0,0,0,0,0,0,29969,17791,12592,5022,780,390,1281,1099,1009,10000,0,17458,0
17269,50000,2,3,2,33,1,2,2,2,0,0,25922,25154,16820,15860,16179,16915,55,4500,800,582,1000,634,0
17270,130000,2,2,1,34,0,0,0,0,0,0,99891,101032,104705,105478,107725,109994,3700,5300,4000,4000,4000,6100,0
17271,230000,2,2,2,30,0,0,0,0,0,0,62988,63056,63741,64096,64473,64927,2847,2303,2284,2280,2345,2333,0
17272,380000,2,2,1,31,1,0,0,0,0,0,3491,3859,8796,7991,5310,14655,3878,8863,8007,5362,14695,24446,0
17273,160000,2,3,2,32,0,0,0,0,0,0,56099,41085,35673,28880,27678,25518,3000,3030,2000,5000,4000,3018,0
17274,20000,2,3,1,32,0,0,2,0,0,0,17930,20305,19308,20296,20302,20189,3000,0,1318,714,981,400,0
17275,150000,2,1,2,33,0,0,0,0,0,0,1911,3079,4057,1920,1920,0,1189,1167,1000,0,0,0,1
17276,90000,2,1,2,32,0,0,0,0,0,0,1560,23153,835,5225,736,736,23153,17395,5225,736,736,886,0
17277,400000,2,1,1,33,0,0,0,0,0,0,-4,1054,1420,-20,-20,-20,1058,1427,0,0,0,0,0
17278,70000,2,2,1,34,0,0,0,0,0,0,66946,67741,68790,68523,29163,29247,3007,3248,2661,1135,1160,1169,0
17279,50000,2,2,1,34,2,2,2,2,2,2,43664,44654,45650,46320,45290,48322,2000,2000,1700,0,3760,1700,0
17280,30000,2,2,1,35,1,0,0,0,0,0,0,0,12403,17849,4935,6491,0,12403,8359,4935,3000,1000,0
17281,20000,2,2,1,46,0,0,0,0,0,0,19113,20068,17481,15572,15902,35565,1292,1323,1111,441,2158,2400,0
17282,20000,2,3,2,39,0,0,0,2,2,3,8720,12241,16020,16457,20906,20289,4000,4000,1000,4750,0,600,1
17283,130000,2,3,1,37,0,0,0,0,0,0,0,0,0,0,0,0,0,0,0,0,0,0,1
17284,80000,2,1,1,41,0,0,0,0,0,0,73863,74970,75285,73654,75642,80984,3300,3300,3000,3500,9050,0,0
17285,360000,2,1,1,41,0,0,0,0,0,0,0,0,0,0,0,0,0,0,0,0,0,0,1
17286,120000,2,3,0,47,0,0,0,0,0,0,1576,3009,0,0,430,1520,1500,0,0,430,1520,730,0
17287,200000,2,3,1,41,0,0,0,0,0,0,184133,187386,191098,194671,177096,180388,6710,7125,7333,6325,6522,6569,0
17288,150000,2,2,1,38,0,0,0,0,0,0,6829,6460,17154,2729,32550,8509,6719,27654,2729,32550,11467,6943,0
17289,50000,2,2,2,44,0,0,0,0,0,0,27200,10605,10355,9853,2917,1473,1172,1202,1000,2917,29,390,0
17290,170000,2,3,1,40,1,2,0,0,0,0,179399,41265,20619,19520,5200,0,0,2000,1136,1000,0,36679,1
17291,230000,2,2,1,34,0,0,0,0,0,0,205530,380,380,2350,103030,380,380,380,2350,103030,380,1570,0
17292,50000,2,2,2,46,0,0,0,0,0,0,25119,26258,27199,18810,18487,18874,1559,1500,1400,1000,684,716,1
17293,280000,2,1,1,36,0,0,0,0,0,0,157424,161596,166680,170691,14988,16776,6000,6500,6000,1000,2000,2012,0
17294,50000,2,2,1,44,0,0,0,0,0,0,13226,14470,15000,0,0,0,1470,1000,0,0,0,0,0
17295,30000,2,3,1,31,2,3,2,2,2,0,30057,29280,30206,30496,29731,29047,0,1700,1100,3,1053,1303,0
17296,360000,2,1,1,32,0,0,0,0,0,0,-16,3194,430,1982,211250,215670,3210,436,1991,211250,7762,7823,0
17297,400000,2,2,2,32,0,0,0,0,0,0,6464,-270,-770,-761,-2710,187552,1692,0,9,11,194541,7015,1
17298,80000,2,3,2,33,0,0,0,0,0,0,107044,103077,98328,93376,87491,80156,5000,5000,5000,2000,8500,3000,0
17299,150000,2,2,2,34,0,0,0,0,0,0,18631,18831,15729,11907,14103,14413,3000,3000,1353,5000,3000,5000,0
17300,260000,2,2,1,36,0,0,0,0,0,0,59127,60344,61641,60715,57116,58318,2200,2300,2200,2060,2119,2293,0
17301,110000,2,3,1,39,0,0,0,0,0,0,107441,106808,75540,75724,74785,76079,4023,2805,3406,2670,2751,2772,0
17302,50000,2,1,1,41,0,0,0,0,0,0,47739,47481,47066,44367,27496,27677,2000,1817,2000,1500,1001,1010,0
17303,300000,2,2,2,40,0,0,0,0,0,0,10626,10578,12963,989,12238,0,10582,13265,1087,12238,0,0,0
17304,20000,2,2,1,37,2,0,0,2,0,0,16429,17450,20358,19722,19616,19228,1300,3200,0,830,750,1000,1
17305,290000,2,2,2,37,2,0,0,0,0,0,140599,143963,152434,156413,156189,144318,13010,11430,6900,5320,5232,4980,1
17306,120000,2,2,1,45,0,0,0,0,0,0,380,3175,380,380,2402,696,3175,380,380,2402,696,1093,0
17307,20000,2,2,2,40,0,0,0,0,0,0,295,748,-2,221,0,0,748,0,223,0,0,2016,0
17308,360000,2,2,2,36,0,0,0,0,0,0,-149,-149,-4,585,139,0,0,145,744,139,0,0,1
17309,150000,2,1,1,41,0,0,0,0,0,0,7939,6610,6994,8102,25715,11350,6629,7034,8112,25715,11350,12595,0
17310,100000,2,1,1,42,2,2,0,0,0,0,99184,99340,64054,59014,55249,47645,3000,3039,3315,3000,3000,3000,1
17311,170000,2,1,1,45,0,0,0,0,0,0,73326,68712,60324,88057,89040,90716,3504,3500,30000,3300,3200,0,0
17312,200000,2,3,2,49,1,0,0,0,0,0,0,0,3614,714,0,0,0,3614,721,0,0,6728,1
17313,60000,2,3,1,48,0,0,0,0,0,0,4823,5471,8422,4377,3910,2431,5491,9683,4377,3918,2431,2120,1
17314,80000,2,2,1,29,0,0,0,0,0,0,19578,18231,17950,14699,12466,11445,1620,1600,1419,1000,1000,1000,0
17315,40000,2,3,1,30,1,2,0,0,0,0,40672,39724,39475,39078,38339,38665,9,2143,1606,1500,1410,1507,0
17316,50000,2,1,1,30,1,2,0,0,0,0,49061,46783,42977,36737,19865,16499,1406,2000,1317,700,599,604,1
17317,50000,2,3,2,39,2,2,0,0,2,0,20039,19369,16586,18696,18100,18475,0,1280,2390,0,816,688,1
17318,40000,2,2,1,39,0,0,0,0,0,0,500,0,18583,19353,19440,20279,0,18583,1460,547,1000,500,0
17319,120000,2,2,2,25,2,3,3,3,4,4,94635,97592,100536,103478,104886,107220,5400,5400,5500,4600,4600,5200,0
17320,200000,2,1,2,25,1,2,3,2,3,2,133797,144095,140383,146531,142795,136981,14000,0,10000,0,0,5100,1
17321,30000,2,2,2,29,0,0,2,0,0,0,22501,20210,8762,6200,0,0,2429,5,1062,0,0,0,0
17322,260000,2,5,1,33,0,0,0,0,0,0,2229,3140,2740,107139,105188,104418,1000,2740,107139,4000,4000,4696,0
17323,390000,2,2,2,31,0,0,2,0,0,0,103061,106464,88653,82226,71559,72492,7600,20,3510,3349,3000,6000,0
17324,140000,2,1,1,31,2,2,0,0,0,0,159164,154983,116592,89475,83630,87733,0,5012,5000,5000,5000,20000,1
17325,150000,2,2,2,32,6,5,4,3,2,2,81341,79529,77757,75841,73678,77273,0,0,0,0,4874,1000,0
17326,30000,2,3,1,32,0,0,0,0,0,0,30096,30287,28823,26799,25457,26143,1494,1445,1506,912,1097,1000,0
17327,90000,2,2,3,36,0,0,0,0,0,0,91337,91458,91049,70101,28942,27508,4000,3137,5094,1106,1001,1201,0
17328,150000,2,2,1,39,0,0,0,0,0,0,16878,7632,33019,31366,31709,42632,5000,30000,3000,5000,15000,6000,0
17329,30000,2,2,1,39,0,0,0,2,0,0,22215,18243,29013,28256,28979,31369,18243,11500,0,1177,3000,0,0
17330,200000,2,2,2,36,0,0,0,0,0,0,138636,140982,145038,146190,148989,130481,5048,6726,5451,5774,4739,5500,0
17331,30000,2,1,2,38,0,0,0,0,0,0,1232,764,1909,544,390,954,764,1920,544,390,954,1913,0
17332,30000,2,3,1,48,0,0,0,0,0,2,14834,15844,18883,17901,19241,18794,1261,3300,1301,1641,0,860,1
17333,50000,2,2,1,29,0,0,0,0,0,0,20103,21466,23122,24654,26365,25844,2000,2000,2000,2000,2000,2000,0
17334,310000,2,2,1,29,0,0,0,0,0,0,26597,27141,25567,21794,20911,14023,1732,1408,1209,622,600,748,0
17335,500000,2,1,1,37,1,0,0,0,0,0,0,2529,2971,184,64356,33348,2529,2971,200,38144,0,8479,0
17336,500000,2,3,1,36,0,0,0,0,0,0,27866,1062,27610,18133,2506,169233,1062,27648,25012,2506,169233,11952,0
17337,300000,2,2,1,36,0,0,0,0,0,0,6447,14383,15576,16524,17096,12144,10000,2000,1500,1000,1000,1000,0
17338,430000,2,3,2,30,0,0,0,0,0,0,200364,147550,106901,81257,83264,62618,6215,3050,2511,5110,2005,5046,0
17339,30000,2,1,1,30,0,0,0,2,0,0,3836,4380,1169,779,566,1361,1016,1169,0,567,1365,1834,0
17340,30000,2,3,2,31,0,0,0,2,2,0,26667,27675,30611,30647,28245,24357,1455,3391,949,0,745,584,0
17341,200000,2,1,2,32,0,0,0,0,0,0,0,0,-10542,148287,146948,148772,0,1685,326974,5200,5500,6000,0
17342,130000,2,3,1,32,0,0,0,0,0,0,126741,126889,125733,118394,96230,98583,6100,6103,4823,4000,4000,4000,0
17343,120000,2,1,2,33,0,0,0,0,0,0,2446,326,0,28776,0,0,326,0,28776,0,0,0,0
17344,170000,2,2,2,31,0,0,0,0,0,0,20625,21386,0,522,0,0,1700,0,522,0,0,0,0
17345,210000,2,1,1,34,0,0,0,0,0,0,8289,16585,9396,16992,9506,4837,16585,10455,16992,9509,4837,11899,0
17346,130000,2,2,1,34,0,0,0,0,0,0,41379,24462,15720,0,0,0,3057,1047,0,0,0,0,0
17347,420000,2,2,1,35,0,0,0,0,0,0,67877,68979,57706,55628,54797,52759,3527,3000,4000,2500,2000,2100,0
17348,180000,2,2,1,39,0,0,0,0,0,0,130374,129889,114559,113759,94665,97134,5812,6000,6100,4000,4000,4000,0
17349,240000,2,2,2,40,0,0,0,0,0,0,127919,93266,95837,49459,47631,37750,4000,4840,4000,1500,2000,2000,0
17350,100000,2,2,1,44,1,2,0,0,3,2,76725,74901,76094,84457,82525,81086,0,3000,9657,0,0,3200,1
17351,130000,2,3,2,45,0,0,0,0,0,0,38222,37939,37705,37391,38137,37647,1612,1639,1586,1332,1352,1382,0
17352,20000,2,2,1,43,1,2,3,2,2,2,11501,12998,13492,12978,13962,13595,2000,1000,0,1200,0,3000,1
17353,50000,2,2,2,46,0,0,0,0,0,0,46746,44808,44899,46346,47273,48357,2100,2100,2500,2000,2000,3000,0
17354,70000,2,2,1,38,0,0,0,0,0,0,19500,19884,20567,21526,21499,21556,1400,1400,1700,1000,781,815,0
17355,30000,2,3,1,41,0,0,0,0,0,0,1688,0,850,2158,0,1935,0,850,2158,0,1935,0,0
17356,50000,2,3,1,48,0,0,0,0,0,0,41842,42422,43050,43650,45217,46044,1984,2019,2026,3000,2000,1500,1
17357,500000,2,3,1,41,0,0,0,0,0,0,119455,120499,124836,37334,34944,24355,7012,10522,6133,24408,122,17398,0
17358,200000,2,1,2,41,0,0,0,0,0,0,504,2502,21699,2914,3392,4343,2502,21699,3003,3392,4343,326,0
17359,120000,2,2,1,42,2,2,3,2,2,3,25809,29366,28615,29347,30868,30099,4300,0,1500,2300,0,0,1
17360,200000,2,2,1,49,0,0,0,0,0,0,75853,78983,133236,6574,2924,-626,6065,70538,6634,10,0,0,0
17361,150000,2,2,2,36,1,2,0,0,2,0,93658,84029,77836,75277,66249,60021,0,3000,6000,0,2066,1837,1
17362,100000,2,2,1,42,1,2,2,0,0,0,3256,3020,0,0,0,0,0,0,0,0,0,0,0
17363,50000,2,2,2,38,0,0,0,0,2,2,7980,10513,9922,8633,8385,7862,3000,1200,1800,0,1600,0,0
17364,50000,2,2,1,36,3,2,2,2,3,2,47222,48142,48082,51969,50865,49611,2000,1000,5000,0,0,2500,1
17365,50000,2,1,1,43,0,0,0,0,0,2,49819,49390,50612,29975,30559,29433,2227,2449,1778,2382,0,1251,1
17366,550000,2,1,2,33,0,0,0,0,0,0,337733,261223,267274,273547,172198,176573,10000,11000,12300,6300,8000,8000,0
17367,30000,2,2,1,35,1,0,0,0,2,0,0,741,1775,3040,2843,3052,741,1034,1299,0,255,106,0
17368,150000,2,3,1,39,0,0,0,0,0,0,5211,33474,18488,45489,9069,20203,33522,18516,35701,9099,20226,20786,0
17369,140000,2,2,2,27,0,0,0,2,2,2,119692,91710,91744,70832,70768,71755,5000,8000,0,8000,3000,0,0
17370,50000,2,2,2,48,0,0,0,0,0,0,55329,51870,53164,46575,26609,27178,1902,2176,2064,1098,2134,1139,0
17371,160000,2,3,2,39,0,0,0,0,0,0,156000,155866,159005,159248,118904,119243,5559,7677,6039,4176,4300,4576,0
17372,50000,2,2,1,26,0,0,0,0,0,0,1804,5195,15371,14163,15517,14685,4000,15387,1500,2000,1000,2000,0
17373,50000,2,1,1,28,0,0,0,0,0,0,27888,18602,9795,32694,28899,28924,2000,4239,28000,1015,2000,1500,0
17374,110000,2,1,2,33,0,0,0,0,0,0,0,0,0,0,0,0,0,0,0,0,0,766,0
17375,50000,2,3,1,46,2,2,2,2,0,0,46677,48101,49060,47086,9306,8962,2500,2400,4,503,1109,703,1
17376,350000,2,2,2,31,1,2,0,0,0,0,279767,253462,259137,264798,269673,275672,0,9754,10000,9396,10083,9439,0
17377,70000,2,2,1,42,0,0,0,0,0,0,24133,24741,25074,25978,26341,26093,1702,1424,1717,1080,1094,969,0
17378,210000,2,1,1,38,1,0,0,0,0,0,0,0,517,-1,932,1066,0,517,0,933,1066,462,0
17379,180000,2,2,1,36,0,0,0,0,0,0,20138,21494,25600,0,0,36565,2000,5000,0,0,36565,1548,0
17380,30000,2,3,1,28,0,0,0,2,2,0,12430,13419,15897,16340,15780,16127,1200,2700,1000,0,600,1400,0
17381,630000,2,1,1,31,0,0,0,0,0,0,447263,458762,470298,480587,385587,373910,20000,20000,20000,15000,15000,15000,0
17382,220000,2,2,1,41,0,0,0,0,0,0,143660,126532,90013,91191,86139,83743,5005,4500,4006,3000,3000,3000,0
17383,280000,2,1,1,44,0,0,0,0,0,0,230931,235635,197003,198808,187425,177340,8634,7665,6497,5555,5027,5065,0
17384,340000,2,2,1,40,0,0,0,0,0,0,244451,230907,228760,229404,161551,164936,10000,10000,7100,5800,5915,6100,0
17385,180000,2,1,2,33,2,0,0,0,0,0,416,416,416,416,150,982,416,416,416,150,982,416,1
17386,250000,2,2,1,35,0,0,0,0,0,0,7379,42849,24502,25016,33754,4418,45000,25000,15167,80000,5000,6000,0
17387,20000,2,2,2,48,1,3,2,2,2,2,17100,16537,16283,17708,18121,17692,0,300,2000,1000,0,792,1
17388,140000,2,2,1,40,0,0,0,0,0,0,102502,101164,99579,99004,88485,85218,5000,5000,5000,3000,3000,4000,0
17389,130000,2,2,2,44,2,0,0,2,2,2,72181,73086,78411,79725,81311,83048,2700,6500,3200,3500,3200,3300,1
17390,120000,2,1,1,38,0,0,0,0,0,0,65645,71406,29044,21889,14536,25636,15000,1462,1000,3000,14000,254,0
17391,360000,2,1,1,42,1,0,0,0,0,0,0,0,0,0,0,0,0,0,0,0,0,0,0
17392,240000,2,2,1,43,0,0,0,0,0,0,50120,48502,49001,47026,45827,39527,1781,2200,1923,1682,2000,2000,0
17393,310000,2,2,1,40,0,0,0,0,0,0,3268,206,589,1594,28252,15081,206,589,1594,28252,18381,4100,0
17394,100000,2,3,1,46,2,2,2,2,2,2,43677,42674,45983,46927,47759,46865,0,4000,2000,1900,0,2000,1
17395,200000,2,1,1,37,0,0,0,0,0,0,1324,0,0,0,0,0,0,0,0,0,0,0,0
17396,80000,2,2,1,29,2,2,2,2,2,2,72674,74192,72464,76613,77908,76034,3300,0,6000,3100,0,4200,0
17397,210000,2,1,2,32,0,0,0,0,0,0,19959,1592,-2,560,6190,243,1603,0,562,6196,243,4061,0
17398,180000,2,1,2,31,0,0,0,0,0,0,0,0,0,0,0,0,0,0,0,0,0,0,0
17399,70000,2,2,1,33,0,0,0,0,0,0,66701,69907,67450,61902,19551,27831,53000,26017,40000,17000,24000,28000,0
17400,60000,2,2,2,36,0,0,0,0,0,0,57724,56597,50766,47022,31606,30820,2000,5015,2000,3000,1300,1500,0
17401,200000,2,1,1,49,0,0,0,0,0,0,950,950,950,950,0,1900,950,950,950,0,1900,950,0
17402,50000,2,2,2,48,0,0,0,0,0,0,879,8061,8290,7838,7998,8161,8061,1398,1000,160,163,9217,0
17403,50000,2,3,1,46,1,2,0,3,2,0,8354,6024,116,116,9982,8143,0,116,0,10040,400,2272,1
17404,70000,2,2,1,41,0,0,0,2,0,0,68953,68908,68799,65250,53934,54149,3000,3810,2010,2054,2000,1872,0
17405,130000,2,2,1,48,0,0,0,0,0,0,23575,17719,12167,6500,6788,6887,1300,1200,1000,6788,6900,13041,0
17406,140000,2,2,1,47,0,0,0,0,0,0,0,0,0,0,0,0,0,0,0,0,0,0,0
17407,350000,2,3,1,36,0,0,0,0,0,0,42548,41593,40375,37959,36416,34875,2000,2000,2000,1200,1200,1500,0
17408,150000,2,1,2,30,0,0,0,0,0,0,7674,432,2232,0,0,0,432,2000,0,0,0,5757,0
17409,50000,2,2,1,39,0,0,0,0,0,0,32802,31002,32115,31824,32498,21757,1497,2000,1000,1064,1059,290,0
17410,50000,2,3,1,47,0,0,0,0,0,0,38909,14512,0,0,0,0,1000,0,0,0,0,0,0
17411,30000,2,2,2,36,0,0,0,0,0,0,11896,12990,14073,15131,15579,16175,1600,1600,1600,1000,1000,1000,0
17412,20000,2,3,1,38,0,0,0,0,0,0,15894,15354,14786,16457,15423,14837,1225,1329,2000,2000,700,1500,0
17413,50000,2,2,2,33,0,0,0,0,0,0,26740,12498,16264,17918,16072,17041,2000,4000,2000,1000,2000,2396,0
17414,30000,2,2,2,47,2,2,2,2,2,2,15089,16039,17080,17302,17521,17893,1500,1600,800,800,800,800,1
17415,230000,2,0,2,47,0,0,0,2,0,0,8394,5743,1336,255,5425,4838,5743,1598,0,5425,4838,3840,0
17416,70000,2,3,1,43,2,2,0,0,0,0,85863,78125,68899,69131,29289,29898,0,1378,70000,1185,1220,1119,1
17417,30000,2,2,2,49,0,0,0,0,2,2,15013,15856,18083,20275,20445,20971,1400,2500,2500,800,1000,800,0
17418,150000,2,3,1,33,0,0,2,0,0,0,147350,154848,151591,151549,146417,137835,11150,0,4845,8046,9200,5100,0
17419,40000,2,2,1,38,0,0,0,0,0,0,19537,20416,21151,21884,26213,30480,1500,1356,1380,5000,5000,1128,0
17420,250000,2,2,1,31,0,0,0,0,0,0,142905,113367,93844,74441,74553,64640,4000,4100,3010,2205,2045,2200,0
17421,200000,2,2,1,46,1,2,2,0,0,2,30783,33017,30413,32582,34727,36036,3058,0,3000,3000,2002,0,0
17422,190000,2,2,1,31,1,0,0,2,0,0,-92,465,3022,1397,1554,1561,2000,4000,0,1600,1600,1700,0
17423,390000,2,1,1,33,0,0,0,0,0,0,5602,48329,45281,31219,24962,17002,48329,2287,1500,4962,815,10000,0
17424,20000,2,3,1,36,0,0,2,0,0,0,14822,17216,17541,18300,19100,2200,3641,900,1200,1000,100,0,1
17425,200000,2,2,1,47,0,0,0,0,0,0,193229,197253,158980,157837,127528,119550,9058,7260,7367,4303,4551,4411,0
17426,60000,2,2,1,38,0,0,0,0,0,0,58890,59620,60039,58887,29050,26055,2620,2906,2588,1055,2058,1339,0
17427,30000,2,2,2,39,0,0,0,2,0,0,28144,27470,30698,28981,27673,27826,2000,4000,0,1000,1000,0,0
17428,230000,2,2,2,38,0,0,0,0,0,0,845,53006,50879,50660,51282,53162,53021,2280,2133,1138,3186,1179,0
17429,130000,2,2,1,33,0,0,0,0,0,0,84963,83958,84906,85690,85892,87996,2980,4012,3885,3158,4704,3218,0
17430,140000,2,2,1,44,0,0,0,0,0,0,127254,109717,81545,81454,60176,79728,6050,3700,2000,3000,20000,1500,1
17431,360000,2,1,1,45,1,0,0,0,0,0,0,0,0,0,0,0,0,0,0,0,0,0,0
17432,20000,2,1,2,31,3,2,2,2,2,0,6186,5941,8541,8560,8274,9135,0,2869,305,0,1000,1000,1
17433,100000,2,2,2,35,0,0,0,0,0,0,1046,2700,2187,678,2040,944,2702,2187,678,2040,0,0,0
17434,210000,2,2,2,45,1,0,0,0,0,0,0,0,0,0,0,0,0,0,0,0,0,0,0
17435,50000,2,3,1,32,0,0,0,0,0,0,1442,1444,1447,1261,1261,1261,1444,1447,1261,1261,1261,91,0
17436,380000,2,1,1,44,0,0,0,0,0,0,365023,365445,350474,342569,307959,309709,14320,15065,13017,15026,12017,12031,0
17437,50000,2,1,2,39,0,0,0,0,0,0,47381,48697,48322,45353,19426,19857,2116,2320,1300,1000,700,600,0
17438,200000,2,2,2,30,0,0,0,0,0,0,4690,2026,4900,1508,2451,2966,2028,4942,1508,2467,2972,6317,0
17439,50000,2,1,1,30,0,0,0,0,0,0,46791,42675,34256,30723,19766,20449,1593,1855,1341,706,1000,5454,0
17440,150000,2,1,1,31,0,0,0,0,0,0,138121,145763,134887,105822,86341,88072,10001,6712,5500,3400,3201,3403,0
17441,30000,2,2,1,32,0,0,0,0,0,0,17168,28655,29239,9435,724,724,12155,2000,1920,724,724,3294,1
17442,30000,2,2,2,34,1,2,0,0,0,0,29678,28878,26758,27462,28014,29826,0,1751,1455,1007,2268,0,1
17443,110000,2,2,1,39,0,0,0,0,0,0,132062,126641,120209,112912,85884,87764,5000,5000,3600,3200,4000,3000,0
17444,30000,2,2,1,38,0,0,0,0,0,2,19707,21022,22080,22810,25772,26360,1650,1700,1400,3355,1146,0,0
17445,130000,2,2,1,39,1,0,0,0,0,0,0,0,0,0,0,0,0,0,0,0,0,0,0
17446,260000,2,2,1,39,2,2,0,0,2,0,238601,228443,233958,252615,186443,190345,0,10698,24799,0,7035,7078,1
17447,30000,2,2,1,43,2,2,2,2,2,2,28264,28703,26622,24022,24368,20859,2000,1300,2,1608,0,900,1
17448,220000,2,2,2,47,0,0,0,0,0,0,137736,130527,127116,121336,121736,119164,5100,6540,5000,5000,5000,4600,0
17449,120000,2,1,1,33,0,0,0,0,0,0,35563,25614,19747,1201,2333,2250,1426,6400,1500,2700,0,0,1
17450,100000,2,2,2,43,0,0,0,2,2,0,51146,54716,58766,58950,56889,60255,5000,5500,2300,0,5000,5000,0
17451,100000,2,2,1,38,0,0,0,0,0,0,88231,91090,95935,78939,28667,29549,4326,7400,2914,1500,1500,1500,1
17452,70000,2,2,2,44,0,0,0,0,0,0,79696,75167,75183,69385,30103,3752,3100,1600,94540,1124,100,3091,1
17453,20000,2,2,1,46,1,2,0,0,0,0,13254,12749,13834,14894,15050,16251,0,1600,1600,700,1601,1620,1
17454,320000,2,1,1,36,0,2,0,0,0,0,7868,6728,13355,16876,20443,24101,0,8000,5000,5000,5000,11906,0
17455,210000,2,2,1,45,0,0,0,0,0,0,209495,213691,214177,192223,125412,113281,8000,10730,7100,4052,4000,3300,0
17456,90000,2,3,1,37,0,0,0,0,0,0,78159,82779,86905,88310,79842,81235,8000,7500,4000,3000,2700,17000,0
17457,120000,2,3,1,36,0,0,0,0,0,2,91914,94638,96290,97913,102959,104872,4260,4371,4425,7900,4000,0,0
17458,360000,2,2,1,35,0,0,0,0,0,0,127548,61629,59194,59444,-2206,-2206,2145,3721,2839,1303,0,0,0
17459,140000,2,3,1,30,0,0,0,0,2,0,93157,96304,98007,82227,65000,60848,4700,4505,12906,0,2210,2300,0
17460,300000,2,1,1,32,0,0,0,0,0,0,3092,1589,2039,13926,13804,11600,1589,2039,13926,1304,0,5355,0
17461,90000,2,2,1,43,2,0,2,0,0,0,390,780,390,780,390,780,780,0,780,0,780,0,1
17462,170000,2,3,2,44,1,0,0,0,0,0,0,4142,2260,5053,0,0,4142,2260,5053,0,0,0,1
17463,190000,2,2,1,46,0,0,0,0,0,0,140626,114690,110884,111200,87619,92418,8000,5000,12028,5000,10418,5000,0
17464,140000,2,2,1,40,0,0,0,0,0,0,815,8397,390,390,780,390,8419,390,390,780,0,390,1
17465,200000,2,1,1,37,0,0,0,0,2,2,37958,40487,41590,43967,44722,46032,3023,1600,2900,1600,2000,0,0
17466,500000,2,2,1,43,0,0,0,0,0,0,53477,0,0,113904,116168,117375,0,0,113904,4130,4356,4103,0
17467,300000,2,1,1,38,0,0,0,0,0,0,2884,3558,2778,2778,5367,2589,3558,2778,2778,5367,0,3661,0
17468,180000,2,2,2,29,0,0,0,0,0,0,151652,146805,143134,136777,133938,133723,6000,7000,5000,5000,5000,4679,0
17469,360000,2,3,1,44,0,0,0,0,0,0,2877,1852,2068,2185,9561,321,1861,2078,2361,9608,322,322,0
17470,90000,2,2,1,32,0,0,0,0,0,0,68248,57751,45074,38489,28558,29245,2388,2000,2412,1200,1300,1200,0
17471,150000,2,2,1,44,0,0,0,0,0,0,0,0,0,0,0,0,0,0,0,0,0,0,0
17472,500000,2,1,1,30,0,0,0,0,0,0,224387,165727,119760,72506,60548,57212,10100,7041,4123,5039,5071,3548,0
17473,80000,2,2,2,29,0,0,0,0,0,0,24822,25824,26605,27920,28358,29000,1720,1500,1762,1200,1250,3200,0
17474,10000,2,3,2,46,1,2,0,2,0,0,4474,189,3510,3306,3551,5577,0,3510,0,300,2260,2000,1
17475,180000,2,1,1,46,0,0,0,0,0,0,9509,15419,14188,11926,9718,34322,16359,14293,11949,9737,34449,25691,0
17476,150000,2,5,2,36,0,0,0,0,0,0,144833,141559,80614,110343,64419,18536,6041,13013,64442,3000,2000,4000,0
17477,80000,2,1,1,44,0,0,0,0,0,0,14686,3673,11285,500,500,6155,3673,11285,500,500,6155,1440,0
17478,60000,2,2,1,30,1,2,0,0,2,2,14135,13616,16065,18092,17504,19216,0,3000,2300,0,2000,0,1
17479,240000,2,1,1,35,0,0,0,0,0,0,380,380,380,380,0,380,380,380,380,0,380,760,0
17480,50000,2,3,1,35,0,0,0,0,0,0,10458,37907,33604,25303,17841,6980,37907,1599,1200,0,0,3570,0
17481,230000,2,1,2,33,0,0,0,0,0,0,19518,21735,22599,20600,24132,38793,3735,3599,3600,4132,15000,5865,0
17482,40000,2,2,2,33,0,0,0,0,0,0,34253,34954,36093,36891,37019,40734,1567,2000,2000,1318,4610,0,0
17483,250000,2,2,1,33,3,2,2,0,0,0,2500,2500,0,0,0,0,0,0,0,0,0,0,1
17484,50000,2,2,1,32,1,2,2,2,0,0,51132,49594,50292,48532,27308,27539,0,4800,0,1200,1200,1400,0
17485,120000,2,3,1,39,2,2,2,2,4,3,49437,51505,53582,58310,57150,55961,3500,3500,6200,358,0,2100,1
17486,50000,2,3,2,41,2,2,2,2,2,2,23043,24064,24981,25473,25857,26298,1700,1600,1200,1100,1000,0,1
17487,60000,2,2,1,38,0,0,0,0,0,0,55120,47123,48367,48264,29144,27534,1735,1979,1443,988,974,2001,0
17488,160000,2,3,2,35,0,0,0,0,0,0,92509,88281,80435,79969,77108,76579,3472,3604,2972,3000,2228,2201,0
17489,50000,2,2,1,43,0,0,0,0,0,0,17870,9230,10000,0,0,0,1500,1000,0,0,0,0,1
17490,400000,2,1,1,48,0,2,2,0,0,0,1908,1442,8162,-1010,3332,331,0,8513,457,4903,313,4816,0
17491,50000,2,2,3,39,0,0,0,0,0,0,49005,49407,45881,45784,50072,49112,6000,5000,5000,8000,4000,4000,0
17492,100000,2,3,2,31,0,0,0,0,0,0,15856,510,2279,1796,466,466,510,2279,1730,466,466,468,0
17493,100000,2,2,2,34,0,0,0,0,0,0,22173,22776,23837,24166,24216,24901,1372,1829,1554,1000,1000,586,0
17494,360000,2,1,2,35,0,0,0,0,0,0,1555,6392,3773,17917,21057,0,6000,3000,18117,5371,0,0,0
17495,30000,2,3,2,41,0,0,0,0,0,0,12001,12450,12040,12739,7610,7000,1485,1301,1000,152,140,780,0
17496,50000,2,2,1,32,0,0,0,0,0,0,36062,36345,10529,8337,2475,0,1500,1847,1000,0,0,0,0
17497,80000,2,2,1,28,2,0,0,0,0,0,52062,49884,22348,22063,8723,7254,2158,1708,1411,4,21,220,1
17498,150000,2,2,2,28,0,0,0,0,0,0,326,326,326,326,652,326,326,326,326,652,0,326,0
17499,10000,2,3,1,33,2,2,2,0,0,0,7708,9912,9608,9639,9985,11084,2500,0,1200,500,1400,1,0
17500,200000,2,2,1,35,0,0,0,0,0,0,3773,7677,14704,8000,10285,16285,4000,7240,2000,2285,6000,1500,0
17501,30000,2,2,2,42,0,0,2,0,0,0,836,1672,836,390,390,390,1672,0,390,390,390,0,0
17502,220000,2,1,1,37,0,0,0,0,0,0,152197,154167,158981,162348,164162,168013,6000,7300,7500,6000,6500,7000,0
17503,180000,2,1,2,28,0,0,0,0,0,0,161694,166198,168711,172263,174127,176335,7500,7000,7189,6000,5100,10000,0
17504,220000,2,1,2,30,0,0,0,0,0,0,204491,176733,174680,61523,61415,61982,7000,7500,2369,2000,2078,2500,0
17505,220000,2,1,2,29,0,0,0,0,0,0,0,799,0,5501,3816,15448,799,0,5501,3816,15448,4179,0
17506,390000,2,2,2,33,0,0,0,0,0,0,45818,144656,148366,99008,69990,71935,100000,6000,3704,2741,3314,2556,0
17507,350000,2,2,1,36,1,0,0,0,0,0,0,0,0,0,11525,11760,0,0,0,11525,235,2270,0
17508,560000,2,2,1,45,0,0,0,0,0,0,374663,382010,379652,387706,334908,341884,13195,13510,14292,11553,12130,11703,1
17509,240000,2,1,1,37,0,0,0,0,0,0,173677,176304,355496,176402,174440,172806,8000,9500,12448,6155,6453,6390,1
17510,410000,2,2,1,43,0,0,0,0,0,0,6917,7548,8726,9760,9570,8935,1130,2000,2200,312,500,363,0
17511,90000,2,2,2,36,1,0,0,0,0,0,0,0,0,0,0,0,0,0,0,0,0,3500,1
17512,30000,2,1,2,31,0,0,0,2,0,0,28803,28635,30217,28919,29302,28603,1800,3600,0,1500,1500,3300,0
17513,40000,2,2,1,33,1,2,2,2,2,2,23734,24644,25749,26127,26401,25839,1600,1800,1100,1000,0,2300,1
17514,60000,2,2,2,46,0,0,0,0,0,0,39518,39558,41690,21151,30059,13046,1870,3002,1364,10000,474,490,0
17515,390000,2,2,1,41,0,0,0,0,0,0,216622,214504,212726,210556,208317,205339,7244,7500,7228,7103,7214,7000,0
17516,130000,2,2,1,35,0,0,0,0,0,0,80713,93349,68158,69208,54677,59601,28000,3500,3000,3000,10000,3500,0
17517,90000,2,2,2,32,3,2,2,2,0,0,27565,28613,29364,28596,30120,31285,1800,1500,0,2000,1650,1000,1
17518,300000,2,2,1,36,0,0,0,0,0,0,147051,138726,139649,104245,56788,57920,6700,5800,5000,2200,2200,2600,0
17519,220000,2,1,1,33,0,0,0,0,0,0,204205,210183,212877,189161,180715,171449,20000,10000,8140,8000,7000,10000,0
17520,20000,2,1,2,33,0,0,3,3,2,2,11391,16180,16635,16082,15529,16525,5000,1000,0,0,1400,0,0
17521,140000,2,3,1,35,0,0,0,0,0,0,119184,130939,90894,85805,85907,88615,14113,5000,3000,4000,4000,10000,0
17522,150000,2,6,1,47,0,0,0,0,0,0,89327,90666,91721,93063,92758,93876,4539,4218,4204,3296,3408,3416,0
17523,120000,2,3,1,44,0,0,0,0,0,0,16735,18150,19528,19065,18617,21381,2000,2000,2000,1000,3000,2000,0
17524,200000,2,2,1,37,1,2,0,0,0,0,7841,7569,9282,10155,12470,13571,0,2000,1155,2470,1265,0,0
17525,20000,2,2,1,40,0,0,0,0,0,0,4314,5190,6554,6895,5844,6079,1500,2000,1032,155,1000,0,1
17526,110000,2,2,1,41,2,2,2,2,2,2,23078,25883,25182,28945,28183,29869,3200,0,4200,0,2300,0,1
17527,290000,2,2,2,34,0,0,0,0,0,0,305781,310403,315048,314085,317631,315820,12012,12012,12012,11016,11088,12031,0
17528,210000,2,3,1,45,0,0,0,0,0,0,124147,81641,54971,37849,42240,32981,5000,5000,4000,5000,1500,4000,0
17529,370000,2,2,2,40,0,0,0,0,0,2,11403,191438,189957,188960,195476,184094,191446,7002,6854,15960,0,122400,0
17530,80000,2,3,0,41,0,0,0,0,0,0,69964,52041,39864,38934,38816,38850,3082,2500,2200,2000,2000,2000,0
17531,200000,2,3,1,42,0,0,0,0,0,0,1261,1261,1261,1261,1261,1256,1261,1261,1261,1261,1256,1880,0
17532,180000,2,2,1,35,0,0,0,0,0,0,1264,176,1247,0,0,0,176,1247,0,0,0,1768,0
17533,260000,2,2,2,35,0,0,0,0,0,0,131211,132175,133289,134642,137065,108328,4001,4215,4101,4000,3300,3300,0
17534,50000,2,2,1,43,0,0,2,2,0,0,17102,19805,21188,20550,21209,21713,3000,2000,0,1000,1000,1000,1
17535,150000,2,3,1,40,0,0,0,0,0,0,5916,5876,5956,5876,5496,5116,5876,5956,5876,5496,5116,5496,0
17536,190000,2,3,1,45,0,0,0,0,0,0,76433,78472,80548,81778,83082,84811,3300,3331,3359,2663,2751,3000,0
17537,160000,2,2,2,42,0,0,0,0,0,0,13849,40862,2239,552,19367,-1,40991,2252,553,19425,0,649,0
17538,180000,2,2,1,37,0,0,0,0,0,0,107337,48433,46325,47354,48323,49416,2000,1771,1800,1750,1893,2000,0
17539,130000,2,2,2,32,0,0,0,0,0,0,7469,8472,9143,9741,9713,9458,1138,1173,1138,477,400,600,0
17540,30000,2,2,1,47,0,0,2,2,2,2,27119,29243,31037,30908,29969,29488,2894,2559,800,600,1000,0,0
17541,100000,2,2,1,36,1,2,2,2,2,0,32196,31379,33862,35007,34147,35437,0,3000,2000,0,2000,3500,1
17542,20000,2,2,2,37,1,2,0,0,0,2,16174,15617,16646,17648,18819,17992,0,1285,1287,1458,0,644,1
17543,100000,2,2,1,43,0,0,0,0,0,0,1597,2491,1709,574,556,2306,2491,1709,574,556,2306,2562,0
17544,20000,2,2,1,40,0,0,0,0,0,0,10470,10186,9936,10790,230,-160,1145,1546,1400,390,73,19371,0
17545,20000,2,2,1,35,2,0,0,2,2,2,5890,7282,9455,9154,10001,10046,1500,2454,0,1000,350,0,1
17546,20000,2,3,2,48,0,0,0,0,0,0,17332,18600,17947,18758,19292,19201,1580,1367,1178,712,742,2000,0
17547,50000,2,3,1,42,2,0,0,0,2,2,31422,32420,33462,36199,36803,37566,1521,1563,3300,1500,1500,1600,1
17548,110000,2,2,1,38,2,2,0,0,0,2,41619,40650,41744,42783,47476,45355,0,1750,1750,5400,700,1000,1
17549,60000,2,2,1,48,0,0,0,0,0,0,50806,50980,51874,51808,16941,17295,2000,2100,1400,600,1000,1000,1
17550,50000,2,2,2,35,1,2,0,0,0,0,50421,41408,35929,0,0,0,0,2180,0,0,0,0,0
17551,200000,2,1,2,40,2,2,0,0,0,2,185696,181236,185410,189069,197736,183299,0,8600,8300,13257,917,7000,1
17552,360000,2,2,1,48,0,0,0,0,0,0,0,0,0,0,0,0,0,0,0,0,0,0,0
17553,110000,2,2,1,35,0,0,0,0,0,0,46640,47686,48737,50157,51560,52965,1600,1600,2000,2000,2000,2000,0
17554,230000,2,2,1,46,0,0,0,0,0,0,207,4090,5848,6849,9331,12687,4999,2655,1919,3400,3920,6655,0
17555,180000,2,2,2,39,0,0,0,0,0,0,2875,0,2125,0,0,0,0,2125,0,0,0,0,0
17556,180000,2,2,2,31,0,0,0,0,0,0,0,1152,3338,0,0,0,1152,3338,0,0,0,0,0
17557,50000,2,2,2,42,0,0,0,0,0,0,48080,48062,48667,49311,24663,24854,1763,2112,1756,324,336,351,0
17558,570000,2,1,1,39,0,0,0,0,0,0,2394,3872,3635,5130,7563,4889,3882,3653,5145,7573,4894,4232,0
17559,30000,2,2,1,45,1,2,2,2,2,2,13440,13923,17194,16625,17442,18016,1000,3500,0,1400,1000,1000,0
17560,140000,2,2,1,46,0,0,0,0,0,0,264,1024,264,1024,264,264,1024,528,1024,264,264,414,0
17561,50000,2,2,1,44,0,0,0,0,0,0,3351,4368,5391,6401,6528,6664,1077,1100,1106,233,241,243,1
17562,50000,2,1,1,35,0,0,2,2,2,0,44487,47438,46400,49276,48286,47915,4000,0,3700,0,2000,6000,1
17563,120000,2,1,2,35,1,0,0,0,0,0,0,0,234,4394,3164,5700,0,234,4394,3164,5700,300,1
17564,120000,2,1,2,35,0,0,0,0,0,0,2776,2549,2558,2577,249,1976,2549,2558,2577,0,1976,1000,1
17565,50000,2,2,2,45,0,0,0,0,0,0,330,330,4975,4810,330,330,330,4975,4838,330,330,330,0
17566,180000,2,2,1,40,0,0,0,0,0,0,899,2879,8750,9931,0,7760,2879,8750,9931,0,7760,3450,0
17567,80000,2,3,1,42,0,0,0,0,0,0,71650,0,0,0,0,0,0,0,0,0,0,0,0
17568,300000,2,1,1,43,0,0,0,0,0,0,-763,-754,-745,-1302,-527,-518,1000,1000,1100,1100,1000,2500,0
17569,80000,2,1,1,37,0,0,0,0,0,0,1330,0,0,0,0,0,0,0,0,0,0,0,0
17570,70000,2,2,2,34,2,0,0,0,0,0,71332,71122,70012,66541,31609,31259,2744,3239,3405,1085,1102,1155,1
17571,320000,2,2,1,40,0,0,0,0,0,0,96225,99606,100704,208794,213025,217400,5000,2704,108794,5123,5255,5333,0
17572,500000,2,1,2,35,0,0,0,0,0,0,12590,13598,14650,15559,14861,15173,1225,1277,1186,478,496,509,0
17573,250000,2,1,2,35,0,0,0,0,0,0,4807,10446,17904,99464,86180,36038,10446,17911,99738,4055,0,0,0
17574,230000,2,2,1,46,0,0,0,0,0,0,8136,3590,2936,476,476,476,1500,1000,476,476,476,1685,0
17575,80000,2,3,1,45,0,0,0,0,0,0,35401,36399,37689,38580,39104,39484,1587,1877,1768,1292,900,1365,0
17576,170000,2,2,1,40,2,0,2,0,0,0,193,3760,3500,7190,9000,0,3760,0,7190,9000,0,0,1
17577,110000,2,3,0,31,0,0,0,0,0,0,89955,89989,84229,79288,73315,63818,7908,4000,5000,3000,3000,3000,0
17578,240000,2,1,2,31,0,0,0,0,0,0,43601,-15,-15,-15,-15,1185,0,0,0,0,1200,0,0
17579,150000,2,3,1,46,0,0,0,0,0,0,61510,62731,64047,65966,66671,68067,2240,2321,2980,2400,2468,2611,0
17580,90000,2,3,1,37,0,0,0,0,0,0,91193,91078,86785,79894,50546,34427,7006,5026,7031,6000,1345,1500,0
17581,100000,2,2,1,36,2,0,0,0,0,0,101483,101638,101461,101461,91752,91532,4500,5000,4000,3300,3400,15003,1
17582,30000,2,2,1,42,2,2,0,0,0,0,30149,28117,27761,28053,28249,23580,0,2000,1507,3100,3100,3100,1
17583,80000,2,2,1,40,2,0,0,0,0,0,80934,82150,0,0,0,0,3800,0,0,0,0,0,1
17584,260000,2,2,1,49,0,0,0,0,0,0,8046,2184,15475,10981,8566,4741,2184,15482,2000,3000,1000,5125,1
17585,200000,2,3,1,43,0,0,0,0,0,0,623,623,5477,623,623,773,623,5477,623,623,773,623,0
17586,20000,2,3,1,39,2,3,2,2,3,2,15307,14769,15232,16677,16119,16548,0,1000,2000,0,1000,1000,1
17587,160000,2,1,2,31,0,2,0,0,0,0,1494,696,1395,898,894,2198,2,1399,903,896,2204,786,1
17588,70000,2,2,2,38,1,2,2,2,2,2,21047,22102,22949,23275,23596,23078,1700,1500,1000,1000,0,2100,0
17589,20000,2,2,1,43,0,0,0,0,0,0,6459,7470,8492,9547,20766,12197,1123,1145,1200,2000,3000,1000,0
17590,200000,2,1,1,45,0,0,0,0,0,0,632,337,670,0,0,0,337,670,0,0,0,451,0
17591,440000,2,3,1,49,0,0,0,0,0,0,386288,367400,347445,354373,307773,293357,14453,12611,13022,10572,10270,10722,0
17592,20000,2,3,1,43,4,3,2,2,0,0,20461,19833,20502,19461,19244,20130,0,1700,0,800,1600,1000,0
17593,110000,2,1,1,35,0,0,0,0,0,0,107905,101573,104079,104829,107400,105694,4000,5300,4000,4200,4000,3800,0
17594,130000,2,3,1,44,0,0,0,0,0,0,122264,125756,129159,127727,130334,0,3541,3497,2875,2607,0,0,0
17595,50000,2,2,1,33,0,0,0,0,2,2,40738,43923,45409,47718,46480,48756,4200,2500,3500,0,2800,1400,0
17596,290000,2,1,1,35,0,0,0,0,0,0,0,0,0,2262,5205,8114,0,0,2262,3000,3000,0,1
17597,480000,2,2,1,38,0,0,0,0,0,0,4658,10545,13258,51723,40511,37226,6000,3066,51800,5030,3039,3112,0
17598,310000,2,1,2,29,0,0,0,0,0,0,976,-7,-7,-7,1440,3079,0,0,0,1447,3094,0,0
17599,30000,2,2,1,30,0,0,0,0,2,0,24061,25156,25949,28478,27754,28186,1800,1500,3000,0,1001,2500,1
17600,500000,2,4,1,39,1,0,0,0,0,0,-397,227,-37,-37,-37,213,2200,0,0,0,250,0,0
17601,80000,2,2,2,31,0,0,2,0,0,2,51160,54207,52775,53906,60099,61402,4500,0,2000,7100,2400,0,0
17602,100000,2,2,1,32,0,0,0,0,0,0,74136,72052,71007,69470,65424,64349,3200,3300,2910,2400,2340,2400,0
17603,70000,2,3,1,37,0,0,0,0,0,0,74117,72168,70177,65735,55468,53266,2589,2511,2254,2000,2000,1766,0
17604,210000,2,2,1,43,0,0,0,0,0,0,91152,92917,90651,85295,80416,76946,3348,3381,3400,2684,2744,2892,0
17605,180000,2,3,1,43,0,0,0,0,0,0,780,0,390,780,0,0,0,780,780,0,0,0,0
17606,50000,2,2,1,43,0,0,0,2,0,0,51229,46954,51221,49759,49820,50525,2100,5896,0,2000,1988,2000,0
17607,60000,2,1,2,34,0,0,0,0,0,0,39505,43497,49449,57500,4749,9749,5000,7000,10000,4749,5000,10000,0
17608,50000,2,2,1,40,0,0,0,0,0,0,4860,8389,22049,8110,3164,10148,8389,22049,8117,3164,10148,7949,0
17609,70000,2,3,1,38,1,2,0,0,0,0,59020,57400,21868,13514,14303,14211,50,1379,1500,1000,1000,1000,0
17610,50000,2,2,2,36,0,0,0,0,0,0,81793,84360,89215,93908,14308,14808,2682,5000,5000,1000,500,302,0
17611,350000,2,1,1,42,0,0,0,0,0,0,360,360,360,360,510,510,360,360,360,510,510,360,0
17612,170000,2,2,1,45,0,0,0,0,0,0,156993,159482,161921,165863,128038,130931,8000,6500,7000,5000,5000,5000,0
17613,180000,2,2,1,32,1,2,2,0,0,2,146549,150151,142421,110713,84928,83307,7641,3,6003,5826,0,2855,0
17614,220000,2,1,2,30,0,0,0,0,0,0,213525,141764,53019,143408,136786,130596,6439,2261,143408,4754,4740,5190,0
17615,80000,2,3,1,30,2,2,2,2,2,2,40654,41687,42719,43018,44013,45058,2000,2000,1300,2000,1900,1900,1
17616,360000,2,2,1,33,0,0,0,0,0,0,30198,58332,66062,57374,40963,100369,30000,10043,20073,30000,90000,948,0
17617,500000,2,1,2,31,0,0,0,0,0,0,1779,644,1138,643,628,905,644,1138,643,630,905,3111,0
17618,410000,2,1,2,31,0,0,0,0,0,0,309531,313646,270317,209076,191671,192848,11270,15325,9099,7016,7703,100000,0
17619,80000,2,1,1,32,0,3,2,0,0,0,4927,4693,3342,4844,3728,2612,0,0,4844,0,0,0,1
17620,180000,2,1,2,33,2,2,2,2,2,2,118656,125175,126899,127336,125273,134210,10000,5200,4000,1500,11000,1000,1
17621,280000,2,1,2,31,0,0,0,0,0,0,410,3977,1713,1430,6877,6479,3977,1726,1430,6877,6479,720,0
17622,20000,2,1,2,31,0,0,0,0,0,0,416,416,0,416,416,416,416,416,832,416,416,416,0
17623,30000,2,2,2,31,3,2,2,2,2,0,29078,28312,29733,29183,28082,27434,0,1900,2600,11,1500,1700,1
17624,200000,2,1,1,31,0,0,0,0,0,0,1203,0,0,0,5032,0,0,0,0,5032,0,0,0
17625,180000,2,1,2,32,0,0,2,2,0,0,10831,17816,18247,33230,5168,0,7201,1000,0,103,0,0,1
17626,140000,2,1,2,33,2,0,0,0,0,0,130104,131356,136107,128738,126491,125213,4900,7005,7000,4762,5000,5000,0
17627,130000,2,2,2,29,0,0,0,2,0,0,86584,88345,94597,92077,93272,96298,4100,8600,0,3500,7100,3600,0
17628,20000,2,2,1,30,0,0,0,0,0,0,3366,0,0,0,2105,2105,0,0,0,2105,0,0,0
17629,120000,2,1,2,29,0,2,0,0,0,0,632,316,316,632,316,316,0,316,632,0,316,782,1
17630,50000,2,2,2,30,0,0,0,0,0,0,35758,36664,30897,14693,247,0,3000,3000,5000,0,0,0,0
17631,310000,2,2,1,30,0,0,0,0,0,0,13768,17520,21218,40531,41630,51983,4000,4000,20003,3027,20006,10056,0
17632,420000,2,1,2,30,0,0,0,0,0,0,46209,26552,15189,13787,9199,4405,1543,2005,5000,2000,1000,240,0
17633,60000,2,2,2,30,0,0,0,0,0,0,10809,11160,10913,12469,6060,5382,3160,2604,2160,4060,3382,3751,0
17634,140000,2,1,1,30,1,0,0,0,0,0,0,0,0,0,0,0,0,0,0,0,0,0,0
17635,80000,2,2,2,30,2,2,2,2,4,4,56761,58920,60385,64876,65245,63647,3700,3000,6100,2000,0,2000,1
17636,220000,2,2,1,31,0,0,0,0,0,0,79226,78693,78297,78980,77817,77569,3900,3500,4000,2700,3000,10000,0
17637,360000,2,2,1,33,0,0,0,0,0,0,11596,11775,0,0,0,0,1058,0,0,0,0,0,0
17638,290000,2,1,2,29,0,0,0,0,0,0,10370,5681,7124,8038,4029,6059,1400,1507,2580,2050,2030,0,0
17639,260000,2,1,2,30,1,2,0,0,0,0,96549,94114,96689,101023,93738,96218,0,5000,6000,5000,4000,8000,0
17640,170000,2,1,2,29,0,0,0,0,0,0,24717,26659,28592,29364,29096,29353,3000,3000,2000,1000,977,5000,0
17641,200000,2,1,2,34,0,0,0,0,0,0,0,0,0,0,0,0,0,0,0,0,0,0,1
17642,140000,2,2,1,35,0,0,0,0,0,0,127794,120770,116399,112055,107364,107762,4317,4189,5411,3800,4024,4100,0
17643,170000,2,2,2,39,0,0,0,0,0,0,161277,162706,166677,167049,38377,33668,5856,7424,7169,1241,1187,1396,0
17644,220000,2,1,1,45,0,0,0,0,0,0,142389,143557,142698,145875,143254,145368,6200,7300,7510,5000,5000,5200,0
17645,230000,2,1,1,44,0,0,0,0,0,0,756,0,0,11660,11898,14898,0,0,11660,238,3000,1252,1
17646,360000,2,3,2,38,0,0,0,0,0,0,1638,3060,0,0,1444,-1382,3060,0,0,1444,1382,0,0
17647,340000,2,1,1,36,0,0,0,0,0,0,242518,247338,252656,257535,262670,266351,8849,9300,9200,9226,9530,10139,0
17648,360000,2,1,1,37,0,0,0,0,0,0,0,0,0,0,0,0,0,0,0,0,0,0,1
17649,90000,2,3,2,42,0,0,0,0,0,0,91240,92795,93557,47166,48406,49695,4895,4806,1547,3000,3000,1720,0
17650,130000,2,2,1,47,2,2,2,2,2,2,123896,120452,129137,129956,130946,130814,0,12200,4500,4502,5000,0,1
17651,80000,2,2,1,41,0,0,0,0,0,0,390,390,390,-390,0,1560,390,780,0,390,1780,0,1
17652,400000,2,1,1,41,0,0,0,0,0,0,104083,8,1274,19143,20305,22063,8,1274,19143,1305,2063,1695,0
17653,240000,2,2,2,43,0,0,0,0,0,0,225159,216829,27620,24873,24511,24000,20000,27662,24873,24511,24000,37645,0
17654,10000,2,2,1,46,1,2,2,2,2,2,7660,8689,8403,9505,8889,10263,1306,0,1735,0,2000,0,1
17655,240000,2,1,1,41,0,0,0,0,0,0,3087,10839,16665,13039,9439,11378,10839,10000,3500,0,5000,5000,0
17656,130000,2,1,1,40,0,0,0,0,0,0,989,989,989,989,990,702,991,991,991,992,703,992,0
17657,20000,2,3,1,44,0,0,2,2,2,0,20313,20111,18057,18536,11532,19450,3030,0,2175,0,10000,931,0
17658,80000,2,2,1,40,0,0,0,0,0,0,37123,38317,20896,21604,22035,22496,2072,1651,1359,790,817,821,0
17659,250000,2,2,1,39,0,0,0,0,0,0,210262,58752,31707,13630,10000,10000,10073,10011,1000,10000,10000,10000,0
17660,30000,2,2,1,44,1,4,4,3,2,2,28864,30108,29367,28605,27855,29649,2000,0,0,0,2400,1300,0
17661,280000,2,2,1,42,0,0,0,0,0,0,255527,256675,253682,260274,153516,156830,273844,13000,11000,8000,5866,8000,0
17662,290000,2,2,1,49,0,0,0,2,0,0,-236,-236,11764,11186,6863,6179,0,12000,0,0,0,0,0
17663,500000,2,3,2,46,0,0,0,0,0,0,24239,36674,1558,310852,301854,133761,15000,1558,310852,10000,5000,5000,0
17664,80000,2,2,1,40,1,2,0,0,2,0,63340,53262,39422,33954,29070,27785,6,2006,4000,0,1118,3000,0
17665,120000,2,2,1,47,0,0,0,0,0,0,97989,101458,103840,105646,86127,67269,5100,5500,5170,3543,3000,3238,0
17666,80000,2,2,1,48,0,0,0,0,0,0,49526,48304,27864,27033,27617,26761,1740,1800,1500,1000,965,1500,0
17667,210000,2,2,2,41,0,0,0,0,0,0,227271,211597,99865,77754,49529,30683,9000,4000,3018,2000,3000,3000,0
17668,100000,2,2,2,30,2,2,2,2,0,0,96604,94153,102623,100090,101511,103503,0,10000,0,4000,7816,0,1
17669,210000,2,1,1,41,1,0,0,0,0,0,-28,-28,3330,0,0,300,0,3358,0,0,300,0,0
17670,500000,2,2,1,44,0,0,0,0,0,0,193136,186610,180153,173454,166546,159651,6610,6480,6230,5900,5720,5420,0
17671,230000,2,1,1,39,0,0,0,0,0,0,63370,64621,65380,66520,66343,63498,2305,2515,2370,2180,2500,2200,0
17672,110000,2,2,1,40,0,0,0,0,0,0,23303,23978,22369,20608,20608,20606,1511,1772,1320,750,745,747,0
17673,210000,2,1,1,46,0,0,0,0,0,0,112901,110089,108775,107090,104037,101337,4910,3939,3792,3657,3631,3500,0
17674,320000,2,2,2,35,0,0,0,0,0,0,61687,59130,121486,22337,23358,13536,3500,3300,6000,5000,2000,3000,0
17675,140000,2,2,2,37,0,0,0,0,0,0,143118,140955,1876,1876,1876,3372,6400,1876,1876,1876,3372,104005,0
17676,40000,2,1,1,48,0,0,0,0,0,0,38549,37924,37648,38804,39651,40794,2000,1700,2000,2000,2000,2000,0
17677,280000,2,1,1,35,2,0,0,0,0,0,47,97767,99036,96383,86060,62312,99007,5000,3027,6025,2001,1903,0
17678,220000,2,1,1,47,0,0,0,0,0,0,210753,188270,177515,166282,100244,-607,6426,7160,6495,3993,0,176566,0
17679,250000,2,2,1,37,0,0,0,0,0,0,59023,102006,56412,37764,23876,16891,45000,2012,72791,16891,0,5617,0
17680,70000,2,1,2,34,0,0,0,0,0,0,36467,40505,43333,36959,27296,23474,5000,5000,1500,546,1000,1746,0
17681,70000,2,1,1,35,0,0,0,0,0,0,59795,60684,69521,45001,37214,23807,2479,10128,4086,1348,13032,10059,0
17682,300000,2,1,1,47,0,0,0,0,0,0,514,2392,148,148,148,0,2392,148,148,148,0,747,1
17683,50000,2,3,1,40,0,0,0,0,0,0,117191,48729,49929,-596,28348,30530,2325,2525,283,29334,3000,2000,0
17684,70000,2,1,2,36,0,0,0,0,0,0,79640,75021,71101,73831,46898,48686,3000,2893,4231,8000,2500,1675,0
17685,50000,2,3,1,35,0,0,0,0,0,0,49930,48261,49027,49564,28609,28302,2300,3000,2503,1500,1204,2000,0
17686,250000,2,2,1,35,2,0,0,0,0,0,92966,37341,38905,35356,34978,35822,1641,2205,2000,2000,1000,1000,1
17687,120000,2,2,1,34,0,0,0,0,0,0,119287,116995,114061,116067,116294,118759,4400,4137,4400,4320,4500,4600,0
17688,70000,2,1,1,35,2,2,2,2,2,2,51143,53185,55030,56530,55027,58461,3500,3300,3000,0,4500,2500,1
17689,440000,2,1,1,40,0,0,0,0,0,0,416044,424528,434015,434419,393135,385578,16500,17500,17000,14500,14500,13500,0
17690,280000,2,1,1,41,0,0,0,0,0,0,96590,99755,81244,81193,82470,49630,5000,3000,3007,5000,2000,1700,0
17691,360000,2,1,1,42,0,0,0,0,0,0,174857,179851,186961,201703,189455,194373,10000,10005,20117,15018,10027,20057,0
17692,150000,2,1,1,43,0,0,0,0,0,0,885,-123,-123,240,123,123,123,0,363,0,123,123,0
17693,300000,2,3,2,44,0,0,0,0,0,0,0,0,0,0,0,0,0,0,0,0,0,0,1
17694,20000,2,2,1,42,1,2,2,2,0,0,8395,8114,10293,9979,10329,10391,0,2479,0,515,377,617,0
17695,380000,2,2,1,38,0,0,0,0,0,0,12538,6666,0,0,0,0,1000,0,0,0,0,0,0
17696,340000,2,2,1,44,0,0,0,0,0,0,240851,171731,61404,114807,114560,85272,8297,4951,199726,4476,3257,3497,0
17697,210000,2,2,2,41,0,0,0,0,0,0,165425,169174,171459,177590,180147,184084,8000,6500,9000,7000,7000,7000,0
17698,60000,2,2,1,41,2,0,0,2,0,0,56483,55643,54941,50291,35829,36602,2203,4687,11,1500,1500,2000,1
17699,130000,2,1,1,46,0,0,0,0,0,0,15393,16624,18932,22001,3403,3859,1593,3000,4000,0,3860,249,0
17700,340000,2,1,1,43,0,0,0,0,0,0,15928,18338,20035,24238,20315,16378,3000,2000,5000,1000,723,5000,0
17701,170000,2,2,1,49,0,0,0,0,0,0,12769,13557,20245,15429,16594,14035,3557,8245,5429,4500,5415,6000,0
17702,360000,2,2,1,43,0,0,2,0,2,0,9011,4045,1780,2380,2230,2275,4045,0,4760,0,2275,2280,0
17703,60000,2,2,1,35,2,2,2,2,2,2,3167,5601,5366,6772,6515,7906,2500,0,1500,0,1500,0,0
17704,360000,2,1,1,37,0,0,0,0,0,0,5625,367,1726,396,-66,-66,368,1734,398,200000,0,150000,0
17705,280000,2,2,1,41,0,0,0,0,0,0,9551,12848,15345,19211,22817,37323,5000,5000,5000,5000,16000,0,0
17706,240000,2,1,1,34,0,0,2,0,0,0,2799,855,858,1048,2695,0,855,3,1054,2695,0,0,0
17707,120000,2,1,2,34,0,0,0,0,2,0,17067,0,0,7304,7154,9055,0,0,7304,0,5000,1857,0
17708,90000,2,1,2,33,0,0,2,0,0,0,92725,94908,89711,91165,72263,72569,8500,0,4086,2600,3000,3000,0
17709,100000,2,1,1,34,0,0,0,0,0,0,101620,101747,100750,98953,99114,101501,4000,3838,3563,3563,4000,3475,0
17710,410000,2,1,1,34,1,0,0,0,0,0,0,0,0,0,0,0,0,0,0,0,0,3996,0
17711,190000,2,1,1,43,2,0,0,0,0,0,191869,193660,174848,124776,92684,100151,7305,6099,4793,3684,12251,1265,0
17712,220000,2,1,1,36,0,0,0,2,0,0,184765,190691,206000,194930,130938,134664,9000,20000,0,5000,6000,8000,0
17713,90000,2,2,2,44,2,2,2,2,2,2,15089,17023,18451,17857,20256,20785,2500,2000,0,2700,1000,0,1
17714,120000,2,1,2,30,0,0,0,0,0,0,170263,157881,160796,160168,156165,158850,5520,5700,5815,5500,5522,6000,0
17715,10000,2,3,2,50,3,2,2,2,2,2,600,600,600,600,600,2050,0,0,0,0,1450,0,1
17716,500000,2,1,1,50,0,0,0,0,0,0,378981,372392,353719,348365,306196,303114,20002,16023,13009,10008,10000,20004,0
17717,120000,2,2,1,51,0,0,0,0,0,0,4777,60332,60702,58677,51549,46552,62462,2299,1919,1838,2200,90000,0
17718,120000,2,2,1,50,0,0,2,0,0,0,38261,58084,33018,19172,14938,21290,23000,0,10076,10000,10000,10000,0
17719,220000,2,1,1,51,0,0,0,2,2,0,2262,2255,8105,2224,150,1000,2276,8117,0,150,1000,2619,1
17720,240000,2,2,1,50,0,0,0,2,0,0,978,193,386,579,386,193,193,386,386,0,0,536,0
17721,150000,2,1,2,36,1,0,0,0,0,0,0,990,0,234,0,0,990,0,234,0,0,0,0
17722,500000,2,1,1,50,0,0,0,0,0,0,21794,12574,12608,-134,22466,1969,12610,12694,0,22600,16837,0,0
17723,150000,2,1,1,50,0,0,0,0,0,0,6350,0,0,0,0,0,0,0,0,0,0,0,0
17724,60000,2,2,1,49,0,0,0,0,0,0,58928,59446,56761,41130,27097,27331,2500,2300,1547,1396,1200,2000,0
17725,30000,2,3,1,50,2,2,2,2,0,0,29468,29688,28919,28000,13393,10539,1000,159,28426,24682,12,0,1
17726,320000,2,2,1,53,0,0,0,0,0,0,319711,33589,34608,38544,44486,52319,3000,3000,6000,8000,10000,1900,0
17727,470000,2,1,1,61,0,0,0,0,0,0,228,5215,3161,762,3637,16847,5241,3176,766,3673,16906,1437,0
17728,440000,2,1,2,51,0,0,0,0,0,0,26106,8999,0,0,10961,11349,8999,0,0,10961,503,448,0
17729,50000,2,2,1,51,0,0,2,2,3,2,44664,48028,46985,50484,50404,50241,4110,0,4600,1000,2000,0,0
17730,220000,2,2,1,51,0,0,0,0,0,0,36022,12838,8605,5352,-5048,-5048,3010,3040,1000,0,0,0,0
17731,360000,2,1,1,54,1,0,0,0,0,0,0,0,0,2580,2580,6941,0,0,2580,0,6941,0,0
17732,90000,2,3,1,58,0,0,0,0,0,0,5563,0,0,0,0,0,0,0,0,0,0,5156,0
17733,50000,2,3,2,60,2,2,2,0,0,0,46554,50774,49551,22673,17147,17505,5000,0,2300,1000,635,580,1
17734,50000,2,2,1,56,0,0,0,0,0,0,50586,46993,33136,34475,19666,19128,2000,2000,2000,1000,1259,1000,0
17735,290000,2,3,1,58,1,2,2,2,0,0,68445,66757,76983,74891,78100,83325,0,12000,0,5000,6000,0,0
17736,350000,2,2,1,50,0,0,0,0,0,0,263390,267494,205636,203844,204114,207448,10532,9219,8797,8004,10012,10006,1
17737,110000,2,3,1,52,1,2,0,0,0,2,23969,11137,16401,18670,19670,1187,0,6000,7000,1200,0,3000,0
17738,40000,2,2,1,53,0,0,2,2,0,0,4621,6527,7776,7502,7651,7811,2150,1500,0,274,283,436,1
17739,50000,2,3,1,59,1,0,0,0,0,0,-639,-639,-1800,0,0,0,0,900,1800,0,0,0,1
17740,110000,2,1,1,55,0,2,2,0,0,0,632,316,0,632,316,632,0,0,948,0,632,0,0
17741,360000,2,3,1,70,0,0,2,2,0,0,1960,732,735,-10,-10,-10,800,3,0,0,0,0,0
17742,200000,2,3,2,63,0,3,2,0,0,0,632,632,316,316,316,316,0,0,316,316,316,316,1
17743,140000,2,2,2,53,0,0,0,0,0,0,8068,9446,13271,11243,12091,12691,1535,5004,1451,1000,1000,3194,0
17744,80000,2,2,2,61,1,0,0,0,0,0,0,0,0,0,0,0,0,0,0,0,0,0,1
17745,260000,2,2,1,56,0,0,0,0,0,0,2338,0,0,0,58,1058,0,0,0,58,1000,1000,0
17746,340000,2,1,1,56,0,0,0,0,0,0,5610,5399,12347,8612,5479,0,5399,12353,8619,0,0,0,1
17747,30000,2,2,1,58,1,2,2,2,2,2,11223,10746,13545,13531,13017,14008,0,2993,500,0,1200,0,1
17748,30000,2,3,1,54,2,2,2,2,4,3,22147,24770,26068,28842,28094,27361,3000,2000,3500,0,0,1000,0
17749,440000,2,3,1,50,0,0,0,0,0,0,250825,167091,144804,67729,66077,60074,10043,8608,25031,25030,22053,20030,0
17750,10000,2,3,1,52,0,2,2,2,2,2,2465,3475,4366,4148,4579,4360,1200,1100,0,500,0,500,0
17751,230000,2,2,1,55,0,0,0,0,0,0,7302,4561,5975,11072,10021,14431,2001,2001,6018,5007,5010,7053,0
17752,50000,2,3,1,61,0,0,0,0,0,0,2020,0,0,0,0,0,0,0,0,0,0,202,0
17753,150000,2,2,3,54,0,0,0,0,0,0,138765,135287,140600,142836,145714,148731,4772,6427,4951,4062,4188,4824,0
17754,330000,2,3,1,55,0,0,0,0,0,0,21333,25915,25036,21804,19228,18799,5000,5200,6000,4300,5000,4000,0
17755,370000,2,3,2,50,0,0,0,0,0,0,48303,129317,1364,0,0,0,124174,2000,0,0,0,2463,0
17756,130000,2,3,2,53,0,0,0,0,0,0,101156,100184,99001,88214,90167,90682,3615,4700,3200,3403,3300,3500,0
17757,10000,2,3,1,51,3,2,2,7,7,7,2400,2400,2400,2400,2400,2400,0,0,0,0,0,0,1
17758,360000,2,2,1,54,0,0,0,0,0,0,277688,271867,272796,279597,253333,253737,10450,10414,11330,9081,9500,9000,0
17759,20000,2,3,1,61,1,0,0,0,0,0,0,0,0,0,0,0,0,0,0,0,0,0,1
17760,180000,2,3,2,52,0,0,0,0,0,0,173065,171015,162516,163447,134939,135815,5902,7693,5464,4893,5095,4862,0
17761,80000,2,3,1,62,0,0,0,0,0,0,36088,37257,36288,37630,26424,27342,2100,2100,2400,1100,1500,1500,0
17762,50000,2,2,1,55,2,0,0,0,0,0,41696,41768,42561,42871,7606,11267,1674,2079,2001,500,4423,4000,1
17763,150000,2,1,2,64,1,2,0,0,0,0,157231,153171,148994,80196,74328,66806,3,6103,3220,3028,5052,15000,0
17764,30000,2,3,1,56,1,3,2,2,2,2,25158,24466,24087,25890,25175,26870,0,300,2500,0,2100,0,0
17765,50000,2,3,1,52,0,0,0,0,0,0,5976,6405,6828,6229,390,390,2000,2000,1004,10,390,390,0
17766,20000,2,2,3,56,0,0,0,0,0,0,17977,19194,18405,0,380,-400,3000,1000,400,380,0,1720,0
17767,130000,2,3,2,55,0,0,0,0,0,0,116336,121544,128243,115204,101158,95895,10063,20000,10009,10000,5000,5000,0
17768,320000,2,3,2,53,0,0,0,0,0,0,188373,281060,261698,265703,175925,188982,276698,11020,11000,9486,20000,10000,0
17769,300000,2,3,1,62,0,0,0,0,0,0,0,0,0,0,0,0,0,0,0,0,0,0,0
17770,330000,2,1,1,53,0,0,0,0,0,0,304922,292517,211831,153841,156866,155679,14000,7507,6000,6171,6000,6000,0
17771,50000,2,2,2,53,0,0,0,0,0,0,51320,50602,50095,34120,33235,32377,1952,1979,1495,1144,1165,946,0
17772,70000,2,3,2,60,0,0,0,0,0,0,10083,11091,12117,13125,13407,13692,1184,1210,1218,500,500,543,0
17773,70000,2,3,3,58,0,0,0,0,0,0,70012,67714,68412,69016,69701,70898,2418,2500,2456,2500,3000,2533,0
17774,100000,2,3,1,58,0,0,0,0,0,0,96821,98389,97831,93937,78063,79707,3589,3656,3677,2763,2787,2881,0
17775,110000,2,2,1,54,2,2,2,0,0,2,95090,94938,91453,92097,96509,93773,3400,0,3290,7000,0,3500,1
17776,100000,2,2,1,58,2,2,2,0,0,0,86654,87851,85594,87095,88357,77155,3500,0,3300,2839,3000,4000,1
17777,160000,2,3,1,53,1,0,0,2,2,0,0,0,3613,2722,0,0,0,3613,0,0,0,0,0
17778,70000,2,3,2,55,0,0,0,0,0,0,4664,5680,6703,7853,7316,7350,1100,1123,1273,407,300,300,0
17779,60000,2,2,1,59,4,4,4,5,4,3,54506,56998,59111,59595,58079,56892,4000,3601,2000,0,0,0,0
17780,80000,2,2,1,61,0,0,0,0,0,0,74156,73878,64656,60537,42610,42769,3000,2506,3008,3000,2000,3000,0
17781,100000,2,3,1,60,0,0,3,2,0,0,2178,4944,4709,2234,2267,2168,7300,0,0,2300,2168,2300,0
17782,230000,2,1,1,66,1,0,0,0,0,0,0,0,0,0,0,0,0,0,0,0,0,142,1
17783,60000,2,3,3,64,0,0,0,0,0,0,15463,14046,218,12716,10686,10400,1410,218,12723,483,600,9132,0
17784,160000,2,2,1,58,0,0,0,0,0,0,1443,1443,1443,1443,1443,1443,1443,1443,1443,1443,1443,1443,0
17785,30000,2,2,1,55,0,0,0,0,0,0,13532,14647,15525,0,0,0,1647,1525,0,0,0,0,1
17786,310000,2,1,1,62,2,2,2,2,2,2,327289,323125,308878,314524,308637,283200,12500,2100,22053,10654,0,10450,0
17787,60000,1,2,1,46,0,0,0,0,0,0,57487,59228,60040,58722,19790,19250,2706,3004,1475,690,1000,1200,0
17788,50000,1,2,1,64,2,3,2,2,0,0,28433,27682,28403,27648,28202,30008,0,1459,0,1013,2264,0,0
17789,140000,1,3,1,58,2,0,0,0,0,0,98985,98702,96753,94310,92182,88818,4520,4034,5050,6034,3202,5000,0
17790,20000,1,2,2,27,0,2,0,0,0,0,780,390,390,0,780,0,0,390,0,780,0,0,0
17791,10000,1,2,2,38,1,0,0,0,0,0,-58,-58,-58,7242,8123,8993,0,0,7300,1000,1000,330,0
17792,80000,1,2,2,29,0,0,0,0,0,0,10278,5991,4457,75743,76343,76567,1085,1000,75743,2667,3395,1772,0
17793,50000,1,3,2,24,0,0,0,0,0,0,40751,30786,30285,14225,12668,10880,1627,3053,2005,550,400,1000,0
17794,160000,2,2,1,51,2,0,0,0,2,0,65312,67610,69908,78087,75255,78593,4000,4000,10000,0,5000,3000,1
17795,500000,2,1,2,51,1,0,0,0,0,0,0,0,0,0,0,0,0,0,0,0,0,0,0
17796,470000,2,2,1,54,1,2,0,0,0,0,358581,351295,358671,367492,374249,381132,0,13033,14800,14359,13897,14425,0
17797,210000,2,1,1,54,0,0,0,0,0,0,1494,6545,11755,5808,3974,0,6555,11800,5818,4015,0,0,0
17798,50000,1,3,2,23,0,0,2,0,0,0,1789,4249,4038,5275,0,0,2500,0,1500,0,0,0,1
17799,30000,1,1,2,24,2,0,0,0,0,0,29015,27080,25933,26319,28754,17491,1400,1800,1100,3000,500,1000,1
17800,50000,1,1,2,23,0,0,0,0,0,0,18666,15554,17159,8402,6646,7534,2000,2000,1500,500,1000,2000,0
17801,80000,1,1,2,24,0,0,0,0,0,0,77225,75429,71977,56023,47582,48039,3649,2502,2205,1702,1800,1908,0
17802,30000,1,2,1,23,2,2,2,2,2,2,27172,28224,29276,28635,30127,30525,1800,1800,150,2250,1000,0,1
17803,80000,1,5,2,24,0,0,0,0,0,0,52991,50195,44410,22649,20650,0,2121,2358,3123,1500,0,0,0
17804,150000,1,1,2,28,0,0,0,0,0,0,5797,434,11021,6253,6257,4152,436,11086,6284,6288,4172,3207,0
17805,170000,1,2,2,27,0,0,0,0,0,0,169106,141998,134212,133450,127020,123490,5000,5508,5915,3000,4000,4000,0
17806,220000,1,2,2,30,0,0,0,0,0,0,15872,19053,19303,19867,12826,19847,20066,20063,20057,12863,20061,13191,0
17807,30000,1,2,2,35,2,0,0,2,2,2,18915,20290,24727,24031,25579,25030,2000,5100,0,1949,0,912,1
17808,100000,1,2,2,23,0,0,0,0,0,0,291,291,291,291,291,291,291,291,291,291,291,291,0
17809,10000,1,2,2,24,3,2,2,3,3,3,1050,1050,1050,1050,1050,1050,0,0,0,0,0,0,1
17810,140000,1,2,2,24,0,0,0,0,0,0,6312,-148,8431,11034,5040,7838,0,8579,11034,5040,7838,11737,1
17811,50000,1,2,2,24,1,2,2,2,2,2,25932,24924,22599,24613,23922,25481,1800,0,2700,0,2100,0,0
17812,20000,1,2,2,22,0,0,0,2,0,0,8785,8134,9992,10526,11049,11865,1142,2000,1000,1000,1000,1000,0
17813,10000,1,2,2,22,1,2,2,2,2,2,6829,6571,8950,8658,9413,9117,0,2500,0,900,0,971,1
17814,50000,1,2,2,24,0,0,0,0,0,0,49989,48512,43701,40429,9727,9606,1800,2000,1118,1000,500,1000,0
17815,10000,1,3,2,22,1,0,0,0,0,0,0,7492,8589,9365,7740,1000,7492,1224,1000,175,0,0,0
17816,30000,1,2,2,23,0,0,0,0,0,0,30620,30432,30263,29418,30275,0,2000,2500,1200,1000,0,0,0
17817,50000,1,2,2,23,0,0,0,0,0,0,49283,48570,49362,47907,18145,17495,1781,3264,1400,3000,350,133,0
17818,100000,1,2,2,24,0,0,0,0,0,0,87478,88627,92187,95030,29470,3470,3500,5000,5000,4000,3000,5000,1
17819,20000,1,3,2,24,0,0,0,0,0,0,18661,17895,19598,19701,3486,199,1400,2000,1000,400,199,0,0
17820,20000,1,2,2,25,0,0,0,0,0,0,17584,20000,0,0,0,0,3000,0,0,0,0,0,0
17821,100000,1,2,2,25,0,0,0,0,0,0,49199,48285,390,390,390,390,1000,390,390,390,390,390,0
17822,50000,1,2,2,25,1,2,0,0,0,0,15491,15934,17168,18376,19068,19760,1000,1500,1500,1000,1000,2500,1
17823,100000,1,1,2,24,0,0,0,0,0,0,33921,34920,36030,37173,35875,36263,1563,1673,1816,1213,1248,1212,0
17824,30000,1,3,2,25,2,0,0,0,0,2,23421,24228,25331,26347,27508,30118,1500,1500,1439,1600,3200,0,1
17825,50000,1,2,1,25,0,0,0,0,0,0,42238,43259,35307,23096,18970,19514,1807,1405,1366,1000,1000,1000,1
17826,50000,1,2,2,25,0,0,0,0,0,0,-1587,-5174,-2587,-2587,-2587,-2587,0,0,0,0,0,0,1
17827,50000,1,1,2,25,0,0,0,0,0,0,60200,61600,71000,73000,78000,80000,2000,10000,2000,5000,2000,0,0
17828,50000,1,5,2,23,0,0,0,0,0,0,42407,13244,48845,43129,28385,23876,7275,47166,12064,12176,780,6200,0
17829,50000,1,1,2,25,0,0,0,0,0,0,48848,48208,48265,43451,19790,17790,1845,1967,1400,396,0,0,0
17830,50000,1,2,2,25,0,0,0,0,0,0,50547,49480,50643,48123,18092,28728,1900,2000,2000,2000,11041,1056,0
17831,380000,1,2,2,26,0,0,0,0,0,0,64900,43514,10626,312,986,284729,2600,1626,312,1007,284069,11340,0
17832,50000,1,1,2,24,2,0,0,2,0,0,5524,6474,8896,7088,7109,6898,1500,2700,0,500,500,500,1
17833,30000,1,2,2,24,2,4,3,2,0,0,31529,30752,29991,29192,28210,28543,0,0,0,1100,1300,2000,0
17834,150000,1,2,1,25,0,0,0,0,0,0,890,-180,101,480,0,0,0,281,600,0,0,0,0
17835,180000,1,2,2,25,0,0,0,0,0,0,12891,14275,15737,16603,17395,17182,1600,2000,1500,1003,1003,1006,0
17836,80000,1,3,2,26,0,0,0,0,0,0,79558,81906,76228,76841,9534,7371,3694,3470,3305,500,300,500,1
17837,110000,1,2,2,24,2,2,2,2,2,2,98428,101402,104878,105325,102220,107970,5500,6600,3700,0,7500,0,1
17838,30000,1,3,2,25,0,0,0,0,0,0,23075,23996,25407,27312,8810,6355,2000,2500,3000,178,1000,0,0
17839,110000,1,2,2,25,0,0,2,0,0,2,23459,27157,26549,34222,44062,45036,4000,0,9000,10700,1700,0,1
17840,280000,1,2,2,26,0,0,0,0,0,0,51951,25360,6183,261,-91,-91,25486,6213,262,0,0,18342,0
17841,10000,1,2,2,23,0,0,0,0,0,0,5583,8959,4408,9071,9038,5005,5000,7000,5000,5000,1000,10000,1
17842,10000,1,2,2,23,0,0,0,0,0,0,1473,1863,0,390,390,780,1863,0,390,390,780,0,0
17843,20000,1,2,2,24,2,2,2,2,2,2,16239,16276,16715,18327,17735,19446,600,1000,2200,0,2000,0,0
17844,170000,1,2,2,26,0,0,0,0,0,0,85914,78411,57061,49734,14285,136394,10050,5050,6000,3561,139898,6000,0
17845,20000,1,3,2,26,3,3,2,0,0,0,21667,21081,19661,26158,13560,15324,0,25,2000,1000,2000,1000,1
17846,130000,1,2,2,22,0,0,0,0,0,0,120479,98341,132260,127335,51104,50536,5601,103012,3965,3508,3011,3033,0
17847,200000,1,1,2,26,2,2,2,2,2,2,196979,200055,202494,162228,154294,147514,7800,7500,0,6700,5000,7000,1
17848,250000,1,2,2,26,0,0,0,0,0,0,115497,114716,117212,112623,110178,108176,3835,4068,3859,3597,3822,3825,0
17849,80000,1,2,2,27,0,0,0,0,0,2,48329,45920,47186,46882,49170,48269,5004,5013,5000,4000,0,2002,0
17850,180000,1,1,2,27,0,0,0,0,0,0,3210,13852,6482,3246,2016,2334,12000,5004,1000,1000,2300,3000,0
17851,120000,1,2,2,28,0,0,0,0,0,0,70124,71355,72962,58163,33358,16829,3000,2830,1600,3600,300,1000,0
17852,20000,1,2,2,26,1,2,2,2,0,0,16167,15615,18047,17322,17122,0,0,3000,0,0,0,0,0
17853,150000,1,1,2,26,0,0,0,0,0,0,26443,27996,28963,8355,10355,12355,2000,2000,2000,2000,2000,2000,0
17854,190000,1,2,2,26,0,0,0,0,0,0,2204,3479,4886,6258,8969,9009,1800,1797,1785,3142,490,2000,0
17855,210000,1,1,2,27,0,0,0,0,0,0,42585,43304,45622,47232,47583,53032,8000,5000,4000,3000,8000,3000,0
17856,180000,1,2,2,27,0,0,0,0,0,0,147310,152047,143809,112323,112208,113887,7503,30018,4011,3802,4106,4006,0
17857,50000,1,2,2,28,0,0,0,0,0,2,48431,45008,40226,41256,43962,44913,1700,2000,1700,3400,1800,0,0
17858,140000,1,1,2,25,0,0,0,0,0,0,92465,93536,96820,97000,97467,79872,3500,4790,3092,3148,2981,3912,0
17859,80000,1,2,2,26,0,0,0,0,0,0,2970,-10,-10,-10,16587,0,0,0,0,16597,0,0,0
17860,80000,1,2,2,27,0,0,0,0,0,0,81752,80638,45240,43967,45302,49646,3069,2500,2000,2000,5012,2000,1
17861,80000,1,2,2,25,2,0,0,0,0,0,76915,78270,79693,20335,0,0,3149,3039,1550,0,0,0,0
17862,20000,1,2,2,28,0,0,0,0,0,0,8723,10265,12086,13180,13660,14288,2000,2000,1600,1000,1000,1000,0
17863,10000,1,2,1,26,3,2,2,7,7,6,2400,2400,2400,2400,2400,1800,0,0,0,0,0,0,1
17864,30000,1,2,2,26,1,3,2,2,2,2,14773,14252,13738,15424,14881,15894,0,0,2226,0,1406,0,1
17865,240000,1,1,2,27,0,0,0,0,0,0,19365,1928,4879,11650,12614,7922,5534,4879,11650,12614,7922,6980,0
17866,50000,1,2,2,28,1,0,0,0,0,0,-727,50268,50860,40580,44532,46442,53860,3000,5000,5000,3000,1784,0
17867,90000,1,2,2,26,0,2,0,0,0,0,481,1149,39674,38968,39853,8064,1000,39674,1200,1217,1025,500,1
17868,60000,1,1,2,28,0,0,0,0,0,0,40784,41723,42665,43254,43757,44378,2001,2001,1690,1501,1617,1502,0
17869,100000,1,2,2,28,0,0,0,0,0,0,9125,10664,12183,13670,15129,15732,2000,2000,2000,2000,1000,2000,1
17870,120000,1,1,2,28,0,0,0,0,0,0,4660,5929,1774,76528,73164,72721,6074,1774,119366,3484,2600,3000,0
17871,10000,1,2,1,28,0,0,0,0,0,0,1474,2641,3745,4642,5642,6342,1196,1300,1000,1000,700,1208,0
17872,70000,1,2,2,28,1,2,2,2,2,2,26357,27223,27492,28738,27977,30022,1600,1000,2000,0,2500,0,1
17873,60000,1,1,2,28,0,0,0,0,0,0,26129,30544,21712,23284,24945,25402,5000,2000,2000,2000,2000,2000,0
17874,130000,1,1,2,29,0,0,0,0,0,0,120000,0,0,0,0,0,0,0,0,0,0,0,0
17875,30000,1,3,1,30,3,2,2,7,7,7,2400,2400,2400,2400,2400,2400,0,0,0,0,0,0,1
17876,360000,1,1,2,30,0,0,0,0,0,0,2020,28057,6085,90872,81622,11576,28057,6179,90872,0,11576,8718,0
17877,80000,1,2,2,30,0,0,0,0,0,0,31299,37446,539,16673,21473,10715,20000,539,16673,21473,10715,10000,0
17878,20000,1,2,2,27,0,0,0,0,0,0,15993,17016,18356,19028,38688,19897,1600,1621,1293,830,1548,626,0
17879,50000,1,2,2,28,0,0,0,2,0,0,8608,10300,12711,12210,12508,13306,2000,2900,0,500,1000,1000,0
17880,80000,1,3,2,27,1,0,0,0,0,0,0,0,0,0,0,0,0,0,0,0,0,0,1
17881,150000,1,1,1,27,0,0,0,0,0,0,390,0,780,0,0,0,0,780,0,0,0,0,0
17882,60000,1,2,2,27,0,0,0,0,2,0,26437,27741,28465,31040,29827,28254,1701,1425,3000,0,955,942,0
17883,220000,1,2,2,28,0,0,0,0,0,0,59247,60200,60360,61168,57287,62208,6000,3037,4000,4000,15000,3000,0
17884,10000,1,3,2,23,0,0,0,0,0,0,5807,6974,7838,9002,9182,9729,1270,1134,1298,478,847,0,0
17885,50000,1,2,2,26,2,0,0,0,0,0,49586,49865,41132,31538,28896,28315,2268,2200,1917,1200,1030,1300,0
17886,50000,1,1,2,26,0,0,0,0,0,0,48924,48593,49459,50160,49244,50531,2200,2200,1890,2000,2000,1800,0
17887,220000,1,1,2,28,0,0,0,0,0,0,22399,24203,24081,25356,20952,18340,3000,2000,2000,1000,1200,900,0
17888,450000,1,1,2,29,1,0,0,0,0,0,1261,1261,1261,1261,1261,1261,1261,1261,1261,1261,1261,1261,0
17889,240000,1,2,1,33,1,2,2,0,0,2,172618,174842,141471,39578,46489,45632,6765,0,2000,7592,0,140000,0
17890,500000,1,2,2,29,0,0,0,0,0,0,39345,40382,40740,16316,10705,-42,2014,4135,3256,53,0,36368,0
17891,170000,1,1,2,28,0,0,0,0,0,0,56061,57179,58450,58556,51671,51090,2051,2197,1934,1793,2500,2000,0
17892,100000,1,2,2,29,2,0,0,0,0,2,43531,45103,45779,46912,49715,48791,2600,2200,2200,3900,0,6100,1
17893,60000,1,1,2,29,0,0,2,0,0,0,816,2440,1444,1634,1335,1825,2440,0,1000,1335,888,150,0
17894,200000,1,1,2,30,0,0,0,0,0,0,6589,3423,2785,54271,60326,63339,3449,2798,54271,7000,4000,6000,0
17895,200000,1,2,2,27,2,0,0,0,0,0,189605,191628,180604,181273,180385,185370,14635,10019,8029,7010,10022,7049,1
17896,20000,1,1,2,28,0,0,0,0,2,2,3202,4978,7720,9907,9627,11500,2000,3000,2500,0,2000,5,0
17897,40000,1,2,2,27,1,3,2,0,0,0,41520,40568,39620,38464,38569,70659,0,7,2500,1500,1500,2976,1
17898,110000,1,1,2,27,0,0,0,0,0,0,87487,90120,93661,96185,99667,102978,5000,5000,5000,5000,5000,4000,0
17899,10000,1,2,1,27,0,0,0,0,0,0,10128,9859,9607,9818,10013,9824,1151,1160,1151,346,350,354,0
17900,100000,1,2,2,28,0,0,0,0,0,0,32480,33237,34300,35623,35515,36413,1600,1600,1901,1275,1470,1400,0
17901,50000,1,2,2,28,1,2,2,0,0,0,52753,51400,0,0,0,0,0,0,0,0,0,0,0
17902,30000,1,3,2,28,0,0,0,0,0,0,11064,10030,9019,7970,1479,1635,1159,1159,1000,1479,1635,780,0
17903,30000,1,2,2,28,1,0,0,0,0,0,0,0,0,0,2805,0,0,0,0,2805,0,0,0
17904,50000,1,2,1,29,3,2,2,4,4,4,400,400,400,400,400,400,0,0,0,0,0,0,0
17905,20000,1,3,2,29,1,2,0,0,0,0,5957,4909,5865,17935,19353,20094,0,2000,13500,2500,2000,1500,1
17906,50000,1,2,2,30,0,0,0,0,0,0,26666,21062,6495,2207,0,0,2000,2000,1000,0,0,0,0
17907,60000,1,2,2,28,2,2,2,0,0,0,61743,62197,59892,60228,57969,55220,2800,0,3000,3000,3000,23000,1
17908,50000,1,2,2,32,0,0,2,0,0,0,1473,5486,3787,3246,1473,390,5486,0,1000,0,390,1090,1
17909,130000,1,3,1,34,2,2,2,2,0,0,69388,70650,71933,70117,72014,73759,3000,3000,0,3000,3000,3111,1
17910,20000,1,2,2,25,0,0,2,2,2,0,14193,16489,15936,18015,17431,18000,2850,0,2355,0,1000,900,1
17911,100000,1,2,2,28,2,0,0,0,2,0,58566,56770,56300,54288,25759,25775,5100,2825,5000,0,2000,0,1
17912,20000,1,2,1,38,0,0,0,0,0,0,8337,11191,12219,14009,15773,17515,3000,1210,2000,2000,2000,1200,1
17913,150000,1,3,2,44,0,0,0,0,0,0,151009,148047,147851,151310,107033,109350,6913,5937,6500,4000,4000,4000,0
17914,70000,1,1,2,33,0,0,0,0,0,0,62615,63845,65443,65169,64370,15082,2870,3224,1680,3000,142,142,0
17915,250000,1,1,1,40,0,0,0,0,0,0,7351,6225,3645,3090,3700,1190,3039,2000,1000,1000,0,90403,0
17916,50000,1,3,1,32,2,2,3,2,2,2,38023,39589,40160,40796,41526,42209,2500,1500,1600,1700,1500,3600,1
17917,90000,1,2,1,34,0,0,0,0,0,0,86371,85679,87036,88742,49148,48396,3073,3700,3374,1543,1405,1500,1
17918,90000,1,2,2,32,0,0,0,0,0,0,73814,73132,67854,53952,47277,35547,3700,4100,3900,3000,2200,1000,0
17919,120000,1,1,2,33,2,2,2,2,2,2,87310,89273,91057,91981,89605,95245,4300,4100,3300,0,7100,0,1
17920,240000,1,2,2,25,0,0,0,0,0,0,24640,0,0,0,0,0,1700,0,0,0,0,0,0
17921,50000,1,2,2,25,0,0,0,0,0,0,43785,38971,34836,18488,19716,17932,1795,1660,1272,1500,644,704,1
17922,100000,1,2,1,29,2,2,2,2,3,3,81839,82781,85536,90018,91151,89429,3200,5000,6800,3500,0,3400,1
17923,390000,1,3,1,49,0,0,0,0,0,0,282849,281836,284397,284241,285615,282611,12000,13000,12000,12000,10266,9800,0
17924,50000,1,3,1,36,2,0,0,0,0,0,47097,46006,36272,11521,2678,5468,1796,1284,1060,100,99,273,1
17925,40000,1,2,1,44,2,2,2,2,2,2,24262,26640,25927,28184,28723,28125,3100,0,2700,1300,0,2500,1
17926,190000,1,2,1,38,0,0,0,0,0,0,194670,194690,189950,194092,192638,189113,9000,8400,8800,7500,7100,7450,0
17927,10000,1,2,1,40,3,2,2,3,3,3,1050,1050,1050,1050,1050,1050,0,0,0,0,0,0,1
17928,10000,1,2,1,44,0,0,2,0,0,0,6696,9080,8794,9604,9604,9800,2668,0,1192,0,196,0,0
17929,180000,1,1,2,30,0,0,0,0,0,0,4027,2130,25770,11475,69910,21949,2130,25770,11475,69910,21949,11600,0
17930,230000,1,2,2,31,0,0,0,0,0,0,170041,174811,177733,182106,183965,186979,9800,6418,8000,7000,6618,11000,0
17931,20000,1,2,2,31,0,0,0,2,0,0,12214,13694,16660,16100,17521,19237,2000,3200,0,2000,2000,0,0
17932,230000,1,2,2,32,2,0,0,0,2,2,253935,237858,242378,235163,234032,225822,10183,10057,19000,9100,0,16500,1
17933,200000,1,1,2,32,0,0,0,0,0,0,190530,194796,194205,195154,166778,167833,9000,9000,8000,6900,6000,6000,0
17934,470000,1,1,2,34,0,0,0,0,0,0,57566,55340,43455,33039,18638,14202,5344,3457,1520,1659,2208,75938,0
17935,150000,1,1,3,45,0,0,0,0,0,0,108434,111178,32220,33247,34164,34878,3000,1300,1300,1200,1200,0,0
17936,70000,1,3,1,37,0,0,0,0,0,0,71742,70978,70949,68782,68100,68677,2721,2714,2632,2600,2800,2573,0
17937,50000,1,2,2,37,0,0,0,0,0,0,49473,48970,46220,47459,27056,28452,2314,2261,2500,2000,2000,1500,0
17938,80000,1,1,2,35,0,0,0,0,0,0,75734,93507,78716,53109,28973,24705,20000,79239,2516,1023,2000,1000,0
17939,330000,1,1,1,40,0,0,0,0,0,0,309055,314927,322077,166654,170008,174723,12500,13306,6000,6000,7333,8000,0
17940,140000,1,2,2,33,0,0,0,0,0,0,133336,134483,131805,107950,88622,85165,5000,5000,4005,3500,3500,3000,0
17941,70000,1,2,2,44,2,2,2,2,2,2,43314,44325,45375,44350,46996,47951,2025,2051,0,3697,1853,1910,1
17942,280000,1,2,2,32,0,0,0,0,0,0,35038,36558,39070,40545,42995,46278,2000,3000,2000,3000,4000,7200,0
17943,150000,1,3,2,30,0,0,0,0,0,0,80220,47272,141568,97990,96017,79743,3095,135332,2848,2330,2204,2100,0
17944,80000,1,2,1,35,0,0,0,0,0,0,79875,77201,78535,79296,75274,78051,4000,3500,3322,3000,5007,3000,0
17945,120000,1,1,1,42,0,0,2,2,2,0,7722,9591,10687,11905,11420,12081,2000,1400,1700,0,1000,700,1
17946,50000,1,2,1,45,0,0,0,0,0,2,14488,15798,16867,17759,19354,17726,1558,1627,1519,2114,0,600,0
17947,230000,1,2,1,43,0,0,0,0,0,2,3472,4053,4503,4964,4400,3979,1061,1275,1000,200,0,227,0
17948,160000,1,2,2,36,1,0,0,0,0,0,0,0,0,0,0,1000,0,0,0,0,1000,0,0
17949,50000,1,3,2,37,0,0,0,0,0,0,28951,29631,29177,29544,19863,18812,1765,1653,1400,0,0,300,0
17950,100000,1,3,1,49,0,0,0,0,0,0,82214,74983,71958,68808,68769,68955,2659,2656,2372,2360,2574,2759,0
17951,200000,1,2,1,43,2,3,2,2,2,2,94529,92126,94772,92368,101837,103764,0,5000,0,12000,3700,0,1
17952,170000,1,2,1,36,1,2,0,0,0,0,158954,139482,139869,139956,141431,149946,7,6513,6548,5300,11001,0,0
17953,50000,1,2,1,43,0,0,0,0,0,0,25387,25435,23268,23365,19602,18462,1374,1418,1295,677,669,686,0
17954,200000,1,3,1,46,0,0,0,0,0,0,0,0,0,0,0,0,0,0,0,0,0,0,0
17955,200000,1,2,1,39,0,0,0,0,0,0,1543,1109,1048,1294,0,0,1109,1048,1294,0,0,0,0
17956,50000,1,3,2,41,0,0,0,0,0,0,43383,43397,43395,42334,12316,9997,1992,2251,1451,540,503,430,0
17957,50000,1,3,2,45,0,0,0,0,0,0,35962,34725,33219,31688,29425,29747,1857,1851,1820,1057,3300,0,0
17958,300000,1,2,1,39,0,0,0,0,0,0,29997,592,1049,-25,-25,-25,598,1057,0,0,0,0,0
17959,130000,1,2,2,32,0,0,0,0,0,0,21395,31030,40523,54838,78769,82478,10000,10000,15000,25000,5000,5000,0
17960,80000,1,1,2,33,2,2,2,2,2,2,67206,65537,69361,67647,72524,74068,0,5500,0,6000,3000,0,1
17961,120000,1,1,2,34,0,0,0,2,0,0,32773,28002,32493,16258,8871,2000,1509,5000,7,0,2000,1666,0
17962,140000,1,1,2,32,0,0,0,0,0,0,130134,131475,137236,121914,71210,72778,5000,8000,5485,5000,3000,2000,1
17963,220000,1,1,2,48,0,0,0,0,2,0,113061,115294,117945,130365,126780,129570,5600,6000,16000,0,5000,6300,0
17964,70000,1,2,2,32,0,0,0,0,0,0,71336,70393,131412,63823,52339,40836,3609,2523,2441,3038,2029,70004,1
17965,20000,1,3,2,45,0,0,0,0,0,0,18416,13656,9022,5961,3970,780,1303,1518,1000,79,0,0,0
17966,200000,1,1,1,49,1,0,0,0,0,0,0,492,0,489,320,732,492,0,489,320,732,5335,0
17967,20000,1,2,1,31,1,2,2,2,2,2,6313,6559,7789,8505,9212,8922,500,1500,1000,1000,0,400,1
17968,510000,1,1,2,32,0,0,0,0,0,0,63573,62933,62320,61012,60519,58856,2900,3000,2400,2500,1800,1900,0
17969,450000,1,1,2,34,0,2,0,2,0,0,42713,6496,9341,2857,83527,0,0,9511,20,84000,0,116,0
17970,50000,1,2,1,34,0,0,0,0,0,0,45459,45695,45866,46165,10142,10825,2000,3000,2200,1200,1000,1000,0
17971,120000,1,2,3,48,0,0,0,0,0,0,61673,60679,61943,58744,-36156,-36156,2345,3419,5026,15651,0,0,0
17972,50000,1,3,1,45,1,0,0,0,0,0,0,0,0,0,0,0,0,0,0,0,0,0,1
17973,280000,1,2,2,31,0,0,0,0,0,0,4821,3469,0,0,0,1047,1017,0,0,0,1047,56970,0
17974,30000,1,1,2,33,4,3,2,2,2,2,22303,21657,21022,23661,22983,25607,0,0,3000,0,3000,0,1
17975,20000,1,2,1,35,1,2,0,0,0,2,5659,5422,6283,7454,8181,7905,0,1107,1278,1005,0,300,0
17976,80000,1,2,1,42,0,0,0,0,0,0,78216,62890,52973,52328,49214,50245,2115,5004,1834,1562,1621,2196,0
17977,120000,1,2,1,45,0,0,0,0,0,0,52574,47092,44208,32652,24115,20399,2000,2000,1256,1000,750,623,0
17978,370000,1,2,1,38,0,0,0,0,0,0,189567,183292,187344,192213,193602,196470,8000,8000,9000,7000,7000,6500,0
17979,50000,1,2,2,45,0,0,0,0,0,0,30359,28717,16177,15949,14319,17319,2000,2000,2000,1000,3000,2200,0
17980,20000,1,3,2,39,0,0,0,0,0,0,30892,16348,13593,10236,17541,16322,5000,2015,3000,10005,3414,270,0
17981,160000,1,2,1,36,0,0,0,0,0,0,59675,61085,62503,63867,65206,69584,3000,3000,3000,3000,5600,2600,0
17982,170000,1,3,2,44,0,0,0,0,0,0,167077,170965,172541,159546,137410,136680,12275,10000,8009,6000,30000,5322,0
17983,100000,1,2,2,36,0,0,0,0,0,0,2069,3521,5399,0,0,0,1500,2000,0,0,0,1700,0
17984,210000,1,1,1,42,0,0,0,0,0,0,2827,3517,4412,2700,3578,4075,3527,4425,2708,3588,4087,1841,0
17985,100000,1,3,2,32,0,0,0,0,0,0,54483,45433,40870,10726,1121,61067,2460,2220,1400,1121,61067,2210,0
17986,230000,1,1,1,33,0,0,0,0,0,0,213859,218094,225070,227528,121751,219354,9285,12000,9100,4600,4200,4100,1
17987,240000,1,1,1,38,0,3,2,0,0,0,6333,3360,1291,2740,2241,1060,0,10,2740,2241,0,2731,0
17988,240000,1,3,2,36,0,0,0,0,0,0,135053,141213,116710,93057,55419,59336,10000,10000,10000,5000,5000,5000,0
17989,50000,1,2,3,48,2,2,2,2,2,0,42850,42850,45741,45694,45645,46457,1000,3900,1000,1000,1700,4500,1
17990,80000,1,2,1,46,0,0,0,0,0,0,79707,79876,79919,64237,47890,48036,3542,3500,2500,2000,2500,2000,0
17991,50000,1,3,2,41,0,0,0,0,0,0,94962,49032,50135,50269,29182,29096,4200,2200,3300,1200,1100,1100,0
17992,50000,1,2,1,36,0,0,0,0,0,0,43900,42499,17494,18178,18541,18929,2268,1604,1288,651,674,734,0
17993,440000,1,1,2,37,0,0,0,0,0,0,186061,232558,312398,222336,223882,130672,50000,100448,7015,6422,6086,4000,0
17994,220000,1,3,2,42,0,0,0,0,0,0,26595,33330,36720,40729,44762,48914,9000,5000,5000,5000,5000,5000,0
17995,70000,1,1,2,30,0,0,0,0,0,0,16163,1050,0,21280,21625,22275,1000,0,21280,1000,1000,1200,0
17996,240000,1,1,2,32,0,0,0,0,0,0,3162,3162,3124,3162,3162,3162,3162,3124,3200,3162,3162,3131,0
17997,360000,1,3,2,42,0,0,0,0,0,0,52460,40764,31185,25603,20394,29138,3000,3000,5000,5000,19138,1000,0
17998,360000,1,1,2,32,0,0,0,0,0,0,8971,2284,21669,-3,15866,-46,2303,21785,0,15869,0,0,0
17999,80000,1,1,2,33,0,0,2,0,0,0,251594,264594,4374,5495,5902,6804,13000,0,1200,500,1000,1000,0
18000,30000,1,2,2,36,1,2,2,2,0,0,13208,13692,14176,14642,15397,16147,1000,1000,1000,1000,1000,1000,1
18001,160000,1,2,2,37,1,2,2,0,0,0,99793,101325,98706,90457,90588,92533,4300,0,4200,3238,3400,3550,1
18002,150000,1,2,2,39,2,0,0,0,0,0,155896,159891,164830,95000,98000,100000,5500,7103,3000,3000,2000,0,1
18003,100000,1,2,2,30,0,0,0,0,0,0,55776,44953,46922,48677,49496,51010,3000,3000,3000,2000,2000,2000,0
18004,70000,1,2,2,33,1,2,8,7,7,6,26181,37611,37026,38922,38318,38133,12000,0,2500,0,1000,1500,0
18005,300000,1,2,2,35,0,0,0,0,0,0,242168,276536,206885,169901,170540,152188,40006,26531,10017,9123,10259,5079,0
18006,90000,1,2,1,39,2,2,2,2,2,2,26493,30034,29268,31776,32456,31800,4000,0,3000,1500,0,2600,1
18007,800000,1,1,2,46,0,0,0,0,0,0,6229,4636,3810,6193,1957,3175,4644,3832,6219,1961,3183,27201,0
18008,360000,1,2,2,40,0,0,0,0,0,0,36560,34371,43052,43596,33762,33391,11028,15044,10115,14026,5104,20077,0
18009,90000,1,2,1,41,1,2,0,0,0,2,86699,84423,86173,87942,92756,91146,0,4008,4100,7200,0,3271,1
18010,300000,1,3,2,43,0,0,0,0,0,0,303747,299685,279613,286449,191187,194333,11500,14000,20000,6500,8000,7000,1
18011,30000,1,3,1,46,1,2,0,0,0,0,19523,18917,20004,21063,21416,22667,0,1700,1700,1000,1749,0,1
18012,50000,1,2,2,37,0,0,0,0,0,0,48566,48206,48659,47248,48241,49196,2088,2120,1750,1700,1800,2023,0
18013,110000,1,2,1,30,2,0,0,3,2,2,54404,57503,66128,64477,65413,66520,4000,9600,0,2600,2300,3000,1
18014,80000,1,1,2,37,0,0,0,0,0,0,155342,159672,163959,168187,171869,175524,6000,6000,6000,5500,5500,5500,0
18015,140000,1,2,1,31,0,0,2,2,0,0,134039,143937,143649,118593,95257,93145,13650,4700,114,3500,3500,3400,0
18016,50000,1,2,1,44,0,0,0,0,0,0,48659,34763,16158,11950,9903,10224,1345,1197,1152,495,1014,0,0
18017,20000,1,3,2,40,0,0,0,2,2,0,13195,14197,15657,14418,13561,13291,1238,2959,580,0,435,518,0
18018,50000,1,3,2,46,0,0,0,0,0,0,48060,48923,48924,33778,19492,19582,2326,2000,1235,622,1000,1000,0
18019,50000,1,1,2,34,1,0,0,0,0,0,0,0,0,0,0,0,0,0,0,0,0,0,0
18020,130000,1,2,1,48,3,2,2,2,3,3,120326,121877,118491,131444,133248,131001,5000,0,15000,5327,22,10,1
18021,90000,1,2,1,45,0,0,2,0,0,0,46608,49999,43996,44069,41317,36912,4500,0,1750,1425,1412,1231,0
18022,30000,1,3,1,44,0,0,0,0,0,0,2180,0,0,0,0,0,0,0,0,0,0,0,0
18023,50000,1,2,1,49,0,0,0,0,0,0,33346,33536,34923,37192,39341,27561,2000,3500,3000,3000,5000,5000,1
18024,170000,1,1,1,39,0,0,0,0,0,0,0,0,905,0,0,0,0,905,0,0,0,0,0
18025,290000,1,1,2,31,2,0,0,0,0,0,45021,44702,35181,28847,28131,3016,2700,1707,1800,0,0,2411,1
18026,20000,1,3,1,47,0,0,0,0,0,0,16013,14334,9086,5096,5096,5200,1419,1270,1200,0,104,0,0
18027,180000,1,1,2,38,2,2,2,0,0,0,114091,124233,125768,126202,127677,99764,12100,5000,4200,3000,5000,2000,1
18028,360000,1,1,1,35,1,0,0,0,0,0,396,396,396,396,396,396,396,396,396,396,396,396,0
18029,20000,1,3,2,31,0,0,0,0,0,0,7222,13627,11974,11467,10469,9380,10009,2004,5013,3010,3690,4384,0
18030,140000,1,2,2,33,0,0,0,0,0,0,279184,259478,25020,21629,18367,15161,7000,2000,2000,2000,2000,2000,0
18031,90000,1,2,1,34,0,0,0,0,0,0,53105,54154,55683,56798,58508,63177,2525,3000,2637,3242,6783,0,0
18032,120000,1,2,1,40,0,0,0,0,0,0,35671,37073,38472,39510,40873,42082,2000,2000,2000,2000,2000,3000,0
18033,160000,1,1,1,31,0,0,0,0,0,0,24465,7747,17002,17170,14685,4328,7751,17016,17185,14685,4328,5827,0
18034,280000,1,2,1,32,2,2,2,2,2,2,204057,199262,211391,214343,215633,210876,0,18000,8000,7500,0,8000,1
18035,500000,1,1,1,46,0,0,0,0,0,0,991,4073,6738,2500,0,0,4082,6738,2510,0,0,1000,0
18036,100000,1,2,2,38,2,0,0,0,0,0,106989,98751,32099,18811,9960,10000,3910,1733,1000,1149,10000,0,1
18037,160000,1,3,2,31,0,0,0,0,0,0,108963,105748,109050,112243,114513,114902,4500,5000,5000,4100,4192,6000,0
18038,20000,1,2,1,42,0,0,0,0,0,0,14124,15132,16483,18391,18783,19176,1249,1600,2500,1000,696,862,0
18039,400000,1,1,2,39,2,2,2,2,2,2,49354,50747,49666,52727,51286,55077,2500,0,4500,0,4800,1600,0
18040,30000,1,2,1,45,2,4,4,3,2,2,28854,30467,29721,28961,29397,29988,2372,0,0,1200,1200,1163,0
18041,50000,1,3,1,47,0,0,0,0,0,0,2840,2522,5500,21709,21056,20061,1000,5500,21709,916,1161,1884,0
18042,70000,1,2,2,40,1,2,0,0,0,0,79237,71627,73326,69645,19799,-1,0,2986,20150,500,0,0,0
18043,110000,1,2,1,42,1,2,0,0,2,2,45461,44434,45395,50402,50217,48199,0,1980,5987,2000,1,3027,0
18044,50000,1,2,2,44,0,0,0,0,0,0,50677,76727,78937,50205,30506,29860,4000,4695,2300,2500,2000,3000,0
18045,170000,1,2,1,40,0,0,0,0,0,0,4599,3409,3790,2578,2100,2400,3409,6530,2578,2100,2400,6665,0
18046,30000,1,1,1,33,0,0,0,0,0,0,28700,28639,30171,29322,28572,0,1800,2300,1508,1000,0,0,0
18047,50000,1,3,1,29,0,0,0,0,0,0,9527,9907,9660,880,990,780,2000,1092,880,990,780,0,0
18048,50000,1,2,2,30,0,2,2,0,0,0,780,780,0,0,0,0,0,0,0,0,0,0,1
18049,90000,1,3,1,44,1,0,0,0,0,0,0,0,0,0,0,0,0,0,0,0,0,0,1
18050,110000,1,2,1,40,0,0,2,0,0,0,31042,33971,33143,34157,34950,36175,3454,0,1568,1361,1900,0,0
18051,240000,1,2,2,46,0,0,0,0,0,0,47379,49274,51171,52716,54229,56191,3000,3000,3000,3000,3000,3000,0
18052,360000,1,3,1,42,0,0,0,0,0,0,0,4435,0,3666,2749,2921,4435,0,3666,2878,2921,5270,0
18053,290000,1,2,2,45,0,0,0,0,0,0,212643,192933,174184,163792,120754,236402,6755,6900,6733,5632,235024,8700,0
18054,180000,1,1,1,39,0,0,0,0,0,0,5086,5661,0,0,0,0,5668,0,0,0,0,0,0
18055,180000,1,2,1,43,0,0,0,0,0,0,158843,152507,143489,146139,73718,137304,6029,7035,10007,20000,4000,10000,0
18056,50000,1,2,2,43,0,0,0,0,0,0,47669,48102,45718,44142,40981,43634,2000,1731,1955,1454,3300,0,0
18057,500000,1,1,2,47,0,0,0,0,0,0,21376,20473,3581,18855,6783,5921,20473,3587,18860,146,5923,9464,0
18058,50000,1,2,1,35,0,0,2,2,0,0,5219,7633,8562,8276,8638,8851,2500,1200,0,500,500,500,1
18059,50000,1,3,1,37,5,4,3,2,0,0,54078,52946,51841,50306,49706,49706,0,0,0,0,0,0,0
18060,400000,1,1,2,32,0,0,0,0,0,0,525,1610,566,21373,16663,7873,1610,285,22240,4200,905,4607,0
18061,240000,1,2,1,34,0,0,0,0,0,0,225709,228893,232706,187325,129889,123680,8544,9257,8583,4292,5133,4257,0
18062,150000,1,2,1,31,0,0,0,0,0,0,64276,64226,4254,145578,148012,126848,3500,4508,145578,5115,10000,7598,0
18063,50000,1,3,2,31,3,2,2,2,2,2,15208,14667,21204,21363,20722,22384,0,6828,800,0,2000,0,1
18064,150000,1,1,1,34,1,0,0,0,0,0,0,347,-13,4085,4006,826,347,0,4098,4006,826,3146,0
18065,50000,1,3,1,41,0,0,2,0,0,0,2602,12150,11670,12167,2210,2406,10000,0,1036,79,232,110,1
18066,360000,1,1,2,40,0,0,0,0,0,0,3457,1997,5115,3295,222,2854,2020,5115,3295,222,2862,2129,0
18067,100000,1,1,1,38,2,2,2,2,2,0,72437,74645,76063,77224,75385,78991,4000,3200,3000,0,5000,3200,1
18068,30000,1,2,2,44,2,2,0,0,0,0,44072,39489,36794,33991,30820,29323,0,1820,1600,1012,2586,2656,0
18069,260000,1,1,2,36,0,0,0,0,0,0,16751,5877,427,-73,-73,-73,10000,10000,0,0,0,0,0
18070,140000,1,2,1,29,0,0,0,0,2,0,140933,140883,138087,141620,110532,111638,5503,7210,15128,0,4200,4300,0
18071,30000,1,3,1,48,0,0,0,0,0,0,1261,1261,1261,1261,1261,1261,1261,1261,1261,1261,1261,1261,0
18072,60000,1,2,2,36,2,2,2,2,2,2,48547,49446,49857,50737,52602,53613,2000,1500,2000,3000,2000,2000,1
18073,10000,1,2,2,29,1,2,2,2,2,0,8393,9069,8019,5819,5626,5621,1000,2000,1000,0,2000,1000,0
18074,110000,1,3,2,34,2,2,2,2,2,2,86345,88492,81753,84368,80262,80529,4504,30,7000,2600,3500,2,1
18075,40000,1,1,2,34,0,0,2,0,0,2,38849,40315,38401,39224,40364,38391,3600,0,2100,3226,0,1531,1
18076,50000,1,3,1,47,2,0,0,0,0,0,49386,49693,51136,20171,19286,19292,1818,2261,1296,672,688,834,1
18077,50000,1,2,2,40,0,0,0,0,0,0,44310,45244,47922,46307,45983,50635,3003,5007,2008,3004,7019,12,0
18078,350000,1,2,2,32,0,0,0,0,0,0,227873,228009,220450,190173,192649,197269,10156,9000,8700,7000,7600,7800,1
18079,450000,1,1,2,34,0,0,0,0,0,0,260733,228515,232762,208005,194608,201044,20255,50171,7096,6604,10012,10000,0
18080,50000,1,2,2,42,0,0,0,0,0,0,49495,50586,49200,49763,18373,19187,3000,3000,3003,5000,2000,1500,0
18081,170000,1,3,1,39,0,0,0,0,0,0,54397,55501,56823,56269,48558,45690,2009,2239,2067,1594,1576,1503,0
18082,100000,1,2,1,41,1,2,0,0,0,0,96310,78965,74289,70534,61450,65482,0,2600,6459,2500,5000,0,0
18083,140000,1,1,1,36,0,0,0,0,0,0,39598,40836,41878,42977,43960,45093,2200,2001,2100,2000,2000,2000,0
18084,250000,1,1,2,29,1,0,2,2,0,0,0,5023,2460,0,0,3081,5023,0,0,0,3081,0,0
18085,130000,1,1,2,29,1,0,0,0,0,0,0,0,0,0,0,0,0,0,0,0,0,0,0
18086,130000,1,2,2,33,2,2,2,0,0,0,1183,2183,2000,700,0,0,2000,13,700,0,0,0,0
18087,360000,1,3,1,36,0,0,0,0,0,0,222,1256,-9,1840,0,0,1256,0,1849,0,0,0,1
18088,270000,1,2,1,39,0,0,0,0,0,0,18232,24290,11452,2295,0,0,14341,14468,2295,0,0,0,0
18089,140000,1,2,1,40,0,0,0,0,0,2,139934,132948,135695,121943,111348,107488,6500,6500,4322,12200,0,4200,0
18090,150000,1,2,2,32,0,0,0,0,0,0,151594,139114,92720,86468,79600,80866,4523,3500,3500,3000,2776,4019,0
18091,200000,1,1,2,33,0,0,0,0,0,0,1431,1491,1000,9373,185994,188730,1491,1326,9373,192994,7000,7000,0
18092,280000,1,1,1,34,0,0,0,0,0,0,188698,353481,152132,138990,136778,137641,6337,6000,4974,5041,5215,7000,0
18093,80000,1,3,2,35,2,0,0,0,0,0,88027,85314,84147,59671,80941,27436,3264,4092,2400,43532,1511,1200,1
18094,240000,1,3,2,40,0,0,0,0,0,0,245311,237034,242807,226872,233115,239229,8491,9600,8896,10690,223765,9395,0
18095,20000,1,1,2,42,3,2,2,3,3,3,1050,1050,1050,1050,1050,1050,0,0,0,0,0,0,1
18096,300000,1,1,1,38,0,0,0,0,0,0,113807,103759,90827,78887,57682,35493,4511,3300,4505,4200,2500,25151,0
18097,250000,1,1,2,41,0,3,2,2,2,0,173,173,1573,1400,0,0,0,1400,0,0,0,0,1
18098,50000,1,1,2,49,0,0,0,0,0,0,48135,15317,12579,29035,17878,18586,1314,1506,19300,1000,1000,700,1
18099,50000,1,3,1,41,0,0,2,2,2,2,5620,46907,45880,48697,49504,50577,42100,0,3900,1900,2000,0,0
18100,30000,1,2,2,39,2,4,3,2,2,4,25999,25305,24624,23930,28807,27781,0,0,0,5288,0,0,1
18101,240000,1,1,1,38,2,2,0,0,0,0,2500,0,0,0,0,0,0,0,0,0,0,0,1
18102,200000,1,2,1,40,0,0,3,2,2,2,154090,172516,168401,164199,174420,178485,21000,0,0,13000,7000,1170,1
18103,50000,1,1,2,39,0,0,0,0,0,0,57436,58483,55825,54888,58115,57299,2055,2655,1862,4007,2517,37793,0
18104,210000,1,1,2,38,0,0,0,0,0,0,280,0,0,0,0,14202,0,0,0,0,14202,2903,0
18105,280000,1,1,1,42,1,0,0,0,0,0,0,0,0,0,0,0,0,0,0,0,0,0,0
18106,200000,1,3,2,33,0,0,0,0,0,0,223147,211336,200691,136379,17000,36932,8376,8589,6137,2300,18649,616,0
18107,300000,1,2,1,41,0,0,0,0,0,0,163033,140472,96234,64482,100558,76056,5505,5000,3000,95000,4000,3500,0
18108,420000,1,1,2,36,0,0,0,2,2,2,9464,37856,31429,22483,16437,-2474,40146,23040,63,104,23,50212,0
18109,350000,1,1,2,34,0,0,0,0,0,0,259524,213822,220211,225601,105586,111276,8432,9000,9500,10000,7000,10000,0
18110,120000,1,3,1,43,2,3,2,2,2,2,41439,42455,44872,45636,46388,47398,2000,3400,1800,1800,1900,2059,1
18111,110000,1,2,1,48,2,2,2,0,0,2,65070,69480,67800,69182,73431,72132,5500,0,2512,5400,0,3000,1
18112,20000,1,1,2,31,1,0,0,0,0,0,0,150,0,0,0,0,150,0,0,0,0,0,0
18113,100000,1,1,2,32,0,0,0,0,0,0,81210,78785,69138,69604,69448,69744,3019,2600,3100,3000,3000,3000,0
18114,240000,1,1,1,36,0,0,0,0,0,0,0,0,0,0,0,0,0,0,0,0,0,0,1
18115,130000,1,5,2,37,0,0,0,0,0,0,22335,23040,20487,21497,21617,22268,1617,1644,1654,774,1000,1021,0
18116,170000,1,1,2,48,0,0,0,0,0,0,6203,9932,-157264,166969,164040,166416,5079,0,332809,6000,6000,6100,0
18117,60000,1,2,1,42,2,2,2,2,2,0,4136,6355,7604,7603,7332,7712,2300,1500,270,0,500,500,1
18118,200000,1,3,1,42,0,0,0,2,0,0,151392,148467,153409,145476,119025,115255,7000,14834,0,4575,4180,4634,0
18119,210000,1,2,1,48,0,0,0,0,0,0,186004,169351,163576,115854,111606,120885,8100,7000,4000,5000,105015,4100,0
18120,100000,1,2,2,35,0,0,0,0,0,0,95271,97243,99400,88037,59213,56651,3558,3803,3146,2514,3000,2500,0
18121,380000,1,1,1,37,0,0,0,0,0,0,83852,88996,77202,70542,65765,58355,13014,5068,2100,1947,2000,1600,0
18122,240000,1,1,2,38,0,0,0,0,0,2,6865,2519,6646,-1776,3235,1612,2000,6500,0,5011,0,1834,0
18123,150000,1,2,2,33,0,0,2,2,2,2,53224,57297,52714,56329,57311,56265,5000,0,4500,2500,0,2500,0
18124,60000,1,2,2,35,0,0,0,0,2,0,34604,35625,36701,39048,37269,38000,1900,1953,3300,0,1430,1300,0
18125,350000,1,2,1,37,0,0,0,0,0,0,219376,221056,224591,255247,259512,283724,7669,7957,35300,9247,29459,20000,0
18126,300000,1,1,1,33,0,0,0,0,0,0,250,1280,0,320,0,0,1280,0,320,0,0,0,0
18127,160000,1,3,1,42,0,0,0,0,0,0,75847,89094,88956,62768,64410,82919,30000,4326,4000,3000,20000,3500,0
18128,130000,1,1,2,37,0,0,0,0,0,0,91390,88381,89091,91212,29441,29683,5000,3424,4193,1042,1100,1080,0
18129,50000,1,3,2,38,0,0,0,0,0,0,4269,5478,6190,0,0,0,1288,1000,0,0,0,0,0
18130,270000,1,2,1,40,0,0,0,0,0,0,42598,44610,46666,48685,49574,50622,3036,3092,3111,2000,2000,2000,1
18131,90000,1,1,2,36,0,0,0,2,0,0,87678,84296,53990,51752,50346,48811,3573,5100,0,200,20,1146,0
18132,240000,1,1,1,37,0,0,0,0,0,0,4081,7608,154353,9617,11360,3842,7644,155142,9661,11489,3870,3539,0
18133,450000,1,1,1,45,0,0,0,0,0,0,201015,177028,136434,126121,115050,105901,10000,6000,5087,5000,5000,5000,0
18134,280000,1,1,2,36,0,0,0,2,0,0,10831,4211,3057,1333,302,5419,4216,4585,0,302,5419,1005,1
18135,270000,1,1,1,38,0,0,0,0,0,0,0,0,0,0,0,0,0,0,0,0,0,0,0
18136,10000,1,3,2,46,3,2,2,3,3,3,1050,1050,1050,1050,1050,1050,0,0,0,0,0,0,1
18137,50000,1,1,3,37,0,0,2,0,0,0,45553,49457,47080,45833,45310,6313,6324,0,1200,1000,126,1000,0
18138,100000,1,1,1,33,0,0,0,2,2,2,34139,38219,42604,44607,45576,46495,5000,5000,3000,2000,1800,1600,0
18139,190000,1,1,2,32,0,0,0,0,0,0,183594,191367,192221,136916,99307,98753,15000,7171,5427,4000,3518,4758,1
18140,240000,1,1,2,33,0,0,0,0,0,0,85603,63733,61710,50106,18874,18994,2500,3354,1800,1000,1200,2000,0
18141,220000,1,1,1,33,0,0,0,0,0,2,171182,175334,179024,183050,207481,204082,7000,6500,7000,27640,0,16000,0
18142,500000,1,1,1,42,0,0,0,0,0,0,47556,36675,9739,579,53599,25276,2016,1049,767,87150,931,1068,0
18143,300000,1,1,2,32,0,0,2,2,0,0,8077,10566,11293,12000,3458,56338,2800,1200,1200,9427,55000,2000,1
18144,500000,1,1,2,30,0,0,0,0,0,0,3317,22426,12762,11692,184515,168259,11393,25742,18076,184637,841,37384,0
18145,200000,1,1,2,30,0,0,0,0,0,0,8985,247,6015,34314,23403,-1839,805,6144,34418,230,1839,0,0
18146,260000,1,2,2,31,0,0,0,0,0,0,3113,3117,2924,2784,2413,902,1300,1100,1000,300,0,1261,0
18147,160000,1,3,2,31,0,0,0,0,0,0,50901,53859,55814,59726,61615,65939,4000,3000,5000,3000,5000,2000,0
18148,340000,1,1,2,31,0,0,0,0,0,0,85292,66486,62918,53322,50180,57000,17241,16000,13322,10005,9081,9080,0
18149,500000,1,1,2,32,0,0,0,0,0,0,65736,65164,62901,49434,41254,28115,2425,2174,1605,890,995,681,0
18150,310000,1,1,1,32,1,2,0,0,2,0,310392,301861,225003,234185,222139,224655,56,9950,17828,9,7951,8070,0
18151,360000,1,2,1,30,0,0,0,0,0,0,1431,3914,-15,3041,21801,3837,3933,0,3056,21910,3856,31772,0
18152,110000,1,1,1,36,2,0,0,0,0,0,36152,37246,38340,39018,40122,41069,2000,2000,1500,1500,1500,1135,1
18153,390000,1,1,1,36,0,0,0,0,0,0,8040,7818,8051,-5,1965,3088,7857,8091,0,990,3108,8486,0
18154,140000,1,1,2,31,0,0,0,0,0,0,4900,393,0,814,0,0,393,0,814,0,0,0,0
18155,30000,1,3,2,32,0,0,0,0,0,0,27995,28977,29366,29553,27677,16364,1456,2000,1400,554,327,0,0
18156,200000,1,1,2,33,1,0,0,0,0,0,-168,416,83,667,251,-165,1000,499,1000,0,0,1000,0
18157,110000,1,1,2,40,0,0,0,0,0,0,101781,101811,105848,103018,42298,43464,3700,5700,3100,2000,2000,1700,0
18158,20000,1,1,1,35,2,2,2,0,0,0,20547,17089,15824,17840,18140,0,1250,0,30000,500,0,0,1
18159,210000,1,2,1,41,2,2,2,2,2,2,85639,87705,90376,90687,91888,93852,4200,4800,2500,3900,3400,3400,1
18160,380000,1,2,1,42,0,0,0,0,0,0,2588,38981,6267,19774,12297,2700,39529,6930,19873,12361,2713,5291,0
18161,70000,1,1,1,42,0,0,0,0,0,0,25317,24806,24100,0,0,0,2000,1010,0,0,0,0,0
18162,20000,1,2,2,32,0,0,0,0,0,0,14549,11292,7120,8115,2594,1610,1306,3045,10000,0,1610,0,0
18163,260000,1,1,2,32,0,0,0,2,0,0,2112,728,100,100,499,499,733,100,0,499,0,0,0
18164,200000,1,1,1,46,0,0,0,0,0,0,53643,54300,55039,55712,56421,57203,1765,1828,1811,1816,1880,4123,0
18165,190000,1,2,2,36,0,0,0,0,0,0,154456,142409,119290,99767,101761,105150,6176,5000,3815,3614,5000,5000,1
18166,50000,1,2,2,42,0,0,0,0,0,0,47282,47535,46578,17029,10575,9478,2500,2000,2500,500,500,500,0
18167,20000,1,2,2,35,0,0,0,0,0,0,17042,17544,15292,16509,12261,14550,1500,1500,1506,452,2500,691,0
18168,400000,1,1,1,49,0,0,0,0,0,0,749,1503,33956,44258,56526,776,1530,34229,44258,56526,776,2131,0
18169,280000,1,2,1,49,0,0,0,0,0,0,236168,242865,243515,215853,189911,161830,11000,10500,8010,7000,6000,4600,0
18170,60000,1,3,1,38,2,2,2,2,0,0,33044,32232,25086,24404,25212,28147,0,4000,0,1500,3500,2600,1
18171,250000,1,1,1,47,0,0,0,0,0,0,0,0,0,0,0,0,0,0,0,0,0,0,0
18172,400000,1,1,2,41,0,0,0,0,0,0,11461,5864,5300,6534,5222,500,5877,5300,6534,0,500,360,0
18173,180000,1,2,1,46,0,0,0,0,0,0,97660,95200,99380,77876,65494,66559,6000,7007,5000,3000,5000,2500,0
18174,50000,1,2,1,45,0,0,0,0,0,0,51132,43020,30180,0,0,0,2800,1000,0,0,0,0,0
18175,220000,1,2,2,39,0,0,0,0,0,0,103159,91253,81847,79489,77040,78892,5000,3000,4000,3000,3000,3000,0
18176,50000,1,2,1,35,0,0,0,0,0,0,3056,0,4091,0,6592,2728,0,4091,0,6592,0,1456,0
18177,20000,1,3,2,61,3,2,2,0,0,0,1930,1742,-780,1170,780,0,0,0,1950,0,0,1320,0
18178,100000,1,2,1,44,0,0,0,2,0,0,11509,11119,12376,4419,2946,1473,1270,3000,0,0,0,3230,0
18179,500000,1,1,1,44,0,0,0,0,0,0,48533,49623,50969,52182,52821,53927,2200,2447,2660,2100,2109,2000,0
18180,120000,1,2,2,38,0,0,0,0,2,2,500,0,0,974,974,1624,0,0,974,0,650,0,0
18181,360000,1,1,1,37,0,0,0,0,0,0,-40,8147,1564,4941,2666,588,8187,1571,4965,2679,590,529,0
18182,440000,1,2,1,48,0,0,0,0,0,0,23424,24222,24077,23241,24600,16344,3000,3000,2000,5000,0,5000,0
18183,240000,1,2,2,30,0,0,0,0,0,0,13989,7976,2088,7795,1335,2928,7976,2088,7795,1335,2928,4319,0
18184,200000,1,1,1,45,0,0,0,0,0,0,3659,1710,5033,1125,1088,4469,1718,5069,1130,1093,4491,0,0
18185,50000,1,2,1,46,0,0,0,0,0,0,4270,1600,3106,0,0,1370,1600,3106,0,0,1370,3930,0
18186,260000,1,2,1,44,2,0,2,0,0,0,802,4541,3896,119498,109399,111203,4541,0,119498,3500,3983,3579,1
18187,300000,1,2,1,35,0,0,0,2,0,0,142378,146621,153217,154879,156692,154911,8000,10800,6000,6000,6000,6000,1
18188,130000,1,2,1,37,0,0,0,0,0,0,923,1632,545,1262,1019,530,1632,545,1262,1019,530,1518,0
18189,50000,1,2,2,48,0,0,0,0,2,0,4975,6878,8106,9962,9656,11328,2000,1500,2000,0,2000,1000,1
18190,20000,1,3,2,36,0,0,0,0,0,0,18786,19015,20149,19870,-200,16636,1615,1749,1250,200,20901,1100,0
18191,20000,1,1,1,36,0,0,0,2,0,0,16736,17834,20025,28806,14463,18668,1700,4000,300,10000,5000,1000,0
18192,50000,1,3,1,45,0,0,0,0,0,0,43469,44462,45510,46501,47119,47321,2015,2063,2054,1672,1946,1700,0
18193,70000,1,2,2,39,2,2,2,2,2,2,33521,36303,37424,38512,37596,39877,3350,2000,2000,0,3055,1700,1
18194,70000,1,2,1,45,2,0,0,0,0,0,68722,69693,70206,70032,50973,48529,3100,3000,3100,2000,1800,1700,0
18195,450000,1,3,2,38,0,0,0,0,0,0,322402,301522,290124,281667,289459,262269,15000,11000,10013,20000,30000,30000,0
18196,70000,1,2,1,40,0,0,0,0,0,0,5481,6495,7514,8582,9038,9490,1113,1132,1200,600,600,600,0
18197,120000,1,2,2,45,0,0,0,0,0,0,123772,121289,116645,119191,116549,119507,6000,5800,6000,4400,5000,4800,0
18198,80000,1,2,2,33,0,0,0,0,0,0,32394,23160,31484,396,3832,3867,23185,31610,396,3832,3867,1500,0
18199,20000,1,2,2,40,1,2,2,2,3,2,8545,10177,10467,11987,11503,11175,1923,600,2000,0,0,1000,1
18200,230000,1,2,1,42,0,0,0,0,0,0,26644,27352,28121,33331,38459,42525,1440,1500,6000,6000,5000,1556,0
18201,480000,1,1,2,49,0,0,0,0,0,0,449336,456668,424843,325772,320760,325841,17124,14706,15377,10481,11003,11303,0
18202,490000,1,1,1,42,0,0,0,0,0,0,283484,245832,230346,215437,176688,170548,10000,9002,10000,7000,7000,7000,0
18203,310000,1,2,1,42,0,0,0,0,0,0,286506,262830,210583,210982,126502,102999,9297,8311,6928,3539,2991,2672,0
18204,100000,1,1,2,33,0,0,0,0,0,0,68073,64109,65302,73056,74034,44825,5000,3200,10000,10000,10000,10000,0
18205,260000,1,1,2,39,0,0,0,0,0,0,248880,248758,245404,169632,165098,151157,10611,9708,5929,5622,5465,5474,0
18206,360000,1,1,1,43,1,0,0,0,0,0,-985,7542,6169,2391,8539,10068,10000,30000,5000,10004,5000,0,0
18207,500000,1,1,2,48,1,0,0,0,0,0,-471,-471,157,20697,23906,23906,0,785,20697,3766,0,2040,0
18208,160000,1,1,2,34,0,0,0,0,0,0,0,150,1397,690,0,0,150,1397,690,0,0,0,0
18209,360000,1,3,2,34,0,0,0,0,0,0,304883,301286,258122,255309,233946,235916,15000,9221,9225,8112,8369,9000,0
18210,320000,1,2,1,36,0,0,0,0,0,0,154188,14512,303265,310715,318340,268942,5000,300000,14000,15000,12000,10000,0
18211,210000,1,2,1,42,0,0,0,0,0,0,0,1145,1000,2000,500,5305,1145,1005,2000,500,5305,3640,0
18212,140000,1,1,1,41,0,0,0,0,0,0,44635,45891,48149,50341,51897,53058,2000,3000,3000,3000,2000,3000,0
18213,20000,1,2,2,39,0,0,0,0,0,0,13231,14306,15370,16411,16839,17267,1300,1300,1300,700,700,700,1
18214,300000,1,1,3,50,0,0,0,0,0,0,301731,230617,306116,291201,241557,193103,60000,80006,10523,8565,8700,3412,1
18215,130000,1,2,1,50,0,0,2,0,0,2,122079,127725,129558,126907,99773,98086,7700,6000,5800,5800,2895,400,0
18216,200000,1,3,1,50,0,0,2,2,2,2,119657,127855,128447,115045,117299,105456,11754,4100,0,14000,0,10365,0
18217,120000,1,2,2,51,2,2,0,0,0,0,137965,128953,126516,123530,95921,88090,0,4940,4806,4107,4026,85750,1
18218,50000,1,2,3,52,0,0,0,0,0,0,49854,51215,50144,10683,9953,9567,2500,1500,1300,800,1000,1500,0
18219,180000,1,1,1,51,0,0,0,0,0,0,40310,41634,44959,50198,52361,55510,2000,4000,6000,3000,4000,3000,0
18220,230000,1,1,1,53,1,0,0,0,0,0,0,0,0,0,0,0,0,0,0,0,0,0,1
18221,10000,1,3,1,50,0,0,0,3,2,2,4674,6422,9145,8854,8563,9918,2000,3000,0,0,1500,0,0
18222,20000,1,2,1,49,2,2,2,2,0,0,13380,13264,19195,18497,18160,19067,400,6180,0,454,1000,400,1
18223,200000,1,2,2,48,0,0,0,0,0,0,111664,113884,116545,120396,121486,121518,4080,4500,5800,4500,5000,5000,0
18224,360000,1,2,1,49,1,2,0,0,0,0,3295,1645,1656,1866,1473,1080,0,1656,1866,1080,1080,0,0
18225,210000,1,2,1,53,0,0,0,0,0,0,170760,174141,177856,181002,184690,188813,7700,8000,7600,6700,7100,6900,0
18226,80000,1,2,1,53,2,2,2,2,0,0,6469,8947,9853,9546,9890,10479,2600,1200,0,503,900,0,1
18227,60000,1,2,2,51,0,0,0,0,0,0,27293,27898,28574,29059,29244,29462,1450,1516,1391,966,997,948,0
18228,100000,1,3,1,56,1,2,2,2,2,2,51021,53878,54046,52193,55151,55873,4388,2000,0,4212,2126,0,0
18229,20000,1,3,1,62,2,3,2,2,2,2,17072,16505,17242,16668,17972,18316,0,1300,0,1586,780,800,0
18230,50000,1,2,1,54,2,2,2,3,2,2,35068,34205,39148,38233,37318,39757,0,5500,0,0,3036,2000,1
18231,300000,1,3,1,56,0,0,0,0,0,0,110350,102556,103834,99368,101600,560,4052,6122,1987,2232,560,0,0
18232,140000,1,3,1,50,0,0,0,2,0,0,143090,139095,147204,139896,136922,130098,5411,16000,0,5341,4830,4621,0
18233,120000,1,3,1,59,0,0,0,0,0,0,68646,68784,49933,51400,0,0,2144,1933,2400,0,0,0,0
18234,400000,1,3,1,57,0,0,0,0,0,0,17253,161057,192054,20660,18242,15609,160002,42263,20663,6020,3500,1003,0
18235,50000,1,3,2,58,2,0,0,0,0,0,7831,7556,7312,6959,5813,3985,1123,1140,1048,163,135,151,0
18236,90000,1,1,1,56,0,0,0,0,0,0,58438,60208,62000,60673,22196,29809,2572,3188,2661,1000,8000,1000,0
18237,60000,1,2,1,57,0,0,0,0,0,0,59617,47807,35136,34163,27197,26528,3099,3000,5005,2000,4001,3016,0
18238,260000,1,1,1,51,0,0,0,0,0,0,62635,67553,69466,71310,73124,74949,6000,3000,3000,3000,3000,2734,0
18239,80000,1,3,1,52,0,0,2,2,0,0,27308,29536,31756,30946,31830,0,3000,3000,0,1700,0,0,0
18240,160000,1,2,1,55,0,0,0,0,0,0,-64,-64,140184,141992,143277,146438,0,140248,6600,5122,5464,5372,0
18241,10000,1,3,2,51,0,0,0,2,0,0,7282,8311,10398,10000,10000,0,1311,2398,0,0,0,0,0
18242,190000,1,2,1,50,1,2,2,2,2,2,19871,19259,21734,21087,22732,22228,0,3100,0,2000,0,1900,1
18243,160000,1,1,1,51,0,0,0,2,2,2,131124,129673,135778,132505,124622,127646,5000,12501,4700,0,9500,0,0
18244,20000,1,3,2,49,3,2,2,2,0,0,16066,15516,18047,17326,17326,17680,0,3100,0,400,354,2000,0
18245,300000,1,3,1,57,1,0,0,0,0,0,0,176,1269,11347,369,860,176,1269,11347,369,860,0,0
18246,440000,1,1,1,79,0,0,0,0,0,0,429309,437906,447326,447112,438187,447543,15715,16519,16513,15800,16531,15677,0
18247,50000,1,3,1,54,1,2,0,0,0,0,48679,47597,48503,49517,19592,19868,0,2100,2500,800,1000,900,0
18248,350000,1,1,1,50,0,0,0,0,0,0,348938,326648,228830,198817,193859,154477,11000,8500,15022,7000,20000,20000,0
18249,60000,1,3,1,50,0,0,0,0,0,0,59703,59837,48187,42658,40587,40605,2047,2168,1642,1563,1600,1486,0
18250,50000,1,2,1,47,2,0,0,0,0,0,10492,11913,13012,13789,14560,15025,1600,1600,1300,1000,700,600,1
18251,30000,1,2,2,52,2,2,0,0,0,0,30119,28682,29058,29320,29787,27599,0,1803,1733,1200,1200,2000,1
18252,150000,1,1,2,52,0,0,0,0,0,0,227634,356216,247706,239805,242653,39496,18000,12370,6552,6936,395,0,0
18253,100000,1,1,1,60,0,0,3,2,0,0,4814,8311,8031,5790,3860,2599,3591,0,0,0,0,2712,1
18254,350000,1,1,1,55,0,0,0,0,0,0,3297,11634,12952,39274,5474,14837,11637,12991,39278,6000,14837,931,0
18255,80000,1,2,1,52,0,0,0,0,0,0,75113,76860,77456,21118,22260,23396,3500,2202,1500,1500,1500,1500,0
18256,80000,1,3,1,55,0,0,0,0,0,0,80037,79788,81571,75814,49784,51408,63000,25000,7704,8700,3000,12900,0
18257,10000,1,3,1,54,4,3,2,2,2,2,7936,7662,8386,9069,9966,8410,0,1000,1000,1000,0,2000,1
18258,210000,1,2,1,66,0,2,0,0,0,0,780,390,390,390,780,390,0,780,390,780,0,390,1
18259,500000,1,1,1,62,1,0,0,0,0,0,0,0,0,0,1981,1700,0,0,0,1981,1700,13969,0
18260,20000,1,2,1,61,3,4,3,2,2,4,18618,18040,17471,16893,21318,20412,0,0,0,4726,0,0,1
18261,330000,1,1,2,54,0,0,0,0,0,0,3027,2379,1803,909,3854,1509,2386,1894,911,3865,1513,0,0
18262,250000,1,1,1,58,0,0,0,0,0,0,1635,2491,-60,600,600,0,1025,0,660,0,0,0,0
18263,420000,1,1,1,54,0,0,2,0,0,0,1003,1632,629,13371,12383,8260,1632,0,13371,15,0,2512,0
18264,90000,1,2,1,53,0,0,0,0,0,0,24782,26302,27465,27943,26152,25941,3000,3000,2000,1000,936,1010,1
18265,180000,1,3,2,52,0,0,0,0,0,0,77408,74156,75659,72046,70355,71208,3293,3350,3111,2615,2689,2766,0
18266,50000,1,3,1,51,0,0,0,0,0,0,47877,48519,46538,45465,18654,19042,2516,2106,2048,783,806,652,0
18267,200000,1,2,1,53,1,0,0,0,0,0,0,2920,0,0,0,6753,2920,0,0,0,6753,0,1
18268,100000,1,1,1,63,0,0,0,0,0,0,61228,59936,59038,52735,46667,49009,2810,2954,2307,1756,3181,0,0
18269,150000,1,1,1,55,1,0,0,0,0,0,0,780,4639,100940,3284,2090,780,4639,100000,3284,2576,2576,0
18270,360000,1,1,1,62,0,0,0,0,0,0,5875,7279,6894,7143,1787,19526,7289,6918,7148,1792,19541,3689,0
18271,50000,1,2,2,57,0,0,0,0,2,0,51867,51136,51039,52079,49523,49128,2200,2500,4000,0,2000,2000,0
18272,30000,1,2,3,58,3,2,0,0,0,2,23496,22820,23952,27052,28631,28037,0,1500,3500,2336,0,6900,0
18273,330000,1,3,1,56,0,0,2,0,0,0,360,1499,360,360,7143,5725,1499,0,360,7143,3000,2383,0
18274,70000,1,2,3,47,0,0,0,2,0,0,27847,29073,34578,33723,35156,37370,2000,6000,0,2000,2784,0,1
18275,420000,1,1,1,51,0,0,0,0,0,0,57815,1000,0,287921,291770,299232,1000,0,288921,10000,21100,0,0
18276,130000,1,1,1,51,0,0,0,0,0,0,124108,126571,130870,132213,52755,53463,4530,6338,5530,1877,1937,1939,0
18277,200000,1,2,1,55,0,0,0,0,0,2,184505,182475,180103,180647,76236,71415,8000,7512,8034,5600,0,2700,0
18278,180000,1,3,1,58,2,2,2,2,2,2,36086,37196,36322,38808,39474,40297,2000,0,3405,1600,1600,1700,1
18279,170000,1,2,1,59,2,2,2,2,2,2,44619,45386,46365,47304,47727,49315,1800,2000,2000,1500,2500,0,1
18280,190000,1,1,1,54,0,0,0,0,0,0,187295,186189,186002,170873,98013,94600,7000,7962,7000,3417,3463,3357,0
18281,200000,1,1,1,54,1,2,0,0,0,0,7111,4803,4629,14915,8523,5586,10,1215,12000,4000,4978,1000,0
18282,30000,1,3,1,54,0,0,0,0,0,2,13693,14757,15815,16788,17787,17363,1600,1600,1540,1580,0,700,1
18283,460000,1,2,1,55,0,0,0,0,0,0,5352,8240,76653,75117,76616,78248,3000,76653,20000,2481,2600,2600,0
18284,190000,1,1,1,54,0,0,0,0,0,0,205824,201269,197129,192803,161324,156576,7154,7385,7520,5593,6000,5516,0
18285,10000,1,2,2,54,0,0,0,2,2,0,3697,5186,8225,8244,7963,8134,1561,3300,300,0,299,2000,0
18286,90000,1,2,1,57,0,0,0,0,0,0,10635,10889,10953,11155,15210,19425,3007,3000,3000,5000,6000,8000,0
18287,440000,1,1,1,54,0,0,0,0,0,0,8517,0,241,8544,1361,855,0,241,8598,857,4,2227,0
18288,480000,1,2,1,58,0,0,0,0,0,0,470310,472072,475509,466730,469490,398335,16898,17546,15921,15981,14420,14230,0
18289,360000,1,3,1,56,0,0,0,0,0,0,22000,7746,1198,2087,1026,1026,7772,1198,2097,1026,1026,1019,0
18290,500000,1,1,1,69,0,0,0,0,0,0,1149,203,15183,3399,8311,-2,205,15259,3416,8353,0,0,0
18291,30000,2,3,1,28,0,0,0,0,2,0,23176,23182,19083,19632,15252,14021,2867,2000,2000,0,1500,1353,0
18292,80000,2,3,1,33,0,2,0,0,0,0,780,390,814,390,390,390,0,814,390,390,390,1578,1
18293,200000,1,2,1,66,0,0,2,0,0,0,389,778,389,389,389,775,779,391,390,390,776,1,1
18294,350000,1,1,1,57,0,0,0,0,0,0,1910,0,1638,0,0,0,0,1638,0,0,0,0,0
18295,150000,1,2,1,55,0,0,0,0,0,0,1540,780,0,580,780,0,780,0,580,200,0,0,0
18296,360000,1,3,2,54,0,0,0,0,0,0,0,0,0,0,0,0,0,0,0,0,0,0,1
18297,20000,2,3,1,31,1,2,0,0,0,0,15903,15350,16438,17250,17601,17982,0,1343,1155,506,538,600,1
18298,310000,2,2,1,47,0,0,0,0,0,0,290211,296743,303686,226605,224937,228912,10989,12100,8000,8000,9000,7670,0
18299,200000,2,1,2,31,1,0,0,0,0,0,3028,1431,1818,4192,6066,1616,1473,1818,4192,6066,1616,2512,0
18300,210000,2,3,1,40,0,0,0,0,0,0,160292,144217,123657,112910,97400,9806,3720,3229,3165,1979,9806,390,0
18301,30000,2,3,1,47,0,0,0,0,0,0,15979,17705,19107,20281,20941,21799,2000,2000,1500,1000,1200,2000,0
18302,110000,2,1,2,31,1,0,0,0,0,0,0,0,0,0,0,0,0,0,0,0,0,0,0
18303,50000,2,3,2,27,2,0,0,0,0,0,13979,11243,4396,3120,1805,16820,1261,1396,3125,1805,16820,3000,0
18304,50000,2,1,2,26,0,0,0,0,0,0,4197,934,252,-570,-570,-1000,1000,252,0,0,0,0,1
18305,50000,2,2,1,33,0,0,0,0,0,0,32752,34202,35242,34776,35497,36325,2000,1600,1600,1300,1400,1600,0
18306,20000,2,1,2,23,0,0,0,0,0,0,16931,17644,18679,18275,7953,8323,1300,1340,1207,300,500,500,0
18307,230000,2,3,0,30,0,0,0,2,0,0,291,763,2403,2205,1210,291,763,2403,0,0,291,291,0
18308,80000,2,2,2,32,0,0,0,0,0,0,16007,19643,23213,27547,31151,37673,5000,5000,6000,5000,8000,10000,0
18309,150000,2,2,1,53,0,0,0,0,0,0,2337,5335,508,9634,3822,1769,5336,509,9636,3822,1779,1017,0
18310,240000,2,2,1,28,0,0,0,0,0,0,1444,2553,747,0,0,0,2553,747,0,0,0,1295,0
18311,450000,2,1,1,36,0,0,0,0,0,0,3961,2483,74,-73,14590,-70,2495,100,0,14663,0,14121,0
18312,180000,2,2,2,24,0,0,0,0,0,0,316,316,316,316,316,316,316,316,316,316,316,316,1
18313,30000,2,2,2,22,0,0,0,0,0,0,24426,25429,26491,27132,27672,28253,1712,1774,1415,955,991,1358,0
18314,50000,2,2,1,22,0,0,0,0,0,0,48560,49644,47247,42541,19716,20145,2000,2003,1298,1000,800,879,1
18315,20000,2,2,1,31,2,2,2,2,2,0,17727,18840,18255,20129,19528,40068,1700,0,2500,0,800,792,0
18316,150000,2,2,2,25,0,0,0,0,0,0,-19,-19,-19,-19,7962,0,0,0,0,7981,0,12220,0
18317,20000,2,2,1,29,0,0,0,0,0,0,5586,6599,7615,8472,8640,8971,1268,1284,1141,309,470,321,1
18318,40000,2,2,1,25,0,0,0,0,0,2,40633,40633,40311,39380,41389,40628,1950,4300,2000,2938,0,3700,1
18319,180000,2,2,1,30,1,0,0,0,0,0,1591,150,8834,19565,14170,9017,150,8857,19565,502,3000,2707,0
18320,80000,2,2,2,29,0,0,0,0,0,0,78626,78262,80000,82025,78521,78947,3400,3600,4000,3500,3000,4000,0
18321,50000,2,2,2,24,0,0,0,0,0,0,45397,47264,44090,36501,28493,24663,3015,3025,2029,2015,1001,2000,0
18322,480000,2,1,2,32,0,0,0,0,0,0,3655,38022,5785,9233,4893,2168,38024,5785,9233,4893,2168,3625,0
18323,20000,2,1,2,23,0,0,0,0,0,0,19422,17545,18163,19146,18331,18736,1300,1400,1300,700,700,1000,0
18324,150000,2,1,2,24,0,0,0,0,0,0,1495,2053,0,0,0,0,2060,0,0,0,0,0,0
18325,20000,2,2,2,22,0,0,0,0,0,0,15847,16885,18418,18915,17639,0,1300,1803,1300,1333,0,0,0
18326,360000,2,1,2,29,1,0,0,0,0,0,0,0,0,0,0,0,0,0,0,0,0,0,0
18327,200000,2,1,2,33,0,0,0,0,0,0,8819,8565,14567,157631,143678,159782,8656,14040,154888,12848,50000,10000,1
18328,20000,2,1,2,28,0,0,0,2,0,0,4647,3567,20330,13463,9192,7315,5057,17000,0,0,0,1183,0
18329,50000,2,2,2,23,1,0,0,0,0,0,18085,4120,0,261,28606,24041,7000,0,261,46506,2000,3000,0
18330,70000,2,2,2,23,0,0,0,0,0,0,64882,63824,63352,28085,28487,27006,2782,2700,1732,1134,1128,1003,1
18331,120000,2,2,2,23,0,0,0,0,0,0,116314,115653,108971,83592,22321,32150,6019,5000,5000,2000,20000,10000,0
18332,50000,2,3,1,46,0,0,0,0,2,0,13406,15175,16227,17746,7496,7877,2000,1600,2100,1930,500,500,0
18333,310000,2,1,1,36,0,0,0,0,0,0,157173,160555,170288,175252,177855,181846,6000,12398,7814,7000,7000,6597,0
18334,60000,2,2,2,24,0,0,0,0,0,0,54216,55313,56127,57149,53721,54703,2000,2100,2000,2100,2000,2153,0
18335,20000,2,1,2,22,0,0,0,0,0,0,23050,22101,20912,19480,19129,20014,1336,2502,1700,807,2002,1007,0
18336,20000,2,2,2,22,2,2,0,0,0,3,6900,6643,7872,9077,10989,10529,0,1500,1500,2225,0,0,1
18337,50000,2,1,2,22,0,0,0,2,0,0,3560,4582,7692,12048,3750,95,1090,3200,0,2000,95,29355,1
18338,80000,2,2,2,22,0,0,0,0,0,0,18429,19500,14366,15369,14595,14363,2015,1500,1252,330,1829,207,0
18339,20000,2,2,2,22,0,0,0,0,0,0,16990,17960,18923,19706,19818,20006,3000,3001,3000,2000,1002,783,0
18340,20000,2,6,2,22,0,0,0,0,0,0,19568,19420,15535,1434,500,0,4641,1019,900,0,1500,0,1
18341,10000,2,1,1,23,0,0,0,0,0,0,7641,8557,9080,1410,9508,8997,1262,1000,1115,9329,331,1000,0
18342,20000,2,2,1,21,0,0,0,0,2,0,17617,17540,25816,12957,9602,9357,1489,2302,2400,0,2000,3000,0
18343,20000,2,2,2,21,1,2,2,0,0,0,18455,13081,12582,14255,14138,16138,1327,0,2000,283,2000,859,0
18344,30000,2,2,2,22,0,0,0,0,0,0,18424,18905,15037,2986,4212,1161,1311,1065,1000,1226,1161,748,0
18345,20000,2,1,2,21,0,0,0,0,0,0,2798,3214,647,0,7273,6490,2000,647,489,7273,130,0,0
18346,20000,2,1,2,22,0,0,0,0,0,0,18479,2005,7839,5386,10690,3413,2022,15210,1000,10690,3413,390,0
18347,20000,2,2,2,22,1,2,0,0,0,3,15712,15162,16188,17212,19363,18771,0,1276,1300,2443,0,0,0
18348,50000,2,2,2,22,1,2,0,0,0,0,51798,50497,30935,14010,19110,19500,0,1663,1544,5500,390,0,0
18349,50000,2,1,2,23,0,0,0,0,0,0,8889,10234,13734,14754,16499,18223,1500,4000,1255,2000,2000,3000,0
18350,50000,2,3,2,23,0,0,0,0,0,0,3237,5365,8263,14054,22071,20506,5389,8276,14075,15022,3012,3018,1
18351,20000,2,2,2,22,0,0,2,0,0,0,10294,3203,199,2780,0,0,4000,0,2780,0,0,0,1
18352,20000,2,2,2,22,2,4,3,2,0,0,8628,8350,8076,7798,8110,10194,0,0,0,441,2368,0,1
18353,80000,2,1,2,23,0,0,0,0,0,0,390,390,390,390,740,552,390,780,390,740,552,4390,0
18354,80000,2,2,2,23,0,0,0,0,0,0,43275,42504,42471,43302,40516,43487,1700,1800,1600,1500,3500,2000,0
18355,130000,2,2,2,23,0,0,0,0,0,0,69,0,0,0,0,0,0,0,0,0,0,0,0
18356,200000,2,1,2,24,0,0,0,0,0,0,675,1053,0,500,2057,23322,1053,0,500,2057,23322,4299,0
18357,50000,2,1,2,24,0,0,0,0,0,0,27320,50339,40791,13676,9457,390,27704,5000,13676,9457,14000,568,0
18358,20000,2,1,2,22,0,0,2,2,2,2,12476,14951,14426,16471,15909,17151,3000,0,2600,0,1500,0,0
18359,20000,2,2,2,22,1,2,2,0,0,0,15706,15757,15436,16331,10229,10250,1000,1000,1200,900,700,2300,1
18360,50000,2,2,2,22,1,2,0,0,0,0,44980,41140,31888,28639,26737,24784,7,1580,1621,1020,2473,1079,1
18361,60000,2,2,2,23,1,2,0,0,0,0,9491,9094,43457,34481,28695,26040,0,43460,1700,1100,1000,1000,0
18362,130000,2,2,2,22,0,0,0,0,0,0,8570,527,11249,7816,16578,16129,527,11249,1200,16578,0,33232,0
18363,80000,2,2,2,22,0,0,0,0,0,0,1247,0,32320,0,0,0,0,32320,0,0,0,0,1
18364,170000,2,2,2,34,0,0,0,0,0,0,156526,160926,162960,165645,168386,129230,7500,6116,5600,5000,5000,5000,0
18365,90000,2,1,2,23,0,0,0,0,0,0,18418,23068,24146,25692,27364,24521,5000,1454,2000,2000,1500,680,0
18366,20000,2,2,1,23,0,0,0,0,0,0,3426,11581,10713,4272,4285,16542,11615,10739,4272,13,16687,952,0
18367,20000,2,1,2,23,0,0,0,0,0,0,1207,0,174,1200,1434,0,0,174,1200,1434,0,974,0
18368,80000,2,2,2,23,0,0,0,0,0,0,38587,27558,23470,21539,14578,11766,5000,5000,10006,14614,11766,18000,0
18369,30000,2,2,2,22,0,0,0,2,2,2,26568,27556,29963,28835,30174,28603,1762,3500,0,2297,40,1755,1
18370,30000,2,1,2,22,0,0,2,2,2,2,18324,20986,20808,18908,19556,19148,3300,1300,0,2300,0,900,0
18371,30000,2,3,1,23,2,2,2,0,0,2,15003,15955,15410,17149,18362,18919,1500,0,2000,1500,1000,700,1
18372,150000,2,2,2,23,0,0,0,0,0,0,956,66470,66187,65419,61645,64189,66470,2451,2543,5000,4189,10000,0
18373,50000,2,1,2,23,0,0,0,0,0,0,40756,48482,47226,11151,-2897,48211,10000,2500,3002,1500,52000,1900,1
18374,80000,2,2,2,23,1,0,0,2,0,0,-1678,75061,3647,2173,390,780,78000,3647,0,0,780,0,0
18375,30000,2,1,2,23,0,0,0,0,0,0,20958,12186,5754,5070,759,2480,1092,1109,1000,759,2480,0,1
18376,60000,2,1,2,23,2,2,2,2,2,2,26596,29332,28577,30805,31601,32349,3500,0,2709,1600,1400,1300,1
18377,100000,2,2,2,23,0,0,0,0,0,0,42409,43404,44446,45704,54916,56063,1700,1742,2000,10000,2025,2150,0
18378,140000,2,1,2,23,0,0,0,0,0,0,35206,26200,27771,29261,20121,24263,2000,2000,2025,1300,4500,3500,0
18379,140000,2,1,2,23,0,0,0,0,0,0,1217,866,390,0,2601,179,866,390,0,2601,0,1326,0
18380,70000,2,5,1,23,0,0,0,0,0,0,30847,31849,33333,34344,35032,35807,1516,2000,1600,1215,1300,1500,0
18381,70000,2,2,2,22,2,0,0,0,0,0,34970,19188,19998,22919,23128,23030,1313,1689,4000,958,1036,6000,0
18382,30000,2,2,1,28,2,2,2,2,0,0,21588,20942,23691,23012,26105,30500,0,3100,0,3500,5000,1000,1
18383,50000,2,3,2,22,2,0,0,2,0,0,1261,1261,2136,1560,1170,780,1261,2136,0,0,0,0,1
18384,50000,2,2,2,22,2,2,2,0,0,0,49559,49548,50148,48910,29848,26159,1100,1700,1500,1000,1000,1300,1
18385,30000,2,3,1,22,0,0,0,0,0,2,23185,24194,25529,26563,28120,28558,1400,1730,1760,2310,1033,0,0
18386,30000,2,3,2,23,0,0,0,0,0,0,28371,28238,28963,29991,22876,22177,2000,2000,2000,2000,2000,2000,1
18387,30000,2,1,2,24,0,0,0,0,0,0,0,0,0,745,0,0,0,0,745,0,0,930,0
18388,20000,2,1,2,25,0,0,0,0,0,0,11629,11936,12643,13447,8199,8416,1193,1290,1094,1000,316,1000,0
18389,60000,2,4,2,23,0,0,0,0,0,0,60876,60606,58227,60538,45018,38086,2523,2155,45088,1722,1523,2000,0
18390,200000,2,1,2,23,0,0,0,0,0,0,72853,73688,56073,57790,58356,60135,2933,2100,2659,2100,2700,2599,0
18391,80000,2,1,2,23,1,0,0,0,0,0,0,0,0,0,826,1803,0,0,0,826,1803,0,1
18392,170000,2,1,2,23,0,0,0,0,0,0,15639,14431,15437,13838,14915,10090,1265,3437,2115,2920,1500,1053,0
18393,230000,2,2,2,24,0,0,0,0,0,0,160,237,436,12488,932,317,237,586,12511,1249,0,0,1
18394,90000,2,1,2,24,2,2,2,2,0,0,14085,13558,12193,12986,11831,12488,0,2000,1300,700,1000,3500,1
18395,290000,2,2,2,24,0,0,0,0,0,0,262476,180959,162007,143679,375499,222575,8000,6500,6100,235075,10047,7500,1
18396,60000,2,2,2,24,0,0,0,2,0,0,8086,6936,4102,3891,4669,6083,3015,4102,0,1000,1500,1000,0
18397,20000,2,1,2,24,0,2,2,2,2,0,18252,19650,19054,20285,19563,17899,2000,0,2000,0,356,3431,1
18398,50000,2,2,1,23,0,0,0,0,0,0,25526,26527,27577,28528,28689,29289,1431,1481,1432,992,1027,1038,0
18399,210000,2,2,2,23,0,0,0,0,0,0,9987,14769,16658,21032,19497,3510,5000,5000,5000,8000,2000,4209,0
18400,290000,2,2,2,29,0,0,0,0,0,0,140809,130127,131218,124556,127300,129357,6201,5113,5006,6006,5501,15064,0
18401,90000,2,2,2,23,0,0,0,0,0,0,29357,26003,27090,27767,28108,29848,1500,1500,1800,1100,2200,1500,0
18402,50000,2,2,2,23,0,0,0,0,0,0,37259,32822,20669,4510,2893,2000,1750,1150,1000,300,400,800,0
18403,50000,2,2,2,23,0,0,0,2,0,0,32206,65339,33329,20935,15809,16133,1630,6348,0,420,593,500,0
18404,20000,2,3,2,24,0,0,0,0,0,0,1360,1301,2257,2641,5041,248,1301,1267,1648,4041,0,3422,0
18405,360000,2,2,2,23,0,0,0,0,0,0,37927,2047,3794,8521,7119,5725,2057,4294,8535,1535,5753,7792,0
18406,230000,2,1,2,23,0,0,0,0,0,0,34975,35950,18661,12157,13104,13314,2000,1241,1157,1104,814,715,0
18407,30000,2,1,2,24,0,0,0,0,0,0,19998,21212,18127,14439,11026,10523,3001,2013,2001,2002,1500,20000,0
18408,30000,2,1,2,23,0,0,0,0,0,0,17462,27086,28299,29585,27952,29790,10000,2013,3016,759,2042,3705,0
18409,70000,2,2,2,23,0,0,0,0,0,0,45743,38365,38988,38192,28775,16497,1619,4000,1200,592,330,177,0
18410,20000,2,2,2,25,2,0,0,0,0,0,18696,20086,20285,16530,0,0,1705,1418,2011,0,0,0,1
18411,80000,2,2,2,25,0,0,0,0,0,0,390,0,0,0,0,0,0,0,0,0,0,240,0
18412,80000,2,2,2,24,0,0,0,0,0,0,80690,79451,80672,79681,78569,79817,2852,2906,2828,2790,2887,3100,0
18413,50000,2,2,2,25,0,0,0,0,0,0,49173,50141,96860,48803,19324,19668,1800,2100,2600,1000,1000,1000,0
18414,30000,2,5,2,22,0,0,0,0,0,0,13738,10455,19869,26173,26848,27266,4000,10001,7000,1107,1000,1010,0
18415,30000,2,1,2,22,0,0,2,0,0,0,28000,30463,29697,29760,21061,1894,3703,0,1000,421,1894,5514,0
18416,70000,2,2,2,22,0,0,0,0,0,0,53399,49108,49674,44568,31156,30954,1841,2243,1467,1076,1096,1494,0
18417,30000,2,2,2,24,0,0,0,0,0,0,30767,28818,30411,28805,26895,27162,1600,2517,4006,2000,1000,1500,0
18418,110000,2,2,1,24,1,1,0,0,0,0,9787,-1256,65064,66102,54275,51791,5,68500,3114,4016,2000,2000,0
18419,160000,2,2,2,24,0,0,0,0,0,0,55559,51972,34983,26514,17602,9308,3010,3000,2000,1000,2000,0,0
18420,30000,2,2,2,22,2,2,2,2,2,0,29412,27559,31090,31247,30493,31148,0,4000,1000,0,1100,1091,1
18421,40000,2,2,2,24,2,0,0,0,0,0,19012,20018,21047,22360,22499,22969,1326,1355,1668,807,834,837,1
18422,160000,2,2,2,25,1,0,0,0,0,0,0,1000,2043,3133,0,0,1000,1043,1133,0,0,7482,1
18423,50000,2,2,2,23,2,0,0,0,0,0,33999,34997,36030,36740,37469,38254,1867,1900,1610,1339,1387,1395,1
18424,160000,2,1,2,23,0,0,0,0,0,0,77947,78960,79594,49777,327,222,4000,3000,1000,0,222,2682,1
18425,30000,2,2,2,22,0,0,0,0,0,0,3077,390,1946,2503,0,780,390,1946,1000,0,780,1160,0
18426,70000,2,2,2,23,2,3,2,2,0,0,64655,63031,64440,62816,63473,65112,0,3000,0,2300,2661,2035,0
18427,150000,2,2,1,24,0,0,0,0,0,0,12769,424,177,1596,405,0,902,177,1596,405,0,0,0
18428,50000,2,2,1,24,0,0,0,0,0,2,46485,34462,26809,27809,29705,26856,1523,1609,1500,2305,0,1701,0
18429,80000,2,1,1,24,0,0,0,0,0,2,79393,77400,78453,48027,52378,49750,3400,3000,5027,8500,0,4000,0
18430,50000,2,2,2,24,2,0,0,0,0,2,35845,36449,37858,38924,41170,40379,1500,2000,2000,3200,0,1700,1
18431,50000,2,2,2,24,0,0,0,0,0,0,54519,53638,53676,51786,34919,33571,2000,2880,1950,1050,1010,1220,0
18432,30000,2,3,1,25,0,0,0,0,0,0,26277,25896,27460,27735,27711,28643,2000,2000,2000,2000,1500,1500,0
18433,250000,2,3,1,27,2,3,2,2,0,0,324204,308506,294198,278964,270046,265787,5000,6000,5000,9600,14000,14000,0
18434,70000,2,1,1,23,0,0,0,0,0,0,3000,0,0,0,0,0,0,0,0,0,0,0,0
18435,150000,2,2,2,23,0,0,0,0,0,0,330,330,63917,59865,59258,57924,330,63917,2100,2100,2200,2200,0
18436,320000,2,1,2,25,0,0,0,0,0,0,179893,183466,187397,187999,191388,40940,6558,7254,4308,4274,1296,1017,0
18437,80000,2,5,2,25,0,0,0,0,0,0,11521,5219,4560,5450,0,0,1500,2000,1000,0,0,0,0
18438,30000,2,3,2,26,1,2,2,2,2,2,11167,13281,13773,14647,14713,14337,2600,1000,1400,600,0,700,1
18439,50000,2,1,2,23,0,0,0,0,0,0,47160,51034,50204,44580,4712,3914,5000,4000,1010,5504,5500,5000,0
18440,30000,2,3,2,23,0,0,0,0,0,0,33171,32678,32218,31963,30942,29945,1524,1537,1755,1207,1076,1188,0
18441,20000,2,2,2,23,0,0,0,0,0,0,8936,9700,0,0,0,0,1000,0,0,0,0,0,0
18442,200000,2,2,1,25,0,0,0,0,0,0,108174,111378,113751,110828,110592,103734,5000,4200,3820,4000,3760,4006,1
18443,20000,2,2,2,22,0,0,0,0,2,2,12932,13940,14654,16712,16149,18112,1532,1246,2304,0,2390,634,1
18444,100000,2,2,2,24,2,3,2,0,0,0,84098,83160,81265,83012,84933,94362,1000,0,3100,3300,11000,0,1
18445,20000,2,1,2,26,1,2,2,2,2,2,18194,19043,18451,19961,19229,19694,1446,0,1956,0,651,0,1
18446,130000,2,2,2,24,0,0,0,0,0,0,10071,50961,44362,43359,39010,36546,46034,1800,1659,1200,1150,1158,0
18447,50000,2,5,2,24,0,0,0,0,0,0,42207,43517,44330,45404,46363,47630,2000,1800,1800,1700,2000,3700,0
18448,200000,2,5,1,25,0,0,0,0,0,0,149886,140541,96253,76131,37282,24421,5388,3300,2124,912,1000,10847,1
18449,20000,2,2,1,25,1,0,0,0,0,0,0,0,0,0,0,0,0,0,0,0,0,0,1
18450,20000,2,2,1,26,1,2,0,0,0,0,7072,1514,1898,2558,2498,4074,2,1198,1500,500,2000,0,0
18451,100000,2,1,2,26,1,2,2,2,0,0,3144,2949,4480,764,528,933,0,1795,0,13,933,3000,0
18452,170000,2,2,2,24,0,0,0,0,0,0,64142,54347,55677,59096,50536,15851,3000,3000,5000,10000,5000,6000,0
18453,80000,2,1,2,22,0,0,0,0,0,0,48305,48823,41495,36733,27692,27872,1739,1701,1439,980,1005,1216,0
18454,130000,2,1,2,26,0,0,0,0,0,0,1815,3520,727,-173,-173,-173,3532,857,1000,0,0,0,1
18455,50000,2,3,1,26,2,2,2,0,0,0,50002,51190,47959,49099,28540,29114,2330,0,2470,1215,1231,1000,1
18456,280000,2,2,2,26,0,0,0,0,0,0,25989,27052,28111,29138,29852,30717,1800,1800,1800,1500,1500,1500,0
18457,130000,2,2,2,27,0,0,0,0,0,0,3359,-191,191,2898,4728,5149,0,382,2898,1900,500,500,0
18458,150000,2,2,1,27,0,0,0,0,0,0,9377,11908,-5132,20710,0,0,11908,3038,42429,0,0,53867,0
18459,130000,2,1,2,23,0,0,0,0,0,0,0,0,0,0,0,1250,0,0,0,0,1250,0,0
18460,30000,2,2,2,23,0,0,2,0,0,0,20194,24860,24180,25467,26241,30637,5000,0,2000,1500,5000,2528,0
18461,50000,2,1,2,23,0,0,0,0,0,0,50933,50906,48560,49826,34318,19884,2400,2500,2608,700,3381,0,0
18462,120000,2,2,2,24,0,0,0,0,0,0,89240,87970,82837,73297,73084,68697,8000,3500,3500,3000,3000,3000,0
18463,30000,2,2,2,24,0,0,0,2,0,0,28218,28704,30428,28914,29357,29955,2000,3600,0,1200,1200,1300,0
18464,80000,2,2,2,25,0,0,0,0,0,0,69816,71257,72812,74305,75872,77554,2600,2700,2700,2800,2900,4300,0
18465,80000,2,1,2,23,0,0,0,0,0,0,1178,2550,182,-2194,2188,6424,2550,1026,1350,4382,6443,5438,0
18466,20000,2,1,2,23,0,0,0,0,0,0,15781,20124,19423,20140,19991,20079,5000,2000,1500,1000,600,1000,1
18467,80000,2,3,1,23,0,0,0,0,0,0,333,333,333,333,0,75,333,333,333,0,75,0,0
18468,30000,2,2,1,27,2,0,0,2,0,0,25243,26261,29038,28289,28543,30544,1730,3500,0,1011,2450,0,0
18469,120000,2,1,2,26,0,0,0,0,0,0,6500,4899,6500,6825,5635,2833,4899,6500,6825,5635,5497,7921,0
18470,110000,2,1,2,26,0,0,0,0,0,0,104804,107979,93600,0,0,0,4988,1872,0,0,0,0,0
18471,70000,2,1,2,25,0,0,0,0,0,0,64822,61851,62007,38391,38996,39819,2502,2075,2000,1541,1600,2000,0
18472,300000,2,1,2,25,1,0,0,0,0,0,0,9048,4040,0,1092,1681,9048,4040,0,1092,1681,0,0
18473,160000,2,2,2,25,0,0,0,0,0,0,5536,15041,15877,12311,16270,7922,15046,4055,6000,7000,3000,1324,0
18474,150000,2,2,2,25,0,0,0,0,0,0,44552,43702,44798,44280,38006,32978,2022,2118,1800,1300,1300,1300,0
18475,210000,2,2,1,47,0,0,0,0,0,0,2295,561,2607,3586,3676,4095,566,2617,3591,3680,4095,8699,1
18476,20000,2,2,2,26,0,0,0,0,0,0,16976,17687,18894,19693,19894,3473,1300,1500,1250,451,160,69,0
18477,240000,2,2,2,26,0,0,0,0,0,0,150886,141315,128940,124226,113133,113966,6537,6349,5834,3870,4000,3825,0
18478,60000,2,2,2,25,0,0,0,0,0,0,995,7348,7242,6682,6223,7007,7353,2007,2011,2005,3003,3005,0
18479,20000,2,2,2,25,0,0,2,2,2,2,7712,14042,14371,17963,17185,16638,6742,1100,4100,6,2000,0,0
18480,130000,2,2,2,25,1,2,0,0,0,0,136963,133293,133207,131578,101612,101650,0,6867,5660,3800,3677,3620,0
18481,330000,2,2,1,25,0,0,0,0,0,0,118053,197622,25664,9461,6407,15791,198842,25000,9004,6000,15000,6000,0
18482,50000,2,1,1,25,0,0,0,0,0,0,48294,48993,50702,49663,0,0,1805,2514,2475,0,0,0,1
18483,110000,2,1,2,24,0,0,0,0,0,0,67729,64388,63447,65394,66810,68732,3000,3000,3000,2500,3000,4000,0
18484,50000,2,3,1,24,0,0,0,0,0,0,44742,45737,46814,47978,48733,50241,1737,1814,1978,1733,2241,1700,0
18485,90000,2,2,2,24,0,0,0,0,0,0,24179,0,0,0,0,0,0,0,0,0,0,0,0
18486,130000,2,2,2,26,0,0,0,2,2,2,131336,123443,132517,133747,134230,131986,6000,12600,4900,5105,0,5050,0
18487,150000,2,3,1,26,0,0,0,0,0,0,92802,91166,99655,100000,0,0,7500,10000,2000,0,0,0,0
18488,140000,2,2,2,27,0,0,0,0,0,0,515,0,0,0,0,0,0,0,0,0,0,0,0
18489,150000,2,2,2,24,0,0,0,0,0,0,143212,137963,139520,99814,100810,103233,5500,5500,4500,3500,4000,4000,0
18490,50000,2,2,2,26,2,0,0,0,0,0,48510,48217,25192,15741,3041,0,1800,3000,1000,3041,0,0,1
18491,40000,2,1,2,26,0,0,0,0,0,0,6223,7944,8961,3090,390,795,2000,1196,1000,1950,795,1170,1
18492,170000,2,2,2,27,0,0,0,0,0,0,164646,162671,166202,161973,167201,161327,7200,7500,6000,10000,7000,16000,0
18493,60000,2,2,2,24,0,2,0,0,0,0,3485,2488,20956,22462,21476,23164,0,24419,2018,15000,2000,2000,0
18494,200000,2,2,2,25,0,0,0,0,0,0,0,169,1192,1599,0,0,169,1192,1599,0,0,0,0
18495,80000,2,1,2,25,1,0,0,0,0,0,-51,68779,70239,72556,75372,75406,72500,2564,3500,4000,3000,3101,0
18496,100000,2,1,2,25,0,0,0,0,2,0,13201,14671,16120,18588,13272,13549,2000,2000,2786,0,639,700,0
18497,170000,2,2,2,25,0,0,0,0,0,0,65531,64149,46188,42793,30466,25583,2019,2006,2002,788,989,1000,0
18498,140000,2,1,2,26,0,0,0,0,0,0,131863,136170,139270,137548,96340,94201,6500,6799,5100,3300,3400,7461,0
18499,90000,2,2,2,26,0,0,0,0,0,0,70457,64479,31470,28996,26067,23292,2850,1900,1700,1000,1000,1200,0
18500,70000,2,5,1,26,0,0,0,0,0,0,71993,71158,70557,37209,28905,28455,2851,3500,1500,1300,1100,1000,0
18501,120000,2,1,2,26,0,0,0,0,0,0,80975,82069,83808,85414,84569,85771,4000,3061,3019,2987,3174,2996,0
18502,60000,2,2,1,26,0,0,0,0,0,0,28768,29510,30389,24914,25408,25941,1524,1403,1500,908,941,946,0
18503,150000,2,2,2,26,0,0,0,0,0,0,107506,108154,43027,4946,3460,4112,5109,1316,1004,104,2012,108008,0
18504,50000,2,3,1,24,0,0,0,0,0,0,27172,28078,21165,1515,0,0,1390,1650,1000,0,0,0,0
18505,80000,2,3,1,26,0,0,0,0,0,0,78627,46314,75145,76846,58422,58131,3000,50000,4021,3300,2100,2100,0
18506,310000,2,2,2,27,0,0,0,0,0,0,60692,63668,68612,73441,123966,127957,4000,6000,6000,52000,6000,5500,0
18507,50000,2,1,2,23,0,0,0,0,0,0,22939,23966,24939,23962,24439,25044,1413,1386,1399,876,1000,959,0
18508,20000,2,2,1,23,0,0,2,0,0,0,12483,15032,14506,15516,15561,15910,3071,0,1555,600,600,700,1
18509,80000,2,1,2,24,0,0,0,2,0,0,4711,5737,8818,8471,8644,8820,1266,3347,0,173,176,180,1
18510,180000,2,1,2,25,0,0,0,0,0,0,2654,-632,-632,-632,-632,-632,0,0,0,0,0,0,0
18511,50000,2,2,1,23,0,0,0,0,0,0,40544,41098,28383,28937,29119,29334,2000,1500,1432,1004,1035,1178,0
18512,70000,2,2,2,22,0,0,0,0,0,0,66505,67514,69038,69927,50579,49483,2501,3001,2608,1777,1792,1793,1
18513,20000,2,2,1,25,0,0,3,2,0,0,17294,21821,21197,20400,20000,20000,4821,0,0,0,0,0,0
18514,60000,2,2,1,24,2,2,0,0,0,0,28600,27073,27396,27499,28060,27472,0,1460,1439,1000,1014,1078,1
18515,30000,2,2,2,25,2,2,2,0,0,0,25267,26353,25650,26416,27178,28332,1800,0,1500,1200,1750,1300,0
18516,20000,2,2,2,24,2,0,0,0,0,3,2968,3980,5075,5979,6796,6463,1223,1318,1183,1000,0,0,1
18517,280000,2,4,2,25,0,0,0,0,0,0,8574,10420,12211,12639,22439,18096,2000,2000,3000,10000,5096,12704,0
18518,30000,2,2,2,25,0,0,0,0,0,0,0,1232,27287,27874,28430,29093,1232,31484,1444,1000,1100,1491,0
18519,40000,2,1,2,26,2,2,2,2,2,2,26487,27255,26532,29089,28522,28914,1500,0,3000,200,1000,1200,1
18520,130000,2,2,2,25,0,0,0,0,0,0,14351,10473,9429,10413,7874,7158,2000,3000,3000,4000,1000,2000,0
18521,90000,2,2,2,25,0,0,0,0,0,0,44727,42751,43421,45878,46054,47252,2000,1851,3500,1519,2000,2000,0
18522,260000,2,2,2,25,0,0,0,0,0,0,5008,10698,3863,56173,15700,5049,10698,3863,56006,5712,1000,100,0
18523,100000,2,1,2,26,0,0,0,0,0,0,123,123,123,123,123,123,123,123,123,123,123,396,1
18524,50000,2,1,2,24,0,0,0,0,0,0,33879,35211,36263,37061,37943,42305,1900,1918,1700,1500,5000,0,1
18525,190000,2,3,2,24,0,0,0,0,0,0,54186,55466,57358,10890,287,49983,2000,2700,1100,287,49696,2000,0
18526,70000,2,2,2,22,0,0,0,2,0,0,32845,31377,31420,30940,24765,25942,3100,6000,1125,1300,3000,2500,0
18527,50000,2,2,1,26,0,0,0,0,0,0,49855,51099,51192,50895,19535,20093,4100,3000,3500,1000,1000,1100,0
18528,40000,2,2,2,26,0,0,2,0,0,0,37423,40742,38582,39478,39620,38687,3967,0,1858,1500,5000,1605,0
18529,200000,2,1,2,26,0,0,0,0,0,0,203025,201474,158869,145723,139960,142193,10010,10000,7000,6000,5500,6000,0
18530,100000,2,1,2,26,1,0,0,0,0,0,0,0,0,0,0,0,0,0,0,0,0,150,0
18531,220000,2,2,2,26,0,0,0,0,0,0,1534,3524,2130,7510,1117,916,3524,2130,7521,1117,916,2719,0
18532,200000,2,2,1,27,0,0,0,0,0,0,14753,3670,5865,1303,4579,1107,3670,5865,1303,4579,1107,2109,0
18533,50000,2,3,1,27,2,2,0,0,0,0,1884,570,180,2672,3101,5465,570,0,2672,3101,5465,0,0
18534,360000,2,2,2,27,0,0,0,0,0,0,1189,-11,-11,-11,-11,2339,0,0,0,0,2350,766,0
18535,170000,2,1,2,25,0,0,0,0,0,0,8046,6130,3653,32511,24814,25293,1085,1000,32517,1023,10000,5000,0
18536,250000,2,3,0,26,0,0,0,0,0,0,28507,138894,131031,83674,64760,52397,129565,10000,3011,3000,2500,2000,0
18537,80000,2,2,2,26,2,2,2,0,0,0,76540,81373,79496,78641,48837,50592,8000,0,3300,2000,3800,0,0
18538,110000,2,2,2,23,0,0,0,0,0,0,19980,20683,21654,21998,23255,24527,2500,2000,1400,2000,1800,1100,0
18539,20000,2,2,2,23,0,0,0,0,0,0,10513,3367,444,20444,18976,19802,1000,444,20000,600,1000,1000,0
18540,20000,2,2,1,25,2,2,2,2,0,0,11202,12228,12738,11207,6720,5071,1500,1005,0,511,1283,0,1
18541,60000,2,2,2,24,0,0,0,0,0,0,29832,18628,15069,15761,5879,-2879,1538,1308,1000,118,1329,41378,0
18542,170000,2,2,2,24,0,0,0,0,0,0,19103,14434,160153,160823,128646,124547,3000,157541,8020,5260,5000,6000,0
18543,150000,2,2,2,24,0,0,0,0,0,0,66731,64787,38948,24707,304,635,3000,3125,2065,307,635,0,0
18544,210000,2,2,2,24,0,0,0,0,0,0,973,4197,1772,7293,1508,2498,4224,2631,8132,1563,2506,2135,0
18545,230000,2,2,2,25,0,0,0,0,0,0,10379,7835,8926,13283,20060,3904,2255,8926,5291,20060,3904,13000,0
18546,160000,2,2,2,25,0,0,0,0,0,0,1532,0,465,1791,1644,956,0,465,1792,33,0,2394,0
18547,150000,2,2,2,25,0,0,0,0,0,0,38494,38667,32794,30786,24250,20052,1516,1693,2007,1007,1000,1000,0
18548,210000,2,2,2,26,0,0,0,0,0,0,4341,402,11305,1368,2684,1397,402,11401,1368,2684,1397,0,0
18549,300000,2,2,2,28,0,0,0,0,0,0,603,4728,0,0,0,279,4747,0,0,0,279,423,0
18550,340000,2,1,2,27,0,0,0,0,0,0,7453,2928,1564,7726,4536,4961,2942,1586,7742,1300,4985,5956,0
18551,150000,2,1,2,24,0,0,0,0,0,0,2901,0,0,0,0,0,0,0,0,0,0,0,1
18552,50000,2,2,2,25,0,0,0,0,0,0,8481,2158,3359,2158,2470,662,1000,3359,1000,2470,500,1500,0
18553,160000,2,1,2,27,0,0,0,0,0,0,717,3265,5105,3326,5482,2698,3269,5109,3328,5494,2864,2367,1
18554,50000,2,1,2,25,0,0,2,0,0,0,40067,43099,42133,43127,44210,45844,4000,0,2000,1800,2500,5500,1
18555,70000,2,2,2,25,1,2,0,0,0,0,5412,5177,6291,9085,9270,6821,0,1206,3000,185,200,0,1
18556,120000,2,2,1,25,0,0,0,0,0,0,79108,46864,75624,42754,15927,2405,3000,30000,5200,15000,2405,0,0
18557,200000,2,1,2,25,0,0,0,0,0,0,-3,773,0,1107,586,0,776,0,1107,586,0,0,0
18558,50000,2,2,2,25,0,0,2,0,0,0,20123,19184,16834,15970,14502,12671,2880,0,1166,452,451,370,0
18559,310000,2,1,2,26,0,0,0,0,0,0,27638,24020,25223,25555,24311,17992,1393,1596,1447,93,118,56,0
18560,50000,2,2,2,24,0,0,0,0,0,0,27890,27788,19742,20672,16336,16921,2000,2000,1600,1000,1000,1000,0
18561,300000,2,4,2,24,0,0,0,0,0,0,2892,4009,4725,2595,2110,20984,4039,4751,2600,2110,20984,4366,0
18562,160000,2,2,2,25,0,0,0,0,0,0,156753,153392,143297,140984,120742,115637,10000,8000,7000,5000,5000,5000,0
18563,90000,2,2,2,25,0,0,0,0,0,0,67004,65533,67475,69136,51217,50490,3000,3000,3000,2000,2000,2000,0
18564,160000,2,2,1,25,0,0,0,0,0,0,116744,94894,97589,78487,78592,81326,4000,4500,3000,3000,4000,5000,0
18565,500000,2,1,2,25,0,0,0,0,0,0,119193,163856,170201,162212,145184,118467,70005,10051,6119,7303,15090,10191,0
18566,390000,2,1,2,26,0,0,0,0,0,0,0,280,0,0,0,48425,280,0,0,0,48425,2000,0
18567,320000,2,2,2,26,0,0,0,0,0,0,320983,319377,319368,305308,188120,192087,14000,14033,14008,7000,7000,7600,0
18568,50000,2,1,2,26,0,0,0,0,0,0,3655,-1,-1,-1,-1,349,0,0,0,0,350,351,0
18569,200000,2,4,2,27,1,0,0,0,0,0,777,14893,5635,7518,13226,13845,15103,5652,7529,13226,4906,4666,0
18570,90000,2,2,2,27,0,0,0,0,0,0,4403,1995,300,0,0,0,1000,300,0,0,0,0,0
18571,360000,2,2,2,27,0,0,0,0,0,0,12389,-5,1145,1169,-1,-1,0,1150,1174,0,0,0,0
18572,180000,2,1,2,27,0,0,0,0,0,0,264,264,264,264,264,264,264,264,264,264,264,264,0
18573,60000,2,2,2,24,0,0,0,0,0,0,9970,7699,9479,10213,10000,11832,1020,9479,1000,200,1832,5889,0
18574,250000,2,2,2,24,0,0,0,0,0,0,0,0,19449,20623,21283,21943,0,19449,1500,1000,1000,1000,1
18575,20000,2,1,2,25,0,0,0,0,0,0,15312,2846,0,0,0,0,3000,0,0,0,0,0,0
18576,10000,2,1,2,24,0,0,0,0,0,2,5707,6728,7865,7105,8298,8020,1123,1260,1500,1470,0,1500,0
18577,110000,2,1,2,24,0,0,2,2,0,0,9334,108868,96998,94480,90860,85529,100082,4200,0,3000,3140,4900,0
18578,150000,2,2,2,25,0,0,0,0,0,0,69333,2299,5290,17205,27130,3801,3401,5294,17211,14635,1,32784,0
18579,160000,2,2,2,25,0,0,0,0,0,0,154365,130024,153258,29975,65683,53856,7000,29000,1200,69364,1600,2000,0
18580,30000,2,2,2,25,1,2,0,0,2,0,13785,13272,14310,16059,15506,15687,0,1560,2300,0,580,1000,0
18581,30000,2,1,2,24,1,2,2,2,0,0,29492,29697,30737,27808,28204,28792,1000,3513,0,1155,1190,1502,0
18582,280000,2,1,1,26,0,0,0,0,0,0,4664,1578,646,3689,560,-150,1578,646,3689,560,0,1605,0
18583,120000,2,1,2,28,1,0,2,2,0,0,0,780,390,0,762,-18,1170,0,0,762,0,0,0
18584,360000,2,3,1,27,0,0,0,0,0,0,115730,102973,96363,85616,79033,72152,4371,5438,3415,2430,2568,3017,0
18585,80000,2,2,1,27,0,0,0,0,0,0,42037,43134,44223,43032,43599,41557,2100,2100,2000,2293,1700,2000,0
18586,310000,2,3,2,27,0,0,0,0,0,0,83756,86353,90960,89993,92229,94473,4000,6000,3000,3000,3000,3000,0
18587,80000,2,2,1,27,0,0,0,0,0,0,390,390,390,390,390,930,390,390,390,390,930,0,0
18588,180000,2,1,2,28,0,0,0,0,0,0,171237,172787,174667,176618,141697,143738,8000,7000,7000,5010,5200,6000,0
18589,130000,2,1,2,26,0,0,0,0,0,0,11149,3150,8552,5459,2850,9611,3160,8591,5463,2855,9611,8901,0
18590,70000,2,3,1,24,0,0,0,0,0,0,66380,68083,50822,31179,28686,10806,4000,3012,5000,2000,3000,3000,0
18591,400000,2,2,2,24,0,0,0,0,0,0,14925,12559,3926,500,1236,11975,5000,3926,500,1236,11975,253,0
18592,20000,2,1,2,22,1,2,0,0,0,0,19849,15995,16572,15556,18268,17319,0,4000,1238,4500,675,3000,1
18593,30000,2,1,2,23,0,0,0,0,0,0,4242,3891,1005,5308,8430,0,3915,1005,5308,8443,0,1120,0
18594,80000,2,2,2,25,1,0,0,0,0,0,0,9000,380,0,0,363,9000,380,0,0,363,0,0
18595,150000,2,2,2,26,0,0,0,0,0,0,11474,15023,17467,19789,20173,21696,5001,3000,2616,1000,2000,1000,0
18596,20000,2,3,2,24,0,0,0,0,0,0,5103,3773,10132,4818,0,0,3773,10139,4830,0,0,1960,0
18597,20000,2,1,2,25,0,0,0,0,0,0,1983,326,3242,1206,326,326,326,3242,1206,326,326,326,0
18598,150000,2,1,2,26,0,0,0,0,0,0,15079,5018,6701,54574,983,25580,5018,6701,54579,983,25580,26738,0
18599,60000,2,2,2,27,0,0,0,0,0,0,41546,45025,38840,31965,30297,29814,5845,2000,1812,1037,1218,1085,0
18600,320000,2,1,2,27,0,0,0,0,0,0,120158,122307,112144,107318,105952,109626,6000,5000,5333,5000,5000,3000,0
18601,80000,2,2,2,27,0,0,0,0,0,0,725,2959,1838,2899,1376,1320,2968,1838,2899,1376,1320,1107,0
18602,130000,2,1,2,25,0,0,0,0,0,0,123945,127883,133400,0,0,0,6000,9000,0,0,0,0,0
18603,400000,2,2,1,24,0,0,0,0,0,0,187790,176294,190256,89128,39276,23440,5519,44776,1502,2026,1015,52100,0
18604,20000,2,1,2,25,0,0,0,0,0,0,15810,15947,6012,5689,4587,2293,1249,1125,1000,92,0,20505,0
18605,60000,2,1,2,24,0,0,0,0,0,0,6686,1049,14020,4880,2034,978,1049,14020,4880,2233,2968,8067,0
18606,80000,2,1,2,24,0,0,0,0,0,0,47952,45713,46752,46375,46893,47872,1732,1771,1714,1632,1687,1749,0
18607,50000,2,1,1,24,0,0,2,0,0,0,14345,16927,16366,17380,17876,18097,2836,0,1289,785,657,720,1
18608,20000,2,1,2,25,0,0,0,0,0,0,14785,15262,17650,19311,18650,20061,3000,2650,2000,1000,1561,1000,0
18609,100000,2,2,1,25,0,0,0,0,0,0,99203,97294,99377,101577,99453,101879,3485,3654,3900,3729,4200,3702,0
18610,80000,2,1,2,25,3,2,2,2,2,2,45031,47087,48833,47750,50950,51984,3100,2800,0,4000,2000,2000,1
18611,140000,2,1,2,25,0,0,0,0,0,0,2555,4502,6259,7115,8135,1459,2000,2000,1000,1020,100,2500,1
18612,110000,2,1,2,25,0,0,0,0,0,0,103135,99731,101945,82873,68587,65648,4800,5000,4000,3000,2500,2600,0
18613,350000,2,1,2,27,0,0,0,0,0,0,83415,76562,64995,61464,44664,51550,4000,3312,4050,1165,20055,20076,0
18614,60000,2,1,2,27,1,0,0,0,0,0,-215,-215,-215,-215,13610,11132,0,0,0,13825,1132,378,0
18615,50000,2,1,2,24,2,0,0,0,0,0,43878,42490,36540,16077,12134,12389,2068,2065,1246,450,451,475,1
18616,210000,2,2,2,26,0,0,0,2,0,0,107948,107525,108971,96011,87644,82077,5407,9145,12,3004,3000,4370,0
18617,50000,2,3,2,25,0,0,0,0,0,0,33831,34763,41674,15066,14066,17043,2000,10003,5001,10032,10001,10005,0
18618,80000,2,5,1,25,0,0,0,0,0,0,74180,75296,74792,75825,77454,78862,3500,4000,3400,4000,3349,2784,0
18619,30000,2,2,2,26,2,0,0,2,0,0,22364,23732,30699,29727,28834,16361,1753,8500,9,700,1179,138,1
18620,150000,2,2,2,26,0,0,0,0,0,0,153070,149027,151632,151855,150713,148958,6000,6000,7000,5480,5400,5300,0
18621,20000,2,1,2,26,0,0,0,0,0,0,1000,8930,0,0,0,790,8930,0,0,0,790,0,0
18622,270000,2,1,2,26,1,0,0,0,0,0,0,0,6336,0,0,0,0,6336,0,0,0,0,0
18623,50000,2,2,2,27,2,2,2,2,2,2,41126,42244,43264,43751,44731,45770,2100,2000,1500,2000,1900,1900,1
18624,380000,2,2,2,27,0,0,0,0,0,0,118624,118871,120550,550,100,550,3700,3011,550,100,1000,736,0
18625,60000,2,1,2,28,0,0,0,0,0,0,23518,25542,27649,29718,30171,30678,2700,2800,2800,1200,1100,1200,0
18626,50000,2,3,2,26,1,2,2,2,2,2,31336,32320,33408,32577,34329,33643,1800,1900,0,2600,0,1700,1
18627,120000,2,2,1,26,0,0,0,0,0,0,9267,29600,1980,0,0,10853,29600,1980,0,0,42138,26341,0
18628,260000,2,1,2,26,0,0,2,0,0,2,1608,19948,20330,21369,22728,21983,29447,1000,1700,2000,0,1500,0
18629,190000,2,2,2,26,1,4,3,2,2,2,51799,50667,52175,51159,54225,54826,0,2500,0,4308,1500,2000,0
18630,50000,2,1,2,26,0,0,0,0,0,0,16785,17801,18911,20090,20334,20856,1600,1700,1800,875,1000,4700,0
18631,80000,2,1,2,26,0,0,0,0,0,0,4301,0,0,2883,1856,2856,0,0,2883,1856,1000,2000,0
18632,110000,2,2,2,26,0,0,0,0,0,0,1687,400,300,922,3509,1979,400,300,922,3509,0,5192,1
18633,50000,2,2,2,26,0,0,0,0,0,0,28795,28506,26868,27059,27503,27045,1500,1800,1400,1000,1000,1000,0
18634,150000,2,1,2,27,0,0,0,0,0,0,35688,14736,36490,3125,7603,2995,14820,36672,3232,7641,3010,982,0
18635,50000,2,2,1,27,0,2,0,0,0,0,780,390,390,780,390,390,0,390,780,0,390,0,1
18636,80000,2,2,2,25,0,0,0,0,0,0,83931,82122,81028,81331,60614,63153,3500,3820,3220,4010,6700,7,0
18637,20000,2,1,2,24,0,0,0,0,0,0,22515,24146,25374,19075,18907,18507,2000,2024,2000,1005,1188,2002,0
18638,200000,2,2,2,24,0,0,0,0,0,0,225931,229787,233553,206398,145825,140249,8271,8182,6576,5073,5095,5172,0
18639,80000,2,1,2,25,0,0,2,0,0,0,746,4824,690,6097,0,0,4830,0,6097,0,0,2169,0
18640,70000,2,2,2,25,0,0,2,2,2,4,33390,34832,35472,38369,42729,41496,2000,1500,3500,5300,0,0,1
18641,280000,2,1,2,26,0,0,0,0,0,0,189748,192338,195598,188878,186790,180240,6300,5700,5620,5000,5014,5135,0
18642,160000,2,3,2,26,0,0,0,0,0,0,2454,3488,4443,0,0,0,1083,1038,0,0,0,97502,0
18643,90000,2,2,2,26,0,0,0,2,0,0,86183,87561,92996,89866,48574,41746,4100,8548,0,1527,1617,1490,0
18644,200000,2,1,2,27,0,0,0,2,2,2,10603,0,2500,2500,2500,2500,0,2500,0,0,0,0,0
18645,150000,2,1,2,28,1,0,0,0,0,0,0,382,0,0,0,904,382,0,0,0,904,0,0
18646,80000,2,2,2,27,0,0,0,2,0,0,78933,78244,81584,78795,79402,80385,3400,6900,0,2800,3100,3000,0
18647,390000,2,1,2,28,0,0,0,0,0,0,249265,253883,250654,253336,256281,257151,8903,9300,9402,10343,7000,6600,0
18648,190000,2,2,1,28,0,0,0,0,0,0,4639,4718,5610,7300,4694,2250,1100,1610,2310,2000,1000,300,0
18649,240000,2,1,2,28,0,0,0,0,0,0,8451,1419,37307,1086,1494,7724,1419,37307,1086,1494,7724,1101,0
18650,200000,2,1,2,29,0,0,0,0,0,0,5612,28352,6282,5906,8787,14988,25004,6282,5911,6000,10000,20000,0
18651,130000,2,2,1,29,0,0,0,0,0,0,1451,1175,2751,2995,2018,938,1175,2751,2995,2018,938,0,0
18652,100000,2,2,1,29,0,0,0,0,0,0,118008,116686,113939,111079,107257,105377,5614,5600,5500,4500,5000,6000,0
18653,190000,2,2,2,29,0,0,0,0,0,0,4460,5531,20867,12895,9968,9968,5537,20879,12895,0,0,0,0
18654,90000,2,1,2,29,0,0,0,0,0,0,84515,85777,86778,79424,78955,45916,4200,4000,3100,2000,3000,3000,0
18655,20000,2,3,1,27,0,0,0,2,0,0,6294,2388,4087,4339,3288,3288,1500,1748,500,0,0,0,1
18656,90000,2,2,2,26,1,2,2,2,2,2,50200,49092,53295,53826,54548,55525,0,5000,2000,2200,2000,2500,0
18657,90000,2,2,2,26,1,2,2,2,2,2,86335,88520,90311,91431,92840,91205,4500,4100,3500,3800,0,3500,0
18658,80000,2,2,2,27,1,2,2,2,2,0,74250,76895,79548,80280,53034,54027,4500,4500,3000,0,2000,4350,0
18659,40000,2,2,1,28,2,2,3,2,2,2,31131,33815,33002,32173,34629,33940,3500,0,0,3000,0,2000,0
18660,50000,2,2,1,22,0,0,2,0,0,0,25561,26951,26570,28085,27009,28142,2134,1000,2001,910,1510,500,0
18661,150000,2,1,2,25,0,0,0,2,0,0,78823,80514,87096,84806,85822,87504,3000,7900,0,3300,3200,3300,0
18662,200000,2,1,2,27,0,0,0,0,0,0,0,127,133,386,393,286,127,133,386,400,286,500,0
18663,20000,2,2,1,27,0,0,0,0,0,0,15939,17171,18005,1822,1316,1316,1500,1200,2000,0,0,0,0
18664,160000,2,1,2,27,0,0,0,0,0,0,27058,28173,21159,20018,15761,12643,3173,1459,2018,1761,1643,503,0
18665,80000,2,2,2,28,0,0,0,0,0,0,79688,78165,68579,50312,44277,44488,2800,2398,2000,2000,1700,2005,0
18666,30000,2,2,2,22,0,0,0,0,0,0,28681,27862,27365,28038,28607,29234,1850,1700,1300,800,860,883,0
18667,50000,2,1,2,23,0,0,0,0,0,0,2332,0,0,0,0,0,0,0,0,0,0,0,0
18668,310000,2,2,1,25,0,0,0,0,0,0,191767,185445,188255,187384,184222,183544,6612,8321,7022,6021,6005,6042,0
18669,50000,2,2,2,26,0,0,0,0,0,0,8056,5997,5602,6478,5453,2261,1500,1500,1011,1000,1000,1000,1
18670,200000,2,2,2,26,0,0,0,0,0,0,41906,17969,29789,11740,27004,4039,18089,30223,42749,27124,22,58869,0
18671,20000,2,2,2,22,0,0,0,0,0,0,15499,16505,35110,19495,19019,18134,1270,1320,2260,784,1000,2000,1
18672,30000,2,3,1,22,0,0,0,0,0,0,0,0,0,0,0,0,0,0,0,0,0,0,0
18673,20000,2,1,2,23,0,0,0,0,0,0,1174,1283,0,2616,600,0,1283,0,2616,600,780,1398,1
18674,50000,2,2,2,22,0,0,0,0,0,0,28544,28681,23306,16282,9451,9408,1450,1400,1300,400,400,400,0
18675,230000,2,2,2,28,0,0,0,0,0,0,24867,24437,3900,870,0,0,4300,3900,870,0,0,0,0
18676,130000,2,1,2,29,0,0,0,0,0,0,430,430,230,630,430,14802,430,230,830,430,14802,430,0
18677,500000,2,1,2,29,0,0,0,0,0,0,14217,33651,33134,34571,36003,37416,20000,18000,20000,20000,20007,20007,0
18678,200000,2,2,1,29,0,0,0,0,0,0,78201,80895,82692,86305,88961,92513,4000,4000,5000,5000,5000,5000,0
18679,110000,2,1,2,29,0,0,0,0,0,0,7397,-18,-18,-18,-18,-18,2000,0,0,0,0,0,0
18680,230000,2,1,1,30,1,2,2,2,0,0,6168,5951,8698,8398,10898,7299,0,3000,0,2500,0,11236,0
18681,80000,2,2,1,30,0,0,0,0,0,0,36968,390,0,0,19688,5800,390,0,0,19688,5800,0,0
18682,20000,2,1,2,27,0,0,0,0,0,0,4734,0,0,0,0,0,0,0,0,0,0,3187,1
18683,120000,2,2,2,27,0,0,0,0,0,0,15234,8247,9624,20129,10388,13316,1137,1514,1069,278,3000,0,1
18684,200000,2,1,2,27,1,0,0,0,0,0,0,0,0,0,3012,3021,0,0,0,3012,9,363,0
18685,70000,2,2,1,28,0,0,0,2,0,0,16030,15502,12637,11204,10983,11901,1500,3000,0,2000,2000,0,0
18686,230000,2,2,2,28,0,0,0,0,0,0,33057,33698,36652,38421,37459,54778,1500,4767,3000,3092,17411,5000,0
18687,60000,2,3,1,28,1,2,2,0,0,0,60718,60791,46345,44425,17785,17796,2258,0,1573,800,800,800,0
18688,60000,2,2,2,28,2,2,2,2,2,2,48322,51587,52664,53059,51468,54511,4692,2500,2000,0,4019,0,0
18689,360000,2,2,1,28,0,2,0,0,0,0,9278,6198,5154,2453,570,0,6213,1025,2465,572,0,0,1
18690,100000,2,2,2,25,0,0,0,0,0,0,62665,63694,65169,66501,66818,69335,2300,2500,2500,2500,3500,2602,0
18691,240000,2,1,2,25,1,0,0,0,0,0,0,587,0,2417,0,0,587,0,2417,0,0,7642,0
18692,130000,2,1,2,25,2,2,0,0,0,0,1990,0,0,0,0,0,0,0,0,0,0,0,0
18693,130000,2,2,3,25,0,2,2,0,0,0,3148,1574,0,0,12677,30582,5,0,0,12677,30582,0,1
18694,50000,2,1,2,25,0,0,0,0,0,2,37014,36128,36317,37401,37177,37446,1900,2000,2000,2000,1000,1500,0
18695,150000,2,1,1,26,2,2,2,2,2,0,69716,72156,70507,59123,39386,20561,5211,111,2371,0,702,341,1
18696,300000,2,2,2,28,0,0,0,0,0,0,0,0,0,0,0,0,0,0,0,0,0,0,1
18697,200000,2,1,2,28,0,0,0,0,0,0,18134,18410,1213,9095,18393,612,18410,1297,9113,18393,612,54856,0
18698,320000,2,1,2,28,0,0,0,0,0,0,4392,11684,1127,1943,13312,-5,11700,1135,1952,13375,5,0,0
18699,160000,2,2,2,27,1,0,0,0,0,0,0,0,0,980,0,0,0,0,980,0,0,0,0
18700,210000,2,1,2,26,0,0,0,0,0,0,186544,188366,173694,163481,128216,113292,8102,7798,12246,5268,5000,10000,0
18701,70000,2,1,2,25,0,0,2,2,2,0,37017,39980,39063,41592,39101,40310,3900,0,3500,0,2000,1813,1
18702,250000,2,2,2,25,0,0,0,0,0,3,25823,26114,27446,28371,4715,4358,1500,1575,1500,1000,0,0,0
18703,130000,2,1,2,27,0,0,0,0,0,0,58811,44572,10348,104698,88251,90189,1500,2753,110094,3002,3200,3100,0
18704,30000,2,1,2,27,0,0,2,2,2,2,10562,12873,14371,13843,15611,15221,2500,2000,0,2000,0,1000,0
18705,210000,2,1,2,27,0,0,0,0,0,0,161055,156712,157087,177934,136807,139230,6000,7000,8000,6574,5500,5500,0
18706,170000,2,2,2,27,2,0,0,0,0,0,173577,171480,171794,166637,169021,164531,6500,7100,6100,6000,5600,7700,1
18707,100000,2,3,1,28,2,2,0,0,2,2,30884,29770,30485,32434,32592,33102,0,1825,3100,1300,1500,1771,0
18708,50000,2,2,1,28,1,2,0,0,0,0,41468,40507,41464,35334,26875,23338,0,1970,1827,1044,993,1999,0
18709,130000,2,1,2,27,0,0,0,0,0,0,49964,50000,0,0,0,0,1000,0,0,0,0,0,0
18710,30000,2,2,2,26,0,0,0,0,0,0,27110,27460,29710,29452,11124,0,1455,3623,2000,1038,0,0,1
18711,130000,2,2,2,30,0,0,0,2,0,0,148234,144330,147035,136542,137586,141191,5200,11700,0,10000,12500,0,0
18712,70000,2,1,2,26,0,0,0,0,0,0,46222,47650,48867,47808,43022,44077,2500,2300,2300,2000,1900,3000,0
18713,210000,2,1,2,26,0,0,0,0,0,0,23245,8487,17950,18915,19359,21604,3487,10000,2000,1000,3000,1000,0
18714,170000,2,1,2,25,0,0,0,0,0,0,70326,71919,68356,68724,68889,69712,3100,3626,2500,2450,2693,2602,0
18715,420000,2,1,2,28,0,0,0,0,0,0,7880,4623,64513,65592,57438,31029,1010,64513,2420,1473,1062,1022,0
18716,80000,2,2,1,26,0,0,0,0,0,0,42972,44210,42418,43410,44684,45808,2000,2100,2000,2000,2000,2000,0
18717,150000,2,2,2,26,0,0,0,0,0,0,37636,27448,29890,390,257,10700,27603,29890,21890,257,10833,212,0
18718,200000,2,1,2,26,0,0,0,0,0,0,73508,73303,71674,12701,8855,9133,3100,2548,2050,3006,2000,137,0
18719,70000,2,2,2,26,2,2,0,0,2,2,42053,41087,42445,45020,44006,46905,0,2007,3582,0,3601,0,1
18720,90000,2,2,2,26,2,2,2,0,0,0,87606,91430,88705,65632,49431,50864,7063,7,2054,1800,2864,3197,1
18721,130000,2,2,1,27,2,2,0,0,2,0,60032,54921,55055,54804,52439,52609,0,2000,6844,0,2071,2115,0
18722,360000,2,2,2,28,0,0,0,0,0,0,12393,3434,79795,49160,2847,-13,3445,80401,32083,2907,13,20303,0
18723,260000,2,2,2,28,0,0,0,0,0,0,181121,167875,171913,169495,167944,166881,7013,10051,10026,7039,8057,10213,0
18724,160000,2,2,2,28,0,0,0,0,0,0,11832,100542,88118,65032,586,80270,100000,10000,6749,586,80000,30000,0
18725,20000,2,2,1,28,0,0,0,0,0,0,1424,10094,15018,15991,18442,18827,10094,10000,1549,3000,790,1000,0
18726,140000,2,3,1,28,2,2,2,2,2,2,96008,98017,99961,101123,97375,103044,4500,4400,3700,0,7800,0,1
18727,200000,2,2,2,29,0,0,0,0,0,0,9283,0,780,2220,0,0,0,780,2220,0,0,8893,0
18728,200000,2,2,1,29,0,0,0,0,0,0,46139,59923,44974,30844,15833,15833,30000,1300,2000,1000,16332,15833,0
18729,120000,2,2,2,28,0,0,0,0,0,0,120154,122674,123155,120267,121471,118656,6010,6108,5831,4700,4486,4871,0
18730,210000,2,2,2,29,0,0,0,0,0,0,52143,53182,54331,55827,57295,58571,2500,2600,3000,3000,2200,2300,0
18731,50000,2,2,1,23,0,0,0,0,0,0,37586,38866,19240,20256,20918,22081,2000,1322,1338,1000,1500,1000,1
18732,80000,2,1,2,23,1,2,2,0,0,0,80457,82885,80495,78027,30052,30373,4350,0,2350,1048,1077,1154,1
18733,60000,2,2,2,23,0,0,0,0,0,0,56250,54971,55079,55525,56634,57052,2000,2100,2000,2000,2100,2050,0
18734,50000,2,2,1,24,0,0,0,0,0,0,44159,41904,46174,40675,0,0,5000,5000,2000,0,0,0,0
18735,50000,2,2,2,25,0,0,0,2,2,2,26509,27521,30001,29187,31064,30487,1757,3237,0,2300,0,1100,0
18736,70000,2,1,2,25,1,2,2,2,2,2,53742,52281,55981,54484,59080,59096,0,4545,0,5500,2090,0,0
18737,80000,2,2,2,25,1,2,0,0,0,0,50120,49013,50051,51123,52175,53337,0,1828,1900,1900,2000,4300,1
18738,50000,2,2,1,25,0,0,0,0,0,0,9587,6583,3243,1691,-1889,2720,1200,1000,1700,0,5679,1600,1
18739,30000,2,1,2,25,0,2,0,0,0,0,5285,4053,1405,3844,3427,417,0,1405,3427,0,0,984,1
18740,300000,2,1,2,26,0,0,0,0,0,0,0,0,0,0,0,0,0,0,0,0,0,0,0
18741,240000,2,2,2,26,0,0,0,0,0,0,2335,2335,0,4670,0,0,2335,0,4670,0,0,0,0
18742,140000,2,4,2,26,0,0,0,0,0,0,75000,0,0,0,51571,55731,0,0,0,51571,5001,3001,0
18743,30000,2,1,2,27,0,0,0,0,0,0,25552,26135,27407,29002,26806,25948,1800,2000,2500,1500,1000,2000,0
18744,70000,2,2,1,29,0,0,0,0,0,0,11502,11009,13997,6832,0,0,2000,4037,2000,0,0,0,0
18745,220000,2,2,2,29,0,0,0,0,0,0,217345,100501,74430,64485,24609,23419,4030,4000,4492,1000,1000,0,0
18746,230000,2,2,2,29,0,0,0,0,0,0,33511,34892,31917,33361,34056,32353,2000,1600,2000,1500,1500,2000,0
18747,20000,2,2,1,29,0,0,0,0,0,0,13958,15016,16069,16776,17118,19835,1600,1600,1278,620,3000,900,0
18748,130000,2,2,2,25,1,2,2,2,2,0,11446,12562,12075,15844,15295,16885,1600,0,4300,0,2000,2000,0
18749,60000,2,2,2,26,2,2,2,2,2,2,60455,61417,60906,45734,40629,41137,3200,2400,12,3200,1619,0,1
18750,200000,2,2,2,26,0,0,0,0,0,0,22737,12169,14328,16222,9915,11226,3000,6000,3000,2003,3101,530,0
18751,310000,2,2,2,26,0,0,0,0,0,0,11566,9532,10687,12754,16105,18823,3010,5002,4008,5000,5000,912,0
18752,240000,2,2,2,26,0,0,0,0,0,0,210437,212486,205728,205275,192059,195620,9016,10000,9000,6600,7100,7500,0
18753,200000,2,1,2,26,0,0,0,0,0,0,2318,7298,0,0,0,980,7478,0,0,0,980,0,0
18754,440000,2,2,2,27,0,0,0,0,0,0,197019,182336,182617,166031,148157,142034,6040,12538,5047,10522,6082,10018,0
18755,180000,2,2,2,27,0,0,0,0,0,0,16996,9049,9744,8907,557,0,1249,1144,1907,557,0,0,0
18756,300000,2,1,2,29,0,0,0,0,0,0,25370,18078,21245,36737,37071,24930,21250,23005,35012,25000,24000,24000,0
18757,160000,2,2,2,30,0,0,2,0,0,0,17357,4747,4500,32468,22485,119853,2250,0,32468,2000,104465,4602,0
18758,160000,2,1,2,30,1,2,2,2,2,0,151270,153276,155301,155152,144602,148199,6000,6085,12534,0,6000,6000,0
18759,230000,2,2,2,30,0,2,0,0,0,0,1855,187,6254,16549,6392,1828,0,6270,14085,6396,9,6172,0
18760,160000,2,1,1,30,2,0,0,0,0,2,74286,75151,77346,78921,83303,81852,2700,3400,3458,6300,0,3200,1
18761,200000,2,1,2,28,0,0,2,0,0,0,38783,62793,1286,1117,1117,0,26286,0,1117,1117,0,1128,0
18762,240000,2,2,2,29,0,0,0,0,0,0,66473,46296,36751,35625,33114,35473,8000,2002,1600,2000,3000,10000,0
18763,420000,2,1,2,29,0,0,0,0,0,0,52898,16200,0,0,0,0,3000,0,0,0,0,84363,0
18764,210000,2,1,2,30,0,0,0,0,0,0,390,390,390,390,980,590,390,390,390,980,0,1288,0
18765,220000,2,1,2,28,0,0,0,0,0,0,157215,161006,165222,168145,169162,172041,6502,8100,8200,6000,6200,6200,0
18766,200000,2,1,1,28,0,0,0,0,0,0,1878,576,4251,1358,300,0,576,4251,1358,300,8909,5670,0
18767,230000,2,2,2,28,1,0,0,2,0,0,0,0,233,233,20,0,0,233,0,20,0,0,0
18768,250000,2,1,2,28,0,0,0,0,0,0,3731,4695,7604,2919,0,0,1000,3000,3000,0,0,0,0
18769,80000,2,2,1,28,0,0,0,0,0,0,58784,55209,56626,56387,15980,1134,1970,2300,1352,700,1134,48,0
18770,80000,2,2,1,26,0,0,0,0,0,0,26158,27041,27797,5958,11341,5259,1623,5879,1000,11360,486,478,0
18771,50000,2,3,1,26,0,2,0,0,0,0,6064,5432,6090,6626,6513,6097,0,1136,1062,339,187,364,1
18772,20000,2,2,2,26,0,0,0,0,0,0,767,376,987,1119,-222,-222,376,987,1200,0,0,0,1
18773,60000,2,2,1,27,0,0,0,0,0,0,54900,55948,55188,55960,56564,57464,1971,2000,2003,2003,2070,2140,1
18774,50000,2,2,2,27,2,2,2,2,0,0,19410,22085,23435,22765,22990,23369,3000,2000,0,900,900,1006,1
18775,310000,2,1,2,28,0,0,0,0,0,0,8193,43012,36780,31372,17308,35943,43003,2107,1246,346,30000,53000,0
18776,140000,2,1,2,29,0,0,0,0,0,0,58971,18772,20354,23409,26440,28507,7062,2354,3409,3440,2507,4572,0
18777,220000,2,1,2,27,0,0,0,0,0,0,67028,32546,29814,31488,8495,10170,5332,5000,10238,5000,5000,2000,0
18778,130000,2,2,2,27,1,0,0,0,0,0,0,0,0,0,0,0,0,0,0,0,0,0,0
18779,300000,2,1,2,29,0,0,0,0,0,0,3438,28,342,25022,0,0,28,342,25081,0,0,0,0
18780,140000,2,3,2,28,0,0,0,0,0,0,800,7937,9920,7078,3936,1555,7937,10132,7084,4,1555,0,0
18781,400000,2,1,2,29,0,0,0,0,0,0,1158,95,0,0,0,0,95,0,0,0,0,0,0
18782,200000,2,1,1,30,1,2,2,2,0,0,38398,20693,27932,12585,45031,19836,0,15015,0,45031,20000,45010,0
18783,150000,2,1,2,29,0,0,0,0,0,0,3305,0,0,1298,359,6100,0,0,1298,359,6100,0,0
18784,420000,2,1,2,27,0,0,0,0,0,0,41354,45723,33124,31987,23703,22776,7004,9000,7000,5000,5000,10433,0
18785,230000,2,2,2,26,0,0,0,0,0,0,18612,90523,86813,35695,5555,15165,90523,10000,5170,5000,15165,8981,0
18786,210000,2,1,2,27,0,0,0,0,0,0,16186,16914,18288,19301,19383,19940,1300,1650,1620,700,870,880,0
18787,120000,2,1,2,27,0,0,0,0,0,0,22225,1118,490,1433,0,1096,1118,490,1433,0,1096,0,0
18788,50000,2,1,2,28,0,0,0,0,0,0,36917,38098,36700,37319,37633,40307,2100,2000,1700,1307,3400,1500,0
18789,200000,2,2,2,28,0,0,0,0,0,0,59373,55040,54414,53504,53670,45539,6002,3008,2006,2045,1346,1196,0
18790,180000,2,2,2,28,0,0,0,0,0,0,8689,6750,9893,2690,0,0,3000,3968,2690,0,0,5400,0
18791,30000,2,2,1,28,0,0,0,0,0,0,25344,26614,27878,29103,29426,29907,2000,2000,2000,1100,1088,1124,0
18792,110000,2,2,2,29,2,0,0,0,0,0,113394,108142,109325,111264,56311,58271,5314,4398,4196,1857,8271,1948,1
18793,50000,2,2,1,29,0,0,0,0,0,0,82843,85305,86152,56250,57603,19336,4000,4000,2257,2000,2000,700,0
18794,120000,2,2,2,29,1,2,0,0,0,0,103944,97248,99283,101935,102754,105924,0,4500,5200,4000,5000,7200,0
18795,230000,2,1,2,29,0,0,0,0,0,0,33988,32803,32166,79780,58886,42295,2500,3007,51780,2025,1560,747,0
18796,80000,2,2,1,29,0,0,0,2,2,0,2801,0,21197,20400,20000,20000,0,21197,0,0,0,0,1
18797,320000,2,2,2,29,0,0,0,0,0,0,2391,1550,802,302,604,604,1561,906,302,604,302,825,0
18798,50000,2,3,1,29,0,0,0,0,0,0,46375,47479,49002,39422,15349,15078,1876,2399,1819,472,477,472,0
18799,110000,2,2,1,29,0,0,0,0,0,0,104163,92199,85868,74198,69783,66132,3400,3706,3009,2400,2300,2500,0
18800,150000,2,1,2,25,1,0,0,2,0,0,0,0,330,330,990,0,0,330,0,990,0,0,0
18801,30000,2,1,2,26,0,0,0,0,0,0,2089,780,1152,780,2678,1225,780,1152,780,2678,1544,1588,0
18802,80000,2,2,2,26,0,0,0,0,0,0,35220,38215,38598,40560,40968,42321,4000,5390,3000,1453,2000,1677,0
18803,150000,2,2,2,26,0,0,0,0,0,0,83446,75067,64432,54848,46098,47352,3500,3000,2000,2000,2000,2000,0
18804,270000,2,1,2,26,0,0,0,0,0,0,134235,62483,62134,61797,57312,57582,6000,2500,3000,7475,3000,2500,0
18805,160000,2,1,2,26,0,0,0,0,0,0,118204,121695,125724,129157,130567,144266,6000,5030,6000,4000,15000,5000,0
18806,150000,2,1,2,29,0,0,0,0,0,0,3737,4332,332,0,332,332,1000,332,0,664,0,1992,0
18807,170000,2,3,2,31,1,0,0,0,0,0,0,0,0,0,150,167,0,0,0,150,167,2578,0
18808,70000,2,2,1,31,0,0,0,0,0,0,72286,71602,72457,71058,29672,28836,2600,3500,3000,1000,1500,478,0
18809,210000,2,1,2,31,0,0,0,0,0,0,10968,12480,16919,11775,13275,24901,2000,6016,1000,1500,13000,500,0
18810,50000,2,1,2,30,0,0,0,0,0,0,31205,23646,24418,25938,27067,28193,2000,2000,2000,1500,1500,1500,0
18811,70000,2,1,2,27,0,2,0,0,0,0,6851,2720,4885,11889,0,4280,0,4885,11889,0,4280,20600,0
18812,180000,2,1,2,28,1,0,0,0,0,0,0,652,0,326,2005,474,652,0,326,2005,474,326,0
18813,260000,2,2,2,27,0,0,0,0,0,0,208,208,208,208,208,208,208,208,208,208,208,208,1
18814,50000,2,2,1,27,0,0,0,0,0,0,45632,42750,39776,33164,34781,30231,1837,2500,1390,2007,2000,2000,0
18815,140000,2,1,2,27,0,0,0,0,0,0,142027,143536,141849,131491,94362,85863,7000,5341,4000,3500,3000,13000,0
18816,100000,2,2,1,30,0,0,0,0,0,2,100963,99679,101023,93514,79361,77373,3700,3700,4148,6000,0,3000,1
18817,420000,2,2,2,29,0,0,0,0,0,0,82235,67757,53524,-8318,96795,81523,3000,3000,182,123000,2740,2200,0
18818,300000,2,2,2,30,1,0,0,0,0,0,1943,105509,97979,94349,88213,78746,107000,5006,4500,3000,3000,3000,0
18819,30000,2,2,2,25,0,0,0,0,0,0,28494,28139,27480,26960,27215,27977,1750,1804,1800,1000,1200,1500,1
18820,150000,2,4,1,26,1,0,0,0,0,0,0,0,0,0,741,0,0,0,0,741,0,1669,0
18821,180000,2,2,1,26,0,0,0,0,0,0,182026,111563,78169,0,2354,9446,4500,10056,200,2354,9446,0,0
18822,330000,2,1,2,26,2,0,0,0,0,0,179887,182366,176396,171553,162251,145931,5289,5496,4721,4132,3916,3550,1
18823,360000,2,2,2,26,0,0,0,0,0,0,1968,459,2500,0,0,0,463,2500,0,0,0,0,0
18824,210000,2,2,2,27,0,0,0,0,0,0,542,22366,23816,24303,16742,3187,22366,1816,1303,0,0,0,1
18825,90000,2,1,2,27,0,0,0,0,0,0,83840,81111,83081,60210,61221,62636,3200,3500,3000,2600,2600,3000,0
18826,250000,2,2,1,28,2,0,0,0,2,0,28245,29468,31488,34060,33213,34670,2000,2500,3100,0,2000,8000,1
18827,80000,2,3,2,24,1,2,2,3,2,2,12098,11607,14814,14163,13770,15323,0,3412,0,0,1810,23,0
18828,290000,2,1,2,27,0,0,0,0,0,0,109746,110359,108371,102628,100000,92238,4000,5000,6039,4000,4000,4000,0
18829,280000,2,1,2,29,0,0,0,0,0,0,149312,152323,155568,158775,162035,165522,5500,5700,5800,5900,6100,6100,0
18830,340000,2,1,1,29,0,0,0,0,0,0,11806,13535,18784,26069,20007,15857,10000,6000,23000,400,5857,6500,0
18831,120000,2,1,2,29,0,0,0,0,0,0,111625,110488,107488,97021,86283,87345,4012,4000,5000,3000,3300,3010,0
18832,110000,2,3,2,31,0,0,0,0,0,0,4061,2705,2487,2500,2500,0,1205,2487,2700,2500,0,0,0
18833,30000,2,2,2,22,0,0,0,0,0,0,20439,21664,18969,23317,17689,20013,1595,2000,5000,0,5400,300,0
18834,70000,2,2,2,24,0,0,0,0,0,0,34201,49800,26194,27454,28159,25775,1800,2000,2000,1500,1500,0,0
18835,20000,2,3,1,24,0,0,0,0,0,0,4983,-74,-74,749,0,0,0,0,823,0,0,519,0
18836,80000,2,2,2,25,0,0,0,0,0,0,45109,44692,44308,43757,42830,44038,2100,2100,1954,1500,3324,0,0
18837,120000,2,2,1,25,2,0,0,2,0,0,17488,19002,20805,18271,18128,16405,3000,3000,0,961,2000,2056,1
18838,500000,2,1,2,26,0,0,0,0,0,0,32637,35863,37860,42572,47200,59843,15943,27878,22572,17200,19843,96632,0
18839,320000,2,2,2,27,0,0,2,0,0,0,180137,192621,178390,180346,178832,182860,17100,0,8000,7000,7000,6000,0
18840,150000,2,1,2,27,0,0,0,0,0,0,346,21191,1339,0,0,8777,21379,1339,0,0,8777,9495,0
18841,190000,2,2,2,27,2,2,2,2,0,0,3902,4686,5459,6214,7104,8973,1000,1000,1000,1000,2000,2000,1
18842,130000,2,2,1,29,1,0,0,0,0,0,0,0,0,0,0,0,0,0,0,0,0,0,0
18843,70000,2,2,1,34,0,0,0,0,0,0,50488,47018,46871,41821,41344,41376,2200,2015,2000,1500,1700,2000,0
18844,350000,2,1,2,30,0,0,0,0,0,0,856,187,375,187,242,184,187,376,187,243,184,828,0
18845,210000,2,1,2,27,0,0,0,0,0,0,18430,19809,21482,23118,23437,24900,2000,2000,2000,1000,2000,2000,1
18846,120000,2,2,1,27,0,0,0,0,0,2,85492,83567,78276,78971,80907,79219,3500,4326,3000,9000,0,3000,1
18847,130000,2,2,1,28,0,0,0,0,0,0,123943,126857,127706,121939,81506,83234,6500,6600,6000,3100,3200,3300,0
18848,170000,2,2,2,27,0,0,0,0,0,0,43839,45502,46967,48872,51049,81018,2400,2200,3000,3000,31018,3000,0
18849,100000,2,3,1,30,1,0,0,0,0,0,-602,-602,-602,-602,-602,-602,0,0,0,0,0,0,0
18850,200000,2,1,2,28,0,0,0,0,0,0,140407,142965,188990,188742,187267,190249,8031,55015,5327,5505,5525,6039,0
18851,270000,2,1,2,28,0,0,0,0,0,0,15167,841,9842,7931,3412,1035,845,9896,7977,17,1040,1848,0
18852,30000,2,2,1,30,1,5,4,3,2,2,28534,27805,27090,26361,26831,27552,0,0,0,1200,1300,985,1
18853,160000,2,2,2,24,0,0,0,0,0,0,37030,17303,14742,16617,17670,0,4060,6037,8528,7053,0,0,0
18854,80000,2,3,1,26,0,0,0,2,0,0,69589,72802,77106,74420,76220,77877,5000,6100,0,3000,3000,3000,0
18855,310000,2,1,2,26,0,0,0,0,0,0,27283,28286,29427,29548,29839,30532,1459,1600,1607,898,1000,918,0
18856,20000,2,1,2,23,0,0,0,0,0,0,14302,15748,16986,18656,19101,20345,2000,1500,2000,1000,1500,3000,0
18857,80000,2,1,2,27,0,0,0,0,0,0,52652,53774,54909,56035,57598,59164,2000,2000,2039,2500,2500,2500,1
18858,180000,2,1,2,28,0,0,2,0,0,0,390,1345,955,1565,2175,2159,1345,0,1000,1000,400,1000,0
18859,80000,2,1,2,29,0,0,0,0,0,0,64440,64685,64956,65183,65455,65683,3000,3000,3000,3000,2500,12500,0
18860,140000,2,2,2,28,0,0,0,0,0,0,129925,131624,133763,133195,101298,101601,6200,6600,4225,3800,3816,4000,0
18861,150000,2,5,2,26,0,0,0,0,0,0,117209,102018,79511,39800,-1500,0,3700,25007,2300,0,1500,0,0
18862,100000,2,2,2,27,0,0,2,0,0,0,21043,24372,23699,24794,26067,28630,4000,0,1794,2000,3000,1200,0
18863,50000,2,1,2,27,1,0,0,0,0,0,0,45000,1000,4874,5374,5874,45000,1000,4874,500,500,0,1
18864,200000,2,1,2,28,0,0,0,0,0,0,106519,107255,111522,114171,115777,118749,4000,6000,6000,5000,5000,11500,0
18865,130000,2,2,1,28,2,0,0,0,0,0,98606,100143,50456,50000,0,0,4500,2500,1000,0,0,0,0
18866,150000,2,1,1,29,2,2,0,0,0,0,6241,0,0,0,0,0,0,0,0,0,0,0,0
18867,170000,2,2,1,30,0,0,0,0,0,0,165327,165627,165871,164606,121547,121118,7400,6328,5280,4300,4500,4300,0
18868,180000,2,2,2,28,8,7,6,5,4,3,197231,194309,189981,185559,181137,184009,0,0,0,0,6000,0,1
18869,320000,2,2,2,28,1,2,2,0,0,0,23595,23906,22035,22015,21163,25806,2000,0,2007,1000,5000,2000,1
18870,50000,2,1,2,28,0,2,2,2,0,0,4917,4693,6945,6651,4060,4060,0,2500,0,1000,0,0,0
18871,50000,2,2,2,27,0,0,0,0,0,0,20762,22382,21343,14850,12315,10391,2000,1622,2013,500,500,500,0
18872,80000,2,3,1,27,0,0,0,0,0,0,18094,6942,26855,23287,20885,17595,1034,27318,1407,429,417,200,0
18873,100000,2,1,2,27,1,0,0,0,0,0,-6,995,896,697,-302,999,2000,900,800,0,2300,1838,0
18874,80000,2,2,2,23,0,0,0,0,0,0,50456,30342,27591,28166,28330,28524,1432,1476,1441,995,1021,1138,0
18875,120000,2,1,2,26,1,2,2,0,0,0,3730,5006,4782,6041,6784,6826,1500,0,1500,1000,300,406,0
18876,230000,2,1,2,31,0,0,0,0,0,0,49279,4646,5419,4379,2455,34517,4674,5449,4407,2455,34517,8495,0
18877,60000,2,2,1,31,0,0,0,0,0,0,44912,11409,-61506,3859,415,415,144047,365,73000,415,415,50136,1
18878,220000,2,1,2,30,0,0,0,0,0,0,45346,42480,37160,29161,20209,22679,1947,2000,3776,606,10764,3217,0
18879,80000,2,2,2,30,0,0,0,0,0,0,70540,66346,58421,47943,40092,44463,2485,2880,2269,1418,5000,2000,0
18880,300000,2,1,2,28,1,0,0,0,0,0,0,0,0,0,0,0,0,0,0,0,0,0,0
18881,400000,2,1,2,30,0,0,0,0,0,0,2912,2668,3222,21755,15258,16002,2668,3222,21755,500,1000,475,0
18882,50000,2,2,2,31,0,0,0,0,0,0,51036,50718,48853,48739,9372,9736,1762,2314,1200,1000,1000,500,0
18883,200000,2,1,2,30,0,0,0,0,0,0,4800,2040,5961,1829,1652,584,2040,5961,1829,1652,584,5430,0
18884,120000,2,1,2,32,1,0,0,0,0,0,0,0,0,0,0,0,0,0,0,0,0,0,0
18885,360000,2,1,1,31,0,0,0,0,0,0,15121,6656,6722,8605,28405,-105,5006,2000,4000,20000,5000,4000,0
18886,220000,2,2,2,30,0,0,0,0,0,0,32357,30971,31277,23258,4546,6470,2000,1377,8011,165,2000,1000,0
18887,280000,2,2,1,31,0,0,0,0,0,0,139998,140030,125214,126426,126333,109953,6084,5024,5020,5093,3219,4024,0
18888,500000,2,2,2,31,0,0,0,0,0,0,-9,-9,-9,-9,1796,-90,0,0,0,1805,0,18268,0
18889,240000,2,3,2,31,0,0,0,0,0,0,167686,108246,111397,61650,0,0,3977,5000,3000,0,0,111200,0
18890,310000,2,2,1,30,0,0,0,0,0,0,296942,302778,299162,305251,262368,254340,12401,13000,13208,10000,9506,10002,0
18891,200000,2,1,2,28,1,2,0,0,0,0,205683,196807,191752,178560,170092,161850,0,9025,8030,5639,6054,5100,1
18892,260000,2,2,2,28,0,0,0,0,0,0,75841,69490,67107,28081,12767,4200,3008,2005,3036,5000,2200,1000,0
18893,200000,2,2,2,28,1,2,2,2,2,2,171468,167214,180484,176111,184620,189518,0,16000,0,13000,8000,0,1
18894,180000,2,1,2,27,0,0,0,0,0,0,0,0,0,0,0,0,0,0,0,0,0,0,0
18895,270000,2,2,1,27,0,0,0,2,0,0,24769,22546,21345,14852,18669,25175,4000,5000,0,10000,7000,2000,0
18896,30000,2,2,2,28,0,0,0,0,0,0,6731,0,0,0,0,0,0,0,0,0,0,0,0
18897,180000,2,2,2,28,0,0,0,0,0,0,300,340,-120,420,460,460,500,0,1000,500,460,610,0
18898,340000,2,2,1,29,0,0,0,0,0,0,36533,33689,8108,19291,35882,18924,3000,3000,21000,20000,18924,22534,0
18899,140000,2,5,2,28,0,0,0,0,0,0,108018,6500,6327,138485,140492,141006,1000,6327,135000,4700,5000,5000,1
18900,180000,2,1,2,28,1,2,2,2,0,0,5930,5689,8414,8062,5052,2806,0,3000,0,200,0,0,1
18901,150000,2,2,2,27,0,0,0,2,0,0,89302,90745,96314,87862,79936,76971,4200,8000,14,3000,4500,3000,0
18902,110000,2,1,2,27,0,0,0,0,0,0,112938,113331,108567,110772,111946,111853,6000,5500,5500,4500,4400,4400,0
18903,50000,2,2,1,28,0,0,0,2,0,0,1019,1672,836,836,836,1517,1672,836,0,836,1517,1394,0
18904,140000,2,1,2,28,0,0,0,0,0,0,7588,15557,18886,9476,5040,6070,17015,19030,10000,10000,6100,22000,0
18905,360000,2,1,2,28,0,0,0,0,0,0,9626,11684,18144,57687,49519,53478,15023,18500,57697,11000,15000,5000,0
18906,280000,2,2,2,29,0,0,0,0,0,0,99,0,0,0,0,0,0,0,0,0,0,5017,0
18907,310000,2,1,2,28,0,0,0,0,0,0,37085,23506,12191,13775,12377,34458,3817,1000,13775,12377,34458,1269,0
18908,290000,2,2,1,28,0,0,0,0,0,0,24257,8723,6282,2440,0,0,2026,3814,2452,0,0,0,0
18909,210000,2,1,2,28,0,0,0,0,0,0,5850,4388,3638,7489,2684,9448,4388,3638,7489,2684,9448,5841,0
18910,210000,2,1,1,29,0,0,0,0,0,0,742,742,742,742,742,316,742,742,742,742,316,746,0
18911,110000,2,2,2,29,3,2,2,4,4,3,600,600,600,600,600,300,0,0,0,0,0,0,1
18912,50000,2,1,2,28,0,0,0,0,0,0,48211,41670,42710,43399,44261,45188,1971,2011,1700,1585,1641,4000,0
18913,280000,2,1,2,28,0,0,0,0,0,0,269,4160,3590,274,5274,8222,4166,3607,275,5275,3223,3335,0
18914,50000,2,2,2,28,1,3,3,2,2,2,45472,47923,46898,45849,48258,48341,3500,0,0,3500,1000,3500,1
18915,120000,2,2,1,28,1,2,0,0,0,0,60188,58467,59760,60990,61960,65233,0,3000,3000,3000,5000,0,1
18916,80000,2,2,1,28,1,0,0,0,0,0,0,146,1000,2525,1498,499,146,1006,2525,1504,1,649,0
18917,50000,2,1,2,29,0,0,0,0,0,0,17250,8560,4725,8933,11784,9927,8560,1600,8933,11784,199,8287,0
18918,60000,2,2,2,28,2,0,0,0,0,0,4114,5875,7612,8826,10113,11289,2000,2000,1500,1600,1500,1500,1
18919,190000,2,1,2,28,2,2,2,2,2,2,155335,159438,163684,166163,168592,171923,8000,8150,6500,6500,6000,0,1
18920,150000,2,1,2,28,2,0,0,0,0,0,65809,55997,46392,36172,25767,16791,1498,1614,1227,655,2000,5000,1
18921,170000,2,1,2,28,0,0,0,0,0,0,2300,0,0,0,0,150,0,0,0,0,150,150,0
18922,150000,2,2,2,28,0,0,0,0,0,0,62122,46576,43583,45569,46533,47653,2000,2500,3000,2000,2000,3000,0
18923,390000,2,1,2,28,0,0,0,0,0,0,202248,205150,0,0,0,0,10000,0,0,0,0,0,0
18924,70000,2,2,2,29,0,0,0,0,0,0,20244,65072,61652,62788,57325,53415,50005,2312,2237,2038,2000,2127,0
18925,120000,2,2,2,29,0,0,0,0,0,0,61470,63335,66278,68928,67963,67900,3000,3500,3500,1902,2091,3000,0
18926,30000,2,2,1,29,2,2,2,2,2,2,26799,26002,27293,26551,30223,30592,5000,2000,0,4400,1600,0,0
18927,200000,2,2,1,26,0,0,0,0,0,0,98822,95634,94933,96554,65905,1528,4300,3500,5000,5000,1000,0,0
18928,300000,2,2,2,28,2,0,0,0,0,0,272399,258413,256033,245772,243818,245235,11232,11068,9035,9018,9018,9030,1
18929,90000,2,1,2,29,2,2,2,0,0,0,7052,9370,9078,10267,10350,10564,2605,0,1500,550,529,531,1
18930,200000,2,1,1,30,0,0,0,0,0,0,4833,6370,2342,810,9743,1000,6370,2342,810,10253,1000,7079,0
18931,210000,2,1,2,31,0,0,0,0,0,0,326,326,326,326,326,326,326,326,326,326,326,326,0
18932,230000,2,2,2,31,0,0,0,0,0,0,4908,0,0,51750,51295,53257,0,0,52066,2000,3000,3000,0
18933,200000,2,1,2,31,1,0,0,0,0,0,4035,4195,0,2907,2400,945,4210,0,2907,2400,945,0,0
18934,420000,2,2,1,32,0,0,0,0,0,0,89863,16500,17493,17215,17248,17763,1782,1275,1281,617,793,1000,0
18935,60000,2,3,1,28,1,2,2,0,0,0,32578,34742,33907,36032,38114,40332,3000,0,3000,3000,3000,5000,0
18936,50000,2,2,1,34,0,0,0,2,0,0,42050,51328,51053,43611,19785,20104,10000,4100,0,900,2000,1000,0
18937,60000,2,2,1,28,1,2,2,2,2,2,61474,59121,63389,60919,57800,58698,0,5229,18,3779,1764,0,0
18938,210000,2,1,2,28,0,0,0,0,0,0,2568,52720,107861,112533,118699,41329,52720,57861,12533,8699,1329,13580,0
18939,50000,2,2,1,28,0,0,0,2,2,2,43648,45919,50784,43238,30248,27447,3000,6000,0,3500,0,1100,0
18940,390000,2,3,1,28,0,0,0,0,0,0,129002,130535,129888,133690,137720,140536,5000,5500,6000,10000,5000,5000,1
18941,150000,2,1,2,28,1,0,0,0,0,0,-89,13894,24782,1927,8200,3867,13983,24831,2358,8210,19,0,0
18942,200000,2,2,2,30,0,0,0,0,0,0,38616,40612,32801,14664,17092,18820,3040,1306,3400,3000,2000,0,0
18943,150000,2,1,1,31,0,0,0,0,0,0,12420,0,0,0,0,0,0,0,0,0,0,0,0
18944,470000,2,2,2,30,0,0,0,0,0,0,216031,203735,181531,52119,48386,35425,7513,5552,1781,3021,3008,3015,0
18945,200000,2,1,1,30,0,0,0,2,0,0,18660,27871,55277,38259,8266,13200,27010,30300,179,5415,10000,10000,0
18946,160000,2,1,2,31,0,0,0,0,0,0,214,-175,-175,3392,3567,0,0,0,3567,175,0,0,0
18947,220000,2,2,2,30,1,2,0,0,0,0,5627,5391,6442,7458,8177,111816,0,1300,1281,1000,103860,4346,1
18948,290000,2,2,1,32,1,2,0,0,0,0,146853,139756,136012,136466,136929,132179,1503,5400,5200,5000,4667,5000,0
18949,50000,2,3,0,32,0,0,2,0,0,0,326,652,326,978,652,326,652,0,978,0,0,326,0
18950,290000,2,2,1,32,0,0,0,0,0,0,76383,78200,79726,80890,81615,75661,3400,3700,3600,3000,3000,3000,0
18951,30000,2,2,2,23,1,2,0,0,0,0,33181,32359,33849,34522,33501,32129,0,2000,1389,1068,3000,2508,1
18952,40000,2,3,1,23,2,3,2,2,2,0,8244,7966,9331,9729,9424,9621,0,1642,700,0,349,872,1
18953,70000,2,1,2,26,0,0,0,0,0,0,64471,65577,53264,51464,96184,49104,2281,2888,1800,2000,1900,1760,0
18954,100000,2,2,2,23,0,0,0,0,0,0,82323,45756,9187,5408,12920,9656,1000,9187,5408,12920,9656,4737,0
18955,20000,2,1,2,23,0,0,0,0,0,0,16178,12662,13367,14046,14425,14024,1300,1300,1300,600,600,600,0
18956,50000,2,2,2,23,0,0,0,0,0,0,51002,50974,50021,49353,30439,29890,1983,2456,3288,1230,1085,1252,1
18957,130000,2,5,2,39,0,0,0,0,0,0,264,264,264,264,0,678,264,264,264,0,942,0,0
18958,140000,2,2,1,28,2,2,2,2,2,2,115019,115647,121304,122331,125296,127788,4000,9000,4500,5000,4639,0,1
18959,230000,2,1,1,30,0,0,0,0,0,0,37719,30341,25981,24092,65840,56538,3025,5000,5000,65840,2000,2000,0
18960,300000,2,2,2,30,0,0,0,0,0,2,8805,2186,0,290,707,161,2186,0,290,1209,0,7705,0
18961,200000,2,1,2,29,0,0,0,0,0,0,-792,-792,-792,-792,-792,69708,0,792,0,0,70500,1688,1
18962,100000,2,1,2,29,1,2,2,2,2,2,63542,66567,67564,67443,65106,70258,5000,3200,2500,0,6918,3520,0
18963,100000,2,2,2,30,0,0,0,0,0,0,92683,84278,86977,89575,91382,93320,3324,3428,3399,2546,2671,2939,0
18964,80000,2,2,2,29,0,0,0,2,0,0,1443,1443,4545,2886,1443,3743,1443,4545,0,0,3743,3000,1
18965,170000,2,2,2,29,0,0,0,0,0,0,51401,47742,45529,42805,38017,39239,2100,2105,2447,1200,3000,2000,0
18966,420000,2,1,2,29,0,0,0,0,0,0,392,396,47581,48070,47523,45834,400,47581,1715,1700,1850,2000,0
18967,70000,2,1,2,29,0,0,0,0,2,0,17154,18550,20245,22904,22238,23870,2000,2000,3000,0,2000,2200,0
18968,480000,2,2,2,30,0,0,0,0,0,0,470400,0,0,0,0,330982,0,0,0,0,330982,30000,1
18969,250000,2,5,1,27,0,0,0,0,0,0,127786,60663,49181,34072,33419,33925,3729,1600,2000,1000,1100,900,0
18970,180000,2,1,2,28,0,0,0,0,0,0,230740,30873,32033,51373,52553,53505,1500,1660,20000,2030,1951,3000,0
18971,240000,2,1,2,28,0,0,0,0,0,0,8590,6398,16271,27825,14489,37137,6398,16312,27829,14503,33633,10982,0
18972,210000,2,1,2,28,0,0,0,0,0,0,9918,6942,24680,41291,10623,10765,6942,24000,22000,20000,5000,3000,0
18973,100000,2,1,2,28,3,2,0,0,2,0,49961,48856,49899,53407,51951,53195,0,1831,4339,0,2083,1939,0
18974,50000,2,1,2,28,0,0,0,0,0,0,48940,50149,45546,46587,47519,51346,2059,2100,2100,2000,4600,0,0
18975,300000,2,1,2,28,0,0,0,0,0,0,28989,29909,40618,52288,70000,100000,1291,11000,12288,20000,30000,590,0
18976,70000,2,1,2,28,0,0,0,0,0,0,21777,20335,21699,22460,20345,42123,2000,2000,1500,3000,721,1200,0
18977,490000,2,1,2,29,0,0,0,0,0,0,20984,10863,5342,7395,367,13804,2000,2000,3500,367,16024,3500,0
18978,170000,2,1,2,29,0,0,0,0,0,0,37350,38724,40096,41130,42144,43114,2000,2000,2000,2000,1800,1800,0
18979,100000,2,1,2,29,0,0,0,0,0,0,51650,53294,53779,54166,55265,56425,2500,1941,2000,2000,2049,2222,0
18980,200000,2,2,2,32,0,0,2,0,0,0,2261,298,298,13764,5290,924,298,0,13764,0,924,6635,0
18981,80000,2,2,2,32,0,0,0,0,0,0,3459,3789,3459,528,6918,0,3789,3459,528,6918,0,0,0
18982,220000,2,2,2,32,0,0,0,0,0,0,150393,48060,30490,44071,55405,63422,2349,3008,20000,20004,20000,2000,0
18983,300000,2,3,2,33,0,0,0,0,0,0,0,0,0,0,0,0,0,0,0,0,0,0,1
18984,120000,2,2,1,33,0,0,0,0,0,0,90575,88443,88681,87364,87742,87943,3204,3214,4001,3254,3325,3500,0
18985,240000,2,2,2,30,0,0,0,0,0,0,226315,231582,226909,135626,138520,141280,9100,9859,4147,3691,3700,3729,0
18986,200000,2,1,2,30,0,0,0,0,0,0,96152,102512,116813,125616,115314,114153,8000,16020,13000,7012,5000,8000,0
18987,40000,2,2,1,30,0,0,0,0,0,0,39940,40581,40543,39943,38895,37726,2000,2000,2000,1400,1300,2000,0
18988,200000,2,1,2,30,0,0,2,2,0,0,195128,203187,209286,188243,188668,190192,13600,12200,0,7000,7000,7300,0
18989,100000,2,1,2,30,3,3,2,2,2,2,95890,95434,97410,98611,100787,102261,2000,4400,3700,4700,3300,3700,0
18990,50000,2,2,1,31,0,0,0,0,0,0,48509,50724,50453,19703,19345,20106,3310,2039,1237,634,5000,844,0
18991,40000,2,2,1,32,0,0,0,0,0,0,40368,38623,67203,39764,39583,39839,1603,2000,2014,2503,2103,2221,0
18992,70000,2,2,1,32,2,2,3,2,0,0,68321,73190,71489,68981,66577,71013,6600,0,0,2500,5500,0,0
18993,210000,2,1,2,31,0,0,0,0,0,0,191,376,569,378,378,378,376,569,378,378,378,378,0
18994,30000,2,2,2,28,0,0,0,0,0,0,25150,26253,27064,27884,29190,25789,3000,3000,2000,2000,1069,1074,0
18995,100000,2,1,2,30,0,0,0,0,0,0,91844,90375,81572,71451,68530,66844,3200,3007,3200,3000,3500,2600,0
18996,20000,2,2,1,30,0,0,0,0,0,0,16754,17763,18854,19972,18090,19842,1291,2382,1500,605,2000,2000,0
18997,400000,2,2,1,36,0,0,2,0,0,0,20818,1079,799,1883,587,0,1878,0,1883,0,0,0,0
18998,330000,2,2,1,28,0,0,0,0,0,2,221793,225079,229947,233122,246414,253338,10000,10000,8507,17215,11000,0,0
18999,240000,2,2,2,30,0,0,0,0,0,0,4684,18412,16580,416,416,416,18432,1416,16580,416,416,416,1
19000,70000,2,1,2,29,0,0,2,2,2,2,71237,76632,74853,78789,77084,80572,6577,0,5816,0,5364,0,1
19001,240000,2,1,2,29,0,0,0,0,0,0,358,176,0,540,100,2600,176,0,540,100,2600,704,0
19002,200000,2,1,1,27,1,0,0,2,0,0,-896,2500,653,653,653,0,7052,653,0,0,0,1300,0
19003,100000,2,1,2,27,0,0,0,0,0,0,904,2635,636,2538,1735,2054,3710,636,4001,1735,2054,2581,0
19004,180000,2,1,2,29,0,0,0,0,0,0,44109,20896,18193,18652,14545,18545,8000,5000,3000,2000,2000,6000,0
19005,360000,2,2,2,30,0,0,0,0,0,0,82195,99961,7968,1816,5549,1234,20500,8007,1825,5563,1240,0,0
19006,130000,2,2,2,29,0,0,0,0,0,0,113203,114053,117602,119119,120030,122510,4200,5800,5800,4300,4500,4500,0
19007,120000,2,2,2,30,0,0,0,0,0,0,2680,14770,7817,416,270,0,14770,7832,416,270,0,0,0
19008,230000,2,1,2,30,0,0,0,0,0,0,0,0,846,846,0,846,0,846,846,0,846,500,0
19009,340000,2,5,2,30,0,0,0,0,0,0,47001,47664,38192,39234,20960,360,2000,2000,2000,3000,360,360,0
19010,320000,2,1,2,29,0,0,0,0,0,0,198441,202806,207050,201114,190921,191781,10000,10000,10000,10000,7000,10000,0
19011,330000,2,3,2,29,0,0,0,0,0,0,311577,319838,303679,271773,198604,149923,13110,10691,10373,7901,5328,5061,0
19012,80000,2,3,2,30,2,0,0,0,0,0,4794,4989,2065,1000,0,0,1074,1000,1000,0,0,0,1
19013,150000,2,1,1,30,0,0,0,0,0,0,4083,3534,6484,12287,21888,19960,3537,6484,12306,21888,0,134,0
19014,160000,2,3,1,31,0,0,0,0,0,0,207,565,1990,0,0,0,565,2009,0,0,0,0,1
19015,50000,2,3,1,37,0,0,0,0,0,0,39804,41106,41843,42839,43690,44232,1964,1701,1697,1548,1620,1774,0
19016,300000,2,4,1,48,0,0,0,0,0,0,0,0,0,0,0,0,0,0,0,0,0,0,0
19017,190000,2,2,1,36,0,0,0,0,0,0,185788,185959,179458,162482,158137,157956,7483,5902,7061,4902,6057,5381,0
19018,50000,2,2,2,27,0,0,0,0,0,0,25870,21511,20952,21873,22319,24371,1325,1392,1313,759,2371,3294,0
19019,90000,2,1,2,28,0,0,0,0,0,0,866,148,377,4229,6109,8832,148,377,4000,2109,2832,316,0
19020,210000,2,1,2,28,0,0,0,0,0,0,85672,68394,70305,65626,64638,67498,6009,5000,5000,5000,5000,5000,0
19021,240000,2,1,2,28,0,0,0,0,0,0,246310,250252,250169,249495,192368,196585,10500,9900,10907,7000,8000,7535,0
19022,60000,2,2,1,34,2,2,2,2,2,0,40511,44019,45020,45785,44750,45578,4200,2000,1800,0,1700,3600,1
19023,440000,2,2,2,35,0,0,0,0,0,0,3091,3853,4012,821,821,821,1150,1084,821,821,821,821,0
19024,30000,2,2,1,42,2,2,0,0,0,0,28485,27204,28234,28272,28494,28182,0,2000,2483,1003,969,1208,1
19025,230000,2,2,2,26,0,0,0,0,0,0,23758,0,0,0,0,0,0,0,0,0,0,0,0
19026,440000,2,2,2,28,1,2,2,0,0,0,209176,215231,204369,186201,183518,148169,11000,54,7530,7648,6310,3312,1
19027,80000,2,2,1,29,0,0,0,0,0,0,63899,62048,49814,45292,43190,39457,2500,2500,2010,2000,2000,2000,1
19028,30000,2,2,1,30,0,0,0,0,0,0,29265,28901,28883,29411,24602,22760,2000,1655,1513,499,688,0,0
19029,250000,2,2,2,35,0,0,0,0,0,0,238855,241711,205944,210513,214696,219218,8517,7481,8000,7682,7979,13350,0
19030,30000,2,1,1,45,2,0,0,0,0,0,26155,27196,28445,26766,27152,28355,1482,1731,1742,1128,1800,1200,1
19031,50000,2,3,3,49,0,0,0,0,0,2,49402,50361,48762,49671,22895,19501,1800,2110,2010,1600,0,750,0
19032,50000,2,2,2,34,0,0,0,0,0,0,47303,48427,48069,49081,48485,49484,2807,3008,2812,2000,2000,2000,0
19033,30000,2,2,2,34,1,2,2,2,2,2,26330,25608,28781,28000,29779,27343,0,3600,0,2524,0,1139,0
19034,30000,2,2,1,45,0,0,0,0,0,0,30788,30395,27294,27216,26432,30692,1759,1762,1717,966,5739,1577,1
19035,500000,2,2,1,42,0,0,0,0,0,0,149838,0,0,0,0,0,0,0,0,0,0,0,0
19036,50000,2,2,1,41,1,2,2,2,2,2,24540,25330,26620,26889,26158,27737,1500,2000,1000,0,2000,0,1
19037,50000,2,2,1,36,0,0,0,0,0,0,49872,32918,33998,34852,14163,14362,1600,2500,2000,1000,1000,1000,0
19038,50000,2,1,2,22,0,0,0,0,0,0,2416,0,0,0,0,0,0,0,0,0,0,0,0
19039,90000,2,2,2,26,0,0,0,0,0,0,45069,43310,40275,37800,37323,34396,2000,2500,3000,3000,2000,3000,0
19040,30000,2,1,2,26,1,2,2,2,0,0,13890,15374,16141,15593,15908,16757,2000,1300,0,564,1100,1000,1
19041,150000,2,3,1,43,0,0,0,0,0,0,125403,110822,107782,84743,78804,76584,5018,5081,6041,3023,4049,6013,0
19042,50000,2,2,1,23,0,0,0,0,0,0,14465,48796,50206,50831,42731,43224,50295,2500,2031,1274,1500,1600,0
19043,70000,2,2,2,23,2,2,2,0,0,2,14871,17461,16892,18013,19315,19859,2850,0,1400,1600,1000,0,1
19044,80000,2,2,2,23,0,0,0,0,0,0,68850,0,0,0,0,0,0,0,0,0,0,0,0
19045,280000,2,1,2,29,0,0,0,0,0,0,-11,-11,-11,-11,2572,9532,0,0,0,2583,9566,145007,0
19046,90000,2,2,1,30,0,0,0,0,0,0,6480,6973,7235,8248,8412,8589,1106,1124,1137,301,312,373,0
19047,330000,2,1,1,39,0,0,0,0,0,0,94384,46006,48123,50195,51942,55963,4000,3000,3000,3000,5000,2000,0
19048,190000,2,2,1,46,0,0,0,0,0,0,80903,83900,86897,90399,85698,88400,5000,5000,5600,3000,4000,4500,0
19049,210000,2,1,1,40,0,0,0,0,0,0,47109,47930,53615,55117,57192,63229,2000,6500,3000,3000,7000,2500,0
19050,100000,2,1,1,30,3,4,4,4,4,3,98094,101614,101072,105252,102742,100884,6000,1900,6686,0,0,0,1
19051,20000,2,2,2,30,3,2,0,0,0,0,20226,18702,18331,19111,15211,13562,0,2346,1400,304,271,0,1
19052,260000,2,1,1,31,0,0,0,0,0,0,555,8078,27201,27879,28420,39206,8078,20000,2000,2000,12000,0,0
19053,20000,2,2,1,26,1,2,2,2,2,4,15803,15252,18093,18499,20898,19999,0,3103,1000,3000,0,0,1
19054,80000,2,3,1,37,0,0,0,0,0,0,77480,75329,64228,49103,48649,49701,3000,2500,1800,2000,1800,2000,1
19055,50000,2,2,1,42,0,0,0,0,0,0,30640,31546,28405,27959,27785,28123,1746,1800,1729,945,1149,1200,0
19056,70000,2,3,1,35,2,2,2,2,2,2,50834,52163,51060,54200,52734,55903,2460,0,4600,0,4200,2200,1
19057,30000,2,2,1,38,0,0,2,2,0,0,26664,29803,30766,29918,29071,29527,3582,1734,0,1148,1034,2667,0
19058,100000,2,1,2,25,1,2,0,0,0,0,97271,88596,89218,63243,42510,41221,0,4950,2400,1200,1400,1203,1
19059,50000,2,1,2,25,0,0,0,2,0,0,50673,47278,44993,36782,30442,29636,2500,4000,0,1200,1250,1300,0
19060,80000,2,2,1,27,2,0,0,0,2,0,63711,64961,66334,70312,68585,70027,2907,3014,5700,0,2700,2800,1
19061,50000,2,2,1,27,0,0,0,0,0,0,7439,8280,3403,1999,500,0,1028,3423,2005,501,0,0,1
19062,150000,2,5,1,28,0,0,0,0,0,0,152105,137472,118583,95094,50999,35383,6300,4500,2524,2000,2000,92000,0
19063,140000,2,1,2,29,0,0,0,0,0,0,130261,95550,96273,91059,92609,95184,3474,4000,4000,3500,8000,5000,0
19064,70000,2,1,1,31,0,0,0,0,0,0,63820,60697,61139,56609,47819,43471,5000,4000,3000,3000,3000,2000,0
19065,30000,2,2,1,31,1,2,2,0,0,0,28933,30109,29349,29400,30000,0,1949,0,1000,600,0,0,0
19066,80000,2,2,1,32,2,2,0,0,0,2,70381,68660,70081,70899,75331,74005,0,3126,2578,5616,0,3000,1
19067,40000,2,2,1,41,0,0,0,0,0,0,21960,21484,7145,2424,822,0,1176,1049,1000,0,0,0,0
19068,100000,2,2,1,37,0,0,0,0,0,0,34572,35173,35828,36126,36587,36957,1849,1894,1582,1433,1486,1327,0
19069,50000,2,2,1,40,0,0,0,0,0,0,48050,47238,47722,32920,28471,28834,2000,1871,1800,1100,1200,1040,0
19070,30000,2,3,1,35,2,2,2,2,2,2,26088,27160,26444,28694,27936,29930,1800,0,3000,0,2600,0,1
19071,120000,2,1,1,35,0,0,0,0,0,0,9756,12092,15516,17373,17950,18363,2519,3643,2500,1000,689,1000,0
19072,260000,2,3,1,39,0,0,0,0,0,0,152735,149672,140068,140367,141710,146578,6627,7000,7000,5000,7000,5000,0
19073,90000,2,2,1,35,0,0,0,0,0,0,21093,14418,17217,16486,17390,19021,1256,3445,1099,1393,3045,1003,0
19074,30000,2,2,1,33,0,0,0,0,0,0,4101,157,30321,29225,29575,28850,172,33635,1368,1108,958,1353,0
19075,260000,2,1,1,37,0,0,0,0,0,0,174971,161671,156296,156248,120518,122649,10000,8000,5028,5000,5000,10000,0
19076,170000,2,1,1,39,1,2,0,0,0,2,161105,145908,119161,120662,127815,125098,0,6000,5000,9000,0,6000,0
19077,150000,2,2,1,36,0,0,0,0,0,0,137664,140869,144954,101342,80819,81022,5500,6704,3712,3000,3890,3500,0
19078,90000,2,3,1,40,1,2,2,2,2,2,40467,41495,42520,42997,41698,43976,2000,2000,1800,0,3434,1708,0
19079,50000,2,3,2,45,0,0,0,0,0,0,3740,4382,5008,5627,6159,6677,1100,1091,1100,1000,1000,1000,0
19080,70000,2,1,2,29,0,0,0,0,0,0,66867,66502,54263,47562,43735,43509,3020,5040,2000,2000,12000,5000,0
19081,210000,2,1,2,29,0,0,0,0,0,0,217220,231500,197027,198293,197841,205864,7700,10292,8900,7200,14300,10000,0
19082,450000,2,1,2,31,0,0,0,0,0,0,0,0,0,0,0,0,0,0,0,0,0,0,0
19083,70000,2,3,1,32,0,0,0,0,2,0,14180,10856,10822,13627,10852,12676,3000,2000,3000,0,2000,3000,1
19084,70000,2,3,2,32,2,2,2,0,0,2,23741,26021,24419,23541,10576,6985,4000,0,2000,1000,0,4000,1
19085,300000,2,3,2,34,0,0,2,0,0,0,2344,7929,7667,26900,31500,33920,8000,0,20000,5000,33920,0,0
19086,70000,2,1,1,29,0,0,0,0,0,0,68494,68532,69475,69582,69589,68728,3200,3300,3100,2800,2600,2940,0
19087,180000,2,2,1,37,0,0,0,0,0,0,88275,78089,75159,76602,76896,78588,2800,3333,3310,2900,3040,3500,0
19088,50000,2,3,1,29,2,2,0,0,0,0,59077,55607,54882,53894,52382,53947,0,2700,2450,1830,4300,6500,1
19089,20000,2,2,2,27,0,2,0,0,0,2,20556,19403,13536,17623,18662,10243,8,2072,15000,1500,0,10000,0
19090,260000,2,1,2,31,0,0,0,0,0,0,229398,202429,206210,208752,209083,208463,8720,9000,8910,7570,7751,8200,0
19091,70000,2,3,1,34,0,0,0,0,0,0,5219,6747,19948,20231,20757,18357,3092,19948,3000,3002,1002,2102,0
19092,50000,2,2,3,31,2,2,3,2,2,2,39193,42816,42838,43335,44220,45159,4600,1000,1500,1900,1800,1200,1
19093,150000,2,2,1,34,0,0,0,0,0,0,146661,142118,139750,142730,144083,130791,6800,6600,6800,5600,4900,5100,0
19094,150000,2,3,1,45,0,0,0,0,0,0,47372,42652,42306,41579,40669,39301,2000,2100,1837,1400,1486,1572,0
19095,20000,2,2,1,37,0,0,0,0,0,0,19326,20240,17800,18699,17770,48321,1263,1630,1529,1200,2000,742,0
19096,60000,2,2,2,45,0,0,0,0,0,0,57711,58760,49576,50802,11110,12543,2500,2384,3000,2000,2000,2000,0
19097,50000,2,2,1,30,0,0,0,0,0,0,40596,41632,42687,40614,29356,29815,2000,2047,3246,1164,1048,1100,0
19098,50000,2,1,2,25,0,0,0,0,0,2,26240,26996,28056,29584,31595,30952,1500,1500,2000,2500,0,3000,0
19099,80000,2,1,1,27,3,2,0,0,0,3,71965,70232,71794,73125,82798,81336,0,3278,3211,11457,0,0,1
19100,140000,2,1,2,27,0,0,0,0,0,0,10064,10551,11655,11377,735,1051,2000,2000,1000,735,1051,569,0
19101,20000,2,3,2,28,1,2,2,2,2,0,6616,6364,7891,8913,8624,9628,0,1800,1300,0,1300,1900,1
19102,10000,2,2,1,49,2,0,0,0,0,0,2240,3100,4116,5280,5543,5605,1057,1073,1237,500,300,205,1
19103,120000,2,2,1,45,0,0,0,0,0,0,11547,9836,0,0,0,0,5000,0,0,0,0,5562,0
19104,50000,2,2,1,40,1,3,2,0,0,0,36291,35385,31558,31664,15700,0,0,0,1000,314,0,0,1
19105,30000,2,2,1,39,2,0,0,2,2,0,11436,12439,14911,15819,15346,16666,1500,3000,1500,0,1500,2000,1
19106,210000,2,2,1,49,2,0,0,0,0,0,114273,115302,111906,111423,92394,93321,6000,6000,5000,3000,3500,3000,1
19107,150000,2,1,2,27,0,0,0,0,0,0,0,0,0,0,0,0,0,0,0,0,0,0,1
19108,180000,2,3,1,28,0,0,0,0,0,0,113125,67864,31613,25220,8654,4837,1923,1501,1000,0,0,49347,0
19109,590000,2,2,1,29,0,0,0,0,0,0,0,0,0,1387,2206,3014,0,0,1387,1000,1000,1000,1
19110,260000,2,1,1,30,0,0,0,0,0,0,25661,30196,69429,167640,169446,172989,5000,40000,100000,5720,5922,5958,0
19111,90000,2,3,1,35,0,0,0,0,0,0,13865,5128,6911,8774,9622,9824,2054,6911,2000,1000,357,1000,0
19112,110000,2,2,1,28,0,0,0,0,0,0,20186,19678,18145,17729,17239,10231,1300,1500,1200,467,400,500,0
19113,140000,2,1,2,28,0,0,0,0,0,0,1756,2201,923,1751,573,873,2209,923,1751,573,873,984,0
19114,210000,2,1,2,30,0,0,0,0,0,0,7631,5583,5583,5583,5583,5500,5583,5583,5583,5583,5500,5823,0
19115,80000,2,2,1,31,0,0,0,0,0,0,0,0,0,0,0,0,0,0,0,0,0,0,0
19116,30000,2,3,1,36,1,2,0,2,2,0,8910,7438,6242,4789,3597,21234,22,6245,3,6,30006,1221,0
19117,120000,2,3,1,28,0,0,0,0,0,0,93623,95472,93778,86416,53501,51931,3440,5017,5000,2000,1500,42800,0
19118,20000,2,3,1,44,0,0,0,2,2,2,7661,8981,10860,12380,11400,0,1457,2600,2000,0,0,0,0
19119,80000,2,3,2,42,0,0,0,0,0,0,50320,49816,49457,49071,48242,47746,1784,1898,1985,1629,1655,1687,0
19120,110000,2,2,2,35,0,0,0,0,0,0,22514,23201,23914,24886,24903,25102,1378,1723,1695,1028,1056,907,0
19121,240000,2,2,1,34,0,0,0,0,0,0,77126,59832,45054,39245,75742,39389,5005,2116,1200,75742,0,62282,0
19122,100000,2,2,1,49,0,0,0,0,0,0,5532,5325,5423,29628,13252,3723,5325,5423,29628,0,0,3513,0
19123,200000,2,2,2,32,0,0,0,0,0,0,150204,153189,156406,159650,163625,167790,5479,5682,5850,6625,6790,6235,0
19124,450000,2,1,2,32,0,0,0,0,0,0,1249,142,5965,991,-9,1974,142,6001,996,0,1983,7228,0
19125,150000,2,2,2,32,0,0,0,0,0,0,49760,39332,17563,10122,11622,8622,2538,2000,2000,1500,1000,64411,0
19126,120000,2,2,1,39,0,2,0,0,0,0,11277,5624,5333,5333,5333,21348,0,5333,5333,5333,21348,5333,0
19127,70000,2,2,2,26,2,0,0,0,0,0,66087,67510,69007,61845,60184,66801,3120,3303,2800,2200,7600,0,1
19128,190000,2,1,2,31,0,0,0,0,0,0,132946,136809,140664,144395,147642,151410,6000,6000,6000,5500,6000,5500,0
19129,50000,2,3,1,45,0,0,0,0,0,0,49212,42376,20009,20877,19642,18769,1611,1700,1547,785,1000,888,0
19130,60000,2,3,1,44,1,2,0,0,0,0,39466,32202,29503,29538,29971,29798,0,1802,1737,1170,1189,1230,0
19131,90000,2,1,2,30,2,2,2,2,2,2,15979,17414,16846,20559,19933,21454,2000,0,4000,0,2000,0,1
19132,300000,2,2,1,33,0,0,0,0,0,0,62951,64491,65692,64969,67771,66428,4007,5000,5000,6000,6000,6000,0
19133,210000,2,3,1,32,0,0,0,0,0,0,1406,0,712,1025,4584,0,0,712,1000,4000,0,821,0
19134,50000,2,2,1,34,2,2,2,0,0,0,46843,49378,48052,48573,28902,28205,4310,0,2033,1119,985,2000,0
19135,350000,2,1,1,34,0,0,0,0,0,0,37129,107295,108299,103487,90880,84387,75000,30000,4000,4000,5000,5000,0
19136,30000,2,2,1,34,0,0,0,0,0,0,26253,27256,28472,29212,29400,30000,1444,1660,1400,588,600,0,0
19137,280000,2,3,1,34,1,0,0,0,0,0,0,0,0,0,0,0,0,0,0,0,0,0,0
19138,380000,2,3,1,35,0,0,0,0,0,0,18341,16681,16678,16650,17380,17074,2000,3000,2000,2000,2000,2000,0
19139,360000,2,2,2,34,0,0,0,0,0,0,724,1232,291,776,0,312,1232,291,776,0,312,576,0
19140,260000,2,2,1,37,1,1,0,0,0,0,5917,-15910,-15910,-15910,24090,13977,0,0,0,40000,507,656,0
19141,160000,2,2,1,37,0,0,0,0,0,0,27720,14413,13484,6714,-319,3583,5000,5017,5000,0,6774,0,0
19142,250000,2,3,1,43,0,0,0,0,0,0,8443,13782,22997,24209,23122,4000,13829,22997,25071,23122,4000,28650,0
19143,320000,2,1,2,27,0,0,0,0,0,0,19950,24544,31236,66091,5800,5800,5000,10000,36091,5800,0,464,0
19144,140000,2,2,2,31,0,0,0,0,0,0,137326,138119,137950,140254,139679,141748,6400,6600,6500,5100,5300,6000,0
19145,80000,2,3,1,32,0,0,0,0,0,0,58091,58247,59495,58832,57677,58066,2700,2800,2100,2181,2500,2300,0
19146,100000,2,1,1,40,2,2,2,2,2,2,63422,64785,63179,67467,65784,69309,3000,0,5346,0,4600,3000,1
19147,210000,2,5,1,41,0,0,0,0,0,0,1662,13877,7600,5546,1241,1801,13934,7735,5551,1241,1801,1359,0
19148,200000,2,3,2,29,0,0,0,0,0,0,5555,7485,12555,882,882,0,7485,12625,882,0,0,0,0
19149,110000,2,3,1,37,0,0,0,0,0,0,104691,103655,85761,87336,39025,40242,5000,5000,4000,3700,2000,2000,0
19150,70000,2,1,1,36,1,2,2,0,0,2,18514,19913,19310,20021,22175,21680,2000,0,1339,2493,0,792,1
19151,240000,2,2,1,46,0,0,0,0,0,0,233438,240715,246000,-150,-150,-150,11250,10950,0,0,0,672,0
19152,80000,2,2,1,38,0,0,0,0,0,0,70613,71421,72932,74422,75920,77490,2006,2100,2109,2131,2195,2458,0
19153,150000,2,3,2,47,0,0,0,0,0,0,132093,129831,126485,124547,117364,117368,5000,5000,5000,5000,5000,5000,0
19154,50000,2,2,2,42,0,0,0,0,0,0,46566,47792,49322,50618,13842,14217,2000,2300,2500,500,600,600,0
19155,230000,2,2,1,37,0,0,0,0,0,0,53327,52513,43726,22738,29019,20328,1973,1890,1595,29019,567,506,0
19156,290000,2,1,1,43,0,0,0,0,0,0,1457,1799,5029,3103,1838,690,1808,5054,3109,9,693,3579,0
19157,350000,2,1,2,36,0,0,0,0,0,0,3272,6968,0,0,0,0,7008,0,0,0,0,0,0
19158,100000,2,3,2,39,0,0,0,0,0,0,86453,84526,82078,25991,28071,28611,5000,5000,1300,5000,6000,5000,0
19159,50000,2,3,1,46,0,0,0,0,0,0,48796,48797,49115,47991,0,0,2000,2000,1018,0,0,0,0
19160,360000,2,2,1,43,0,0,0,0,0,0,0,0,0,0,0,0,0,0,0,0,0,0,0
19161,210000,2,2,2,38,0,0,0,0,0,0,1026,3751,4366,5602,21034,1026,3751,4366,5602,21034,1026,1026,0
19162,500000,2,2,1,39,0,0,0,0,0,0,1948,599,552,6360,0,6054,599,552,6360,0,6054,0,0
19163,290000,2,2,1,47,0,0,0,0,0,0,244377,244394,244535,244518,243689,241125,10000,10000,10000,9009,9031,9000,0
19164,350000,2,3,1,36,0,0,2,0,0,0,255751,275156,260963,261263,255566,254941,33010,0,11021,9200,8500,8300,0
19165,190000,2,2,1,33,0,0,0,0,0,0,2125,3405,2131,2131,2131,0,3411,2131,2131,2131,0,5354,0
19166,180000,2,1,2,34,0,0,0,0,0,0,108016,180959,169362,163957,138409,132864,150000,8000,5500,5000,5500,6000,0
19167,110000,2,2,1,35,0,0,0,0,0,0,6137,7040,3861,4869,4966,5070,1053,1073,1081,178,184,185,1
19168,200000,2,3,2,33,1,2,2,2,2,2,51979,51016,54736,55424,56101,57137,0,5000,2000,2000,1900,2200,1
19169,210000,2,2,1,40,0,0,0,0,0,0,10240,-660,117,4890,-356,4644,0,5000,5000,0,5000,1000,0
19170,100000,2,3,1,36,0,0,0,0,0,0,476,476,476,476,476,1075,476,476,476,476,1075,876,0
19171,130000,2,2,1,43,0,0,0,0,0,0,135390,134974,132242,122832,55232,78266,6329,5472,5701,2211,38663,2350,0
19172,70000,2,3,2,38,0,0,0,0,0,0,70621,69821,68683,68771,55168,49674,2506,3500,2104,2015,2001,2102,0
19173,100000,2,2,1,33,0,0,0,0,0,0,92189,88832,89762,77986,71031,66983,3252,3215,2792,1881,1945,2184,0
19174,150000,2,3,1,35,0,0,2,0,0,0,600,660,330,330,330,740,660,0,330,330,740,0,0
19175,160000,2,3,1,39,0,0,0,0,0,0,102358,103698,1048,1048,1048,1221,4671,1048,1048,1048,1221,1048,0
19176,30000,2,3,1,48,1,0,0,0,0,0,-100,100,0,0,0,0,200,0,0,0,0,0,0
19177,80000,2,2,1,36,0,0,0,0,0,0,816,1419,1845,1799,599,-1,1423,1856,1804,600,0,0,0
19178,200000,2,2,1,44,0,0,0,0,0,0,7096,1323,8457,48757,4200,7312,1336,8457,48757,4200,7312,21740,0
19179,180000,2,3,1,41,2,2,2,2,0,0,96093,100094,101204,98680,100644,102750,6500,3582,0,3605,3731,3752,1
19180,180000,2,2,1,34,0,0,0,0,0,0,47517,26137,18177,16866,15067,7615,1526,3006,5020,5000,2000,935,0
19181,170000,2,2,1,35,0,0,0,0,0,0,144606,136269,139337,141018,119039,88833,5007,7004,7008,5005,4009,3807,0
19182,50000,2,1,2,35,0,0,0,0,0,0,4309,10834,15251,12159,9581,15222,7000,8000,9400,1000,6000,3000,0
19183,160000,2,3,1,40,0,0,0,0,0,0,93287,91031,89764,87919,86279,84794,3230,3500,3000,2956,3100,3400,0
19184,160000,2,2,1,40,0,0,0,0,0,0,390,390,390,390,390,390,390,780,390,390,390,390,1
19185,20000,2,1,2,22,0,0,0,0,0,0,18390,19760,18570,17604,11973,9517,2000,1376,1383,1000,455,1500,0
19186,70000,2,2,1,24,0,0,0,0,0,0,33602,41574,30777,30155,14298,1579,10096,3000,1005,2000,1579,2882,0
19187,240000,2,2,2,38,0,0,0,0,0,0,34752,30073,24315,3724,28347,11280,30073,24315,3724,28347,11280,31266,0
19188,300000,2,2,1,45,0,0,0,0,0,0,343205,335000,322462,312973,262255,251413,12429,11254,10956,8587,8638,9284,0
19189,420000,2,2,1,37,0,0,0,0,0,0,4904,5248,5344,5058,2019,2443,5332,5348,5065,2019,2443,4697,0
19190,200000,2,3,1,43,1,2,0,0,0,0,119432,116014,119576,123551,129486,133262,0,5000,5000,7000,5000,5000,1
19191,50000,2,2,1,47,0,0,0,0,0,0,27121,53680,20476,21781,17792,16657,2000,1700,2000,1000,702,600,0
19192,50000,2,2,1,38,0,0,0,0,0,0,20606,18750,0,31288,27335,30626,2000,0,95000,1000,3700,16,0
19193,200000,2,1,1,38,0,0,0,0,0,0,2571,2772,2571,2571,2571,2571,2772,2571,2571,2571,2571,2571,0
19194,200000,2,1,2,32,0,0,0,0,0,0,118532,121068,119122,121402,115419,116749,6000,4500,4300,6000,4400,4500,0
19195,380000,2,2,1,33,1,1,2,2,2,2,363944,385726,368318,354443,354765,354579,29540,74,14301,13000,12800,12800,0
19196,50000,2,1,2,27,0,0,0,0,0,0,17626,16789,12946,20650,20650,2529,1547,8000,8000,20650,2529,0,0
19197,50000,2,1,2,28,0,0,0,0,0,0,1460,1625,3505,12931,2972,1589,1625,3556,14010,3000,0,691,0
19198,500000,2,2,2,35,0,0,0,0,0,0,35757,22370,7303,19436,45604,25996,22372,7364,19445,45604,25996,4420,0
19199,300000,2,2,1,40,0,0,0,0,0,0,2470,0,0,0,0,0,0,0,0,0,0,0,0
19200,170000,2,2,2,32,0,0,0,0,0,0,10928,8400,5654,6285,4417,740,6151,4110,6920,6637,0,16744,1
19201,20000,2,2,1,46,3,2,2,2,3,5,11698,13189,14663,16109,19525,18646,2000,2000,2000,4000,0,1000,1
19202,20000,2,2,1,43,0,0,0,0,0,0,1475,1291,3898,1681,901,0,1291,3898,1681,901,0,0,0
19203,280000,2,2,2,36,0,0,0,0,0,0,183797,168402,161474,152092,145229,148602,6083,5913,5293,5126,5640,5119,0
19204,80000,2,2,2,22,0,0,0,0,0,0,858,1468,1724,2884,2994,28788,1000,1036,1196,306,26045,1513,0
19205,20000,2,2,2,24,0,0,0,2,0,0,17372,17859,20567,19928,18711,19408,1500,3000,0,1000,1000,1500,0
19206,70000,2,1,2,24,0,0,0,0,0,0,110176,56378,57572,58130,59289,61331,2700,2700,2110,2125,3000,2300,0
19207,30000,2,2,1,25,2,2,2,2,2,2,23888,26966,27640,26897,27949,29645,3800,1400,0,1500,2300,1114,1
19208,170000,2,2,2,37,0,0,0,0,0,0,117527,120998,120582,112819,113932,107776,5837,4278,4021,3828,3843,3879,0
19209,320000,2,2,2,30,0,0,0,0,0,0,97541,99815,103701,106195,106946,109228,3900,5500,5700,4000,4000,4000,0
19210,210000,2,1,2,30,0,0,0,0,0,0,0,0,0,0,0,0,0,0,0,0,0,0,0
19211,310000,2,2,2,31,0,0,0,0,0,0,14015,15377,16393,14855,12662,9628,2000,1300,1461,1000,2000,2000,0
19212,230000,2,1,2,29,1,0,0,0,0,0,0,162,1129,1130,1130,1130,162,1140,1130,0,0,0,0
19213,90000,2,2,1,31,2,2,0,0,0,0,90089,91196,89779,89214,88847,88724,3500,4400,5013,4000,4000,4000,1
19214,200000,2,1,2,31,0,0,0,0,0,0,6024,2180,2750,0,1060,2000,2180,2750,0,1060,2000,1060,0
19215,150000,2,2,2,34,3,3,4,4,5,5,103389,108189,112968,117613,122161,129616,8000,8000,8000,8000,10000,5000,0
19216,60000,2,1,2,27,0,0,0,0,0,0,23690,22413,17399,16553,14259,14134,1283,1584,1217,496,662,489,0
19217,50000,2,2,2,38,0,0,0,0,0,0,1496,35007,32672,34087,37114,45043,35007,2000,2000,5000,10000,2000,0
19218,200000,2,1,2,40,0,0,0,0,0,0,132563,135202,137111,137121,139343,141859,4841,5047,4922,4926,5105,5500,0
19219,220000,2,2,1,35,0,0,0,0,0,0,41259,37465,39494,16842,0,8419,2000,3000,1160,1000,0,1000,0
19220,300000,2,3,1,34,0,0,0,0,0,0,-75,29014,21180,-20,-20,4045,29089,21286,0,0,4065,0,0
19221,30000,2,2,1,47,2,2,2,0,0,0,25893,30628,29368,27769,25999,26924,5501,22,2000,1000,2000,2039,1
19222,330000,2,5,1,36,0,0,0,0,0,0,18768,3736,119340,134194,76865,78760,3744,119356,20062,10189,30032,4005,0
19223,280000,2,1,1,42,0,0,0,0,0,0,172886,175152,172505,175967,178548,176939,6232,12104,7002,6302,6417,6502,0
19224,330000,2,1,2,38,0,0,0,0,0,0,0,0,0,0,0,0,0,0,0,0,0,0,1
19225,390000,2,3,2,45,0,0,0,0,0,0,94373,2230,609,-3261,36635,38396,2230,609,0,40396,3000,105100,0
19226,200000,2,2,1,38,0,0,0,0,0,0,788,165,1520,413,150,150,165,1520,413,300,0,1638,0
19227,20000,2,3,2,45,0,0,0,0,0,0,12670,13682,14399,15408,15728,17082,1520,1234,1243,563,1609,1500,0
19228,140000,2,2,1,32,0,0,0,0,0,0,52825,52711,50440,47945,17990,15735,3000,5007,10000,5011,5000,10000,0
19229,30000,2,1,1,32,0,0,0,0,0,0,3684,2911,5831,2083,2903,3874,2911,5842,2088,2903,3874,3201,0
19230,210000,2,2,1,41,1,0,0,0,0,0,0,0,0,0,0,0,0,0,0,0,0,0,0
19231,100000,2,3,1,44,0,0,0,0,0,0,1010,0,0,0,0,2947,0,0,0,0,2947,4193,0
19232,50000,2,2,1,38,0,0,0,0,0,0,1121,-13,2254,1338,0,757,0,2267,1338,0,757,0,0
19233,30000,2,3,2,42,0,0,0,0,0,0,26012,27175,27822,28481,28265,28852,2000,1577,1626,800,814,629,1
19234,30000,2,5,2,45,2,0,0,0,0,0,29278,30488,30900,30480,31124,29333,2000,1600,1500,1100,1053,1320,1
19235,150000,2,1,2,37,1,0,0,0,0,0,0,0,689,2943,-6159,-6159,0,689,2943,0,0,16007,0
19236,180000,2,1,2,39,0,0,0,0,0,0,11732,6653,-6674,18084,16481,19359,6653,330,36550,16481,21264,16253,0
19237,230000,2,2,1,49,1,0,0,0,0,0,0,0,0,0,0,6946,0,0,0,0,6946,0,0
19238,220000,2,1,2,36,0,0,0,0,0,0,122,104,2635,2460,859,2784,104,2653,2472,859,2784,2287,0
19239,200000,2,1,2,35,0,0,0,0,0,0,5956,7690,1530,3107,1683,5784,10402,1530,4000,1683,6031,4512,0
19240,80000,2,2,1,35,0,0,0,0,0,0,17087,1617,8140,7258,20171,5483,1617,8179,7285,20171,5483,42081,0
19241,380000,2,3,1,44,0,0,0,0,0,0,7234,4772,4519,3818,4096,4058,1500,2000,2023,4102,4448,7274,0
19242,30000,2,2,1,42,2,0,0,0,0,2,9985,10688,11710,13030,13776,13415,1176,1198,1518,1264,0,1308,1
19243,160000,2,2,1,41,0,0,0,0,0,0,8091,5344,5117,4730,6634,3477,5344,5124,4730,6635,3477,2979,0
19244,60000,2,2,1,47,0,0,0,2,0,2,27970,28004,31688,30448,452,302,1456,4140,0,904,0,12985,1
19245,100000,2,3,1,42,0,2,2,0,0,0,7689,2052,1281,3770,2056,5628,0,1281,3786,2056,5634,6013,0
19246,150000,2,2,1,37,0,0,0,0,0,0,0,1771,0,730,626,2718,1771,0,730,626,2718,0,0
19247,100000,2,2,1,38,2,2,2,2,0,0,36414,37516,38622,37706,38148,40630,2000,2000,0,1369,3100,0,0
19248,30000,2,2,2,44,0,0,0,0,0,0,0,1330,2988,0,30000,0,1330,2988,0,30000,0,1219,0
19249,220000,2,1,1,36,1,2,0,2,0,3,4086,3855,3055,1375,3338,3032,0,4000,0,3338,0,0,1
19250,220000,2,1,2,38,0,2,2,2,2,2,2650,2650,150,150,150,150,0,0,0,0,0,0,0
19251,400000,2,2,2,30,0,0,0,0,0,0,-38,9465,4991,466,-1381,3122,10446,5002,504,499,5056,2152,1
19252,680000,2,1,2,30,0,0,0,0,0,0,39639,-45,10251,25094,7327,167520,0,10296,25219,7341,163123,7267,1
19253,280000,2,1,2,30,0,0,0,0,0,0,36269,39229,48190,48758,49219,58412,10300,10018,10026,5000,10000,2401,0
19254,70000,2,2,1,44,0,0,0,0,0,0,34135,27683,28311,24094,21317,9736,2020,5000,3011,1500,1000,1000,0
19255,300000,2,2,1,39,0,0,0,0,0,0,6192,4784,6462,456,-2056,5251,4790,6462,456,0,14447,9196,1
19256,250000,2,2,2,41,0,0,0,0,0,0,312,-18,3600,-10,2022,3809,0,3618,0,2032,3827,3710,0
19257,200000,2,1,2,31,0,0,0,0,0,0,1570,0,0,0,0,0,0,0,0,0,0,0,0
19258,450000,2,1,2,31,0,0,0,0,0,0,12818,17522,35727,82517,91873,41628,17577,35758,90018,41340,20000,15000,0
19259,30000,2,1,2,33,3,2,2,2,0,0,21167,20529,24191,23510,24813,25264,0,4000,0,2000,1000,2000,1
19260,210000,2,2,2,29,0,0,0,0,0,0,1778,224,2018,0,1118,1858,226,2031,0,1118,1858,620,0
19261,250000,2,1,2,29,2,2,2,2,2,2,124780,127168,125721,122209,126129,127847,5900,4500,0,5954,3900,4826,1
19262,70000,2,2,2,31,0,0,0,0,0,0,64888,64454,103298,50978,51374,52453,2127,2151,2500,1836,1904,1915,0
19263,230000,2,1,2,31,1,0,0,0,0,0,-9,-9,986,0,0,900,0,995,0,0,900,0,0
19264,150000,2,2,1,37,0,0,0,0,0,0,0,0,0,283,0,0,0,0,283,0,0,0,0
19265,70000,2,3,1,47,1,2,2,2,2,2,29386,31596,32492,33163,32334,34647,3000,1700,1500,0,3000,1402,0
19266,150000,2,2,1,35,0,0,0,0,0,0,102007,93116,84302,74986,67369,60434,5000,5045,2563,3006,3000,2218,1
19267,200000,2,2,1,37,0,0,0,0,0,0,313,0,313,152,148,498,0,313,152,148,498,148,0
19268,200000,2,4,2,42,0,0,0,0,0,0,5433,7328,0,0,2621,-72,2000,0,0,2621,0,0,0
19269,300000,2,3,1,42,0,0,0,0,0,0,885,0,0,0,494,0,0,0,0,494,0,138,0
19270,80000,2,3,1,39,0,0,0,0,0,0,2921,390,6837,7309,2568,2199,780,6837,1000,2568,2199,4067,1
19271,30000,2,2,2,43,5,4,3,2,0,0,31273,30499,29740,28736,28336,28336,0,0,0,0,0,18,1
19272,100000,2,2,1,40,0,0,0,0,0,0,89236,90828,83479,73749,68512,72518,3162,3523,3025,2344,5000,3000,0
19273,360000,2,1,2,32,0,0,0,0,0,0,290543,118479,112746,102611,92290,51489,7288,6079,6091,6227,5055,27486,0
19274,150000,2,2,2,32,0,0,0,0,0,0,32428,32136,28151,27697,18981,6155,2000,1650,1500,1004,500,1000,0
19275,180000,2,1,2,32,1,0,0,0,0,0,-10,-10,-10,5650,-10,-10,0,0,5660,0,0,0,0
19276,210000,2,1,1,33,0,0,0,0,0,0,1345,6087,947,500,1283,500,6087,947,500,1283,500,500,0
19277,110000,2,3,1,41,0,0,0,0,0,0,101316,104930,106053,108641,48519,33448,5300,4300,4800,2500,2000,2000,0
19278,80000,2,2,1,41,0,0,0,0,0,0,2727,1679,566,61664,58281,58281,1679,566,61664,0,0,4480,0
19279,50000,2,2,2,39,0,0,3,2,0,2,263,1209,946,576,18611,17721,1209,0,0,18611,0,920,0
19280,150000,2,2,1,32,0,0,0,0,0,0,0,0,0,3564,0,0,0,0,3564,0,0,0,0
19281,260000,2,1,2,40,0,0,0,0,0,0,0,0,0,0,0,0,0,0,0,0,0,0,0
19282,200000,2,1,2,33,0,0,0,0,0,0,6421,846,4292,0,0,0,1064,4974,0,0,0,0,0
19283,230000,2,2,2,29,0,0,0,0,0,0,2624,1149,2140,3313,3750,2491,1149,2140,3313,3750,2491,9785,0
19284,70000,2,1,1,32,0,0,0,0,0,0,70178,71312,71314,71595,70040,68927,2900,2766,3648,2700,2487,2600,1
19285,70000,2,1,2,32,2,0,0,0,0,0,34640,35757,37175,38254,39017,39834,2000,2000,1700,1400,1446,1500,1
19286,160000,2,2,2,32,0,0,0,0,0,0,2812,3826,4751,6604,8604,7072,1222,1147,2000,2000,0,766,1
19287,200000,2,3,2,34,0,0,0,0,0,0,195380,199642,188169,191549,195163,194101,7632,6839,6518,6356,6441,6763,0
19288,270000,2,2,2,35,0,0,0,0,0,0,1636,37,2845,-1000,-1000,-1000,37,3000,1000,0,0,0,0
19289,100000,2,2,1,36,0,0,0,0,0,0,97026,96109,97647,91998,69915,72044,5000,5000,3500,3000,3000,5049,0
19290,410000,2,1,1,42,0,0,0,2,0,0,12327,2306,4054,3830,3160,49828,2324,4204,0,3160,49828,1647,0
19291,160000,2,2,1,33,0,0,0,0,0,0,1655,4271,3711,2121,2275,2895,4271,3711,2121,2275,2895,8429,0
19292,120000,2,2,2,39,0,0,0,0,0,0,326,3756,326,326,326,476,3756,652,326,326,476,326,1
19293,50000,2,2,1,37,0,0,0,0,0,0,12246,11901,11631,11035,1335,90,1196,1261,1000,1335,90,1335,0
19294,450000,2,1,1,38,0,0,0,0,0,0,0,0,0,0,0,0,0,0,0,0,0,0,0
19295,200000,2,2,2,36,0,0,0,0,0,0,193083,195259,196120,168814,163509,172037,9000,8993,7503,6000,11300,6103,0
19296,360000,2,2,2,41,0,0,0,0,0,0,3640,1436,1114,1917,19588,16666,1436,1114,1917,19588,16666,707,0
19297,340000,2,2,1,40,0,0,0,0,0,0,40681,43171,45465,46708,49912,52102,3171,3000,2000,4000,3000,2100,0
19298,300000,2,3,1,40,0,0,0,0,0,0,0,0,0,0,0,0,0,0,0,0,0,0,1
19299,220000,2,3,2,40,0,0,0,0,0,0,220091,203554,207953,156699,157883,161208,7797,8201,7302,5437,5651,5683,0
19300,370000,2,1,2,37,0,0,0,0,0,0,308011,302783,297700,298224,338565,288924,10404,10015,16502,60003,15008,20000,0
19301,170000,2,2,1,39,0,0,0,2,0,0,2947,4132,3967,592,864,1738,4134,3967,0,864,1738,1788,0
19302,500000,2,2,2,39,0,0,0,0,0,0,491395,464318,477183,496400,505473,474459,25799,35530,31376,70000,17670,20000,0
19303,100000,2,1,1,36,2,0,0,0,0,0,94796,51713,25272,0,0,0,2624,1000,0,0,0,0,0
19304,110000,2,1,2,31,0,0,0,0,0,0,223,0,0,0,0,0,0,0,0,0,0,0,0
19305,230000,2,1,1,31,0,0,0,2,0,0,23526,12187,3239,3029,3029,800,7005,3239,0,0,0,0,0
19306,230000,2,1,2,31,0,0,0,0,0,0,33109,29830,11750,5194,15450,9368,5000,5000,15897,12000,9368,6000,0
19307,150000,2,2,1,33,0,0,0,0,0,0,25849,26852,27882,28894,29313,29924,1735,1765,1777,1196,1233,1238,0
19308,210000,2,1,1,32,0,0,0,0,0,0,7544,5525,6876,2692,5560,2866,5255,7067,2696,5560,2866,8680,0
19309,100000,2,3,1,32,0,0,2,0,0,0,24002,22329,2781,32231,2781,21651,2781,0,32231,0,21651,26748,0
19310,230000,2,1,1,42,0,0,0,0,0,0,147396,151030,145550,135626,103789,108348,10000,7000,5065,5000,10000,5000,0
19311,360000,2,1,2,33,0,0,0,0,0,0,0,0,0,0,0,0,0,0,0,0,0,0,1
19312,360000,2,2,1,34,0,0,0,0,0,0,80540,83715,70881,53344,47058,8674,3933,2001,1318,1134,216,0,0
19313,200000,2,1,2,34,1,0,0,0,0,0,-2113,-2113,-2113,-2113,-2113,-2113,0,0,0,0,0,423,1
19314,200000,2,1,1,34,0,0,0,0,0,0,16024,18168,10274,4726,4484,4745,18184,10274,4726,4490,4745,1283,0
19315,150000,2,2,2,33,0,0,0,0,0,0,508,1155,1868,874,1735,1940,1166,1873,876,1741,2245,0,0
19316,110000,2,1,1,41,3,2,2,7,7,7,150,150,150,150,150,150,0,0,0,0,0,0,0
19317,320000,2,2,1,38,0,0,0,0,0,0,0,0,0,111,0,288,0,0,111,0,288,1200,0
19318,50000,2,3,1,44,2,2,2,2,2,2,19178,20088,19499,21578,20940,22605,1500,0,2385,0,2000,0,1
19319,160000,2,2,2,39,0,0,0,0,0,0,32930,20090,49448,38415,59138,77579,14000,40015,1625,32044,27248,3650,0
19320,80000,2,2,1,42,0,0,0,0,0,0,43045,43024,9821,600,53900,55000,1301,5098,600,53900,1100,10000,1
19321,100000,2,2,1,35,0,0,0,0,0,0,28428,29753,30900,0,0,0,1800,1900,0,0,0,0,0
19322,150000,2,2,1,36,0,0,0,0,0,0,289463,296846,301634,314201,84135,90500,8245,7143,13700,15000,7500,0,0
19323,60000,2,2,1,38,7,6,5,4,3,2,126220,76247,72225,67850,63073,61761,0,880,528,0,0,2380,0
19324,200000,2,1,2,39,0,0,0,0,0,0,345,355,0,0,907,0,355,0,0,907,0,0,0
19325,160000,2,3,1,38,0,0,0,0,0,0,5207,207,207,207,207,207,207,207,207,207,207,207,0
19326,230000,2,2,1,38,0,0,0,0,0,0,4549,0,24962,34372,32630,33334,0,24962,10000,943,1000,1058,0
19327,230000,2,2,1,40,1,0,0,0,0,0,0,0,3504,4272,2977,1900,0,3504,4272,2977,1900,0,0
19328,90000,2,3,1,39,1,0,0,0,0,0,0,0,0,873,873,0,0,0,873,0,0,0,0
19329,140000,2,3,1,40,2,0,0,0,2,2,30755,31757,32808,35342,35965,36741,1815,1866,3400,1500,1500,1484,1
19330,30000,2,3,2,41,0,0,0,0,0,2,24217,24216,25254,27099,30297,28817,2000,3000,3000,5000,0,1500,0
19331,320000,2,1,1,41,0,0,0,0,0,0,59807,68080,67745,91798,90936,92588,10000,4200,30000,7,3000,0,0
19332,20000,2,3,1,35,0,0,0,0,0,0,17008,17922,18421,7032,0,1000,1501,1000,7200,0,1000,2017,0
19333,50000,2,3,2,35,0,0,0,0,0,0,3123,1326,2866,4406,2821,1854,1326,2866,4406,2821,1854,1688,0
19334,30000,2,3,1,38,0,0,0,0,0,0,24505,25592,26628,27678,28084,30068,1800,1750,1800,1165,2600,1200,0
19335,160000,2,3,2,36,0,0,0,0,0,0,27204,897,1066,1760,880,5510,897,1066,1760,0,5510,0,0
19336,280000,2,2,1,48,0,0,0,0,0,0,79536,31251,37071,16757,9509,10861,31280,26757,5076,9539,10861,56137,0
19337,390000,2,2,2,35,0,0,0,0,0,0,42286,30038,27402,28352,28066,28215,2389,2414,2378,892,925,938,0
19338,100000,2,3,1,44,0,0,0,0,0,0,41803,73882,75609,77265,78973,81665,33882,4000,4000,4000,5000,5900,1
19339,200000,2,5,2,48,0,0,0,0,0,0,198540,0,0,0,0,0,0,0,0,0,0,0,0
19340,110000,2,3,1,43,0,0,0,0,0,0,48796,49371,19413,20204,16627,14980,2350,1392,1183,511,1151,482,0
19341,50000,2,2,1,45,0,0,0,0,0,0,48875,50103,46641,31459,28901,29523,2080,1690,1458,1100,1076,1094,0
19342,100000,2,2,1,41,0,0,0,0,0,0,111925,107224,107126,101859,79519,74368,4000,7000,3533,2673,3500,4303,0
19343,200000,2,3,0,31,1,0,0,0,0,0,0,0,0,0,0,0,0,0,0,0,0,0,0
19344,250000,2,1,1,34,2,0,0,2,0,0,138380,141223,156858,151841,152803,155997,5136,17994,0,5469,5656,6811,0
19345,20000,2,3,1,48,2,2,2,2,2,2,13836,14805,15865,16062,15509,16558,1500,1595,750,0,1452,0,1
19346,260000,2,2,1,35,0,0,0,0,0,0,3439,10034,256,274,388,766,10127,258,274,388,766,1185,0
19347,20000,2,3,1,31,1,2,0,0,0,0,15043,14509,19092,19113,19483,14523,0,5166,2963,833,812,0,1
19348,320000,2,2,1,44,1,0,0,0,0,0,0,0,0,0,0,0,0,0,0,0,0,0,0
19349,30000,2,1,1,37,0,0,0,0,0,0,7979,8301,9156,8983,8141,6422,1149,1191,1079,239,209,206,0
19350,50000,2,2,2,41,0,0,0,0,0,0,39859,38781,26823,26799,26536,27093,1501,2003,1420,937,972,1007,0
19351,80000,2,2,2,36,2,0,0,0,0,0,19671,20650,0,0,0,0,1700,0,0,0,0,0,1
19352,120000,2,2,1,40,1,2,3,2,3,2,57816,62139,60584,63871,62251,63443,5900,0,4900,0,2500,2500,1
19353,290000,2,2,1,49,0,0,0,0,0,0,37246,36927,39769,35058,36965,38863,3000,3500,2500,2500,2500,2000,0
19354,50000,2,2,1,43,0,0,0,0,0,0,30530,41460,21897,23404,0,0,2000,2000,2000,0,0,0,0
19355,30000,2,3,1,39,0,0,0,2,0,0,21173,22513,23826,20613,21269,22761,2000,2000,1000,1000,2000,2000,1
19356,580000,2,2,2,33,0,0,0,0,0,0,18812,15408,20629,10682,6788,10413,2000,10053,8017,6788,10413,10519,0
19357,270000,2,1,1,41,0,0,0,0,0,0,1278,-4,3564,1280,1898,0,0,3568,1280,1898,0,2605,0
19358,30000,2,3,1,42,2,0,0,0,0,0,836,836,836,1672,836,390,836,836,1672,0,390,930,0
19359,160000,2,1,1,31,2,2,2,0,0,0,147710,151368,147184,149053,136809,140678,7501,0,5790,4825,6000,5354,0
19360,180000,2,2,2,31,0,0,0,0,0,0,416,416,416,416,416,416,416,416,416,416,416,416,0
19361,20000,2,2,1,34,0,0,2,0,0,0,3223,3176,220,632,0,316,1220,0,632,0,316,782,1
19362,210000,2,2,1,33,0,0,0,0,0,0,7655,1644,2258,8241,428,3537,1644,2261,11008,428,3537,0,0
19363,200000,2,3,1,43,0,0,0,0,0,0,113570,113974,117248,104889,103668,105467,4149,5571,5221,4001,4001,4001,0
19364,130000,2,3,1,43,0,0,0,0,0,0,32667,33822,34975,35943,36447,37259,2000,2000,1850,1400,1400,1400,0
19365,30000,2,5,1,36,0,0,0,0,0,0,8839,0,4342,690,0,99,0,4342,690,0,99,0,0
19366,130000,2,2,1,40,0,0,0,0,0,0,4176,11806,1984,4649,6727,473,11839,3000,4649,6727,473,1669,0
19367,180000,2,3,1,43,0,0,0,0,0,0,3122,-26214,98834,34677,55634,44325,16,130000,40057,56000,10000,66000,0
19368,110000,2,2,1,39,0,0,0,0,0,0,93111,91198,85136,80491,78967,80628,3226,3050,2765,2304,2400,1885,0
19369,20000,2,2,1,39,0,0,2,2,0,0,15299,14112,11221,10656,7928,580,1883,3520,0,1000,580,0,0
19370,150000,2,2,2,35,0,0,0,0,0,0,97268,71876,50043,55182,48983,50136,3500,2000,20000,2000,2000,2000,0
19371,210000,2,3,2,37,1,0,0,0,0,0,0,202,4202,5152,5444,5786,202,4000,1208,500,400,5380,0
19372,90000,2,2,2,42,0,0,0,0,0,0,92837,95413,94460,10031,11243,3343,4500,2000,10061,11277,3808,14741,0
19373,500000,2,2,1,42,0,0,0,0,0,0,62112,60246,74832,126778,82611,71338,20025,40000,85000,139,20000,29761,0
19374,300000,2,2,1,37,0,0,0,0,0,0,15695,11551,6224,14959,6885,22107,11551,6252,14959,6885,22107,6741,0
19375,370000,2,3,1,33,0,0,0,0,0,0,18082,18339,19031,17345,18245,23200,1628,1320,1100,1000,10000,1000,0
19376,200000,2,2,2,35,0,0,0,0,2,0,104393,108956,109339,113799,75536,66643,6300,4588,6910,30,2375,9577,0
19377,500000,2,4,2,38,0,0,0,0,0,0,2252,2265,24667,40626,9255,8659,2265,24905,40827,30844,8695,3532,0
19378,50000,2,2,2,41,0,0,0,0,0,0,43885,45408,36025,0,0,0,2408,2025,0,0,0,0,1
19379,120000,2,2,1,36,0,0,0,0,0,0,106609,380,0,970,5576,0,380,0,970,5576,0,2785,0
19380,270000,2,2,1,38,0,0,0,0,0,0,62263,60654,59464,54715,51796,53256,3000,3000,3019,5000,5000,10000,0
19381,300000,2,1,1,43,0,0,0,0,0,0,21953,32905,14458,18061,8016,5768,32905,14458,18061,8016,5768,7229,0
19382,90000,2,2,1,37,1,2,2,2,0,0,18255,17664,20667,20042,20408,22073,0,3300,0,1000,2000,0,0
19383,120000,2,2,1,48,0,0,0,0,0,0,626,0,1252,1252,1252,626,0,1252,1252,0,626,0,0
19384,90000,2,2,1,47,1,2,2,2,0,0,6681,6426,10289,10816,11333,11997,0,4000,1000,1000,1000,1000,0
19385,350000,2,1,2,41,0,0,0,0,0,0,122017,121505,119522,119947,117328,118400,6000,5900,5800,4100,4500,5000,0
19386,180000,2,2,1,29,1,4,3,2,2,0,20867,20168,14464,3455,0,0,0,0,0,0,0,0,0
19387,30000,2,3,0,30,0,0,2,2,0,0,24171,27393,28089,25805,21356,15158,3634,1451,9,1003,905,409,0
19388,240000,2,2,2,29,0,0,0,0,0,0,2638,1526,2276,1486,1776,2308,1526,2276,1486,1776,2308,776,1
19389,80000,2,2,1,38,1,2,0,0,0,0,84372,77773,78499,79943,77354,78655,0,2900,3102,3000,3010,3400,0
19390,50000,2,2,1,37,0,0,0,2,0,0,46239,47469,51145,45624,29172,27291,2000,4500,0,1153,1000,1065,1
19391,370000,2,1,1,42,0,0,0,0,0,0,291006,271452,256269,200761,125646,111185,12100,11295,8300,5000,4600,10000,0
19392,150000,2,2,1,43,0,0,0,0,0,0,5446,6671,4839,807,28023,7613,6682,6095,807,28023,7613,4331,0
19393,410000,2,1,2,31,0,0,0,0,0,0,400967,365398,367247,304903,310333,317330,14158,13000,13000,12000,12000,15000,0
19394,230000,2,2,1,32,0,0,0,0,0,0,1680,1535,1836,2274,0,21166,1535,1836,2283,0,21166,1000,0
19395,80000,2,3,2,32,0,0,0,0,0,0,4965,51932,0,2165,39881,14691,51932,0,2165,39881,14691,10500,0
19396,140000,2,1,2,32,0,0,0,0,0,0,10281,32163,20421,19573,11611,0,32172,1476,2140,1000,0,0,0
19397,180000,2,2,1,32,0,0,0,0,0,0,5244,8135,12621,17987,-99,-99,3000,5000,15000,0,0,0,0
19398,240000,2,1,1,33,0,0,0,0,0,0,95835,90385,85011,77329,50673,48723,4060,3181,3000,1500,3042,1377,0
19399,160000,2,2,2,30,0,0,0,0,0,0,-38,-38,-38,-38,-38,-38,0,0,0,0,0,0,0
19400,320000,2,1,2,31,0,0,0,0,0,0,11910,4401,3345,1104,82434,82319,4445,3398,1104,82434,0,20895,0
19401,80000,2,2,1,35,2,2,0,0,0,0,252,-1624,2072,1752,1876,1876,0,5572,1752,2000,1876,2071,0
19402,230000,2,2,1,36,0,0,0,2,0,0,3745,4632,4979,631,1635,10244,3000,2023,0,1004,10019,1141,0
19403,230000,2,2,1,40,0,0,0,0,0,0,273,273,2418,1428,4398,5748,273,3588,1428,4398,5748,3768,0
19404,20000,2,2,1,38,0,0,0,0,0,0,11904,13193,12236,13041,13641,14251,1500,1400,1500,1000,1000,0,0
19405,220000,2,2,1,37,0,0,0,0,0,0,158494,156004,149677,152724,142064,142649,7000,7000,7100,5000,5400,5600,0
19406,180000,2,1,1,42,0,0,0,0,0,0,626,0,1290,0,0,1200,0,1290,0,0,1200,0,0
19407,260000,2,2,1,36,0,0,0,0,0,0,7258,7935,4979,3976,6623,24426,2037,4979,1019,6623,18119,1382,0
19408,360000,2,2,1,37,0,0,0,0,0,0,10000,17444,17165,10000,10000,10000,17444,10035,10000,10000,10000,0,0
19409,210000,2,2,1,36,1,2,0,0,0,0,167970,161852,163600,162303,162799,161912,0,8000,8000,6000,6000,6000,1
19410,200000,2,1,2,32,0,0,0,0,0,0,261,1715,281,1105,354,-2,1723,282,1110,390,0,0,0
19411,350000,2,1,2,35,0,0,0,0,0,0,8526,10892,9218,9834,1458,5225,10951,9274,4711,1472,5251,68361,0
19412,360000,2,1,1,35,1,0,0,0,0,0,0,0,0,0,0,0,0,0,0,0,0,558,0
19413,60000,2,2,2,27,0,0,0,3,2,2,30641,33787,42025,41067,40109,42695,3987,8825,0,0,3400,1800,0
19414,190000,2,1,2,47,0,0,0,0,0,0,314,3031,597,1640,306,39506,3031,597,1648,306,39506,697,0
19415,180000,2,1,2,35,0,0,0,0,0,0,24414,22479,21802,20100,16629,15628,2483,2808,2101,3,2000,0,0
19416,230000,2,1,1,37,0,0,0,0,0,0,312,2984,1786,363,437,843,3186,1786,363,437,843,500,1
19417,270000,2,1,1,45,0,0,0,0,0,0,0,0,0,0,0,0,0,0,0,0,0,0,1
19418,220000,2,3,1,45,0,0,0,0,0,0,176879,182100,184900,170611,125433,83709,10150,10000,10000,10053,4000,3000,0
19419,80000,2,1,1,36,0,0,0,0,0,0,78780,0,0,0,0,59349,0,0,0,0,59349,0,0
19420,90000,2,1,2,29,0,0,0,0,0,0,79063,64135,46678,85156,43269,44181,3687,1997,1995,1686,1749,1840,0
19421,500000,2,1,1,35,0,0,0,0,0,0,5799,36189,23338,7896,8970,215305,36277,6112,10014,9018,215518,20018,0
19422,210000,2,2,1,35,0,0,0,0,0,0,188,971,2871,5087,1943,3392,971,2871,5087,0,3392,4000,1
19423,110000,2,1,2,27,0,0,0,0,2,0,89603,88232,85362,74552,59902,42254,4113,3500,4005,0,1500,1999,0
19424,150000,2,1,2,31,0,0,0,0,0,0,10778,6798,6221,4711,6711,6711,6000,3039,9050,2000,0,4000,0
19425,90000,2,1,2,33,0,0,0,0,0,0,3000,6000,0,3000,3000,3000,6000,0,3000,3000,3000,3000,0
19426,190000,2,2,1,34,0,0,0,2,2,2,84031,86730,93705,91317,96079,94428,5000,9310,0,7200,0,8000,0
19427,180000,2,2,2,43,0,0,0,0,0,0,152122,98901,101689,102925,0,0,10000,6500,5000,0,0,0,0
19428,240000,2,2,1,37,0,0,0,0,0,0,51277,51999,52613,21696,22807,22877,10006,10000,10000,22807,10000,11109,0
19429,200000,2,2,2,28,0,0,0,2,2,0,4571,0,2983,2780,0,0,0,2983,0,0,0,3125,0
19430,200000,2,3,1,49,1,0,0,0,0,0,0,0,2317,7588,7606,14053,0,2317,7588,7614,14053,0,0
19431,160000,2,2,2,38,0,0,0,0,0,0,0,0,0,68600,70000,0,0,0,68600,1400,0,0,0
19432,240000,2,1,2,27,1,2,0,0,0,0,7029,3932,2105,2487,777,5300,0,1057,1000,0,5300,1800,0
19433,80000,2,2,1,25,0,0,0,0,0,0,76358,77433,74050,73361,56966,59130,3000,3000,2700,2000,5000,2200,0
19434,180000,2,2,1,39,1,0,0,0,0,0,0,0,0,0,0,0,0,0,0,0,0,0,1
19435,80000,2,2,2,26,1,0,0,0,0,0,0,0,0,0,0,0,0,0,0,0,0,0,0
19436,70000,2,2,2,26,0,0,0,0,0,0,70805,70087,62750,53600,45215,46486,2600,2231,1800,1700,2000,2000,0
19437,160000,2,2,1,38,0,0,0,0,0,0,73902,119408,134243,12670,6349,10775,50000,20000,30037,6349,11000,4000,0
19438,200000,2,1,2,30,0,0,0,0,0,0,148646,132606,136183,127438,124816,92037,5000,8500,3500,3000,25000,70000,0
19439,20000,2,1,2,34,0,0,0,0,0,0,1789,16745,1464,1466,1691,4565,16745,1464,1466,1691,4565,4570,0
19440,300000,2,2,1,35,0,0,0,0,0,0,155493,179071,42404,71493,13547,27710,50706,30028,60300,27054,25003,10,0
19441,150000,2,1,1,42,0,0,0,2,2,2,107968,109234,37424,36446,39193,38297,5023,6086,0,5200,0,2769,0
19442,30000,2,1,2,45,1,2,0,0,0,0,5830,1330,909,390,29570,940,0,909,390,29570,940,3482,0
19443,360000,2,2,2,37,0,0,0,0,0,0,333,333,5043,333,0,333,333,5043,333,0,333,210,1
19444,280000,2,1,1,39,0,0,0,0,0,0,97694,89690,86812,87813,88267,89676,4014,4300,4153,2900,2500,2600,0
19445,30000,2,3,2,23,1,2,0,0,0,0,30335,29546,29826,29997,29789,29967,0,2000,1500,1000,2000,0,0
19446,50000,2,1,2,24,0,0,0,0,0,0,48712,49587,21604,14772,9238,9588,2269,1286,1200,332,500,1000,0
19447,160000,2,4,1,28,0,0,0,0,0,0,819,162,165,165,165,165,162,168,165,165,165,165,0
19448,80000,2,1,2,28,0,0,0,2,2,0,36736,38079,40805,35740,32684,32605,1955,3681,1300,0,1500,1200,0
19449,100000,2,1,2,29,0,0,0,0,0,2,92929,95471,98569,48695,54444,4948,5000,5000,1251,6000,0,1500,0
19450,60000,2,2,1,47,0,0,0,0,0,0,54532,54203,58199,59152,76006,19604,1970,6000,3000,1000,1000,1000,0
19451,420000,2,1,2,27,0,0,0,0,0,0,198604,202935,207548,211990,216362,220728,7518,7763,7768,7768,7877,7934,0
19452,140000,2,2,2,27,0,0,0,0,0,0,0,0,0,0,0,1079,0,0,0,0,1079,88654,0
19453,270000,2,1,2,32,2,2,2,0,0,0,9220,14050,13539,15005,16438,17021,5000,0,2000,2000,1000,1000,1
19454,160000,2,1,1,35,1,0,0,0,0,0,0,0,0,0,0,0,0,0,0,0,0,1404,1
19455,230000,2,1,2,31,0,0,0,0,0,0,2850,1940,8508,-853,13909,29160,1940,8508,0,19000,19160,0,0
19456,100000,2,1,3,47,0,0,0,0,0,0,43175,42669,42238,41646,40976,40503,1680,1722,1603,1406,1598,1502,0
19457,260000,2,1,2,36,0,0,0,0,0,0,0,132,1109,1181,-18,3791,132,1119,1186,18,3809,1917,0
19458,200000,2,1,2,37,0,0,0,0,0,0,191876,121296,121473,123943,127552,130380,4305,4408,4489,5660,6000,0,0
19459,380000,2,2,1,44,0,0,0,0,0,0,268755,270405,258979,261213,264550,163860,11035,10009,11003,10500,7500,7505,0
19460,130000,2,2,1,33,0,0,0,0,0,0,41573,0,13853,14277,0,0,0,13853,1000,0,0,0,0
19461,70000,2,2,2,33,1,2,2,2,2,2,67967,66276,71307,71977,70306,71161,0,6124,2500,0,5300,2600,0
19462,270000,2,2,1,33,0,0,0,0,0,0,10148,625,14430,7320,5500,500,625,14430,7325,5500,500,6921,0
19463,30000,2,2,1,49,0,0,0,0,0,0,27922,25214,26755,23235,25008,26761,2000,2000,2000,2000,2000,822,1
19464,290000,2,1,1,37,0,0,0,0,0,0,20565,8741,24250,97542,16950,0,8741,24257,97542,16950,0,21830,0
19465,50000,2,2,2,40,0,0,2,0,0,0,46319,49518,48188,49966,19294,18971,4000,1000,3800,820,900,695,0
19466,30000,2,2,1,40,1,2,2,0,0,0,31230,31348,28034,26251,24133,22527,2007,8,2007,1005,782,2009,1
19467,210000,2,3,1,38,0,0,0,0,0,0,2569,3920,2529,3087,2811,3204,3920,2529,3087,2811,3204,4173,0
19468,220000,2,3,2,43,0,0,0,0,0,0,223022,215787,220680,219459,177765,175238,7750,8397,7349,6518,7000,7000,0
19469,340000,2,2,1,32,0,0,0,0,0,0,61605,64250,66293,57657,53035,54693,3500,3049,2706,1870,3000,4000,0
19470,500000,2,1,1,41,0,0,0,0,0,0,4513,4342,3321,6760,5788,12633,4375,3337,6789,5816,12696,4348,0
19471,30000,2,2,1,31,1,2,0,0,2,0,20494,19867,21045,24681,23985,25099,0,1500,4000,0,1500,6000,0
19472,180000,2,2,1,32,2,2,2,2,2,0,13286,15548,15009,17752,17172,18732,2800,0,3000,0,2000,5000,1
19473,60000,2,2,2,24,0,0,0,0,0,0,53910,55028,56449,56273,28316,30763,2600,2900,2034,2000,3000,1000,0
19474,100000,2,1,2,32,0,0,0,0,0,0,41531,6120,104346,91025,91120,1777,6157,100000,2017,1822,1777,7748,0
19475,270000,2,2,1,33,0,0,2,0,0,0,7780,7365,3097,48546,47250,46649,2228,0,48546,2000,3000,3000,1
19476,200000,2,2,1,47,0,0,0,0,0,0,8800,0,5738,0,2244,66000,0,5738,1626,2244,66000,30000,0
19477,240000,2,2,1,38,0,0,0,0,0,0,234304,229519,229676,234928,160765,158184,7888,8522,9260,5700,5475,5520,0
19478,110000,2,2,1,40,0,0,0,0,0,0,107035,110156,8871,66482,59578,57961,4000,2500,58000,2000,3000,3500,0
19479,360000,2,1,2,32,0,0,0,0,0,0,167232,166848,149903,138091,138123,140324,6121,7294,6135,4504,4669,4060,0
19480,50000,2,3,2,35,0,0,0,0,0,0,54731,51080,45536,38745,37395,19247,1730,52014,1200,19959,1402,811,0
19481,60000,2,2,1,39,0,0,0,0,0,0,50615,50200,19567,29035,27762,27740,1619,1429,31426,969,998,1545,0
19482,50000,2,2,1,38,0,0,0,2,0,0,5764,6786,9095,8803,8975,9008,1278,2587,0,467,326,329,0
19483,120000,2,1,2,28,0,0,0,0,0,0,3564,2063,768,3096,2677,2592,2063,768,3146,2677,0,0,0
19484,140000,2,2,1,48,0,0,0,0,0,0,121096,123064,126749,127244,129495,126663,4407,6100,4518,4694,4745,4876,0
19485,100000,2,2,1,46,1,2,2,0,0,0,97515,99028,96592,99801,27930,27377,4000,0,5000,2000,1116,1500,0
19486,280000,2,3,1,46,2,2,0,0,0,0,506515,491801,62236,54813,38669,18010,0,1803,1475,1105,534,318,1
19487,180000,2,1,1,28,0,0,0,0,0,0,176793,173034,171772,172344,134321,131191,8000,8206,6500,5000,5000,5000,0
19488,180000,2,1,2,28,1,0,0,0,0,0,0,0,0,0,0,0,0,0,0,0,0,0,0
19489,150000,2,2,1,37,2,2,2,2,0,0,100390,108784,110405,106317,30906,31457,11600,4800,0,1240,1200,1200,0
19490,180000,2,1,2,42,2,2,2,2,2,2,130304,140191,142477,141674,146312,149133,13600,6000,3000,8500,5300,300,1
19491,180000,2,1,2,35,0,0,0,0,0,0,19369,7123,4569,29635,6489,0,7123,4569,36124,0,0,0,0
19492,30000,2,2,1,41,0,0,0,0,0,0,25735,27001,28261,29337,26189,21715,2000,2000,2000,500,1000,500,0
19493,380000,2,2,1,48,0,0,0,0,0,0,64001,60427,58603,58359,59527,58482,5000,7000,7359,10000,7000,10000,0
19494,130000,2,3,2,36,0,0,0,0,0,0,1738,1738,1738,1738,1738,1738,1738,1738,1738,1738,1738,1938,0
19495,170000,2,1,2,28,0,0,0,0,0,0,1311,3008,4244,1718,0,1125,3008,4244,1718,0,1125,0,0
19496,220000,2,1,1,43,0,0,0,2,0,0,941,911,9743,7480,22880,880,920,9752,0,22880,0,7270,1
19497,150000,2,1,1,49,1,0,0,0,0,0,0,0,0,12200,16961,3000,0,0,12200,16961,3000,493,0
19498,180000,2,5,2,34,1,0,0,0,0,0,0,149,0,0,0,0,149,0,0,0,0,0,0
19499,180000,2,1,2,46,0,0,0,0,0,0,0,0,0,0,0,0,0,0,0,0,0,0,1
19500,360000,2,1,2,27,1,0,0,0,0,0,0,0,0,0,0,0,0,0,0,0,0,0,0
19501,150000,2,1,1,30,0,0,0,0,0,0,107799,16332,13837,15855,9049,3244,16363,10149,10000,7000,0,0,0
19502,170000,2,5,1,39,0,0,0,0,0,0,1803,217,10121,12180,15667,9224,218,10121,12180,5011,0,265,0
19503,50000,2,1,2,44,0,0,0,0,0,0,10012,11039,12549,16995,17490,18253,1500,2000,5000,778,1200,752,0
19504,300000,2,1,2,39,0,0,0,0,0,2,87540,89792,91558,93741,99802,97711,5000,4500,5000,8000,0,4000,0
19505,450000,2,1,2,40,0,0,0,0,0,0,799,0,0,0,0,0,0,0,0,0,0,0,0
19506,210000,2,2,1,29,0,0,0,0,0,0,145499,107712,-564,4270,143607,144505,4751,0,6000,143754,5000,5314,0
19507,80000,2,2,1,30,2,2,0,0,0,0,15304,0,0,0,1005,5,0,0,0,1005,0,0,0
19508,240000,2,2,1,32,0,0,0,0,0,0,0,0,0,0,0,0,0,0,0,0,0,0,0
19509,110000,2,2,2,32,0,0,0,0,0,0,68014,68788,70880,72403,73600,75261,2500,3200,3300,3000,3000,2746,0
19510,400000,2,3,1,40,0,0,0,0,0,0,27035,28119,31166,35238,1408,4869,28204,33716,37400,1408,4869,5539,0
19511,90000,2,2,1,49,1,0,0,0,0,0,0,0,0,2146,2452,6990,0,0,2146,2452,6990,3550,1
19512,210000,2,1,2,29,0,0,0,0,0,0,199251,205143,192260,168511,144980,153706,9025,8507,5740,5128,11000,0,0
19513,260000,2,1,2,31,0,0,0,0,0,0,69343,70585,71430,73837,73271,74266,4000,4000,4007,13990,2056,2623,0
19514,170000,2,1,2,27,0,0,0,0,0,0,89909,61785,17848,14000,124208,122955,8941,3848,4000,124208,5000,5000,0
19515,210000,2,2,2,30,1,0,0,0,2,0,0,0,474,17171,16625,17030,0,474,17171,0,800,5000,0
19516,200000,2,1,1,38,1,0,0,0,0,0,0,0,0,0,0,0,0,0,0,0,0,0,0
19517,560000,2,1,1,45,0,0,0,0,0,0,34669,150228,151425,143343,127225,130479,150000,60052,10268,27225,15000,20000,0
19518,540000,2,1,2,34,0,0,0,0,0,0,1128,1784,892,946,946,946,1784,892,1000,946,946,946,0
19519,100000,2,2,1,29,0,0,0,0,0,0,500,0,0,0,0,0,0,0,0,0,0,0,0
19520,80000,2,2,1,26,0,0,0,0,0,0,77758,80468,82150,0,0,0,4000,4000,0,0,0,0,1
19521,30000,2,2,1,35,2,2,2,2,2,0,23785,20946,23785,24422,23688,19626,0,3500,1319,0,800,1610,1
19522,80000,2,2,1,28,0,0,0,0,0,0,77856,76079,78410,55417,50733,50441,3670,4520,3311,50441,1800,2100,1
19523,50000,2,1,2,28,2,2,0,0,0,0,19930,19316,20347,21354,21630,23123,0,1646,1653,929,2000,0,1
19524,120000,2,1,2,26,0,0,0,0,0,0,43629,56933,54724,32400,9207,5828,25000,45000,5151,2000,5000,9115,0
19525,240000,2,2,1,32,0,0,0,0,0,0,24615,27500,0,0,0,0,5000,0,0,0,0,0,0
19526,260000,2,2,1,33,0,0,0,0,0,0,3342,8978,4331,13860,1987,5626,9023,4353,13929,1997,5654,3964,0
19527,280000,2,2,2,33,0,0,0,0,0,0,71174,66228,39379,13409,40854,2930,2290,1304,1000,29485,2930,0,0
19528,30000,2,2,1,35,0,0,0,0,0,0,31955,30429,27286,21919,19015,2732,1800,1388,1501,1001,2732,3280,1
19529,150000,2,3,2,38,1,0,0,2,2,2,1589,1335,9447,4887,11181,6692,1339,9460,0,6702,16,8242,0
19530,350000,2,2,1,36,0,0,0,0,0,0,21026,35588,38002,40357,43663,52735,15000,3000,3000,4000,10000,25000,1
19531,100000,2,2,2,34,0,0,0,0,0,0,1919,1831,163,1028,0,0,1831,163,1028,0,0,0,0
19532,320000,2,1,1,46,0,0,0,0,0,0,57593,534,2709,0,7779,0,534,2709,0,7779,0,417,0
19533,380000,2,2,1,41,3,3,2,0,0,0,415735,400246,384705,383332,381423,377466,0,0,15135,13212,13529,15212,1
19534,40000,2,2,2,43,1,3,2,2,3,2,9268,8974,8885,10583,10269,9960,0,200,2000,0,0,1200,0
19535,100000,2,3,1,43,0,0,0,0,0,0,5719,6633,3461,4471,4560,4656,1043,1064,1074,163,169,169,0
19536,270000,2,1,2,30,0,0,0,0,0,0,81488,76257,70685,66539,61069,56211,3000,5000,3000,2200,2100,3879,0
19537,30000,2,3,1,44,2,0,0,0,0,0,26627,27631,29179,30146,26371,27567,1452,2000,1500,933,2000,3000,1
19538,50000,2,2,2,40,0,0,0,0,0,0,19869,15584,4377,0,0,0,15584,4377,0,0,0,0,0
19539,180000,2,1,2,30,0,0,0,0,0,0,44478,40311,43847,50763,69026,32030,8000,10000,10000,23000,5000,4000,0
19540,150000,2,1,2,31,0,0,0,0,0,0,5596,2569,0,0,0,302,2573,0,0,0,302,176,0
19541,360000,2,1,1,32,0,0,0,0,0,0,16039,20396,19382,13874,9398,10773,5000,2000,5019,2000,2500,5000,0
19542,170000,2,1,1,38,0,0,0,0,0,0,5910,0,0,0,0,3001,0,0,0,0,3001,9436,0
19543,140000,2,2,2,37,0,0,0,0,0,0,86858,89509,91476,92591,95887,97739,5000,4300,3600,5000,3310,3400,0
19544,90000,2,2,1,41,0,0,0,0,0,0,25388,26460,26711,27722,28116,28552,1800,1747,1758,1152,1038,1073,0
19545,20000,2,3,2,46,0,0,0,0,0,0,942,942,9849,3870,6630,1170,942,9849,3870,6700,4780,150,0
19546,160000,2,3,1,28,2,2,2,2,0,0,132528,135846,136732,101473,100895,103107,7000,5000,0,3770,4000,4000,0
19547,30000,2,2,2,36,0,0,0,0,0,0,26535,27131,27294,27853,28033,28756,1433,1481,1430,1000,1543,1200,0
19548,300000,2,2,1,38,1,0,0,0,0,0,0,0,0,1000,890,390,0,0,1000,390,390,540,1
19549,80000,2,2,2,24,2,0,0,0,0,0,81228,76590,73327,69760,50642,48690,3400,2800,3038,2000,2000,2000,1
19550,360000,2,1,2,32,0,0,0,0,0,0,11358,17580,17416,14789,11800,21831,7079,7000,5000,0,11831,13000,1
19551,460000,2,1,2,41,0,0,0,0,0,0,6302,31293,0,0,0,18165,31321,0,0,0,18165,2008,0
19552,30000,2,3,2,46,2,2,0,2,0,0,19830,15915,1736,1170,780,780,0,1736,0,0,0,0,0
19553,80000,2,2,1,37,0,0,0,0,0,0,2000,2000,2000,2000,2000,2000,2000,2000,2000,2000,2000,4206,1
19554,140000,2,5,2,25,0,0,0,0,0,0,91485,78704,79449,45514,42155,42812,3009,3411,1523,1352,1526,1505,0
19555,280000,2,2,1,43,2,0,0,0,0,0,644,499,1641,5280,6913,-741,499,1641,5280,6915,0,0,0
19556,300000,2,2,1,28,0,0,0,0,0,0,30631,14623,9728,28960,26589,18171,1373,1010,42348,0,0,173,0
19557,30000,2,2,1,29,2,2,2,0,0,2,15361,18274,17697,18416,20099,21631,3175,0,1317,2000,2000,0,1
19558,500000,2,1,1,37,0,0,0,0,0,0,208068,188873,170225,170407,196150,167748,30072,10093,20031,60030,15008,8008,0
19559,180000,2,2,1,42,0,0,0,0,0,2,258662,265416,279551,285045,298652,296036,11056,20000,12000,18000,0,5651,0
19560,160000,2,3,1,37,0,0,0,0,0,0,17500,15933,19536,7550,6977,7811,10000,10000,3006,3000,3000,0,0
19561,200000,2,1,1,40,0,0,0,0,0,0,0,0,2479,0,0,0,0,2479,0,0,0,0,0
19562,130000,2,2,1,37,0,0,0,0,0,0,110434,108740,122873,122870,120373,134146,4100,20000,6000,5000,20000,6000,0
19563,230000,2,3,2,30,0,0,0,0,0,0,2380,0,0,0,0,31868,0,0,0,0,31868,13216,0
19564,230000,2,1,2,34,0,0,0,0,0,0,3251,4342,2557,4440,4832,6059,4347,2557,4443,4832,6314,7897,1
19565,60000,2,3,1,48,0,0,0,0,0,0,316,316,316,316,316,316,316,316,316,316,316,316,1
19566,80000,2,2,1,47,0,2,2,0,0,0,4166,3908,0,3521,0,14206,0,0,3521,0,14206,7500,0
19567,240000,2,2,1,47,0,0,0,0,0,0,27884,23222,0,0,13143,27383,23610,0,0,13143,27383,21718,0
19568,240000,2,2,2,30,0,0,0,0,0,0,35380,64013,51380,25438,19376,12889,64013,1651,1705,564,2093,144734,0
19569,220000,2,3,1,33,0,0,0,0,0,0,1037,1062,0,0,0,0,1062,0,0,0,0,0,0
19570,50000,2,2,1,44,0,0,0,0,0,0,10950,5662,6797,7565,9565,11357,1097,1232,1000,2000,2000,4000,1
19571,50000,2,3,1,42,0,0,0,0,0,0,50562,50906,48888,47037,12187,9962,2000,2009,1180,1000,1000,348,0
19572,50000,2,2,1,38,0,0,0,0,0,0,588,588,588,926,643,643,588,588,926,643,643,643,0
19573,90000,2,2,1,39,0,0,0,0,0,0,1330,950,1330,950,950,11786,950,1330,950,950,11786,1250,1
19574,80000,2,2,2,46,0,0,0,2,0,0,79812,80717,80366,74782,47767,49278,2854,7014,44,1693,4000,0,0
19575,190000,2,3,1,43,0,0,0,0,0,0,93359,95376,98954,101512,106708,109639,3404,4954,4512,6708,4639,4793,0
19576,210000,2,1,1,31,0,0,0,0,0,0,157544,160437,129247,119579,120318,107122,7505,7072,4009,8000,10000,12000,0
19577,370000,2,2,1,45,0,0,0,0,0,0,137250,141167,103000,41200,1109,99723,5927,5000,41200,1109,99723,5000,0
19578,80000,2,2,1,45,1,2,2,2,2,2,53916,52462,55327,56804,57469,58505,0,4327,3000,2200,2100,0,1
19579,220000,2,2,1,32,0,0,0,0,0,0,28853,29145,27171,22067,17831,15671,2000,4000,1420,2000,3000,30789,0
19580,230000,2,2,1,44,0,0,0,0,0,0,899,1000,1685,3207,1941,329,1000,1685,3207,0,329,2208,0
19581,200000,2,2,1,39,0,0,0,0,0,0,13145,15549,21375,9312,23958,10825,15571,21488,9312,23958,10825,10773,0
19582,400000,2,1,2,31,0,0,0,0,0,0,5974,2600,110958,164959,130737,128312,2600,110958,110000,20000,58312,9031,0
19583,80000,2,2,2,44,0,0,0,0,0,0,22771,17047,11885,8254,5144,15365,1239,1435,1350,5144,15365,2250,0
19584,360000,2,2,1,36,0,0,0,0,0,0,16557,18369,20067,48307,12918,12375,3000,2000,29079,1066,1000,1000,0
19585,310000,2,1,2,35,0,0,0,0,0,0,308105,303679,278488,256962,262381,278117,13088,9834,9500,9700,20200,11000,1
19586,150000,2,1,2,29,0,0,0,0,0,0,80299,81963,84641,86330,88885,97402,3000,4000,4000,4000,10000,4000,0
19587,80000,2,2,2,30,0,0,0,0,0,0,90562,85919,83023,79031,41149,30244,3340,2000,83731,2000,2000,1000,0
19588,40000,2,2,1,30,2,2,2,2,2,2,14408,15370,16320,16456,16492,16086,1500,1500,700,600,0,1600,1
19589,320000,2,1,2,30,0,0,0,0,0,0,2419,3193,5127,6871,7751,8623,2000,2000,2000,1000,1000,1000,0
19590,170000,2,2,2,38,0,0,0,0,0,0,153123,151050,148362,142223,126060,123978,7000,6000,5012,5000,5000,5000,0
19591,80000,2,2,2,36,0,0,0,0,0,0,23347,29927,53599,52038,53175,55751,10000,24369,2500,2500,5000,2700,0
19592,420000,2,1,1,33,2,0,0,0,0,0,8117,20837,21610,10654,4427,1800,20837,1118,10658,6341,0,3,0
19593,170000,2,2,1,45,0,0,0,0,0,0,169625,169944,169829,162988,125969,127643,6081,6336,5205,4452,4592,4677,0
19594,230000,2,1,1,40,0,0,0,0,0,0,1163,0,1487,826,-4,-4,0,1487,830,0,0,1342,0
19595,200000,2,1,1,35,0,0,0,0,0,0,20375,12588,9571,0,0,0,1089,1526,0,0,0,0,0
19596,430000,2,2,1,42,2,2,2,2,2,2,282880,289358,296219,300873,294527,308523,12700,13000,11000,0,19000,15000,1
19597,100000,2,2,1,32,0,0,0,2,0,0,18641,23380,33045,32346,36597,46121,5000,10000,0,5000,10000,0,0
19598,210000,2,1,2,32,1,0,0,0,0,0,15207,16529,16915,16266,571,18827,16529,16920,16266,0,19136,0,0
19599,50000,2,1,1,40,0,0,0,0,0,0,0,1470,0,0,591,426,1470,0,0,591,426,595,0
19600,290000,2,1,2,36,0,0,0,0,0,0,57721,57256,57094,55293,54738,55435,2514,3007,2004,2101,2503,2503,0
19601,200000,2,1,2,32,0,0,0,0,0,0,0,0,2090,0,0,2820,0,2090,0,0,2820,10540,0
19602,170000,2,1,2,37,0,0,0,0,0,0,7365,255,4884,4442,1800,0,255,4892,4478,1800,0,150,0
19603,30000,2,2,2,38,0,0,0,0,0,0,9730,0,0,0,0,0,0,0,0,0,0,0,0
19604,360000,2,2,1,48,0,0,0,0,0,0,2500,0,0,0,0,0,0,0,0,0,0,0,1
19605,110000,2,1,2,31,1,0,0,0,0,0,0,0,0,0,0,0,0,0,0,0,0,0,0
19606,180000,2,1,1,31,0,0,0,2,2,2,151776,157050,167293,168074,167235,179461,9300,14300,5000,3400,15000,6017,0
19607,220000,2,2,2,34,0,0,0,0,0,0,93815,96121,56148,35642,33516,30177,4300,2407,2000,2000,1100,1000,0
19608,190000,2,2,2,34,0,0,0,0,0,0,90945,77668,79321,80401,80872,77377,3500,3500,3000,3083,3000,3000,0
19609,150000,2,4,2,29,0,0,0,0,0,0,17196,12991,3305,11164,18803,22891,2012,3310,11164,18800,10000,16910,0
19610,350000,2,2,1,38,0,0,0,0,0,0,62862,79927,76057,65139,56984,55038,24000,6000,5000,3000,6000,5000,0
19611,240000,2,2,1,47,0,0,0,0,0,0,121386,123877,127344,125050,126479,130266,6000,7000,6500,5000,6000,6000,0
19612,230000,2,2,2,30,0,0,0,0,0,0,0,63508,59835,60963,59337,71089,63508,2300,2200,2200,25000,2400,0
19613,500000,2,1,1,29,0,0,0,0,0,0,6887,2926,2546,5495,180,-486,2940,2569,6360,3,0,3012,0
19614,160000,2,2,1,30,0,0,0,0,0,2,33712,14116,-2985,1472,2985,1513,14116,0,4457,1513,0,1328,0
19615,290000,2,1,2,30,0,0,0,0,0,0,41626,8341,17333,34539,35288,35438,5004,10000,18000,1200,3000,2000,0
19616,50000,1,2,2,30,0,0,0,0,0,0,22459,48535,49350,26499,21071,18713,26499,2248,1332,544,713,3703,0
19617,270000,2,1,2,30,2,2,2,0,0,0,172933,184761,164009,161843,151862,0,19028,0,3451,5004,0,0,1
19618,260000,2,2,2,30,0,0,0,0,0,0,4456,177,1406,1006,436,5860,177,1406,1006,440,5860,1306,0
19619,180000,2,3,1,31,0,0,0,0,0,0,10790,7239,30418,31370,13496,23943,7239,30418,31370,13496,12000,22593,0
19620,180000,2,2,2,32,0,0,0,0,0,0,0,0,1980,0,0,858,0,1980,0,0,858,0,0
19621,50000,2,5,1,33,0,0,0,0,0,0,43268,39605,39702,39200,40000,0,2011,2000,1000,800,0,0,0
19622,50000,2,2,1,34,2,0,0,0,0,0,47993,49051,39945,40254,20040,3563,2010,1904,2214,1000,129,131,1
19623,80000,2,1,1,37,0,0,0,0,0,0,27695,15372,25919,18449,2655,20808,10000,25919,18449,2655,20808,0,1
19624,250000,2,2,1,37,0,0,0,0,0,0,212954,215928,221963,224949,229577,234221,8000,9510,8160,8364,8493,8625,0
19625,80000,2,2,1,45,0,0,0,0,0,0,81328,82150,0,0,0,0,3750,0,0,0,0,0,0
19626,160000,2,2,1,37,0,0,0,0,0,0,13307,22887,16846,2150,1033,8264,22887,16890,2150,0,8264,8799,0
19627,30000,2,2,2,42,0,0,0,0,0,0,27855,30787,30128,25178,21060,16893,5000,5137,2189,2007,1009,655,0
19628,100000,2,2,1,44,0,0,0,0,0,0,1603,1440,1440,1440,1440,6059,1440,1440,1440,1440,6059,1440,0
19629,100000,2,2,1,46,1,0,0,0,0,0,0,766,305,0,0,0,766,305,0,0,0,0,0
19630,130000,2,2,1,45,0,2,0,0,0,0,1980,990,990,990,990,1130,0,990,990,990,1130,1000,0
19631,80000,2,2,1,35,0,0,0,0,0,0,81513,82816,74170,73609,46443,47231,3612,2830,2194,1797,2000,2000,0
19632,170000,2,1,1,41,0,0,0,0,0,0,93095,95044,98505,99970,102303,104654,3500,5000,4000,4000,4000,4000,0
19633,280000,2,1,1,42,0,0,0,0,0,0,6425,3746,3863,5740,0,1170,3746,3863,5740,0,1170,4198,0
19634,500000,2,3,1,44,2,0,0,0,0,0,1273,79108,329774,328950,336073,1257,79113,255005,6780,8401,1262,2120,1
19635,300000,2,2,2,41,0,0,0,0,0,0,1215,43909,27785,5221,1278,3245,43943,27863,5234,1278,3245,22,0
19636,310000,2,2,1,42,0,0,0,2,0,0,21692,19697,17257,7900,17161,14585,19697,2270,4,17161,7030,0,0
19637,120000,2,1,2,29,0,2,0,0,2,0,8318,2730,3647,10730,1835,5843,0,3647,10752,0,5658,6928,0
19638,50000,2,3,1,49,2,0,0,0,0,0,48297,50487,51400,0,0,0,3000,2400,0,0,0,0,1
19639,340000,2,4,2,29,0,0,0,0,0,0,262621,167331,169625,104501,102700,103824,24298,7068,8015,10053,15000,9507,0
19640,90000,2,1,2,31,2,2,3,3,3,2,20052,79532,79872,80662,80740,83275,59872,2200,2700,2000,4000,2200,0
19641,60000,2,1,2,32,1,2,0,0,0,2,17992,17405,18619,19636,20326,21534,0,1500,1328,1018,1687,778,1
19642,380000,2,1,2,29,0,0,0,0,0,0,384979,276655,174060,172167,142135,152135,20000,9500,4180,0,10000,5000,0
19643,200000,2,1,2,29,0,0,0,0,0,0,2692,4399,5555,5818,3686,2014,4403,5573,5947,3686,2041,2540,0
19644,460000,2,1,2,29,0,0,0,0,0,0,82315,170894,160223,160894,165246,169983,90150,7018,7000,7002,8007,8038,0
19645,300000,2,2,1,30,0,2,0,0,0,0,10940,10104,1610,2749,155,3167,0,1610,2768,155,3167,435,0
19646,360000,2,1,2,30,0,0,0,0,0,0,4765,3415,1539,6501,3458,2786,3434,1546,6541,3475,2788,5710,0
19647,120000,2,2,1,30,0,0,0,0,0,0,25657,27877,1150,29225,25893,11707,3000,2000,29225,2000,2000,20000,0
19648,500000,2,2,1,31,1,0,0,0,0,0,0,5377,4131,44588,44388,5085,5377,4131,44588,0,0,3148,0
19649,210000,2,1,1,33,0,0,0,0,0,0,199851,190551,192717,195700,150525,137565,7000,7791,7000,5254,5400,5380,1
19650,180000,2,2,1,33,2,2,2,2,2,2,115166,122519,123087,126564,123040,129098,10800,4000,7000,0,8200,1500,1
19651,200000,2,2,1,32,0,0,0,0,0,0,47550,51427,52672,53682,51841,52921,5000,2672,2492,2006,2069,2258,0
19652,240000,2,2,1,32,0,0,0,0,0,0,12000,0,0,0,0,0,0,0,0,0,0,0,0
19653,50000,2,2,1,32,0,0,0,0,0,0,943,0,0,0,20650,0,10528,0,0,20650,0,0,0
19654,240000,2,1,2,32,0,0,0,0,0,0,89988,27329,21061,27585,18019,18116,18063,18008,27067,18046,10018,17038,0
19655,160000,2,3,1,33,0,2,0,0,0,0,2364,1095,2190,0,0,0,0,2190,0,0,0,0,1
19656,150000,2,1,2,33,0,0,0,0,0,0,11529,6745,6177,7215,7644,8367,2000,1262,1300,700,1000,950,0
19657,100000,2,1,2,33,0,2,2,0,0,0,5640,1570,0,3198,3198,5198,0,0,3198,0,2000,3348,0
19658,50000,2,2,2,33,1,2,0,0,0,0,49633,48475,41848,40136,40626,41970,24,2039,1965,1455,2000,1877,0
19659,180000,2,1,2,33,0,0,0,0,0,0,31689,30210,39634,42625,44935,48436,10000,10000,5000,3000,10000,30000,0
19660,50000,2,2,1,33,1,2,0,0,2,0,23250,22578,23611,25825,25111,25708,0,1397,2611,0,1000,1092,1
19661,20000,2,3,3,44,0,0,2,2,0,0,18126,20771,20434,19874,19546,0,3599,1200,1000,400,0,0,1
19662,120000,2,2,2,39,0,0,0,2,0,0,2753,0,390,390,780,1206,0,780,0,780,1206,0,0
19663,320000,2,1,2,44,0,0,0,0,0,0,29227,49177,143588,82261,44242,22999,49619,143588,82691,44242,24010,128424,0
19664,370000,2,2,1,36,0,0,0,0,0,0,219386,181046,169132,128553,88817,83763,10500,14045,8553,8817,10763,2526,0
19665,210000,2,2,2,37,0,0,0,0,0,0,26557,31090,58054,44624,43339,44245,5000,28008,15000,1552,1605,1615,0
19666,220000,2,3,2,40,0,0,0,2,0,0,197139,166221,178594,174330,179525,184562,6500,15000,0,8000,8000,15000,0
19667,220000,2,2,2,41,0,0,0,0,0,0,119951,122336,126415,127447,129983,132727,4375,6047,4622,4652,4838,4838,0
19668,210000,2,3,2,36,2,0,0,0,0,0,420522,203447,206683,99411,63322,73433,16000,6549,4500,2407,12700,3200,0
19669,200000,2,2,1,34,0,0,0,0,0,0,5481,6430,4494,4771,9454,8595,1068,1140,1000,5000,3000,3000,0
19670,180000,2,2,1,41,0,0,0,0,0,0,9309,7596,9086,11477,4817,7121,1119,1609,3000,2500,5000,5000,0
19671,60000,2,2,1,44,1,2,0,0,0,0,61049,57244,47551,36795,30596,28354,0,2400,2100,1300,1300,1300,0
19672,430000,2,2,1,37,0,0,0,0,0,0,17800,18175,11153,11073,2853,3177,2003,2000,1030,2350,2000,1150,0
19673,20000,2,2,1,34,0,0,0,0,0,0,5185,6547,8879,10926,17536,2090,2000,3000,3000,7000,2090,0,0
19674,50000,2,2,1,35,0,0,0,0,0,0,48658,50709,36114,23706,20166,19930,3000,2000,3005,700,1000,1000,0
19675,500000,2,1,2,38,0,0,0,0,0,0,2937,5242,17840,11303,6943,16409,5242,17840,11642,6943,16409,3362,0
19676,340000,2,1,2,37,0,0,0,0,0,0,334125,335778,343792,301895,198944,197439,13562,15000,12000,8120,7720,4000,0
19677,80000,2,3,1,40,0,2,0,0,0,0,780,390,390,25190,390,390,0,390,25190,390,390,9278,1
19678,230000,2,1,1,41,0,0,0,0,0,0,54598,48568,43140,34039,26622,11891,1528,1538,1777,1160,1500,1000,0
19679,170000,2,2,2,37,0,0,0,0,0,0,170687,29570,31776,34228,36645,38885,3000,3000,3000,3000,3000,3000,0
19680,260000,2,2,1,40,0,0,0,0,0,0,411,209,217,613,2339,1474,209,217,613,2339,0,1254,0
19681,120000,2,2,1,34,0,0,0,0,0,0,8505,4086,6389,4520,8708,1520,4086,6389,4520,8708,1520,1520,0
19682,110000,2,2,1,39,0,0,0,0,0,0,102801,104907,108107,96213,68003,52684,3818,4955,3446,3000,3000,4000,0
19683,200000,2,2,1,46,0,0,0,0,0,0,106651,103173,104137,103422,95206,65108,3692,5000,3300,2500,2930,1500,0
19684,80000,2,3,1,46,0,0,0,2,0,0,25505,14696,1278,1107,16634,2136,1000,2278,0,17000,2500,0,1
19685,420000,2,3,2,35,0,0,0,0,0,0,65958,63715,62201,56125,49114,47563,3500,3002,2200,1700,1800,1700,0
19686,50000,2,1,1,38,0,0,0,2,0,0,10379,11200,14568,14008,14827,19297,1000,3560,0,1000,4656,712,1
19687,30000,2,2,1,39,2,2,0,0,0,0,31207,30399,30147,29366,29555,29793,0,2000,1500,1010,1055,1089,1
19688,210000,2,3,1,40,0,0,0,0,0,0,2616,7537,6730,3447,16220,5566,7537,6730,3447,16220,7564,2632,0
19689,240000,2,1,1,33,0,0,0,0,0,0,214361,218626,223329,227820,227154,231935,7830,8231,8332,8187,8500,8029,0
19690,240000,2,1,1,45,0,0,0,0,0,0,8732,5286,5596,3328,3763,9529,5286,5596,3328,3763,9529,4895,0
19691,390000,2,2,1,37,0,0,0,0,0,0,175363,164292,144731,145140,130727,131619,5551,5358,5500,5000,20000,10000,0
19692,30000,2,2,2,33,0,0,0,0,0,0,498,4831,477,8560,1550,955,4831,477,8561,1550,955,570,0
19693,50000,2,3,1,37,0,2,0,0,0,0,2564,2378,4167,5438,6193,6939,0,2000,1500,1000,1000,1000,0
19694,70000,2,2,1,49,0,0,0,0,0,0,64049,66079,67488,58246,48859,46688,3700,3100,2200,1600,1850,1800,1
19695,180000,2,2,1,38,0,0,0,0,0,2,36479,38813,40611,42641,45287,44577,2810,2600,2568,3214,0,1630,0
19696,180000,2,3,1,49,0,0,0,0,0,0,92140,92517,94808,89137,88637,84966,3892,5002,3153,5000,3037,3200,0
19697,470000,2,1,1,37,0,0,0,0,0,0,163000,160298,135683,128719,116173,104283,10047,5001,6010,4512,4012,3522,0
19698,120000,2,2,1,38,2,2,2,2,2,2,63700,65069,66450,67373,68186,68959,3000,3000,2600,2500,2000,3000,1
19699,390000,2,2,1,33,0,0,0,0,0,0,8243,4610,7599,2947,86790,3628,4644,7677,2947,87476,3639,7769,0
19700,50000,2,3,1,48,1,2,0,0,0,0,49621,46863,46153,45284,23653,20733,0,2010,1807,812,743,844,1
19701,50000,2,3,1,39,0,0,0,0,0,0,48694,46514,47771,43739,29090,24317,1803,2060,2025,1375,1035,900,0
19702,140000,2,1,2,32,0,0,0,0,0,0,112933,114564,118713,121248,123232,126242,5000,6000,6000,5500,5000,6000,0
19703,160000,2,1,1,40,0,0,0,0,0,0,0,3843,1876,4493,5929,2973,3843,1891,4520,5950,2979,5188,0
19704,30000,2,3,1,37,0,0,0,0,0,0,3860,780,27557,28433,29477,28910,780,27557,2000,1500,1100,1500,0
19705,20000,2,2,1,31,0,0,0,0,0,0,5500,8360,6000,0,0,0,3000,1000,0,0,0,0,0
19706,100000,2,2,1,47,0,0,0,0,0,0,6666,6666,0,6270,-396,-396,6666,0,6270,0,0,0,1
19707,80000,2,2,1,47,0,0,0,0,0,0,2795,3807,4595,5172,5278,3206,1067,1121,1000,106,64,1000,0
19708,40000,2,2,2,24,1,3,2,2,0,0,24171,23498,24235,23557,24025,24528,0,1400,0,850,880,884,1
19709,180000,2,1,2,28,0,0,0,0,0,0,131007,131632,136239,138116,135246,130436,5000,7000,6500,5000,5000,5000,0
19710,80000,2,2,1,34,0,0,0,0,0,0,8413,4942,989,2799,2818,3638,1029,1225,2799,2000,2000,2000,0
19711,300000,2,4,1,41,0,0,0,0,0,0,3399,0,4358,862,862,287,0,4358,862,0,287,5159,0
19712,220000,2,1,2,29,3,3,2,2,2,0,4695,4488,4283,5807,5568,5827,0,0,1587,0,500,586,1
19713,80000,2,1,2,27,0,0,0,0,0,0,35303,36215,37330,38407,39168,40037,1800,2000,2000,1700,1650,3200,0
19714,290000,2,1,2,27,0,0,0,0,0,0,-4,-4,853,0,71,-73,0,857,0,71,0,14688,0
19715,360000,2,1,2,28,0,0,0,0,0,0,5446,-8,-8,4635,3875,1034,0,0,4643,1019,1039,984,0
19716,500000,2,2,1,32,0,0,0,0,0,0,26455,12229,989,2008,-59,11835,7060,1003,2018,59,11894,2,0
19717,430000,2,1,2,34,1,2,0,0,2,0,14965,11576,14099,15128,14647,16317,0,3000,3500,0,2000,2000,0
19718,280000,2,3,2,35,0,0,0,0,0,0,5716,0,105082,105908,98380,93649,0,105082,4172,3408,3489,5295,0
19719,150000,2,1,1,28,0,0,0,0,0,0,58322,36865,32311,12791,390,1508,36865,32311,12956,390,1508,2224,0
19720,200000,2,1,1,32,0,0,0,0,0,0,101685,100328,151733,147327,59949,39197,4000,59949,6000,2000,2000,2000,0
19721,110000,2,3,2,27,0,0,0,0,0,0,105979,108403,109172,111940,108594,111239,5340,4000,4600,4000,4450,4100,0
19722,150000,2,3,2,30,0,0,0,0,0,0,24523,22224,20880,17305,16094,18516,2029,3030,3118,3003,3040,2050,0
19723,120000,2,1,1,39,0,0,0,0,0,0,32598,51662,30285,24879,29479,27553,20092,10000,6000,5000,7553,14587,0
19724,500000,2,1,1,44,0,0,0,0,0,0,329570,71921,367979,294969,189612,128459,72001,368199,6486,234,90,167116,0
19725,270000,2,2,2,28,0,0,0,0,0,0,38875,38589,27846,21787,16429,5488,6000,2000,1200,330,2000,8258,0
19726,50000,2,2,2,29,0,0,0,0,0,0,24399,23495,22611,14174,10809,9004,4000,5000,4000,3000,1000,3000,0
19727,300000,2,3,2,30,2,2,2,2,2,2,131957,134790,137637,138886,140116,147715,6500,6500,5000,5000,10000,7000,0
19728,140000,2,2,2,30,0,0,0,0,0,0,97288,98068,98098,97055,97035,101525,4400,4500,3500,3500,8000,500,1
19729,170000,2,1,2,32,0,0,0,0,0,0,6699,2999,4896,68,2761,2673,2999,4904,68,2761,2673,1861,0
19730,320000,2,2,1,35,0,0,0,0,0,0,158942,155925,126767,114110,109637,95850,5057,4606,5800,3375,3324,2500,0
19731,200000,2,3,1,39,0,0,0,0,0,0,145687,146519,144315,130807,124688,122518,7627,4631,5066,5033,5007,5125,0
19732,50000,2,2,1,31,0,0,0,0,0,0,0,323,0,0,0,0,323,0,0,0,0,0,0
19733,120000,2,2,1,32,0,0,0,0,0,0,37981,36149,37179,38500,38955,39926,1586,1616,1937,1392,1596,1684,0
19734,170000,2,2,2,38,0,0,0,0,0,0,13451,10539,2087,6720,23000,0,10539,2087,6720,23000,0,44400,0
19735,150000,2,1,2,40,0,0,0,0,0,0,798,2305,1036,5022,3938,316,2309,1036,5048,3946,316,314,0
19736,200000,2,1,2,27,0,0,0,0,0,0,62574,63814,65265,66234,62356,55080,2278,2473,2161,2075,1973,2000,0
19737,110000,2,1,1,30,0,0,0,0,0,0,49069,14241,15205,16267,53869,54138,1600,1500,1400,38002,1415,1010,0
19738,50000,2,2,1,35,3,2,0,0,0,0,50437,49317,42052,22679,19099,19648,0,2000,1500,1000,1000,1000,0
19739,50000,2,3,1,42,0,0,0,0,0,0,13562,14821,16657,17863,16811,16802,1500,2500,1518,1000,2000,1000,0
19740,50000,2,2,1,46,2,3,3,2,0,0,64350,63192,57205,54371,19946,17406,5000,0,0,613,573,593,1
19741,110000,2,2,1,30,0,0,0,0,0,0,101706,102946,104260,104162,104754,105707,3687,3850,3670,3662,4000,3795,0
19742,160000,2,1,2,32,0,0,0,0,0,0,6919,2384,3642,9889,4473,5375,2389,3642,9889,4473,5591,4951,0
19743,20000,2,2,2,43,0,2,0,0,0,0,6483,6233,7254,8106,8418,8440,0,1283,1135,447,306,307,1
19744,200000,2,2,1,48,0,0,0,0,0,0,93713,59223,50290,49771,92192,90772,1866,1762,1827,53248,3293,3314,0
19745,460000,2,1,1,45,0,0,0,0,0,0,184,1899,1819,1572,237,1572,1904,1819,1572,237,1572,230,0
19746,50000,2,3,2,43,2,0,0,0,0,0,344,5036,1780,5808,390,780,5128,1780,5808,390,780,0,0
19747,80000,2,2,2,35,0,0,0,0,0,0,28590,27635,26808,27680,26658,27324,1500,1600,3400,1300,3000,2000,0
19748,180000,2,1,1,40,0,0,0,0,0,0,15118,6041,1459,2178,2634,968,6047,3262,2178,2634,968,2432,0
19749,440000,2,2,2,39,0,0,0,0,0,0,431557,743970,423621,385873,364175,376228,18174,20341,13005,15410,72000,14500,0
19750,300000,2,2,2,31,0,0,0,0,0,0,188,188,585,207,0,0,188,585,207,0,0,378,0
19751,180000,2,2,2,33,0,0,0,0,0,0,437,0,437,0,4013,0,0,437,0,4013,0,1518,1
19752,80000,2,2,2,47,0,2,0,0,0,0,3598,2464,7156,2099,915,915,2,7156,2099,0,915,1065,0
19753,20000,2,2,1,41,1,2,2,0,0,0,10774,11596,11119,12429,12370,12659,1300,0,1502,443,489,2961,1
19754,310000,2,1,1,36,0,0,0,0,0,0,101941,71874,70459,72958,55547,30970,3016,3031,10091,1429,1500,10207,0
19755,180000,2,1,1,41,1,0,0,0,0,0,1520,-10,-10,3844,0,0,10,0,3854,0,0,0,0
19756,20000,2,2,1,42,2,0,0,0,0,0,15552,16560,17278,18289,18653,19195,1575,1293,1304,668,843,853,1
19757,480000,2,1,1,38,0,0,0,0,0,0,29414,33482,37501,41399,35489,33081,5002,5002,5031,1006,986,986,0
19758,90000,2,2,1,33,0,0,0,0,2,2,75451,76395,79168,84904,87914,90043,2800,4000,8000,5348,3700,3128,0
19759,310000,2,1,2,35,0,0,0,0,0,0,27089,37919,40136,31242,18962,9950,20000,21890,15000,9481,19900,0,0
19760,310000,2,1,1,35,0,0,0,0,0,0,143072,153378,176904,174117,125526,108107,30000,30000,10054,10000,10000,5000,0
19761,200000,2,2,1,34,0,0,0,2,0,0,7026,3815,4864,1958,805,3046,6599,5748,1958,805,3100,1311,0
19762,100000,2,2,1,34,0,2,2,0,0,0,246,246,123,7286,123,123,123,0,7286,123,123,123,1
19763,100000,2,3,1,35,0,0,0,0,0,0,79277,80928,81284,71748,67577,68217,3580,3439,2474,2400,2500,2523,0
19764,370000,2,2,1,35,0,0,0,0,0,0,201666,200757,192231,187486,191019,186529,7094,8500,6983,6500,7150,7000,0
19765,60000,2,3,1,46,0,0,0,0,0,0,58584,59250,52413,44436,28098,26749,2700,2219,1727,1120,1500,1100,0
19766,50000,2,2,2,39,2,2,0,0,0,0,50932,49799,47652,49336,28390,28985,0,2098,2782,936,971,874,0
19767,280000,2,1,2,35,0,0,0,0,0,0,92095,173354,193994,195250,204850,86279,83959,28869,13000,10000,5279,6160,0
19768,90000,2,3,1,46,0,0,0,0,0,0,5965,6978,8152,9009,9359,9460,1120,1293,1150,500,400,400,1
19769,360000,2,3,2,45,0,0,0,0,0,0,0,700,0,0,1526,0,700,0,0,1526,0,0,0
19770,100000,2,3,1,47,0,0,0,0,0,0,139550,70620,70000,70298,69677,69672,3500,2600,3000,2500,2500,2500,0
19771,30000,2,3,1,37,2,2,2,2,2,2,21368,22194,18098,14542,15758,13149,1500,1400,0,1527,0,524,1
19772,230000,2,5,2,40,0,0,0,0,0,0,0,0,150,1528,3028,4117,0,150,1528,1500,1500,4000,0
19773,180000,2,2,1,44,0,0,0,0,0,0,108,131,550,99,0,0,131,550,99,0,0,0,0
19774,150000,2,3,1,48,0,0,0,0,0,0,9730,0,1366,1388,3118,1148,0,1366,1388,3118,1148,496,0
19775,240000,2,1,1,37,0,0,0,0,0,0,86701,90251,92900,93876,91678,94280,5000,5000,3511,4000,4000,4000,0
19776,110000,2,2,1,42,0,0,0,2,2,0,5174,6184,8383,8394,7709,8084,1106,2393,300,0,500,500,0
19777,180000,2,1,2,36,0,0,0,0,0,0,980,960,20924,65041,50983,48533,960,20964,50988,110,971,1677,0
19778,50000,2,2,1,42,0,0,0,0,0,0,41836,26598,14487,16233,18543,20240,6000,2000,2000,3000,2000,2000,0
19779,170000,2,3,2,44,0,0,0,0,0,0,0,0,0,0,0,0,0,0,0,0,0,0,0
19780,120000,2,1,1,42,0,0,0,0,0,0,112237,114467,116900,119228,121805,115463,4097,4278,4308,11540,5685,4390,0
19781,400000,2,2,1,45,0,0,0,0,0,0,10985,2441,16046,2483,10719,1722,2441,16046,2483,10719,1722,2836,0
19782,240000,2,2,1,40,0,0,0,0,0,0,390,390,390,390,232,540,390,390,390,232,698,390,0
19783,50000,2,2,2,37,1,2,2,2,0,0,47071,40218,24587,14999,13410,7378,148,3115,3,1000,415,565,1
19784,290000,2,2,1,35,1,0,0,0,0,0,0,1839,1750,19117,12693,28468,1839,1750,19117,400,2000,3496,0
19785,150000,2,2,2,36,0,0,0,0,0,0,134797,138269,144163,146171,136004,138903,5600,8000,5775,5000,5200,3320,1
19786,170000,2,1,2,40,0,0,0,0,0,0,-3549,-8964,157499,160946,50228,53525,4557,168499,12008,3000,4000,10000,0
19787,230000,2,1,1,46,0,0,0,0,0,0,4957,9463,7697,5308,2048,6283,9467,7697,5308,2048,6283,18157,0
19788,180000,2,1,2,38,0,0,0,0,0,0,0,0,0,0,0,0,0,0,0,0,0,0,0
19789,260000,2,1,1,41,1,0,0,0,0,0,0,5848,0,8839,62140,6647,5848,0,8839,62140,6647,7573,0
19790,90000,2,2,1,41,0,0,0,0,0,0,61287,62678,63198,61633,62837,69422,3021,4236,3000,2000,7000,0,0
19791,520000,2,1,2,35,0,0,0,0,0,0,57536,60912,56728,55758,57911,54152,5000,7000,5000,5004,5000,5000,0
19792,50000,2,3,1,40,0,0,0,0,0,0,48489,49495,50866,48390,17953,23,1813,2184,1248,359,0,20706,1
19793,320000,2,1,1,45,1,0,0,0,0,0,0,0,0,370,9301,0,0,0,370,9301,0,0,0
19794,60000,2,3,1,42,0,0,2,2,2,0,26536,26443,18486,19077,18487,18429,5000,0,3000,2,1000,1000,0
19795,180000,2,2,1,39,0,0,0,0,0,0,2569,11662,11867,8111,6312,3739,11662,6003,8111,273,3739,6547,0
19796,290000,2,2,2,43,0,0,0,0,0,0,170373,168738,103299,104583,106447,104045,5007,3500,3500,4000,4000,5000,0
19797,300000,2,2,1,40,0,0,0,0,0,0,0,0,2454,217960,0,0,0,2454,218000,0,0,179999,0
19798,220000,2,1,1,47,0,0,0,0,0,0,3148,4206,30770,949,3359,619,4206,30775,949,3359,619,6641,0
19799,70000,2,2,1,32,0,0,2,2,2,2,15623,18370,19281,18674,21361,21872,3009,1500,0,3000,1000,0,1
19800,150000,2,3,1,40,0,0,0,0,0,0,0,0,0,0,0,4095,0,0,0,0,4095,0,0
19801,80000,2,2,1,40,0,0,0,0,0,0,3463,5143,8351,3234,1819,1909,5143,6458,3917,1819,2299,1909,0
19802,10000,2,3,1,41,0,2,0,0,2,2,1838,1651,172,2034,2069,1891,0,179,2034,214,0,283,1
19803,280000,2,2,1,46,0,0,0,0,0,0,34433,34763,25048,24116,50483,47056,1383,1647,1004,41551,2056,1670,0
19804,450000,2,2,1,43,0,0,0,0,0,0,1448,6018,10402,6110,7848,14279,6018,10426,6110,7848,14279,20723,0
19805,230000,2,2,2,34,0,0,0,0,0,0,1716,1518,909,-1307,-3237,-5459,1518,1000,0,0,0,0,0
19806,320000,2,1,2,35,0,0,0,0,0,0,0,0,2500,0,0,0,0,2500,0,0,0,0,1
19807,200000,2,2,1,42,0,0,0,0,0,0,25897,33587,46126,63720,80736,93354,10000,15000,20000,20000,15000,20000,0
19808,60000,2,2,1,37,0,0,0,0,0,0,38670,37606,35189,31373,28455,26598,1606,1674,1420,937,1006,1039,0
19809,50000,2,3,1,31,0,0,0,0,0,0,29731,30329,26823,27454,27286,27858,1500,1500,1500,1000,956,1000,0
19810,30000,2,3,1,47,1,2,2,2,0,0,13012,13502,13892,14369,15333,16289,1000,900,1000,1200,1200,1200,0
19811,260000,2,1,2,36,0,0,0,0,0,0,5160,0,15362,21068,27669,32202,0,15362,10000,7000,5000,5000,0
19812,210000,2,2,1,42,0,0,0,0,0,0,7065,1459,1835,2396,0,0,1459,1835,2396,0,0,0,0
19813,290000,2,2,2,41,0,0,0,0,0,0,32192,32595,14688,17105,18875,21304,2500,13500,3000,3000,3000,2000,0
19814,20000,2,3,1,41,0,0,2,0,0,0,6667,8989,8685,7698,8425,7900,2600,0,1300,1000,286,505,0
19815,100000,2,3,1,45,3,2,2,2,0,0,94471,92058,97624,94316,2065,0,0,8806,0,2065,0,0,1
19816,230000,2,2,1,40,0,0,0,0,0,0,33907,35038,36574,36985,37701,30735,2000,2100,1500,1000,1000,1000,0
19817,300000,2,1,1,36,0,0,0,0,0,0,28292,28686,29052,16662,9187,3617,1583,1364,1042,402,3631,7796,0
19818,20000,2,2,2,33,2,0,0,0,0,0,19946,18694,17228,16923,10467,10526,1593,1340,1171,402,600,538,1
19819,30000,2,3,1,42,0,0,0,2,2,2,21969,23306,27851,27098,29866,29276,1706,5251,0,3519,0,1368,1
19820,170000,2,2,2,43,1,0,0,0,0,0,0,1010,970,290,590,1222,1010,970,290,590,1222,0,0
19821,200000,2,2,1,46,0,2,2,0,0,2,2893,2881,1436,1261,2849,1438,1436,0,1261,2849,0,1261,1
19822,50000,2,3,2,46,0,0,0,0,0,0,47788,48885,49273,40385,36901,29263,2201,2250,1509,1329,1300,1200,0
19823,20000,2,2,1,41,0,0,0,0,0,0,20441,20245,20070,20621,20347,20389,1700,1700,1600,700,710,1001,0
19824,60000,2,2,1,32,0,0,0,0,0,0,59274,59240,59631,58105,57194,60650,2131,2133,2050,2191,5300,0,0
19825,20000,2,2,1,46,3,3,2,0,0,0,10145,9836,10525,18930,19320,19861,0,1000,9000,1000,1000,400,1
19826,220000,2,2,2,35,0,0,0,0,0,0,3327,-17,2706,0,0,92472,0,2723,0,0,92472,10000,0
19827,20000,2,3,1,43,0,0,0,0,0,0,14959,32006,17139,17979,18518,15243,1600,1700,1500,1000,1000,1780,0
19828,70000,2,2,2,33,0,0,0,0,0,0,9286,2748,4689,6569,4909,0,2748,2000,2009,2000,0,0,0
19829,380000,2,1,1,43,0,0,0,0,0,0,121868,114627,102551,101323,84087,86661,6000,5000,5000,5000,5000,5000,0
19830,30000,2,3,1,48,0,0,0,2,0,0,36956,35422,35714,32193,29979,28191,1553,3345,0,1000,1000,1000,0
19831,200000,2,2,2,35,1,0,2,0,0,0,-3258,7244,3498,10494,6996,3498,14000,0,10494,0,0,16248,0
19832,80000,2,2,2,36,1,2,2,2,0,0,81606,154026,82385,79795,48999,48161,0,7600,5,2000,2000,2000,1
19833,150000,2,2,2,38,0,0,0,0,0,0,26495,24906,6763,6581,6733,6882,1291,1101,1098,250,247,300,0
19834,210000,2,2,1,40,0,0,0,0,0,0,111508,113753,116845,113571,105052,104167,4100,5000,4009,3500,4000,5000,0
19835,70000,2,3,1,43,2,0,0,0,0,0,46092,40094,39610,31047,27431,16693,1700,1700,1243,1000,500,1000,0
19836,280000,2,2,2,38,0,0,0,0,0,0,92579,94451,96041,98301,74624,75173,4300,4000,4033,3000,3300,3500,0
19837,140000,2,2,1,35,0,0,0,0,0,0,326,326,6410,4246,326,326,326,6736,4246,326,326,502,0
19838,200000,2,4,1,44,0,0,0,0,0,0,0,1904,0,0,0,2206,1904,0,0,0,2206,686,0
19839,170000,2,2,2,40,0,0,0,0,0,0,117338,116936,115762,101581,100182,99565,4211,4002,4006,3412,3486,4000,0
19840,50000,2,2,1,49,1,2,2,2,0,0,19208,19608,22608,21951,22287,22778,1000,3321,0,1000,1000,1001,0
19841,90000,2,2,1,32,0,0,0,0,0,0,4857,-43,-43,968,4385,17889,0,0,1011,4385,17889,9455,0
19842,130000,2,1,1,33,0,0,0,0,0,0,63505,64121,66351,73399,71007,71253,5000,5000,10000,3000,3000,3228,0
19843,250000,2,1,1,40,2,2,2,0,0,0,170489,181700,177530,181147,184784,195574,13926,0,6408,6478,13629,0,0
19844,120000,2,1,2,35,2,2,2,2,0,0,110581,104687,112279,108089,88594,87630,0,10800,0,3500,3400,3500,1
19845,490000,2,1,1,37,1,2,0,0,0,0,18961,11232,19173,20400,27979,27622,0,9173,5400,7979,7622,0,0
19846,200000,2,1,1,43,1,0,0,0,0,0,0,601,0,0,0,259,601,0,0,0,259,150,1
19847,200000,2,2,1,42,0,0,0,0,0,0,192821,196113,202774,176737,147151,148866,8000,10120,6500,5500,7000,6000,0
19848,100000,2,2,1,30,2,0,0,0,0,0,736,1237,40476,41408,36362,34213,1237,43757,2005,1500,2000,2000,0
19849,280000,2,1,2,31,0,0,0,0,0,0,14697,4492,1415,15251,316,316,4501,2343,15289,316,316,3179,0
19850,290000,2,1,2,34,0,0,0,0,0,0,21849,9318,7964,10335,12000,13463,1500,2016,5000,2000,1463,3365,0
19851,160000,2,5,1,45,0,0,0,0,0,0,151214,154669,154102,149903,148435,158498,6000,5500,7000,6000,12500,6500,0
19852,230000,2,2,1,45,0,0,0,0,0,0,71149,71922,77500,72851,72860,48758,3000,11261,10000,2100,5000,5000,0
19853,130000,2,2,1,49,0,0,0,0,0,0,53714,55404,56566,57139,58300,59523,2570,2650,2100,2100,2150,3000,0
19854,420000,2,1,1,42,1,0,0,0,0,0,0,0,0,0,0,0,0,0,0,0,0,0,1
19855,20000,2,2,2,46,0,0,0,0,0,0,15717,16724,18051,18759,19132,19684,1276,1603,1311,684,860,874,0
19856,70000,2,2,1,38,1,2,0,0,2,0,73688,70254,71281,73229,71426,68911,0,2800,6500,0,2821,5500,1
19857,230000,2,1,1,47,0,0,0,0,0,0,-96,2935,2889,17978,9462,8134,3031,2889,17993,9468,8949,3915,0
19858,340000,2,1,2,38,0,0,0,0,0,0,250475,244597,241509,275045,268429,262575,11000,11060,50008,8400,10000,10000,0
19859,420000,2,1,2,34,0,0,0,0,0,0,19406,17791,11796,3089,4624,210,6000,1600,1000,4641,210,3523,0
19860,140000,2,1,1,34,0,0,0,0,0,0,22848,24459,26254,27728,28047,29315,2000,2000,2000,1000,1500,2000,0
19861,30000,2,3,1,26,0,0,0,0,0,0,27217,24346,9237,5881,29083,23795,1179,1361,5921,23665,566,213,0
19862,50000,2,2,2,27,1,2,0,0,2,2,51176,48900,48854,50243,51187,47551,0,2200,3700,2000,0,2000,1
19863,430000,2,2,2,27,0,0,0,0,0,0,401298,433835,399755,357082,363968,346718,40000,15140,15000,12565,15000,13000,0
19864,260000,2,3,1,41,0,0,0,0,0,0,2472,8160,4549,5502,3487,5416,8160,4549,1056,139,2000,381,1
19865,180000,2,1,2,34,0,0,0,0,0,0,-20,50664,3200,2990,12280,56020,50684,3200,2990,12280,56020,5450,0
19866,100000,2,2,1,33,1,2,2,2,2,2,12560,16103,11166,10099,10861,9932,0,4250,0,1209,0,1000,0
19867,160000,2,2,1,39,0,0,0,0,0,0,106260,0,0,0,390,86188,0,0,0,390,86188,3272,0
19868,260000,2,1,1,38,0,0,0,0,0,0,0,0,0,0,0,0,0,0,0,0,0,0,0
19869,200000,2,2,1,33,0,0,0,0,0,0,23870,25168,26451,27437,29401,31939,2000,2000,1437,2401,3000,6000,0
19870,450000,2,1,2,34,0,0,0,0,0,0,1494,538,3218,0,429,168,538,3218,0,429,168,168,0
19871,390000,2,2,1,34,0,0,0,0,0,0,1162,759,695,-448,-1228,-1228,759,699,115,712,0,235,0
19872,390000,2,1,1,35,0,0,0,0,0,0,43098,55068,15216,16659,35241,14216,42000,15224,16659,35241,14216,72944,0
19873,40000,2,2,1,38,0,0,0,2,0,0,37539,38132,41217,40255,39135,37235,2000,4000,0,1700,3000,0,1
19874,500000,2,2,1,46,0,0,2,2,0,0,198342,212155,185142,115640,78082,80588,19000,5000,0,5000,10000,50000,0
19875,180000,2,2,1,39,0,0,0,0,0,0,5360,6176,398,629,0,978,6207,398,629,0,978,2198,0
19876,100000,2,3,1,39,1,0,0,0,0,0,-5,580,2207,630,540,0,585,2207,630,540,0,0,0
19877,50000,2,2,2,42,0,0,0,0,0,0,37606,17971,10812,12237,13057,15057,3000,15000,2000,2000,2000,0,0
19878,40000,2,2,1,38,0,0,0,0,0,0,40125,38809,36485,28152,22161,19789,2006,2002,1603,1000,2000,0,0
19879,350000,2,1,2,46,0,0,0,0,0,0,5372,12179,0,0,0,0,12277,0,0,0,0,0,0
19880,360000,2,1,1,37,0,0,0,0,0,0,1568,2500,0,0,0,0,2500,0,0,0,0,0,0
19881,200000,2,2,2,36,0,0,0,0,0,0,9738,10749,11773,12784,13039,13314,1177,1201,1212,467,485,1147,1
19882,230000,2,1,2,38,0,0,0,0,0,0,2581,2929,6966,1935,6665,11254,2929,6966,1935,6665,8000,15941,0
19883,200000,2,2,2,39,0,0,0,0,0,0,2880,0,0,0,2894,210,0,0,0,2894,210,2595,0
19884,230000,2,2,1,42,0,0,0,0,0,0,7906,2131,5733,4292,4694,4709,2138,5756,4303,4711,4741,6037,0
19885,500000,2,1,2,31,1,0,0,0,0,0,29091,5763,15673,9393,69526,37940,5763,15691,9393,69526,5000,20000,0
19886,230000,2,2,1,32,0,0,0,0,0,0,198704,202217,204255,207347,51134,50222,10000,10000,10000,50000,2000,2000,0
19887,340000,2,1,2,34,0,0,0,0,0,0,332916,340159,73004,72338,58935,123936,14600,3035,1958,2819,100000,3000,0
19888,20000,2,1,1,47,0,0,0,2,0,0,13963,15227,17968,17382,18094,19399,1500,3000,0,1000,1600,0,1
19889,20000,2,3,1,48,0,0,0,0,0,0,14203,15215,16544,17250,17604,19993,1252,1581,1287,641,2684,0,0
19890,310000,2,3,1,35,0,0,0,0,0,0,83719,81138,87523,77902,82165,97298,5000,18088,5500,6300,17300,25500,0
19891,160000,2,2,1,36,0,0,0,0,0,0,2054,1949,2562,8582,2758,0,1950,2562,8582,2758,0,4163,0
19892,230000,2,3,1,41,0,0,0,0,0,0,34578,495,502,944,5814,965,495,502,950,5820,965,1028,0
19893,200000,2,1,2,40,0,0,0,0,0,0,7277,-6,-6,3044,4412,3412,6,0,3050,4412,0,0,0
19894,120000,2,2,1,42,0,0,0,0,0,0,114740,113994,113989,115225,116511,112823,4038,5000,4000,5000,4000,5000,0
19895,350000,2,2,2,37,0,0,0,0,0,0,336061,343205,351794,357090,342253,276516,12701,14100,12109,11482,11841,115165,0
19896,170000,2,2,1,32,1,2,0,0,0,0,9990,4647,1399,6548,1399,0,0,1399,6548,0,0,0,1
19897,240000,2,3,2,35,0,0,0,0,0,0,18086,11226,7899,8072,728,24511,1133,1124,2000,728,24709,1972,0
19898,100000,2,2,1,49,1,0,0,0,0,0,0,0,0,0,0,0,0,0,0,0,0,0,0
19899,130000,2,1,2,33,2,2,0,0,0,0,73250,71473,73892,74400,62134,63430,0,3572,2645,1813,1878,2210,1
19900,410000,2,2,1,41,2,0,0,0,0,0,348559,354506,363666,369776,368779,369358,13000,14600,15500,14000,13580,14000,1
19901,200000,2,3,1,42,0,0,0,2,0,0,390,742,4352,390,780,390,742,4000,0,780,0,1757,0
19902,60000,2,2,1,45,0,0,0,0,0,0,59998,59702,61188,57459,26551,24901,2152,2464,1462,847,1007,3004,0
19903,400000,2,2,1,44,0,0,0,0,0,0,0,804,11192,0,0,0,804,11242,0,0,0,0,0
19904,380000,2,1,1,40,0,0,0,0,0,0,12839,11097,10933,62602,6408,16791,11212,10933,62602,150000,16791,5777,0
19905,210000,2,2,2,43,0,0,0,0,0,0,3577,1003,0,0,0,0,1003,0,0,0,0,150,0
19906,500000,2,1,2,45,0,0,0,0,0,0,290,5640,52858,151479,29343,2355,5692,52858,100756,29488,2365,8762,0
19907,100000,2,2,1,42,2,2,0,0,0,0,91534,88637,90169,84714,69482,70226,0,4458,2973,2606,2696,2695,1
19908,80000,2,2,1,44,0,0,0,0,0,0,3995,2045,824,0,1000,0,1000,824,0,1000,0,0,0
19909,80000,2,2,2,31,0,0,0,0,0,0,1068,0,100,0,1050,-150,0,100,0,1050,0,0,1
19910,200000,2,1,2,33,0,0,0,0,0,0,77670,80051,80906,82088,81564,87241,6782,5000,4000,3000,9000,4000,0
19911,260000,2,2,2,31,0,0,0,0,0,0,69957,72727,73562,65954,30948,0,3945,2764,5431,633,0,0,0
19912,310000,2,2,2,31,0,0,0,0,0,0,309080,314220,288581,294745,301286,306515,11900,12000,12500,12930,12000,13500,0
19913,30000,2,2,2,32,0,0,0,0,0,0,29480,30394,28072,28885,29287,23012,1431,1579,1402,804,732,1820,1
19914,50000,2,3,1,33,0,0,0,0,0,0,40757,39847,37561,36725,35346,33810,2000,1719,1783,1200,1200,1500,0
19915,310000,2,2,1,46,0,0,0,0,0,0,43990,45872,47135,46944,49121,51337,3000,3000,2000,3000,3000,1000,0
19916,500000,2,3,2,40,0,0,0,0,0,0,212961,264961,237006,139311,128095,181304,63000,20078,30141,30000,60000,50000,0
19917,30000,2,1,1,49,0,0,0,0,0,0,3340,0,1220,480,0,174,0,1220,480,0,174,1162,0
19918,160000,2,2,1,45,0,0,0,0,0,0,3650,1650,5650,3300,1650,1650,1650,5650,3300,1650,1650,1650,0
19919,350000,2,2,1,44,0,0,0,0,0,0,110472,100849,5800,369718,2000,5910,100957,5800,371718,2180,5910,6000,0
19920,350000,2,1,1,44,0,0,0,0,0,0,4025,2820,3094,0,330,330,2820,3094,0,330,0,1240,1
19921,50000,2,0,1,40,0,0,0,0,0,0,44749,46229,46798,47647,40500,41921,2229,2298,2100,2500,1921,8432,0
19922,30000,2,2,2,44,0,0,0,0,0,0,9725,10766,12070,11973,10166,7966,1200,1500,2000,1166,3500,1500,0
19923,110000,2,2,2,31,0,0,0,0,0,0,98531,99593,100093,90437,75701,77013,3577,3680,3030,2701,2674,2669,1
19924,50000,2,2,1,31,0,0,0,0,0,0,22716,19198,19462,14841,11088,10301,2000,1510,4000,1000,600,500,0
19925,320000,2,2,1,34,0,0,0,0,0,0,3825,3835,6746,9472,11777,14282,3000,3000,3000,3000,3000,4000,0
19926,80000,2,1,2,34,0,2,0,0,0,0,652,326,326,326,326,326,0,326,326,326,326,326,1
19927,40000,2,3,1,42,0,0,0,0,0,0,40285,40024,39706,36431,37154,37306,1658,1601,1587,1310,1510,2000,1
19928,330000,2,2,1,39,1,0,0,0,2,0,0,1380,0,404,404,24420,1380,0,404,0,24420,480,0
19929,160000,2,3,1,36,0,0,0,0,0,0,170,1062,0,0,0,0,1062,0,0,0,0,0,0
19930,210000,2,2,1,49,0,0,0,0,0,0,11790,2230,390,3470,390,2140,2230,390,3470,390,2140,780,0
19931,50000,2,2,1,36,0,0,0,0,0,0,26277,25371,22790,23372,22216,19586,1700,1800,1300,1000,1000,900,0
19932,50000,2,3,2,49,0,0,2,0,0,0,46468,50669,48701,49066,30177,29274,5000,0,2500,1151,1156,1052,1
19933,120000,2,1,2,36,0,0,0,0,0,0,71199,71993,73652,75482,76686,47781,2574,2816,3200,2911,1800,2000,0
19934,150000,2,1,1,45,0,0,0,2,2,0,882,258,629,349,2825,2240,258,629,3,2825,0,2011,0
19935,100000,2,2,2,31,0,0,0,0,0,0,960,4348,73689,76148,77254,78967,4348,70000,4000,3000,3000,3000,0
19936,50000,2,2,2,31,2,2,2,2,0,0,50539,50017,48310,420,560,29793,1000,0,420,560,29793,0,0
19937,240000,2,1,2,36,0,0,2,0,0,2,176035,196664,192140,194357,205637,202417,25228,0,6947,14402,33,7167,0
19938,230000,2,1,1,39,1,0,0,0,0,0,0,0,181,2680,0,0,0,181,2680,0,0,0,1
19939,290000,2,2,1,45,0,0,0,0,0,0,36335,36085,35225,35711,35381,34468,1564,1594,1840,1378,1245,1388,0
19940,230000,2,1,1,42,0,0,0,0,0,0,7338,-15,4685,1925,2347,0,15,4700,1925,2347,0,0,0
19941,360000,2,1,1,39,1,0,0,0,0,0,-390,-390,-390,10872,10540,2203,0,0,11652,358,2203,390,0
19942,320000,2,2,1,38,0,0,0,0,0,0,129416,129575,125866,130067,131128,124469,4836,4919,6246,4395,4524,4850,0
19943,360000,2,2,1,45,0,0,0,0,0,0,12040,0,0,0,150,1728,0,0,0,150,1728,0,0
19944,90000,2,1,1,38,0,0,0,0,0,2,85376,86326,88122,62706,53612,40963,4326,4322,2706,3575,0,1670,0
19945,500000,2,1,2,34,0,0,0,0,0,0,4677,6187,4775,31188,5827,3637,6187,4775,31188,0,4119,7390,0
19946,210000,2,2,1,36,0,0,0,0,0,0,91801,93039,101393,89894,75652,54329,4000,10023,3047,2007,2086,2011,0
19947,90000,2,2,1,39,0,0,0,0,0,0,45406,47337,48575,49667,51119,23344,3000,2000,2000,2000,2000,1087,0
19948,80000,2,3,1,44,2,0,0,0,0,0,31023,30390,390,390,780,780,1000,390,390,780,0,0,0
19949,390000,2,2,2,39,0,0,0,0,0,0,27918,3115,278505,288000,264214,266704,3145,278505,15000,9310,10000,9702,0
19950,170000,2,2,2,33,1,0,0,0,0,0,-189,-189,-189,-189,-189,-189,0,0,0,0,0,0,0
19951,300000,2,3,1,37,0,0,0,0,0,0,85405,84922,84870,69725,54744,9234,3479,3319,2210,1095,1594,126463,0
19952,30000,2,3,1,38,0,0,0,0,0,0,1535,835,8927,5371,0,1996,835,8939,5480,0,1996,0,0
19953,260000,2,2,1,39,0,0,0,0,0,0,0,2399,1647,502,597,4222,2399,1647,502,597,4222,2117,0
19954,500000,2,1,1,44,0,0,0,0,0,0,2128,635,13258,4562,893,2030,635,13337,4562,893,2030,0,0
19955,240000,2,2,2,35,0,0,0,0,0,0,238887,222691,27627,161492,128496,197209,10000,3000,135050,5000,80000,8000,0
19956,100000,2,2,1,35,1,0,0,0,0,0,0,0,0,0,4323,2000,0,0,0,4323,2000,0,0
19957,180000,2,1,1,45,0,0,0,0,2,0,16452,18472,20546,24956,24262,24782,2616,2690,5100,0,1058,2000,0
19958,50000,2,2,1,45,0,0,2,0,0,0,3487,3159,213,3336,1863,390,1213,0,3336,0,0,390,0
19959,200000,2,2,1,35,0,0,0,0,0,0,27561,17365,9889,0,9002,728,5000,1015,0,9002,728,10000,0
19960,20000,2,3,1,45,0,0,0,2,0,0,17235,18253,20858,20202,18950,17709,1610,3215,0,780,640,1400,0
19961,20000,2,2,1,46,1,2,2,0,0,0,4426,2735,-211,1863,390,390,0,0,2253,0,390,1735,1
19962,60000,2,2,1,35,0,0,0,0,0,3,20163,21517,22860,25154,29387,30607,2000,2000,3000,5000,2000,6000,0
19963,260000,2,1,1,42,0,0,0,0,0,0,16827,8606,3856,12996,8788,15104,1500,3856,13000,0,15104,16764,0
19964,180000,2,3,1,41,0,0,2,2,0,0,10324,10471,6566,2375,1911,1080,3744,0,2911,9,1080,990,0
19965,210000,2,1,2,44,0,0,0,0,0,0,4925,32767,6273,5651,9103,8660,32930,6975,5661,9109,8664,8917,0
19966,270000,2,2,1,36,0,0,0,0,0,0,73953,68207,55382,46629,28115,12847,5168,5010,2005,2000,2000,2000,0
19967,370000,2,1,1,36,0,0,0,0,0,0,2788,25790,3007,4246,3737,2290,25794,3007,4305,3737,2290,22259,0
19968,200000,2,1,2,35,0,0,0,0,0,0,467,2628,287,9471,985,4489,2700,1000,9500,1000,4500,1301,0
19969,270000,2,1,1,31,0,0,0,0,0,0,6181,12110,26069,36630,37390,19816,12140,26134,36650,37390,19816,5272,0
19970,350000,2,1,2,32,0,0,0,0,0,0,11942,3236,7241,6800,5163,942,3252,7289,8495,5184,1,2,0
19971,230000,2,2,2,37,2,0,2,2,0,0,535,3881,2297,-3,3044,2424,3888,16,0,3047,12,0,0
19972,130000,2,2,1,41,0,0,0,0,0,0,8920,9538,10174,11036,10552,9934,1161,1187,1439,345,346,487,0
19973,260000,2,1,1,31,0,0,0,0,0,0,263688,257381,260497,261593,264184,264598,8993,9501,9577,9584,10006,9269,0
19974,400000,2,1,1,32,0,0,0,0,0,0,3616,0,3328,3328,3828,4893,0,6656,3328,3828,4893,4687,0
19975,180000,2,2,2,36,0,0,0,0,0,0,0,1290,2985,0,0,0,1290,2985,0,0,0,0,0
19976,220000,2,1,1,41,0,0,2,0,0,0,138657,156689,150748,154481,156487,154870,22000,0,8000,7000,6500,5000,0
19977,210000,2,1,2,32,1,0,0,0,0,0,-974,-974,20363,770,0,6138,0,21337,770,0,6138,0,0
19978,240000,2,2,1,32,1,0,0,0,0,0,0,0,0,0,0,0,0,0,0,0,0,0,0
19979,240000,2,2,2,35,0,0,0,0,0,0,0,0,0,0,0,0,0,0,0,0,0,0,0
19980,150000,2,2,1,45,0,0,0,0,0,0,60236,51815,39051,25960,12889,12890,6007,1566,1441,259,12891,12497,0
19981,300000,2,1,2,31,0,0,0,0,0,0,123306,126251,131968,113866,10811,158664,5000,8000,5000,1342,150000,6800,0
19982,180000,2,2,3,43,0,0,0,0,0,0,81147,172920,176711,127004,114179,129622,101522,10264,4598,9600,20000,5000,0
19983,300000,2,1,1,47,3,2,2,2,2,2,5000,5000,5000,5000,5000,5000,0,0,0,0,0,0,1
19984,70000,2,2,1,34,0,0,0,0,0,0,1533,3921,6389,0,0,0,3921,6405,0,0,0,0,0
19985,60000,2,3,2,43,0,0,0,0,0,0,65349,61322,56414,47643,28208,27570,2300,2507,1000,28512,994,999,1
19986,260000,2,1,2,33,0,0,0,0,0,0,1900,0,204,-810,2190,810,0,204,0,3000,0,0,0
19987,400000,2,2,1,37,0,0,0,0,0,0,2218,13181,4039,10692,18692,19565,13256,4039,10692,8000,9000,1000,0
19988,490000,2,1,1,48,1,0,0,0,0,0,500,7081,1460,6213,6040,1155,7081,1460,6213,7195,0,878,0
19989,50000,2,1,2,42,2,0,0,2,2,2,34218,35539,38246,37332,39702,38932,1893,3600,0,3000,0,3500,1
19990,130000,2,1,2,32,0,0,0,0,0,0,58776,53702,43760,31540,23675,15841,2010,2037,1218,2182,1003,1001,0
19991,150000,2,2,1,32,0,2,0,0,0,0,3204,430,29425,30437,31123,28997,0,29425,2000,1528,1518,2000,0
19992,70000,2,2,1,33,1,2,0,0,0,0,51900,49307,48214,27572,26810,20541,0,1500,1300,1505,1000,1000,0
19993,240000,2,2,1,34,0,0,0,0,0,0,626,1921,20740,21274,888,360,1921,19000,2624,888,360,360,0
19994,250000,2,1,1,49,0,0,0,0,0,0,1104,0,0,0,3000,1500,0,0,0,3000,0,3212,0
19995,440000,2,2,1,41,0,0,0,0,0,0,348397,356586,366049,262697,267922,274502,14006,19077,9518,9576,11083,12010,0
19996,130000,2,2,1,40,0,0,0,0,0,0,133559,129869,118032,95953,73970,107785,5400,6950,4600,4000,2000,2300,0
19997,60000,2,2,1,37,0,0,0,0,0,0,59462,60866,54007,52089,29397,29110,3000,2570,2202,1200,1100,1100,1
19998,290000,2,2,1,41,0,0,0,0,0,0,2025,0,0,9194,9194,399,0,0,9194,0,399,9290,0
19999,150000,2,2,1,41,0,0,0,0,0,0,4474,3881,1207,1617,0,620,3000,2306,2610,0,620,0,0
20000,240000,2,2,1,37,0,2,0,0,0,0,1769,842,14015,0,1317,566,0,14015,0,1317,0,0,0
20001,220000,2,1,1,43,0,0,0,0,0,0,4009,1689,12370,12095,1832,4691,1689,12373,12099,1832,5001,10311,1
20002,100000,2,1,2,38,3,2,0,0,0,0,2156,1151,1151,35499,33051,36627,0,1151,35499,10000,6627,7000,0
20003,200000,2,1,1,39,0,0,0,0,0,0,5553,2294,359,0,353,342,2294,359,0,353,342,0,0
20004,400000,2,1,1,37,0,0,0,0,0,0,10677,31405,26717,25434,6973,9899,31008,26862,3000,2000,3000,0,0
20005,500000,2,1,1,47,0,0,0,0,0,0,3634,296,966,6675,-10,2055,299,1169,6708,0,2065,1133,0
20006,230000,2,1,1,45,0,0,0,0,0,0,6348,0,967,0,699,499,0,967,0,699,499,0,1
20007,50000,2,2,2,43,0,0,0,0,0,0,48474,48388,38972,47584,28055,28571,2334,1918,12530,1001,1035,1198,0
20008,180000,2,2,1,46,0,0,0,0,0,0,578,911,578,578,578,438,911,578,578,578,438,280,0
20009,200000,2,1,2,31,0,0,0,0,0,0,90708,58787,104382,91888,88267,85471,2768,48617,3243,3000,3233,3000,0
20010,230000,2,1,2,37,0,0,0,0,0,0,1985,7150,20123,1671,1244,0,8075,20200,1671,1244,0,809,0
20011,210000,2,2,1,34,0,0,2,0,0,0,201223,214479,193598,178416,143879,125004,17580,0,7193,3500,4881,3679,1
20012,170000,2,3,2,33,2,0,0,0,0,0,170348,166348,162319,165592,167482,171106,7622,7354,7464,6127,6550,6100,0
20013,200000,2,1,2,41,0,0,0,0,0,0,2615,9855,11162,45607,23359,25713,9855,21162,45614,23359,25713,9884,0
20014,350000,2,1,1,42,0,2,0,0,0,0,3931,2570,27036,1559,1962,3683,0,27036,1559,1962,3683,3074,0
20015,360000,2,3,2,41,0,0,0,0,0,0,3578,3658,3578,3578,3578,4268,3658,3578,3578,3578,4268,3578,0
20016,160000,2,1,2,35,0,0,0,0,0,0,3027,1116,2179,5468,80,1314,1116,2183,5468,80,1314,0,0
20017,230000,2,1,1,36,0,0,0,0,0,0,0,1663,4777,1755,2442,2724,1663,4777,1763,2445,2727,17136,0
20018,110000,2,2,1,44,0,0,0,0,0,0,42214,43195,43699,45662,47592,48674,2000,3000,3000,3000,2000,2000,0
20019,520000,2,2,2,42,0,0,0,0,0,0,437492,405442,381086,353074,330171,324386,14710,14200,12300,11200,11200,11200,0
20020,280000,2,1,2,30,0,0,0,0,0,0,192045,195162,198105,202919,197380,201927,9300,9500,9509,7100,7800,8200,0
20021,240000,2,1,2,30,0,0,0,0,0,0,3376,0,4649,1528,7378,682,0,4649,1533,7378,0,0,0
20022,20000,2,3,2,31,1,0,3,2,2,0,-363,204,204,204,-14,-2400,567,0,0,0,20,3800,0
20023,210000,2,2,2,30,0,0,0,0,0,0,184705,188235,193694,178664,149612,151226,7000,9057,6507,9808,6000,5500,0
20024,250000,2,1,2,30,0,0,0,0,0,0,144807,162326,168186,175369,178156,189259,20000,10000,10000,7200,14000,7200,0
20025,90000,2,3,1,44,0,0,0,0,0,0,1473,1473,1473,1473,1473,1473,1473,1473,1473,1473,1473,34619,0
20026,70000,2,2,2,30,0,0,0,0,0,0,2429,3878,4957,6209,6338,6587,1500,1300,1500,380,500,500,1
20027,90000,2,1,2,36,0,0,0,0,0,0,39317,28491,20367,16680,10320,7601,1808,1657,1000,206,7601,286,1
20028,180000,2,1,1,39,0,0,0,0,0,0,547,547,759,1042,796,547,547,759,1000,796,0,249,0
20029,210000,2,1,1,43,1,0,0,0,0,0,0,0,0,0,0,0,0,0,0,0,0,0,1
20030,250000,2,2,2,30,0,0,0,0,0,0,197436,201831,206282,210963,215711,218692,7500,7527,8000,8000,8000,8500,0
20031,200000,2,0,2,30,0,0,2,0,0,0,17160,7289,2868,9470,5816,7809,2880,0,9470,5834,7809,2886,0
20032,240000,2,2,2,36,2,2,0,0,0,0,247477,241976,242629,239438,203445,203585,11,10949,9419,7461,7601,7501,0
20033,500000,2,3,2,32,1,0,0,0,0,0,0,0,0,0,0,0,0,0,0,0,0,0,0
20034,20000,2,2,1,32,1,2,0,0,0,0,18931,18329,19441,20113,19864,15424,0,1414,1146,729,970,0,0
20035,160000,2,3,1,44,0,0,0,0,0,0,-18,-18,-18,-18,-18,-18,0,0,0,0,0,0,0
20036,250000,2,1,1,32,0,0,0,0,0,0,3829,4360,4420,18311,2887,4768,4374,4423,18311,2887,4768,591,0
20037,360000,2,2,1,44,0,0,0,0,0,0,1715,3662,12595,223,222,490,3680,12657,224,223,492,494,0
20038,300000,2,2,1,44,0,0,0,0,0,0,7948,576,2660,2319,1905,257,576,2684,2319,1905,257,3743,0
20039,500000,2,2,1,45,0,0,0,0,0,0,494140,274198,214481,112222,33958,9684,14515,10815,5874,2729,9784,279706,0
20040,420000,2,2,1,40,0,0,0,0,2,0,101873,99516,99873,100361,90052,89112,3517,3537,6810,0,2764,3500,0
20041,30000,2,2,2,36,0,0,0,0,0,0,2114,490,30452,29667,28596,29180,490,33299,1400,572,584,400,0
20042,260000,2,2,1,48,0,0,0,0,0,0,85378,71870,72994,57382,58522,59748,2664,2376,2084,2095,2169,2182,0
20043,360000,2,2,1,45,0,0,0,0,0,0,20137,3332,3542,6487,3437,4875,3332,3752,6487,3437,4875,24181,0
20044,220000,2,2,2,32,0,0,0,0,0,0,18477,16341,11125,10000,10000,10000,16370,11125,10000,10000,10000,301,0
20045,20000,2,3,1,35,0,0,0,0,0,0,19792,19995,20269,18268,19478,19885,1339,1500,1290,1500,704,882,0
20046,230000,2,1,2,37,0,0,0,0,0,0,-18,-18,-18,-18,-18,-18,18,0,0,0,0,0,1
20047,100000,2,2,1,41,0,2,2,0,0,0,2427,1225,935,5362,4082,-75,935,0,5362,0,0,0,0
20048,180000,2,1,1,44,0,0,0,0,0,0,0,0,0,0,0,0,0,0,0,0,0,0,0
20049,300000,2,2,1,45,0,0,0,0,0,0,12975,13149,13408,12714,12437,11166,1520,2000,1452,1000,649,344,0
20050,160000,2,3,1,46,0,0,0,0,0,0,960,485,0,0,0,0,485,0,0,0,0,0,0
20051,10000,2,2,3,43,0,0,0,0,0,2,6110,6302,5972,6985,7845,7574,1240,1200,1120,980,0,268,0
20052,300000,2,1,1,39,0,0,0,0,0,0,2973,2694,7270,2970,2359,8492,2702,7286,2978,2369,10011,7259,0
20053,80000,2,1,1,37,0,0,0,0,0,0,104989,100150,94413,89400,84271,79502,4369,3343,3137,2914,3151,3320,0
20054,440000,2,1,1,39,0,0,0,0,0,0,388357,390101,387948,354871,238196,200777,14193,14740,9655,6453,5478,4919,1
20055,80000,2,2,2,33,0,0,0,0,2,0,12554,13564,14608,17441,16866,17443,1523,1567,3400,0,1000,1000,0
20056,230000,2,1,1,45,0,0,0,0,0,0,0,0,0,0,0,136,0,0,0,0,136,1233,0
20057,340000,2,2,1,47,0,0,0,0,0,0,507,892,5221,7627,580,999,892,5269,8193,596,999,176340,0
20058,50000,2,2,2,48,0,0,0,0,0,0,50099,17402,19111,20784,23428,25040,1291,2000,2000,3000,2000,2000,0
20059,80000,2,1,1,37,0,0,0,0,0,0,2028,286,14255,10056,317,728,286,14255,10071,317,728,16312,0
20060,150000,2,1,1,47,0,0,0,0,0,0,39139,15269,12853,12531,5325,2086,15374,12904,12541,5330,2086,2627,0
20061,160000,2,1,1,43,0,0,0,0,0,0,2980,2817,0,450,748,5054,2817,0,450,748,5054,4711,1
20062,390000,2,4,1,40,0,0,0,0,0,0,195688,199033,197961,195958,196019,199014,7636,5653,5545,5532,5859,6818,0
20063,500000,2,1,1,37,0,0,0,0,0,0,16801,14782,23095,49379,35313,23024,14805,23111,49397,35313,23856,27740,0
20064,100000,2,2,1,32,0,0,0,0,0,0,29222,29378,25409,23072,22745,22492,1432,1452,1226,675,748,569,0
20065,310000,2,1,1,41,0,0,0,0,0,0,30680,126866,129449,106382,98892,92599,100000,16036,5000,3000,3000,3000,0
20066,30000,2,1,2,43,0,0,0,0,0,0,29327,30487,29417,30379,30452,0,1659,1589,1551,1124,0,0,0
20067,20000,2,2,2,45,0,0,0,0,0,0,7221,8329,8840,-1560,-1560,-1560,1245,1400,0,0,0,0,0
20068,500000,2,1,2,45,0,0,0,0,0,0,87206,90487,19892,20377,32177,41677,5303,10000,1200,12000,10000,0,0
20069,150000,2,1,2,37,0,0,0,0,0,0,702,0,0,0,0,0,0,0,0,0,0,0,0
20070,360000,2,1,2,38,1,2,0,0,0,0,4741,4534,6491,8422,8665,0,0,2000,2000,243,0,0,1
20071,200000,2,1,2,31,0,0,0,0,0,0,68244,65243,61590,47301,47232,25231,6018,2507,2011,4140,5072,500,0
20072,270000,2,1,2,36,0,0,0,0,0,0,16699,17908,19114,20341,20617,16223,1800,1500,1600,830,1000,1000,0
20073,230000,2,2,2,32,0,0,0,0,0,0,17957,18063,20755,23278,24083,25145,3000,3000,3000,4000,4000,3000,0
20074,150000,2,1,1,40,0,0,0,0,0,0,1221,176,0,0,0,0,176,0,0,0,0,0,0
20075,240000,2,1,1,41,0,0,0,0,0,0,129776,126395,129371,132218,136003,139798,5000,5000,5000,6000,6000,5098,0
20076,250000,2,2,1,49,0,0,0,0,0,0,41075,31898,103675,91487,83374,67445,5000,94000,3000,7000,20006,30034,0
20077,240000,2,1,1,35,0,0,0,0,0,0,3664,5770,10412,4578,5928,5619,5770,10420,1150,5928,3619,13227,1
20078,340000,2,1,2,34,0,0,0,0,0,0,1780,28620,66633,182856,166943,126445,28763,66652,123267,26207,948,52876,0
20079,160000,2,1,2,35,0,0,2,2,0,0,52010,4792,194,1900,1900,1150,4792,150,3800,0,0,0,0
20080,180000,2,2,1,33,0,0,0,0,0,0,44806,47050,49282,50159,51336,54332,3000,3000,2000,2011,4000,3000,0
20081,240000,2,2,1,41,0,0,0,0,0,0,852,1738,186673,5517,2660,1480,1746,187473,5517,2660,1480,0,0
20082,120000,2,2,2,43,0,0,0,0,0,0,121427,60163,61723,25638,26092,14586,77225,21903,25646,5080,0,5052,0
20083,150000,2,5,1,40,0,0,0,0,0,0,21001,12406,14587,59974,51049,47079,4000,2500,55000,1115,1000,0,0
20084,210000,2,1,2,31,1,0,0,0,0,0,0,0,0,0,0,0,0,0,0,0,0,0,0
20085,500000,2,2,1,31,0,0,0,0,0,0,348526,345128,337816,316739,167616,364940,15210,15022,20121,5925,35069,35110,0
20086,80000,2,3,1,49,0,0,0,0,0,0,79967,75920,73968,71919,59894,59405,2700,2875,3000,3000,4000,2500,0
20087,30000,2,3,2,45,0,0,0,0,0,0,0,0,0,0,300,390,0,0,0,300,390,930,0
20088,60000,2,2,1,33,0,0,0,0,0,0,56379,23161,21106,22345,25720,23467,3000,1386,1625,4000,3000,3000,0
20089,370000,2,2,2,35,0,0,0,0,0,0,20108,13976,12939,11367,17049,27337,13994,12939,11380,17049,27337,14146,0
20090,30000,2,2,1,33,0,0,0,0,0,0,390,390,390,390,390,0,390,390,390,390,0,780,0
20091,150000,2,1,1,30,0,0,0,0,0,0,6154,0,0,0,0,0,0,0,0,0,0,26286,1
20092,100000,2,1,2,42,0,0,0,0,0,0,61618,60380,58567,79527,18950,19667,2406,2200,22004,656,1000,396,0
20093,80000,2,2,1,39,0,0,0,0,0,0,48784,46401,39456,30712,29629,28241,2194,1560,1421,1001,1000,1008,0
20094,200000,2,1,2,32,0,0,0,0,0,0,8479,2021,1050,0,400,976,2021,1050,0,400,976,1123,0
20095,80000,2,2,1,33,2,3,2,2,0,0,51016,51081,52059,47912,48646,49341,1200,2100,0,1800,2000,2000,1
20096,140000,2,2,1,42,0,0,0,0,0,0,156062,158495,160681,144194,144802,147311,5750,5530,6600,5100,5460,5460,0
20097,290000,2,2,2,40,0,0,0,0,0,0,258360,263820,265115,264323,221070,219295,12025,10000,9883,7738,7813,10000,0
20098,350000,2,1,1,36,0,0,0,0,0,0,28489,28934,20558,29866,37587,15307,28950,20565,29880,27697,5330,31990,0
20099,310000,2,1,1,39,0,0,0,0,0,0,12080,1989,4566,5329,5724,1518,1989,4566,5433,5724,1336,0,0
20100,80000,2,2,1,42,0,0,0,0,0,2,18172,19559,20437,26591,28350,27758,2000,1500,6500,2200,0,1100,1
20101,30000,2,3,1,37,0,0,0,0,0,0,25689,26455,27525,28545,29388,30133,1500,1500,1500,1300,1200,1500,1
20102,230000,2,2,2,47,0,0,0,0,0,0,0,0,0,1360,680,600,0,0,1360,0,600,0,0
20103,150000,2,1,1,37,0,0,0,0,0,0,0,0,0,0,0,0,0,0,0,0,0,0,0
20104,110000,2,2,1,29,0,0,0,0,0,0,60101,61589,60822,62306,63768,65239,2505,2500,2500,2500,2500,2640,0
20105,170000,2,2,1,29,0,0,0,0,0,0,50104,32978,11779,79862,39617,34091,2000,2009,78417,8000,3000,3000,0
20106,200000,2,1,2,30,1,0,2,0,0,0,0,1186,1024,990,1000,0,1186,0,990,10,0,840,0
20107,260000,2,2,1,30,0,0,0,0,0,0,147565,149777,151583,155493,158624,161902,7129,5179,5276,4537,4670,4717,0
20108,50000,2,2,2,47,0,0,0,0,0,0,39296,40638,41741,45982,43041,42957,2000,1759,5000,1525,1569,3000,0
20109,50000,2,2,3,42,0,0,0,0,0,0,49699,49446,50694,44858,19298,19514,1857,2295,1572,5000,1000,813,0
20110,420000,2,1,1,46,0,0,0,0,0,0,19629,8705,18653,36076,27823,0,8765,18728,36430,27906,0,9268,0
20111,220000,2,1,2,36,0,0,0,0,2,0,637,0,0,300,300,728,0,0,365,0,578,198,1
20112,230000,2,1,1,36,0,0,0,0,0,0,928,282,282,2427,282,282,282,282,2427,282,282,1886,0
20113,280000,2,2,2,49,0,0,0,0,0,0,278569,277306,225732,229877,219267,225421,11005,12000,12100,12000,10000,10000,0
20114,20000,2,2,1,45,0,0,2,0,0,0,25102,27906,26153,26745,26359,25974,3550,0,2400,1000,1000,8000,1
20115,200000,2,1,2,44,0,0,0,0,0,0,35210,34606,34800,33275,33435,32778,1858,2100,2000,3435,3000,3277,0
20116,280000,2,1,1,37,0,0,0,0,0,0,8909,3173,13947,7676,6155,3695,3571,14080,7742,6178,3711,6056,0
20117,170000,2,2,1,45,0,0,0,0,0,2,130668,121100,123414,114180,122332,120270,5900,5800,6000,11600,0,9400,1
20118,50000,2,2,1,42,0,0,0,0,0,0,49624,49357,49366,49221,48848,47545,2100,2150,2200,2000,2000,3000,0
20119,240000,2,1,2,33,0,0,0,0,0,0,103100,106908,109419,111838,112727,115479,5295,5500,5500,4000,4500,4000,0
20120,200000,2,3,0,45,0,0,0,0,0,0,45876,35732,18000,27404,2644,2262,1732,1000,27404,2644,2262,4500,0
20121,100000,2,2,2,42,0,0,0,0,0,0,117464,81625,81815,78927,77418,74657,2962,2986,2807,2686,2767,2909,1
20122,230000,2,1,2,30,0,0,0,0,0,0,185129,185099,186698,181156,129441,135383,10024,8638,6500,50000,8008,4789,0
20123,240000,2,2,1,32,0,0,0,0,0,0,199789,203156,201267,182484,182478,175394,9000,9319,6200,5894,5100,6300,0
20124,240000,2,2,2,32,0,0,0,0,0,0,132252,135069,136408,139192,142111,145165,6500,5000,5057,5239,5500,5000,0
20125,80000,2,2,1,36,0,0,0,0,0,0,22657,19940,19870,18155,11119,5203,1320,1540,1005,222,1000,2000,0
20126,80000,2,2,2,30,0,0,0,0,0,0,21072,2520,-3990,22193,21546,1922,2620,0,27194,1381,1922,2781,0
20127,50000,2,3,1,48,0,0,2,0,0,0,2896,1360,812,4012,28672,28875,1500,500,4100,28800,1011,1041,0
20128,180000,2,2,1,38,0,0,0,0,0,0,150345,145797,147825,145482,141846,132687,5300,6840,6700,5100,5000,4800,1
20129,150000,2,1,2,31,0,0,0,0,0,0,4847,4268,0,1193,-127,-127,4268,0,1193,0,0,1956,0
20130,140000,2,1,1,42,2,2,2,0,0,0,141321,141836,139070,134168,135678,136494,4300,1003,4854,5500,5200,5100,1
20131,80000,2,2,1,43,2,0,0,0,0,0,68612,69971,71846,72372,73475,74842,3100,3600,2720,2400,2224,3990,0
20132,300000,2,2,1,43,0,0,0,0,0,0,5972,1854,2105,835,1761,2849,1857,2109,835,1761,2853,6282,0
20133,350000,2,2,2,34,0,0,0,0,0,0,19202,16576,16801,15238,10267,9578,1300,2000,1500,1000,1500,2500,0
20134,110000,2,3,2,46,0,0,0,0,0,0,44590,45846,47104,48325,0,49461,2000,2000,2000,2000,0,2000,1
20135,130000,2,2,1,37,0,0,0,0,0,0,33346,37902,42496,45954,51419,55919,5448,5542,4500,5465,4500,5662,0
20136,130000,2,2,1,45,0,0,0,0,0,0,126840,116746,59839,0,0,0,5298,2606,0,0,0,0,0
20137,170000,2,2,2,48,0,0,0,0,0,0,99728,97889,99902,100128,101531,102770,4500,5000,4000,4000,4000,7000,0
20138,310000,2,1,1,43,0,0,0,0,0,0,112343,25349,21033,19033,9588,5222,3023,21033,1000,192,104,87268,0
20139,500000,2,3,2,36,0,0,0,0,0,0,51132,8830,7570,1576,0,13295,8830,7570,1576,0,13295,38090,0
20140,230000,2,1,2,35,0,0,0,0,0,0,1890,533,267,0,0,0,533,267,0,0,0,0,0
20141,50000,2,2,1,35,1,2,2,2,2,2,8917,8625,11475,10999,12311,11973,0,3000,0,1800,0,1950,1
20142,390000,2,3,1,44,0,0,0,0,0,0,35369,22238,7809,97774,100912,152955,15000,7809,97874,32494,100000,31000,0
20143,200000,2,3,2,43,0,0,0,0,0,0,5853,5512,492,2038,316,1226,1024,492,2038,0,1226,1582,0
20144,380000,2,1,2,34,0,0,0,0,0,0,25079,119811,22384,115548,164296,72084,100000,12384,100000,50000,20000,52500,0
20145,140000,2,2,2,41,0,0,0,0,0,0,130439,108411,107113,120327,62855,67243,5000,5000,20000,10000,10000,10000,0
20146,420000,2,2,2,49,0,0,0,0,0,0,115505,113724,112976,111344,100648,94891,4044,4297,4773,3203,2951,2837,0
20147,50000,2,2,1,42,3,3,2,2,0,0,24225,24046,24574,24348,16130,16467,500,1200,516,566,585,608,1
20148,100000,2,3,2,46,0,0,0,2,2,0,3780,0,203,203,0,7856,0,203,0,0,7856,10000,0
20149,50000,2,2,2,36,2,2,2,2,0,0,50817,50523,51921,50767,48488,49503,2000,2500,0,1721,1782,1806,1
20150,140000,2,2,1,37,0,0,0,0,0,0,58075,59504,61544,62925,64280,67079,3000,3000,3000,3000,4000,4000,0
20151,50000,2,1,1,40,0,0,0,0,0,0,48519,35968,29453,26660,26235,27647,1800,1755,1500,1101,2000,1135,0
20152,20000,2,2,1,48,1,0,0,0,0,0,0,0,0,0,0,1473,0,0,0,0,1473,930,1
20153,260000,2,2,1,45,0,0,0,0,0,0,243952,224426,193708,163477,139993,133197,15521,10005,7000,5500,5000,4000,0
20154,240000,2,2,1,37,0,0,0,0,0,0,-150,-150,-150,-150,-150,-150,0,0,0,0,0,0,1
20155,20000,2,3,1,49,0,0,0,0,0,0,12165,13171,14054,14900,15000,0,1517,1400,1200,300,0,0,0
20156,200000,2,2,2,38,0,0,0,2,0,0,18703,9733,7078,1195,43115,43869,1533,2395,0,45000,1600,2000,0
20157,150000,2,2,1,40,0,0,0,0,0,0,87105,82772,75928,66245,61833,62375,3000,3504,2300,2199,2414,2500,0
20158,280000,2,1,2,35,0,0,0,0,0,0,3072,0,0,0,0,0,0,0,0,0,0,0,0
20159,280000,2,1,2,34,0,0,0,0,0,0,2793,1356,19497,10164,1089,26218,1356,19497,10173,1089,28217,0,0
20160,120000,2,1,1,34,1,0,0,0,0,0,0,0,1471,3094,12623,10446,0,1471,3103,12623,0,1446,1
20161,160000,2,2,2,47,0,0,0,0,0,0,1961,5495,13029,0,0,0,5495,13036,0,0,0,0,0
20162,80000,2,2,1,37,0,0,0,0,0,0,63558,59812,68636,40659,32436,36658,2500,10000,3000,3000,5000,5000,0
20163,500000,2,2,1,43,0,0,0,0,0,0,42081,46495,39489,12421,11345,11968,16495,15720,12421,11345,11968,11824,0
20164,50000,2,2,2,42,5,4,3,2,0,0,20235,19635,19045,18300,17900,17900,0,0,0,0,0,0,1
20165,120000,2,1,1,36,0,0,0,0,0,0,2779,6375,1086,1230,1230,2806,6428,1086,1230,0,2806,1750,1
20166,150000,2,1,1,34,0,0,0,0,0,0,5712,14539,8796,20359,17329,20087,14539,8796,20375,17329,20087,0,0
20167,150000,2,2,1,34,0,0,0,0,0,0,150294,147979,147235,147997,145405,146502,6750,6900,6690,5300,5500,5500,0
20168,200000,2,2,2,31,0,0,0,0,0,0,1507,0,218,4360,0,0,0,218,4360,0,0,0,0
20169,160000,2,1,2,31,0,0,0,0,0,0,0,2036,796,5740,0,447,2036,796,5768,0,447,0,0
20170,200000,2,2,1,33,0,0,0,0,0,0,84064,85935,55548,134719,152290,152470,5935,5548,84719,23050,7470,5624,0
20171,280000,2,2,1,43,1,0,0,0,0,0,0,4051,1196,19875,599,850,4051,1245,19875,599,850,185,1
20172,120000,2,2,2,39,0,0,0,2,0,0,20693,22033,24067,24372,24670,25617,2000,2400,1000,1000,1500,1500,1
20173,360000,2,1,1,42,0,0,2,2,2,0,10000,893,1224,331,0,2757,893,331,0,0,2757,2056,0
20174,150000,2,2,1,49,1,0,0,0,0,0,0,1870,669,0,13453,5773,1870,669,0,13453,5773,100,0
20175,390000,2,1,1,39,0,0,0,0,0,0,42721,22836,24266,6088,2500,828,12041,24353,6118,2550,828,0,0
20176,200000,2,2,1,34,0,0,0,0,0,0,7271,9133,10972,12757,13069,13334,2000,2000,2003,1008,2029,1000,0
20177,200000,2,2,2,37,1,2,0,0,0,0,226365,214261,210315,206563,202896,173111,0,8000,9000,8000,7000,7200,0
20178,60000,2,2,1,43,0,0,0,0,0,0,60788,61005,60164,31211,30374,30432,2500,3001,3003,2000,2001,2000,0
20179,300000,2,1,1,30,0,0,0,0,0,0,0,0,811,1128,1750,819,0,811,1128,1760,819,753,0
20180,420000,2,2,2,32,0,0,0,0,0,0,211688,205003,203118,198925,175684,164037,7300,8839,8000,5900,6000,6000,0
20181,170000,2,1,1,33,1,0,0,0,0,0,0,0,0,0,185,185,0,0,0,185,0,4578,0
20182,170000,2,1,2,28,0,0,0,0,0,0,56766,59811,61987,63849,66276,68207,4000,3638,3500,3500,3000,3000,0
20183,160000,2,1,2,28,0,0,0,0,0,0,15525,34585,37439,47340,2473,4120,34604,37836,47340,2473,4120,6302,0
20184,210000,2,1,2,28,0,0,0,0,0,0,2670,262,3771,5474,69536,76188,262,3771,5474,69536,10000,4000,0
20185,200000,2,5,2,29,0,0,0,0,0,0,2618,784,611,0,0,150,784,611,0,0,150,478,0
20186,200000,2,2,2,30,0,0,0,0,0,0,154030,151604,146128,138919,132778,136272,5370,5217,4894,4800,5900,5074,0
20187,60000,2,1,2,32,0,0,0,0,0,0,59166,39328,38313,28660,31398,9966,2000,2300,1700,10000,1200,20000,0
20188,500000,2,1,2,33,0,0,0,0,0,0,249,2655,249,99,-150,-150,2655,249,99,150,0,0,0
20189,150000,2,1,1,33,0,2,0,0,0,0,3389,1600,1782,1600,0,11665,0,1782,1600,0,11665,0,0
20190,310000,2,2,2,42,0,0,0,0,0,0,-2123,246407,250249,254254,259960,265702,260000,10000,10000,10000,10000,10000,0
20191,350000,2,1,2,31,0,0,0,0,0,0,35420,38632,42499,46590,52606,59537,4000,5000,5000,7000,8000,10000,0
20192,140000,2,1,2,35,0,0,0,0,0,0,7921,9268,3943,7737,2456,15507,9268,3953,7737,2456,15507,0,1
20193,320000,2,1,2,30,0,0,0,0,0,0,9646,13438,14833,1920,10516,10350,13442,14838,1920,10516,10350,43982,0
20194,330000,2,1,2,32,0,0,0,0,0,0,12118,11176,9369,7061,23421,21240,2000,1114,1493,20000,1000,700,0
20195,200000,2,2,2,36,0,0,0,0,0,0,10890,11902,12907,15369,15863,16059,1500,1500,3000,750,600,1490,0
20196,430000,2,5,2,41,0,0,0,0,0,0,2663,20679,6698,2104,888,888,20679,6698,2104,888,888,4232,0
20197,170000,2,3,2,30,0,0,0,0,0,0,173922,164939,165597,163424,163204,159257,7400,7600,7800,6348,6200,6500,0
20198,300000,2,1,1,30,0,0,0,0,0,0,15575,22187,1970,1687,248,600,10810,1979,1695,249,600,585,0
20199,450000,2,2,2,39,0,0,0,0,0,0,217126,43647,39827,43978,389,389,10329,3001,5217,1,390,390,0
20200,250000,2,2,2,44,0,0,0,0,0,0,23438,0,3850,0,32690,37141,0,3850,0,32690,5000,5000,0
20201,300000,2,1,2,29,0,0,0,0,0,0,11500,0,0,1780,0,0,0,0,1780,0,0,0,0
20202,230000,2,2,2,30,0,0,0,0,0,0,149775,107052,231164,120523,117102,116718,10000,130223,9953,4014,3307,4100,0
20203,230000,2,1,1,35,0,0,0,0,0,0,9000,0,0,0,0,0,0,0,0,0,0,0,0
20204,100000,2,2,2,37,0,0,0,0,0,0,14394,35392,20000,0,0,0,36291,20000,0,0,0,0,0
20205,20000,2,3,2,52,0,0,0,0,0,2,18603,15208,16153,18175,19876,19419,1555,1500,2300,2000,0,1000,0
20206,50000,2,1,1,54,0,0,0,0,0,0,45777,46816,47862,49064,66819,17288,1800,1800,2000,2300,2000,629,0
20207,70000,2,1,2,50,2,0,0,0,0,0,62049,64315,58564,56741,25172,29186,4000,3000,10032,8000,5139,1000,1
20208,170000,2,2,1,52,0,0,0,0,0,0,170133,168945,160660,163652,131396,130402,7620,6200,10000,5100,5500,5000,1
20209,110000,2,3,1,53,0,0,0,0,0,0,105435,107599,108555,106692,103971,104140,5400,4200,5200,3800,3900,3700,0
20210,30000,2,3,2,50,0,0,2,0,0,0,17891,19087,20078,20935,17228,17606,1800,1600,1600,1000,734,481,0
20211,60000,2,2,1,50,2,0,0,0,0,0,60199,60742,60841,58902,19352,19523,2800,2600,2107,1000,1000,705,1
20212,70000,2,2,1,59,0,0,0,0,0,2,67088,64376,62004,62985,69380,70498,2244,2301,2254,7600,2500,2422,0
20213,20000,2,3,1,50,0,0,0,0,0,0,5141,3455,6906,0,0,0,3754,6906,290,0,0,0,1
20214,30000,2,3,1,51,0,0,0,0,0,0,15126,13327,13829,10898,9217,9048,1236,1518,1074,500,300,1000,0
20215,30000,2,2,1,52,2,2,2,0,0,0,7033,10431,10120,11145,11368,12186,3700,0,1200,408,1002,0,1
20216,490000,2,3,1,54,0,0,0,0,0,0,396,396,361,7530,396,396,396,361,7600,396,396,396,0
20217,280000,2,2,1,53,0,0,2,2,0,0,1890,2846,920,390,7531,1240,2846,390,390,7531,1240,390,0
20218,150000,2,1,1,51,1,0,0,0,0,0,0,0,0,0,0,0,0,0,0,0,0,0,0
20219,240000,2,2,1,52,1,0,0,0,0,0,0,0,0,0,2780,20034,0,0,0,2780,20034,0,0
20220,230000,2,2,2,53,0,0,0,0,0,0,9358,13482,17874,26743,26431,35153,5000,5000,10000,5000,10018,6850,0
20221,100000,2,1,2,52,1,2,2,2,2,2,13687,14007,14236,12924,12467,10950,1600,1500,0,700,0,1150,1
20222,60000,2,2,1,51,0,0,0,0,0,0,57252,57771,47778,37858,36467,34419,2501,2032,2005,1507,1501,1502,0
20223,50000,2,3,1,51,0,0,0,0,0,0,38306,39338,40378,39067,25481,25861,1661,1701,2006,1041,922,1000,0
20224,70000,2,2,2,52,1,2,0,0,2,0,38527,37608,39369,43627,15251,16285,0,2369,5178,0,1285,2308,0
20225,50000,2,3,1,52,3,2,0,0,0,0,49534,48061,48807,49347,17524,17497,0,2200,2100,606,624,622,0
20226,110000,2,2,2,52,0,0,0,0,0,0,38298,39295,40331,41346,42013,42890,1935,1971,1986,1653,1706,1714,0
20227,200000,2,6,2,51,2,0,0,0,0,0,455293,441048,433541,425538,419080,98840,10688,10688,10278,11567,98843,156961,0
20228,220000,2,3,1,51,0,0,0,0,0,0,44076,40353,36314,32320,27803,25370,2000,1600,1600,1000,3000,1000,0
20229,30000,2,3,2,50,0,0,0,0,0,0,25648,25524,3737,0,0,22525,1000,3836,0,0,22525,0,0
20230,20000,2,2,1,50,0,0,0,0,2,0,13779,14788,15815,17891,17308,17521,1245,1272,2348,0,640,1615,1
20231,20000,2,2,1,51,1,2,0,0,0,0,14710,14166,14040,13796,12909,12015,0,1253,2232,402,393,357,0
20232,20000,2,3,1,51,0,0,0,0,0,0,18768,19684,11580,780,780,0,1714,1000,780,0,0,0,0
20233,280000,2,1,1,51,0,0,0,0,0,0,390,11223,15225,4951,2408,8360,11223,15262,4951,2408,8360,6202,1
20234,100000,2,3,1,54,0,0,0,0,0,0,40112,40981,41963,43012,33270,33967,1661,1766,1942,1200,1233,1241,0
20235,300000,2,2,1,56,0,0,0,0,0,0,129234,127932,124793,123572,116832,115064,10060,10864,10078,10512,10020,10157,0
20236,200000,2,3,1,54,0,2,0,0,0,0,2841,1709,1312,2404,3786,1916,0,1312,2404,3786,1916,2299,0
20237,50000,2,3,1,52,2,0,0,0,0,0,48970,49366,49803,49830,49539,50418,2100,2128,2079,1896,1803,1954,0
20238,20000,2,2,2,52,0,0,0,0,0,0,18652,18506,18849,19917,19087,19588,1300,1500,1500,500,1380,385,0
20239,30000,2,3,3,61,2,2,0,0,0,0,24453,23212,23964,24434,21340,5624,0,1522,1200,428,112,0,0
20240,430000,2,2,2,50,0,0,0,0,0,0,268537,207118,202412,207496,250337,255277,10000,8000,12000,50000,28000,60000,0
20241,90000,2,2,1,55,0,0,0,0,0,0,3388,0,0,0,0,7707,0,0,0,0,7707,0,0
20242,280000,2,2,1,50,0,0,0,0,0,0,8740,4919,176823,117686,36708,18126,4919,176823,117686,36708,363,853,0
20243,20000,2,3,2,50,0,0,0,0,0,0,19681,19968,19261,20184,17016,15725,1313,1481,1404,0,0,822,0
20244,150000,2,3,2,52,0,0,0,0,0,0,139733,138723,132441,94493,84936,77988,7000,6000,5000,5000,5000,5000,0
20245,300000,2,1,2,50,0,0,0,0,0,0,22443,31175,26476,27782,23325,49146,31175,26476,27782,23325,49146,13164,0
20246,80000,2,5,1,52,2,0,0,0,0,0,79822,77747,77733,78017,29599,26927,2773,3236,2000,2000,1000,1500,0
20247,280000,2,1,1,50,0,0,0,0,0,0,2712,4450,9754,0,8142,6997,4494,9754,0,8142,6997,0,0
20248,120000,2,3,1,50,0,0,0,0,0,0,121018,123150,0,0,0,0,5550,0,0,0,0,0,0
20249,210000,2,3,2,51,2,0,0,0,0,2,42795,43787,44826,45544,48497,47591,2007,2046,1764,3717,0,1885,1
20250,40000,2,2,1,52,0,0,0,0,0,0,0,0,0,0,0,0,3500,0,0,0,0,0,0
20251,100000,2,2,1,52,0,0,0,0,0,0,39555,40550,41587,42602,43327,47950,1955,1992,2007,1732,5506,0,0
20252,90000,2,3,1,54,0,0,0,0,0,0,0,0,0,0,1805,0,0,0,0,1805,0,0,1
20253,80000,2,2,2,49,0,0,0,0,0,0,390,390,390,390,780,390,390,390,390,780,0,390,1
20254,170000,2,2,1,51,0,0,0,0,0,0,9773,4101,3866,14894,6833,6972,4146,3866,14894,137,139,3029,0
20255,350000,2,1,1,52,3,2,2,7,7,7,2400,2400,2400,2400,2400,2400,0,0,0,0,0,0,1
20256,80000,2,3,2,55,2,0,0,0,0,0,76414,78009,78616,49662,48867,48278,3100,2420,2000,1656,1693,1767,0
20257,30000,2,3,2,58,0,0,0,0,0,0,24874,25961,27534,27670,28717,28786,1500,2000,1500,1500,1100,1300,0
20258,500000,2,1,1,54,0,0,0,0,0,0,6259,2937,10410,30016,8014,2630,2962,10457,30026,26,13,2283,1
20259,180000,2,2,1,53,0,0,0,0,0,0,0,533,2329,1778,2510,184,533,2329,1778,2514,184,1103,0
20260,80000,2,3,1,57,0,0,0,0,0,0,33600,0,0,9618,10455,11131,0,0,9618,1000,1000,1000,0
20261,150000,2,2,2,51,0,0,0,0,0,0,13219,1179,0,0,0,35752,1179,0,0,0,35752,1448,0
20262,600000,2,3,2,51,0,0,0,0,0,0,95286,78404,147559,323129,310042,311840,10448,85113,217035,11032,15019,10033,0
20263,50000,2,2,2,51,0,0,0,0,0,0,24202,23664,21780,22722,21907,2917,1340,1402,1344,1002,58,29,0
20264,20000,2,2,1,51,0,0,0,2,0,0,5411,6279,8163,8874,9722,12386,1116,2000,1000,1000,3000,0,0
20265,150000,2,3,1,72,0,0,0,0,0,0,0,1250,0,3871,6200,336,1250,0,3871,6200,336,0,0
20266,100000,2,3,1,50,0,0,0,0,0,0,47895,48889,50099,52259,53389,55519,1790,2000,3000,2000,3000,2041,0
20267,20000,2,3,1,58,2,2,2,2,0,0,8287,10978,11207,11227,12042,12850,3000,700,500,1000,1000,1000,1
20268,80000,2,3,1,55,0,0,0,2,0,0,67671,61346,59100,53133,48598,48882,2141,6433,0,2000,2000,2000,0
20269,50000,2,3,1,52,1,2,0,0,0,0,19371,18761,19469,20412,19755,20320,0,1700,1600,700,840,700,0
20270,150000,2,2,1,52,0,0,2,0,0,0,85404,91457,89151,90071,92565,98291,8400,0,3300,4000,7400,0,0
20271,90000,2,3,1,52,0,0,0,0,0,0,49115,50477,51400,0,0,0,2477,2400,0,0,0,0,0
20272,80000,2,1,1,50,0,0,0,0,0,0,30711,28729,7605,0,0,3011,1957,1000,0,0,3011,2000,0
20273,190000,2,2,1,48,2,2,2,2,0,0,90128,92367,94227,91943,93546,95759,4500,4100,0,3500,3600,3500,1
20274,320000,2,1,2,50,0,0,0,0,0,0,1999,729,2462,12360,10943,9597,730,2472,12360,0,237,3417,0
20275,500000,2,2,2,50,0,0,0,0,0,0,10061,20587,9984,7461,8093,7342,20631,10009,7488,8129,7369,6027,0
20276,50000,2,3,1,57,0,0,0,0,0,0,50990,49123,50820,50706,30636,30501,2100,2500,3820,1636,1501,1700,1
20277,60000,2,1,2,62,0,0,0,0,0,2,57918,59878,51466,50506,56373,55341,3028,2006,1862,6729,0,2911,0
20278,100000,2,3,1,53,0,0,0,0,0,0,98026,99768,100098,75296,73774,75603,3773,3919,3010,3000,6000,3500,0
20279,150000,2,1,1,54,0,0,0,0,0,0,-1,262,329,39919,263,263,263,331,40118,264,264,790,1
20280,280000,2,4,1,50,0,0,0,2,2,0,5380,390,1843,1663,-147,-147,400,1843,0,0,0,1647,0
20281,100000,2,3,1,50,0,0,0,0,0,0,49032,48477,46605,48795,48968,49752,1736,1810,3000,1734,1944,2420,0
20282,30000,2,2,1,50,2,2,2,2,3,2,21993,22634,23057,24506,24711,24178,1300,1082,2131,900,0,2200,1
20283,50000,2,1,1,50,2,2,2,2,2,2,38483,39511,40582,41316,41998,42674,1960,2000,1700,1662,1493,0,1
20284,60000,2,2,1,50,0,0,0,0,0,0,33290,32867,32638,29743,26909,24955,1558,1571,1344,877,875,3000,0
20285,40000,2,3,2,55,1,2,2,2,2,2,27849,29093,28347,30561,29770,31666,2000,0,3000,0,2382,0,0
20286,160000,2,3,1,51,0,0,0,0,0,0,0,0,0,0,0,0,0,0,0,0,0,0,0
20287,150000,2,2,2,50,0,0,0,0,0,0,8478,7890,8958,780,7500,0,7890,8958,780,7500,0,0,0
20288,200000,2,2,1,50,0,0,0,0,0,0,0,0,1350,0,1265,0,0,1350,0,1265,0,0,1
20289,60000,2,3,1,51,0,0,0,0,0,0,60350,61112,60557,35555,30214,30170,2435,2575,1404,990,1347,1316,0
20290,210000,2,1,1,51,0,0,0,2,0,0,3490,3611,13920,10284,3813,1154,3611,12797,0,3829,1154,2766,0
20291,50000,2,1,2,52,2,0,0,0,0,0,6379,3257,4166,0,0,318,1091,1000,0,0,318,0,0
20292,360000,2,1,1,52,0,0,0,0,0,0,6658,2598,1138,6730,3595,2915,2610,1240,6763,3613,2930,47183,0
20293,80000,2,3,3,52,0,0,0,0,0,0,77086,77411,78686,66217,56167,53190,3000,5086,1750,2012,1630,2165,0
20294,360000,2,1,1,52,0,0,0,0,0,0,-3,-3,-3,1000,0,0,0,0,1003,0,0,0,1
20295,140000,2,2,1,52,0,0,0,0,0,0,850,12340,14910,44967,11669,5169,12340,14910,44967,11669,5169,17953,0
20296,260000,2,3,1,52,1,2,0,0,0,0,9979,9371,18488,27022,28402,800,0,10000,11264,1580,2,1098,1
20297,180000,2,2,1,52,0,0,0,0,0,0,76538,71888,65832,51621,51191,49918,3200,2200,1800,2000,1800,1500,0
20298,300000,2,1,2,55,0,0,0,0,0,0,0,0,0,0,0,0,0,0,0,0,0,951,0
20299,200000,2,3,1,53,0,0,0,2,0,0,88895,79074,47318,21594,19067,13814,2600,3224,0,8000,8000,8000,0
20300,390000,2,1,2,53,0,0,0,0,0,0,30400,34756,29530,27620,32364,34041,5000,5000,5000,5000,5000,1161,0
20301,130000,2,3,1,59,0,0,0,0,0,0,390,2356,1373,390,2746,390,2356,1373,390,2746,0,1570,0
20302,130000,2,3,1,56,0,0,0,0,0,0,30218,31706,34130,36245,38624,40989,2000,3000,3000,3000,3000,3000,0
20303,240000,2,2,1,53,0,0,0,0,0,0,890,236,0,2194,439,1085,236,0,2194,441,1085,858,0
20304,80000,2,3,1,54,0,0,0,0,0,0,12158,13956,14382,15631,16080,17327,2000,1500,1500,1000,1500,2005,0
20305,350000,2,1,1,56,0,0,0,0,0,0,8451,36099,5117,6714,18801,13604,36108,5136,6735,18801,13604,7326,0
20306,110000,2,2,1,62,0,0,0,0,0,2,65932,66740,68170,69634,73981,72676,2500,2500,2600,5519,0,3000,0
20307,30000,2,2,1,56,0,0,0,2,0,0,10232,11564,14099,13580,13657,16356,1510,3042,0,600,2942,600,1
20308,130000,2,2,1,53,1,2,2,2,2,2,112363,109067,117301,113926,120846,118804,0,10000,0,8800,0,8000,0
20309,80000,2,3,1,54,0,0,0,0,0,0,75267,54889,56949,35684,10400,0,3000,4000,3000,1000,0,0,0
20310,60000,2,2,2,55,1,2,0,0,0,0,61278,59106,54647,56071,29199,29815,17,2249,2604,983,1023,1003,0
20311,180000,2,3,1,70,0,0,0,0,0,0,162647,157533,153351,144086,118645,104652,5644,5962,4374,3895,3691,3694,0
20312,50000,2,3,1,54,0,0,0,0,0,0,42326,43815,45156,46206,46968,47876,2200,2050,2100,1828,1815,3400,0
20313,70000,2,3,1,57,0,0,0,0,0,0,10042,10577,11129,11650,12997,14322,1176,1196,1185,2000,2000,2000,0
20314,270000,2,1,1,60,0,0,0,0,0,2,836,836,836,836,1972,986,836,836,836,1972,0,836,1
20315,110000,2,3,1,55,0,2,0,0,2,2,4924,4305,4770,5819,4807,5579,0,1087,1532,0,1000,0,1
20316,150000,2,2,1,53,0,0,0,0,0,0,11589,28910,34731,18845,25745,13396,29190,34733,18857,25752,3396,8000,0
20317,150000,2,3,1,53,0,0,0,0,0,0,29076,14131,15112,13652,86575,82377,1200,1500,3795,80000,1700,0,0
20318,170000,2,3,2,56,0,0,0,0,0,0,390,17450,13366,17446,17056,16666,17450,13366,20894,17056,16666,34256,0
20319,70000,2,2,1,62,2,0,0,0,0,0,48367,49358,50396,51462,52609,53708,1796,1834,1900,2000,1945,2000,1
20320,360000,2,1,1,57,0,0,0,0,0,0,-2,-2,-2,-2,1422,0,0,0,0,1424,0,6624,0
20321,200000,2,1,1,59,0,0,0,0,0,0,92215,94085,96174,98116,99490,101412,4300,4500,4438,3900,3800,3500,0
20322,200000,2,2,1,69,0,0,0,0,0,0,45870,46907,47952,49052,49936,50977,2100,2100,2200,2000,2000,2011,0
20323,140000,2,3,2,61,1,0,0,0,0,0,0,0,0,0,0,0,0,0,0,0,0,0,1
20324,360000,2,2,1,58,0,0,0,0,0,0,0,600,0,0,0,1459,600,0,0,0,1459,0,0
20325,180000,2,5,1,54,0,0,0,0,0,0,87695,88545,90403,92245,94082,96050,3200,3279,3343,3366,3483,3507,0
20326,80000,2,2,1,55,0,0,0,0,0,0,79816,29536,28870,25049,23881,23668,1600,1514,1505,1005,2026,2000,0
20327,390000,2,1,1,53,0,0,0,0,0,0,611,0,0,0,343,1343,0,0,0,343,1000,1076,0
20328,440000,2,1,1,53,0,0,0,0,0,0,295180,284145,255143,234395,216318,202530,13007,9102,10003,5000,5000,6000,0
20329,50000,2,2,1,55,0,0,0,0,0,0,1100,0,0,0,0,0,0,0,0,0,0,0,0
20330,80000,2,2,2,60,0,0,0,0,0,0,577,494,438,387,246,939,500,438,387,246,939,350,0
20331,230000,2,2,1,54,0,0,2,2,0,0,187,3327,3100,0,0,0,3327,0,0,0,0,0,0
20332,90000,2,3,1,53,0,0,0,0,0,0,60769,61943,62082,61436,27507,29218,2207,2500,1479,1000,3473,2500,0
20333,80000,2,3,2,54,0,0,2,0,0,0,16613,19828,19227,20593,20951,21460,3500,0,2000,1000,1000,1000,0
20334,350000,2,3,1,64,0,0,0,0,0,0,30726,27639,28890,31090,32265,33737,3000,2000,3000,2000,2000,2000,0
20335,440000,2,5,1,64,0,0,0,0,0,0,133996,136606,136771,141131,147251,150332,6319,5000,6625,10000,5443,5501,0
20336,90000,2,3,1,54,3,2,2,2,2,0,86228,85437,90635,91745,87466,85662,1500,7500,3500,0,3300,3500,1
20337,40000,2,2,1,56,0,0,0,0,0,0,30048,31049,32144,33157,33657,34359,1805,1900,1851,1351,1394,1464,1
20338,50000,2,2,1,61,3,2,0,0,0,0,52659,51213,51696,50422,30145,30203,4,2346,2155,1046,1073,1246,1
20339,50000,2,3,1,58,1,3,2,2,2,2,39649,40194,41150,41670,42188,43360,1500,1900,1500,1500,2000,1500,0
20340,100000,2,3,1,55,0,0,0,0,0,0,390,390,390,390,390,390,390,390,390,390,390,390,1
20341,200000,2,3,1,56,0,0,0,0,0,0,193392,159546,158486,160375,163444,0,5039,8000,3500,3269,0,0,0
20342,180000,2,3,2,55,0,0,0,0,0,0,52824,53165,54842,54868,56286,56621,2000,3002,3000,2300,2345,2000,0
20343,180000,2,2,1,62,1,0,0,0,0,0,0,0,0,0,0,0,0,0,0,0,0,0,1
20344,20000,2,2,1,58,0,0,0,0,0,0,17895,13576,18286,-200,0,18486,13605,19352,0,200,18486,5656,0
20345,120000,2,3,1,63,0,0,0,0,0,0,49394,51261,51333,51174,44680,43760,3000,2000,2000,2000,2000,2000,0
20346,80000,2,3,2,65,2,0,0,0,0,0,85882,84985,84247,81619,30095,20639,3900,4000,2048,1300,1700,401,0
20347,60000,2,3,1,66,0,0,2,2,4,4,47350,51230,54784,58232,61670,65120,5000,5000,5000,5000,5000,1000,0
20348,140000,2,2,1,55,0,0,0,0,0,0,108038,110216,84516,72391,61298,62193,4200,2822,2336,2588,2250,2491,0
20349,220000,1,2,1,39,0,0,0,0,0,0,1557,4445,4292,1803,2970,6348,4478,4323,1812,2985,6379,1860,0
20350,80000,1,1,2,25,2,2,0,0,0,0,79000,0,0,0,0,0,0,0,0,0,0,0,0
20351,360000,1,2,2,29,0,0,0,0,0,0,67273,47110,39017,0,6835,5562,10000,5000,0,6835,0,2009,0
20352,60000,1,3,2,26,0,0,0,0,0,0,56387,57648,59521,58637,38490,38492,2200,2805,1764,1356,1500,1523,0
20353,50000,1,1,2,29,0,0,0,0,0,0,1528,0,0,0,0,0,0,0,0,0,0,0,0
20354,20000,1,2,2,28,0,0,0,0,0,0,17027,34235,18478,19215,15915,0,1500,3000,1200,400,0,0,0
20355,50000,1,2,2,22,1,0,0,0,0,0,0,1054,1448,2535,0,0,1054,1448,2535,0,0,0,0
20356,360000,1,1,2,29,0,0,0,0,0,0,390,390,390,390,390,690,390,390,390,390,690,4224,0
20357,50000,1,2,2,34,0,0,0,0,0,0,44168,44727,26135,26730,12180,18179,1410,2000,1167,1017,18179,651,0
20358,130000,1,3,1,27,0,0,0,0,0,0,500,2000,1354,0,0,2699,2000,1354,0,0,2699,3766,1
20359,20000,1,2,2,22,1,2,2,0,0,0,17336,17751,18113,14885,14975,15311,1000,1003,1300,900,700,4700,1
20360,20000,1,2,2,22,3,2,2,2,3,2,16132,16562,19279,20663,20043,19584,1000,3000,2000,0,0,1803,1
20361,300000,1,1,1,35,0,0,0,0,0,0,91282,45885,35329,29368,18833,93329,3260,2240,1505,1250,80934,2700,0
20362,250000,1,1,1,36,0,0,0,0,0,0,5992,0,1400,79181,29172,14816,0,1400,79181,10000,0,4176,1
20363,100000,1,1,1,37,0,0,0,0,0,0,99516,87274,96414,74161,45585,40178,10184,20000,5150,5000,10000,10000,1
20364,80000,1,1,1,37,2,0,0,0,0,0,81970,78754,74789,45883,29616,28916,3000,3139,2001,2081,1200,1500,1
20365,20000,1,2,2,22,1,2,2,2,2,0,9422,10106,14127,14598,14069,14690,1000,4211,1000,0,1000,1000,1
20366,50000,1,1,2,23,0,0,0,0,0,0,34376,35300,32106,32994,18220,18755,1806,1612,1500,652,828,957,0
20367,50000,1,2,2,23,2,0,0,0,0,0,49301,50660,50036,60770,10598,10122,2500,2142,2254,680,491,340,1
20368,20000,1,2,2,23,1,2,4,3,2,2,11113,14110,13609,13102,12595,14287,3500,0,0,0,1900,0,1
20369,50000,1,2,1,23,0,0,0,0,0,0,9156,0,0,0,0,0,0,0,0,0,0,0,1
20370,180000,1,1,2,23,0,0,0,0,0,0,177736,157096,33700,0,0,0,6849,1500,0,0,0,0,0
20371,50000,1,1,2,23,0,0,0,0,0,0,11306,6657,3565,3820,1275,1275,1069,1240,3840,1275,0,0,1
20372,20000,1,3,2,23,0,0,0,0,0,0,8038,9060,11600,12307,12703,12970,1161,2701,1204,600,620,622,1
20373,20000,1,2,2,22,1,2,2,0,0,0,15471,16211,16752,17471,17830,19230,1300,1100,1300,649,1698,861,0
20374,10000,1,2,2,22,1,2,2,2,0,0,7019,6760,8882,8520,8694,8871,0,2400,0,174,177,181,1
20375,10000,1,2,2,21,0,0,0,0,0,0,7327,8244,9259,9757,9887,9987,1500,1300,1000,206,2094,0,0
20376,20000,1,5,2,22,0,0,0,0,0,0,19614,19844,19929,18775,13854,10718,11630,1369,1162,524,606,0,0
20377,150000,1,2,1,24,0,0,0,0,0,0,139125,0,435,0,81824,83101,0,870,0,82259,3018,3102,0
20378,10000,1,2,2,21,2,0,0,0,0,0,8999,9042,10038,9784,9984,9780,1400,1305,1000,200,196,0,1
20379,20000,1,1,2,23,0,0,3,2,0,0,3286,6341,6097,6339,5143,5126,3300,0,511,300,300,1500,0
20380,20000,1,2,2,24,2,3,2,2,3,2,21034,19839,18663,20394,19228,19615,0,0,2616,0,1400,0,0
20381,50000,1,3,1,23,0,0,0,0,0,0,43087,44468,46653,43143,19003,-317,2100,3260,1200,1000,0,16628,1
20382,10000,1,2,2,24,1,2,2,0,0,3,5570,7327,7065,8058,9433,9008,2000,0,1125,1500,0,0,1
20383,50000,1,2,2,23,0,0,0,0,0,0,49276,0,0,0,0,0,0,0,0,0,0,0,0
20384,20000,1,2,2,23,0,0,0,0,0,0,15932,16965,17993,18698,19075,20498,1605,1605,1310,687,1735,0,0
20385,90000,1,3,2,23,3,2,0,0,0,0,92154,87700,61110,14223,9784,5155,0,2200,1000,477,103,0,1
20386,30000,1,3,2,23,1,2,0,0,0,0,30391,29144,30419,30097,25887,25707,0,2033,1420,0,92,0,0
20387,110000,1,1,2,25,0,0,0,0,0,0,89687,89434,91389,92003,95614,93399,4100,4304,4004,6007,4003,5017,0
20388,10000,1,1,2,23,0,2,0,0,0,0,780,390,390,0,780,0,0,390,0,780,0,0,1
20389,20000,1,2,2,23,2,2,2,0,0,0,16771,19403,18541,19254,19456,19323,2919,0,1298,1000,692,766,1
20390,10000,1,2,2,24,1,2,0,0,0,2,5378,5146,6205,7139,7918,7646,0,1300,1200,900,0,700,0
20391,80000,1,2,2,25,0,0,0,0,0,0,302,-62,1958,-101,15932,950,0,2020,0,16033,11220,0,0
20392,20000,1,2,2,24,0,0,0,0,0,0,6814,7670,8690,9699,10138,10400,1132,1152,1161,600,600,0,0
20393,240000,1,2,2,25,0,0,0,0,0,0,62946,61940,61412,62771,65038,67266,2212,2237,5000,5000,5000,3413,0
20394,170000,1,4,1,40,0,0,0,0,0,0,171650,171841,171014,168142,169821,173014,6384,7540,7540,6301,6517,6035,0
20395,80000,1,2,2,23,0,0,0,0,0,0,78542,48563,20790,0,0,0,1750,1650,0,0,0,0,0
20396,20000,1,2,2,22,2,2,2,2,0,0,20433,19302,19276,19451,19641,20188,0,2100,1000,1000,1000,1000,0
20397,20000,1,2,2,22,0,0,0,0,0,0,9493,10531,11557,12546,9900,1000,1500,1500,1500,800,1500,0,0
20398,480000,1,1,1,37,0,0,0,0,0,0,2849,30999,53425,76538,106032,66535,45205,55328,77000,30048,30015,15056,0
20399,20000,1,2,2,23,3,3,2,0,0,2,11859,11385,10916,12419,13904,13538,0,0,2000,2000,0,1400,1
20400,20000,1,2,2,24,0,0,0,0,0,0,17924,18475,19539,19396,11643,11578,1400,1380,1181,1000,500,500,0
20401,100000,1,2,2,22,0,0,0,0,0,0,35986,36663,36218,38044,37222,37740,2548,2625,2451,890,1056,912,0
20402,50000,1,2,2,23,0,0,0,0,0,0,48784,50371,51400,0,0,0,2400,2400,0,0,0,0,0
20403,80000,1,2,2,24,2,2,0,0,0,0,1430,0,0,872,22872,20641,0,0,872,22000,2002,2001,0
20404,200000,1,1,2,24,0,0,0,0,0,0,9167,200,198,18154,13677,2018,200,198,18156,0,1150,0,0
20405,150000,1,4,2,32,0,0,0,0,0,0,159919,68686,161192,150464,143375,146411,4019,146896,157436,4600,4709,5600,0
20406,30000,1,2,2,34,0,0,0,0,0,0,390,0,780,0,0,0,0,780,0,0,0,0,0
20407,140000,1,2,2,25,0,0,0,0,0,2,17172,18695,20880,23515,25122,24581,1815,3000,3000,2000,0,2500,0
20408,10000,1,2,2,21,0,0,0,0,0,0,7427,8057,8749,9413,10534,10210,1200,1165,1079,1200,754,0,0
20409,20000,1,3,2,24,2,0,0,0,0,0,11179,12188,12904,14217,14360,16140,1504,1220,1533,676,2177,559,1
20410,50000,1,1,2,26,0,0,0,0,0,0,12571,13656,15407,17127,17569,18162,1600,2280,2000,1000,1000,2000,0
20411,130000,1,2,2,25,0,0,0,0,0,0,101281,129217,128302,125300,4125,4210,31200,4268,89527,107,500,1000,0
20412,50000,1,1,2,26,0,0,0,0,0,0,6905,7574,7652,7161,7531,7033,2000,2000,1000,1500,0,3000,0
20413,160000,1,1,2,26,0,0,0,0,0,0,5417,15134,15193,10845,46397,32334,15134,15199,10845,46397,1280,15000,0
20414,30000,1,2,2,26,0,0,0,0,0,0,29160,30640,23583,24195,24546,-354,2015,1800,1200,551,0,28983,0
20415,80000,1,2,2,27,0,0,0,0,0,0,60829,57556,59083,60051,41757,42641,2061,2455,2667,2002,2055,1000,0
20416,20000,1,3,2,25,0,0,2,3,2,2,9248,11859,14264,13746,13228,14333,3100,2900,0,0,1325,670,0
20417,20000,1,3,2,24,0,0,0,0,0,0,15570,16996,18414,19843,19643,3300,2000,2000,2200,0,100,0,0
20418,10000,1,3,2,24,1,0,0,0,0,0,-372,4253,1777,780,780,0,5253,1500,780,0,0,0,0
20419,110000,1,3,2,26,0,0,0,0,0,0,10183,11971,8164,10895,13503,16227,2000,2000,3000,3000,3000,2000,0
20420,50000,1,1,2,24,0,0,0,0,0,0,47796,49045,45506,41471,18298,19001,2100,1900,2000,1000,1000,1000,0
20421,40000,1,1,2,25,0,0,0,2,2,0,977,1787,2566,3174,2634,1547,1190,1349,1200,0,547,231,0
20422,120000,1,2,2,26,0,0,0,0,0,0,316,316,316,316,316,316,316,316,316,316,316,316,0
20423,50000,1,2,2,26,0,0,0,0,0,0,49458,50135,49889,20459,19727,19354,2200,1500,1933,600,461,350,0
20424,270000,1,1,2,27,0,0,0,0,0,0,176380,188744,194534,199524,203514,208396,15000,10000,7841,6930,7800,7730,0
20425,200000,1,1,1,27,2,2,2,2,0,0,177998,174350,158632,154522,135375,142526,14600,7000,0,6000,11500,24,1
20426,20000,1,2,2,24,1,2,2,0,0,2,7733,8754,8469,9481,10324,10017,1300,0,1157,1000,0,1210,0
20427,30000,1,2,2,24,0,0,0,0,0,0,27880,29342,22974,24586,25675,30765,2000,1388,2000,1500,5541,0,0
20428,20000,1,3,2,26,3,2,2,2,2,0,150,150,150,150,150,1150,0,0,0,0,1150,0,1
20429,20000,1,2,2,24,0,0,0,0,4,3,5212,6462,7846,10715,10406,9953,1500,1500,3000,0,0,0,1
20430,10000,1,1,2,24,2,2,0,0,0,0,8837,7554,8287,9580,9267,10096,0,1500,2000,700,1500,0,1
20431,50000,1,2,2,24,2,0,0,0,0,0,47121,46623,46693,31040,30669,30218,1950,1949,1482,1040,913,779,0
20432,60000,1,2,1,25,0,0,0,0,0,0,45648,42596,39829,39324,32460,31735,2000,2500,2000,1100,1200,1200,0
20433,200000,1,1,2,26,0,0,0,0,0,0,14335,12452,4467,3285,0,0,1213,4467,1000,0,0,0,0
20434,110000,1,2,2,26,0,0,0,0,0,0,36770,7611,9275,5751,10592,9701,2000,2000,2000,5000,3470,0,0
20435,210000,1,4,2,27,0,0,0,0,0,0,196963,201741,219122,223267,227841,228377,7000,20000,8200,7100,6800,7000,0
20436,20000,1,2,2,27,0,0,0,0,0,0,1663,1662,1473,1623,1623,1663,1662,1473,1623,1623,1663,1623,0
20437,300000,1,2,1,27,0,0,0,0,0,0,11645,13450,11671,12888,17915,18923,3513,2012,3902,7924,2932,2077,0
20438,30000,1,2,2,22,3,2,2,2,2,3,26061,25349,27826,27080,30525,29764,0,3200,0,3900,0,0,1
20439,50000,1,3,1,24,0,0,2,0,0,0,29341,27139,13295,14126,12185,8419,1806,1000,1112,366,503,500,0
20440,80000,1,2,2,24,1,2,2,2,0,0,178541,174189,183197,177641,149806,141706,0,11900,6500,6500,5800,6500,1
20441,50000,1,2,2,26,1,2,2,2,2,2,31392,32976,34154,33311,35246,34548,2400,2000,0,2800,0,3100,1
20442,230000,1,2,2,27,0,0,0,0,0,0,147530,150313,146464,144227,133638,136605,6800,6707,10038,4782,5119,5632,0
20443,110000,1,3,2,27,0,0,0,0,0,0,71048,74242,78032,81392,48022,48068,5000,5000,5000,5000,3709,0,0
20444,140000,1,2,2,27,0,0,0,0,0,0,80210,67746,76230,77954,78953,81848,10000,10000,3393,3260,5000,3000,0
20445,140000,1,2,2,28,0,0,0,0,0,0,218318,135085,122762,76564,139508,142253,5000,6614,2198,140000,5413,4689,0
20446,360000,1,1,2,28,0,0,2,0,0,0,2711,780,390,390,390,540,780,0,390,390,540,390,0
20447,90000,1,3,2,25,1,3,2,2,2,2,25179,24496,23325,24336,24817,25338,0,0,1405,886,919,1104,1
20448,10000,1,1,2,26,0,0,0,0,0,0,4457,5622,6673,7890,8628,9360,1400,1300,1500,1000,1000,0,0
20449,180000,1,1,2,26,0,0,0,0,0,0,14565,9500,10122,770,4159,4159,9500,10122,770,4159,0,5243,0
20450,120000,1,3,0,26,0,0,0,0,0,0,45753,53323,5257,13781,8636,5698,13160,5272,13832,8661,5715,38852,0
20451,130000,1,2,2,25,2,0,0,0,0,0,128947,126454,128179,75525,76862,6131,5006,4252,3000,1537,10000,21300,0
20452,90000,1,2,2,25,0,0,0,0,0,0,2381,2908,1051,2422,1051,1051,1800,1052,2422,0,1051,83573,0
20453,170000,1,2,2,26,0,0,0,0,0,0,164408,153323,152429,154704,96724,73916,5700,7400,5600,4500,3000,3500,1
20454,50000,1,2,2,23,0,0,2,0,0,0,47378,50555,45532,47086,19045,19554,4000,0,2430,1000,800,700,0
20455,400000,1,1,2,26,0,0,0,0,0,0,98580,67946,161585,146093,129047,75427,8006,123692,7002,8167,3996,2000,0
20456,10000,1,3,2,24,0,0,0,0,0,0,9285,273,8327,9379,9566,9766,273,8327,1200,342,354,438,0
20457,360000,1,1,2,27,0,0,0,0,0,0,4614,6777,14101,11959,3184,7252,6813,14171,12023,3200,7288,1892,0
20458,100000,1,1,2,25,0,0,0,0,0,0,1522,291,1791,2367,4589,291,291,1791,2367,4613,291,291,0
20459,80000,1,1,2,25,0,0,2,0,0,0,825,1650,825,825,825,825,1650,0,825,825,825,0,0
20460,20000,1,2,2,25,0,0,0,0,0,0,390,390,1128,19780,0,0,390,1128,19780,0,0,0,0
20461,50000,1,1,2,25,0,0,0,0,0,0,15639,10504,11824,13018,12303,18584,1200,1500,1500,281,18584,1000,0
20462,50000,1,1,2,24,0,2,0,0,0,0,1959,662,1655,0,1250,1000,0,1655,0,1250,0,0,0
20463,50000,1,1,2,24,0,0,0,0,0,0,12570,11659,8312,11451,9312,7239,6000,6000,8000,186,0,0,0
20464,100000,1,2,2,26,0,0,0,0,0,0,30928,32186,32949,33680,34419,37782,2500,2000,2000,2000,4500,40000,1
20465,150000,1,1,2,26,2,2,2,2,2,0,164576,160500,170405,176048,161874,144124,0,14000,10048,0,5118,4517,1
20466,190000,1,1,2,25,0,0,2,0,0,0,3173,5270,5040,6050,6447,7339,2323,0,1103,500,1000,400,0
20467,80000,1,1,2,26,0,0,0,0,0,0,75755,77397,77839,69534,60747,52280,3500,3328,2811,1192,1516,2316,0
20468,10000,1,2,2,26,0,0,0,0,0,0,9861,15147,6641,15318,8610,8790,1099,2234,1135,1086,319,319,0
20469,50000,1,1,2,26,0,0,0,0,0,0,29021,28408,29117,28764,28390,29443,1768,1477,1444,1100,1500,1100,0
20470,140000,1,5,2,26,0,0,0,0,0,0,136013,136953,133265,82163,83238,85383,5300,6350,2900,2950,4000,3576,0
20471,80000,1,2,2,25,1,0,0,0,0,0,0,0,431,0,0,0,0,431,0,0,0,0,0
20472,50000,1,2,2,26,0,0,0,0,0,2,42695,43679,44757,45703,48476,47603,2000,1781,1727,3500,0,3600,0
20473,80000,1,3,1,34,1,2,2,2,2,2,71104,72737,73987,72199,76621,78451,3400,3000,0,5637,3200,0,1
20474,20000,1,3,2,27,0,0,0,0,0,0,36908,0,0,0,0,0,0,0,0,0,0,0,0
20475,170000,1,2,2,27,0,0,0,0,0,0,156411,143042,126395,119365,112801,108241,7100,5500,5000,5000,5000,5000,1
20476,210000,1,1,2,27,1,0,0,0,0,0,0,582,0,582,291,1027,582,0,582,291,1027,291,1
20477,230000,1,2,2,27,0,0,0,0,0,0,5504,4782,3864,3242,1428,2358,2000,2000,2000,300,2000,1400,0
20478,50000,1,1,2,28,0,0,0,0,0,0,23266,16093,19906,11132,0,0,5224,19906,11132,0,0,0,0
20479,30000,1,2,2,28,2,0,0,0,0,0,24104,25198,25988,27107,27450,29193,1800,1500,1600,1000,2100,1400,0
20480,50000,1,2,2,25,0,0,0,0,0,0,48424,50340,48395,49604,48397,49847,2710,2760,2750,1507,2000,1500,0
20481,50000,1,2,2,28,2,0,0,2,0,0,14091,14752,18460,17749,18936,5925,1200,3972,0,1448,492,10000,1
20482,20000,1,2,2,26,0,0,0,2,0,0,17961,17091,14120,12266,10783,5131,1513,4932,9,286,1000,15000,0
20483,160000,1,2,2,26,0,0,0,0,0,0,1987,0,99500,-500,-500,-500,0,99500,0,0,0,0,0
20484,70000,1,3,2,26,0,0,2,0,0,0,64494,69272,62196,62809,48047,49110,5916,0,2315,1718,2000,2000,1
20485,290000,1,1,2,28,0,0,0,0,0,0,18359,18985,17742,17530,8135,7559,1500,1500,1021,185,387,2000,0
20486,120000,1,3,2,26,0,0,0,0,0,0,88143,83432,78471,77711,79250,55860,6000,4100,3000,3000,2000,0,0
20487,50000,1,2,2,27,0,0,0,0,0,0,45586,46573,47332,47382,47370,46200,3000,2200,1600,978,2000,1000,0
20488,110000,1,1,2,26,0,0,0,0,0,0,101860,99782,98236,92879,75216,76778,3577,4416,2972,2756,2839,2472,0
20489,160000,1,4,2,26,0,0,0,0,0,0,11152,11354,11486,12176,8044,0,5398,5676,8874,161,0,0,0
20490,30000,1,3,2,27,0,0,0,0,0,0,29584,25645,24564,25823,26269,26335,3000,2000,2000,2500,3000,2500,0
20491,210000,1,2,2,27,1,0,0,2,0,0,0,0,709,397,1026,1026,0,709,0,1026,0,0,0
20492,150000,1,3,2,27,0,0,0,0,0,0,85993,81682,83467,86076,87829,58213,2922,3100,4000,3536,2200,2123,0
20493,120000,1,1,2,28,0,0,0,0,0,0,117303,15504,15748,15480,998,980,1256,1500,2000,998,980,0,1
20494,100000,1,2,1,28,1,0,0,0,0,0,0,0,0,0,0,0,0,0,0,0,0,0,1
20495,120000,1,1,2,28,2,2,0,0,2,2,114127,110826,113559,118784,118967,108887,0,6000,9000,3425,45,3500,1
20496,220000,1,5,2,23,0,0,0,0,0,0,181870,186428,190995,165452,170786,174213,7500,7500,7000,8000,8000,158956,0
20497,140000,1,2,2,26,2,2,2,2,2,2,119424,116014,133567,129953,136283,139961,0,19500,0,10000,6000,5000,1
20498,20000,1,2,2,24,1,2,2,0,0,0,6962,7898,7626,8692,9541,9885,1200,0,1200,1000,500,500,1
20499,330000,1,2,2,25,0,0,0,0,0,0,229229,227017,222040,218852,203312,196266,9520,8100,8500,7400,7200,7900,0
20500,210000,1,1,2,29,0,0,0,0,0,0,183214,167757,170663,169291,140384,138574,6000,8000,5556,5100,5016,5200,0
20501,430000,1,1,2,29,0,0,0,0,0,0,325,325,325,0,325,650,325,325,0,325,650,150,0
20502,150000,1,2,2,28,0,0,0,0,0,0,129151,101260,94545,93810,82668,64924,3501,3516,3003,2578,2300,2300,0
20503,210000,1,3,2,28,0,0,0,0,0,0,58340,58644,59855,61013,61097,65089,2107,3000,3000,2500,6000,8000,0
20504,240000,1,2,2,29,0,0,0,0,0,0,243774,242529,242079,243114,213930,219009,8891,12350,15969,7968,8700,17500,0
20505,140000,1,2,2,30,2,0,0,0,0,0,138421,137456,139977,136207,50464,49430,5000,6003,4771,2103,2000,43557,1
20506,50000,1,2,2,28,0,0,0,0,0,0,45622,47061,48264,27806,24901,25441,2500,2500,2000,2000,941,3113,1
20507,400000,1,1,2,28,0,0,0,0,0,0,21012,10107,240244,287499,86684,6796,5056,241366,278006,425,34,2966,0
20508,160000,1,5,1,28,0,0,0,0,0,0,154412,157364,157834,159877,155545,147330,7028,5823,4764,4251,4348,5000,0
20509,130000,1,1,2,28,0,0,0,0,0,0,91092,94581,94580,30000,0,0,5000,3000,4000,0,0,0,0
20510,160000,1,2,2,26,0,0,0,0,0,0,3720,396,396,396,396,1353,396,396,396,396,1353,2423,0
20511,30000,1,2,2,27,0,0,0,2,0,0,25081,26358,29319,28510,29813,30179,2000,3700,0,2000,910,917,0
20512,20000,1,3,2,27,0,0,0,0,0,0,13384,14153,15417,16944,18992,15888,1300,1500,2000,2048,0,4500,1
20513,200000,1,2,2,27,0,0,0,0,0,0,202591,202924,204693,195319,193566,182175,7565,9593,6919,5666,4686,4500,0
20514,20000,1,2,2,27,1,0,0,0,0,0,0,18965,20042,20115,20000,16433,18965,1391,1207,602,707,672,0
20515,130000,1,1,2,27,0,0,0,0,0,0,2219,4141,0,0,0,0,2000,0,0,0,0,0,0
20516,100000,1,2,1,30,0,0,0,0,0,0,416,416,589,1416,416,416,416,1005,1416,416,416,0,0
20517,150000,1,5,2,24,0,0,0,0,0,0,10459,11445,122175,111847,76628,64200,2516,122685,3328,2230,2062,1891,0
20518,100000,1,2,2,25,0,0,0,0,0,0,83749,85463,87189,89539,91258,93343,4000,4000,4100,4000,3241,5000,0
20519,40000,1,1,2,27,2,0,0,0,0,0,10181,11058,11471,11776,12660,12660,2500,2000,1500,2330,2300,1000,1
20520,50000,1,1,2,26,0,0,0,0,0,0,43226,19278,18403,19369,20094,17934,1300,1300,1300,1000,1000,1000,0
20521,150000,1,2,2,32,1,2,0,0,0,0,127399,124835,127259,129115,131820,124322,0,5000,3500,3557,5929,23,1
20522,50000,1,2,2,29,2,2,2,0,0,0,46346,49612,48546,49157,49890,48941,4355,0,1900,1333,0,999,0
20523,50000,1,2,2,24,0,0,0,0,0,0,51112,51086,51365,50579,20413,20452,2109,2388,1602,900,838,707,0
20524,60000,1,2,2,29,2,2,2,2,2,2,35932,35060,38176,38452,39423,38660,0,4000,1200,1900,0,2900,1
20525,320000,1,1,2,30,0,0,0,0,0,0,5562,6061,3829,933,5446,8523,6091,3848,937,5473,8565,0,0
20526,90000,1,2,2,30,2,2,2,2,2,0,91562,67878,72323,71631,68427,69532,0,6500,2600,0,2700,3000,1
20527,160000,1,2,2,30,0,0,0,0,0,0,155967,151161,132051,93367,84622,87255,7541,5500,4200,3032,4000,2609,0
20528,30000,1,2,2,25,1,2,0,0,0,0,3997,2522,261,1261,772,390,0,261,1000,772,8,390,1
20529,50000,1,2,2,26,0,0,0,0,0,0,41375,35398,27906,23043,19167,19478,1515,1424,1315,1000,1000,1000,0
20530,20000,1,2,2,27,0,0,0,0,0,0,19812,17678,19068,19642,27988,1280,1291,1681,1255,672,52,0,0
20531,150000,1,2,2,27,0,0,2,0,0,2,58795,62799,61233,61915,69079,67852,5600,0,2300,8219,0,9000,0
20532,70000,1,1,2,28,0,0,0,0,0,0,5154,5835,5960,11780,1360,468,5860,5979,11780,1360,468,4615,0
20533,180000,1,1,2,28,0,0,0,0,0,0,40675,36126,30820,23852,17902,7784,1560,1735,1385,30,23,5411,0
20534,320000,1,1,2,29,0,0,0,0,0,0,9161,26156,13185,17439,66408,14333,28524,13270,17562,66751,14405,52677,0
20535,90000,1,2,1,29,0,0,0,0,0,0,84844,65217,63943,62327,55800,56800,2277,3489,1639,1136,1000,0,0
20536,210000,1,2,2,29,0,0,0,0,0,0,62590,61942,118652,8757,8936,9118,3815,93575,1000,179,182,0,0
20537,180000,1,2,2,26,0,0,0,0,0,0,67276,65363,68877,48958,45255,41870,3000,10000,2000,1500,1500,1600,0
20538,360000,1,2,2,28,0,0,0,0,0,0,7156,9780,6672,11201,9718,8781,9849,6712,11244,9747,8806,11872,0
20539,100000,1,4,2,28,0,0,0,0,0,0,1000,0,0,0,0,0,0,0,0,0,0,0,0
20540,300000,1,1,2,28,1,0,0,0,0,0,0,0,0,0,0,0,0,0,0,0,0,0,0
20541,160000,1,2,2,27,0,0,0,0,0,0,390,390,390,0,780,390,390,390,0,1170,0,540,0
20542,50000,1,2,2,27,2,2,0,0,0,0,43063,41932,38411,30659,30963,30505,0,1600,1712,1016,2500,0,1
20543,50000,1,1,2,29,0,0,0,0,0,0,27179,27878,28908,29922,30517,31164,1454,1484,1498,1093,1139,2039,1
20544,160000,1,5,2,33,0,0,0,0,0,0,144,6130,0,0,0,0,6636,0,0,0,0,0,0
20545,160000,1,1,2,30,0,0,0,0,0,0,11170,6393,11845,5431,6683,22285,1007,11907,5437,6693,22296,23500,0
20546,20000,1,2,1,30,4,3,2,2,2,3,19379,18775,19612,18864,20556,20211,0,1433,0,2125,0,0,0
20547,250000,1,1,2,27,0,0,0,0,0,0,144525,183569,186020,186465,113336,0,43089,6959,110000,0,0,132818,0
20548,50000,1,1,2,27,0,0,0,0,0,0,33567,0,28971,30437,14106,794,2034,0,2500,1024,397,21885,0
20549,30000,1,2,2,26,3,2,2,0,0,0,30311,31213,30425,30062,30270,29176,1700,0,1310,908,915,1052,0
20550,50000,1,2,2,31,0,0,2,0,0,0,23051,18190,12521,14308,14769,15925,2719,0,2000,1000,1542,764,0
20551,50000,1,1,2,28,0,0,0,0,0,0,42046,47356,47445,49701,49068,0,11000,5000,5000,31507,0,0,0
20552,50000,1,3,2,28,0,0,0,0,0,0,57207,58211,48160,48398,17942,16334,2000,2100,1300,650,600,1652,0
20553,200000,1,1,2,28,0,0,0,0,0,0,2626,15912,1677,315,3042,374,15954,1677,315,3042,374,4500,0
20554,80000,1,1,2,28,0,0,0,0,0,0,75923,57259,50845,36207,32515,15128,2500,2548,2500,1100,1000,1000,0
20555,220000,1,1,2,29,0,0,0,0,0,0,146022,145114,121369,100807,104432,107209,7000,5433,6000,5000,6000,5000,0
20556,60000,1,1,2,28,0,0,2,2,0,0,59059,50579,24193,23511,24019,24481,3800,1900,0,1200,1000,3500,0
20557,230000,1,1,2,29,0,0,0,0,0,0,4649,3985,2234,-1,-1,-1,4004,2245,0,0,0,279,0
20558,210000,1,2,2,31,0,0,0,0,0,0,30785,29242,29883,30447,30803,29820,1472,1509,1469,1221,1100,1252,0
20559,50000,1,2,2,32,0,0,0,0,0,0,49292,48536,41045,41532,18646,19183,2661,3030,2124,646,828,1097,0
20560,20000,1,3,1,26,2,3,2,3,2,0,10449,10135,11926,11448,10970,11636,0,2100,0,0,1000,1000,1
20561,320000,1,2,2,28,0,0,0,0,0,0,46385,47439,48858,50893,52352,53480,2000,2000,3000,3000,1667,2019,0
20562,180000,1,2,2,28,1,2,2,2,2,2,29484,30309,28313,942,1038,492,2000,942,0,492,0,600,0
20563,140000,1,2,2,30,0,0,0,0,2,2,188,6229,7936,13194,5692,8410,6229,2000,5600,0,3002,2,0
20564,30000,1,3,2,25,0,0,0,0,0,0,1211,-50,-440,-830,-1220,-1220,0,0,0,0,0,2000,0
20565,50000,1,3,2,25,0,0,0,0,0,0,35227,36236,21068,18132,18405,16754,2011,2000,2000,1000,1000,1000,0
20566,170000,1,4,2,30,0,0,0,0,0,0,297,1093,2633,1291,3117,1267,1096,2640,1294,3126,1270,1002,0
20567,80000,1,2,2,29,2,0,0,2,0,0,9928,11446,13150,13233,13663,13994,2000,2200,600,650,700,1449,1
20568,290000,1,2,1,30,0,0,0,0,0,0,8452,7718,237648,236463,146420,148600,7728,237648,8900,5300,5541,4700,0
20569,20000,1,2,2,28,2,2,0,0,0,0,17429,16849,17187,8585,8760,12000,0,1202,1000,175,3240,0,1
20570,20000,1,2,1,27,0,0,0,0,0,0,690,665,1164,1523,1228,500,665,1164,1523,1228,500,0,0
20571,100000,1,1,2,26,0,0,0,0,0,0,1847,3614,3252,42058,33171,18379,2000,2000,42058,500,2000,2000,0
20572,10000,1,3,2,27,1,0,0,0,0,0,0,0,0,0,0,0,0,0,0,0,0,0,0
20573,30000,1,3,2,28,0,0,0,0,2,2,22634,23638,24689,28809,30052,29057,1385,1440,4560,2001,1,1228,1
20574,180000,1,1,2,29,0,0,0,0,0,2,183887,93962,95955,98354,105327,107500,4000,3500,4000,8600,4000,0,0
20575,160000,1,1,1,31,1,2,0,0,0,0,3310,2250,1698,-51,-51,-51,0,1005,7,0,0,2821,0
20576,390000,1,2,2,29,0,0,0,0,0,0,65354,70758,70791,66495,52055,68567,20000,14000,10000,12000,30000,13000,0
20577,90000,1,2,2,28,0,0,0,0,0,0,42322,43314,44354,45372,46317,51292,1997,2037,2055,2000,5913,0,0
20578,310000,1,2,2,29,3,2,2,2,0,2,400,400,400,400,20334,19050,0,0,0,20334,0,21573,0
20579,100000,1,2,1,29,0,0,0,0,0,0,66195,62771,63533,57079,16634,26438,2303,3000,3000,1000,10022,3065,0
20580,50000,1,3,2,27,0,0,0,0,0,0,3150,9375,725,21423,6308,12651,9375,730,21423,6308,12651,6243,0
20581,500000,1,2,2,30,0,0,2,2,0,0,20544,25756,26176,18124,8133,4051,5835,1055,23,9,20,15099,0
20582,120000,1,2,1,30,1,2,2,2,0,0,80226,81812,82922,80989,82761,84766,3500,3000,0,3120,3500,3100,0
20583,80000,1,3,1,29,0,0,0,0,0,0,52175,45429,46595,47224,46903,46973,2034,2200,1738,1796,1832,1842,0
20584,140000,1,1,2,27,0,0,0,0,0,0,88588,86625,89226,91680,93220,94456,3200,4000,4003,4003,4006,4000,0
20585,50000,1,2,2,31,1,2,0,0,0,0,51086,49804,28662,29476,4011,1000,0,2000,1500,1000,1000,0,0
20586,400000,1,1,2,30,0,0,0,0,0,0,162540,155319,171087,172732,156830,139816,10000,32000,18000,5000,4000,10000,0
20587,380000,1,1,2,29,0,0,0,0,0,0,24469,30689,19947,22529,3885,23616,30690,10007,24012,3906,24018,13024,0
20588,100000,1,1,2,29,0,0,0,0,0,0,57757,60367,62959,61796,62602,64983,5003,5003,1723,3115,3000,3000,0
20589,110000,1,1,2,29,0,0,0,0,0,0,104216,104343,142622,73702,75513,77111,7316,3000,6000,3000,2935,3011,0
20590,130000,1,2,2,29,1,0,0,0,0,0,-4,1198,101424,-1175,111715,52337,1202,101726,1228,114488,2000,2007,0
20591,200000,1,2,1,29,0,0,0,0,0,0,1418,3052,3538,17091,2413,1301,3066,3555,17175,2435,1307,5839,0
20592,170000,1,1,2,25,0,0,0,0,0,0,-1028,58324,57657,58832,60002,61260,60751,2100,2135,2148,2225,2396,0
20593,50000,1,2,2,27,0,0,0,0,0,0,17831,18139,18777,19662,19348,19355,1295,1323,1598,674,690,855,0
20594,140000,1,3,2,29,0,0,0,0,0,0,7307,11718,5280,8166,18002,22262,5000,3000,3000,10000,5000,2500,0
20595,50000,1,2,1,32,0,0,0,0,0,0,41266,50669,48942,27836,40346,38668,27004,1613,1484,3675,698,1000,1
20596,100000,1,4,2,29,0,0,0,0,0,0,92086,93153,96642,99362,100571,102680,3500,5000,4400,3669,3800,4000,0
20597,200000,1,2,1,32,2,2,2,2,2,0,110419,112518,114247,115896,112545,115565,5400,5000,5000,0,5000,4235,1
20598,70000,1,3,1,33,0,0,0,0,0,0,70011,67411,65867,55969,41298,0,15000,3068,2410,0,0,0,1
20599,320000,1,2,2,29,0,0,0,0,0,0,146515,131130,123226,111975,95510,79385,4697,5920,4000,3012,3000,3000,0
20600,90000,1,1,2,31,0,0,2,0,0,0,32581,36525,35660,36436,33548,32061,4500,0,3000,10000,2000,2000,0
20601,220000,1,2,2,31,0,0,0,0,0,0,167390,123981,250982,129905,131248,139420,6000,5000,6500,5000,10500,5200,1
20602,170000,1,4,2,28,0,0,0,0,0,0,169763,166286,162330,110034,97018,96056,6300,8138,4206,3366,3421,3642,0
20603,150000,1,2,2,28,1,2,0,0,0,0,155963,148095,143845,132677,86265,88390,12,8000,5300,3500,5000,4000,0
20604,180000,1,1,2,29,0,0,0,0,0,0,0,300,740,0,0,0,300,740,0,0,0,0,1
20605,110000,1,2,2,29,0,0,0,0,0,0,104968,107221,109494,111954,111771,111703,4000,4000,4300,4164,4500,4200,0
20606,200000,1,1,2,30,1,2,2,2,2,2,182499,184632,180260,192260,187714,195702,6600,0,15000,0,11013,5549,1
20607,150000,1,1,2,30,0,0,0,0,0,0,989,1023,7542,1200,0,0,1023,7542,1200,0,0,689,0
20608,260000,1,1,2,30,0,0,0,0,0,0,2322,1233,3302,6592,5008,3386,1233,3302,6592,5008,3386,2547,0
20609,360000,1,1,2,30,0,0,0,0,0,0,365290,362533,358716,353426,299403,260620,13000,14000,12080,10000,9500,6000,0
20610,130000,1,2,2,29,2,2,2,0,0,0,47272,47984,47113,48218,49408,50648,1600,0,1700,1800,2000,1800,0
20611,500000,1,1,2,29,0,0,0,0,0,0,29378,20154,11963,8839,2678,3028,5000,8000,3000,1000,3028,8878,0
20612,340000,1,1,2,29,0,0,0,0,0,0,277140,272579,271986,227152,221218,159462,10000,13012,8008,8343,9463,196000,1
20613,70000,1,1,2,26,0,0,0,0,0,2,51897,51961,51435,51512,54709,52462,2230,2009,2397,5912,0,2448,0
20614,90000,1,2,1,29,0,0,0,0,0,0,500,715,26854,28146,0,2000,715,26854,3000,0,2000,0,0
20615,50000,1,2,1,30,4,3,2,0,0,0,49926,48840,46958,47796,48800,50108,0,0,2000,2000,2000,6000,1
20616,170000,1,2,2,30,0,0,0,0,0,0,352,14540,14315,15535,14453,16518,14547,1500,1542,1456,3521,1881,0
20617,50000,1,3,2,30,0,0,0,0,0,0,43702,44979,46755,47412,47703,49495,2000,2501,2000,2000,2500,2000,0
20618,90000,1,1,2,29,0,0,0,0,0,2,47585,48575,49922,51290,56608,55576,1782,2129,2497,6815,0,4275,0
20619,200000,1,2,2,29,0,0,0,0,0,0,69182,69862,44150,43874,41378,832,3000,3500,1500,500,1000,109586,0
20620,20000,1,2,2,32,0,0,0,0,0,0,18472,19968,17199,18367,18130,18500,2000,17199,1600,363,370,1500,0
20621,280000,1,3,1,32,0,0,0,0,0,0,158798,163164,168543,172083,173850,177469,6000,7000,6762,4880,5050,5100,1
20622,200000,1,3,1,33,0,0,0,0,0,0,5868,8654,3408,12019,22169,7416,8697,3439,12079,22219,185,12019,0
20623,50000,1,2,2,32,0,0,0,0,0,2,50240,50149,50021,44924,49669,42689,6000,8000,3000,9000,0,10000,1
20624,100000,1,1,2,32,0,0,0,0,0,0,13565,8130,-332,-732,-1782,-2250,1000,0,1732,1268,2000,3500,0
20625,120000,1,2,1,32,0,0,0,0,0,0,1166,1491,995,1318,1322,2826,2000,1000,2000,1500,3000,0,0
20626,30000,1,3,2,32,0,0,0,0,0,0,5981,7369,8542,9552,9743,10085,1500,1300,1159,350,500,370,0
20627,160000,1,2,2,32,0,0,0,0,0,0,38254,38919,17243,18478,3541,6459,1907,2000,2000,300,6459,3000,0
20628,360000,1,1,2,29,0,2,0,0,0,0,6902,1950,2618,2868,425,29879,141,2618,2868,425,29879,18780,0
20629,200000,1,2,2,33,0,0,0,0,0,0,18044,390,20718,390,390,390,390,20718,390,390,390,540,1
20630,220000,1,1,2,29,0,0,0,0,0,0,26012,25916,24998,23965,23865,23667,1410,1417,1333,731,1019,1045,0
20631,80000,1,1,2,30,0,0,0,0,0,0,5504,6187,100,600,1438,1919,1004,504,500,1000,500,3500,0
20632,160000,1,1,1,30,0,0,0,0,0,0,16754,44946,40453,40951,40709,35569,40453,2002,1500,2000,1000,6443,0
20633,260000,1,2,2,30,0,0,0,2,0,0,4640,5891,8840,8464,10068,10977,1500,4000,0,2000,1500,1000,0
20634,120000,1,2,2,31,0,0,0,0,0,0,120619,118983,109786,104000,121427,116652,5326,5059,4000,120203,5000,5000,0
20635,80000,1,2,2,30,0,0,2,0,0,0,53627,64913,19476,61302,0,0,33000,56,62877,0,41150,81000,0
20636,20000,1,1,2,30,0,0,0,0,0,0,82812,85352,91161,92910,98710,150,2697,6000,3000,6000,150,1832,0
20637,100000,1,3,2,30,0,0,0,0,0,0,92218,78066,77240,87919,75386,69410,3435,4608,25140,2566,2375,4621,0
20638,50000,1,2,2,31,0,0,3,2,0,0,10426,14466,13952,13418,13686,13456,4231,0,0,451,456,449,0
20639,50000,1,2,2,29,0,0,0,0,0,0,30900,0,0,0,0,0,0,0,0,1500,0,0,0
20640,260000,1,1,1,37,0,0,3,2,2,2,163553,192724,188441,191134,193673,197104,32000,0,7100,7000,6500,7000,1
20641,50000,1,2,1,38,0,0,0,0,0,0,16486,17800,18546,19476,18694,19427,1592,1338,1268,636,1000,722,0
20642,190000,1,2,2,28,0,0,0,0,0,0,359280,362680,161193,123203,85510,83704,10367,6596,4831,2806,2870,10017,0
20643,200000,1,1,2,33,0,0,0,0,0,0,48950,47766,42798,42142,37580,4831,2374,2355,1550,1000,500,461,0
20644,140000,1,2,1,48,0,0,0,0,0,0,131959,117153,109570,100086,76125,77720,4153,3965,3211,2772,2817,3211,0
20645,130000,1,1,1,42,0,2,0,0,0,0,390,390,955,1170,1170,780,0,955,1170,0,0,0,1
20646,50000,1,3,1,26,1,2,2,0,0,0,14655,15688,13400,13596,13861,14255,1600,0,2000,2000,2000,2000,1
20647,100000,1,2,2,31,1,2,2,0,0,2,36204,37412,36537,37474,38732,39234,2100,0,2000,2000,1000,0,0
20648,200000,1,3,2,37,0,0,0,0,0,0,103715,104025,97749,99168,58256,59313,3942,4949,4800,2256,2313,2194,0
20649,10000,1,3,2,23,0,0,0,0,0,0,7787,8412,9450,9414,5354,5275,1299,1337,1081,191,375,0,0
20650,20000,1,2,2,24,0,0,0,0,0,0,15408,17146,18856,18265,18123,18732,2000,2011,1650,600,900,900,0
20651,20000,1,2,2,25,0,0,0,0,0,0,5347,-1077,3347,4426,1906,942,5006,5000,2000,0,900,0,0
20652,30000,1,2,1,22,1,2,5,4,3,2,25147,28747,28029,27120,26154,25940,4311,0,0,0,0,0,1
20653,30000,1,2,1,27,4,4,3,2,2,3,10846,10533,10225,9912,11444,10975,0,0,0,1700,0,0,1
20654,310000,1,2,2,30,0,0,0,0,0,0,253549,259711,265931,245884,200380,221201,10400,11200,10840,9361,5300,8205,0
20655,50000,1,2,2,31,0,0,0,0,0,0,49024,48778,96487,43639,5290,41302,1813,2079,2650,106,41302,2000,1
20656,320000,1,5,1,47,0,0,0,0,0,0,8748,5517,4980,7774,2582,3762,1285,4995,7834,2589,3773,0,0
20657,160000,1,2,1,45,0,0,0,0,0,0,155842,158665,132275,57318,42978,0,6139,4026,1492,860,0,0,1
20658,50000,1,3,2,31,0,0,0,0,0,2,45194,22298,16055,17281,18996,18553,1500,1500,1500,2000,0,1000,0
20659,20000,1,2,1,31,0,0,0,0,0,0,3769,4782,5797,6654,6786,7077,1239,1254,1111,243,400,252,1
20660,330000,1,2,1,32,2,2,2,2,0,0,60804,65779,66545,64877,66398,72113,6000,2400,0,2600,8758,2700,0
20661,10000,1,3,2,36,0,0,0,0,0,0,576,3100,3629,6260,5990,6520,4009,4011,6260,120,2000,2000,1
20662,100000,1,1,1,41,1,2,0,0,2,0,89137,86040,71910,65693,63835,18660,0,3515,6300,13,765,0,0
20663,130000,1,1,1,42,0,0,0,0,0,0,23970,23181,18912,19960,81985,80189,1288,1700,2000,63000,2885,3000,0
20664,20000,1,3,3,44,1,4,3,2,0,0,11027,10710,10398,10000,10000,10000,0,0,0,0,0,0,1
20665,370000,1,2,2,39,1,2,0,0,0,0,343248,334394,337272,340152,345904,322168,5,14005,12004,12362,12006,9555,1
20666,190000,1,3,1,41,0,0,0,0,2,2,82926,326,176,804,478,952,326,176,954,0,950,0,0
20667,50000,1,2,1,35,0,0,0,0,0,0,20274,44996,21147,21964,21405,20297,2600,1800,1500,1000,1000,1000,0
20668,180000,1,1,2,28,0,0,0,0,0,0,26730,27757,28178,29055,59849,29840,1800,1500,2000,1400,1100,1400,0
20669,60000,1,2,1,30,1,2,2,2,2,0,46138,44832,47830,48458,47176,47461,0,4000,2000,0,2000,1700,1
20670,170000,1,1,2,29,0,0,0,0,0,0,175349,165527,147798,120811,117680,118907,5800,6520,5700,4300,4500,4500,0
20671,70000,1,1,2,49,1,2,0,0,2,2,38228,37318,38061,42545,43346,44105,0,1649,5133,1800,1600,1900,1
20672,150000,1,2,2,32,0,0,0,0,0,0,146785,92750,73822,35706,28178,20782,3300,3114,2000,2000,2000,3700,1
20673,100000,1,2,2,32,0,0,0,2,2,2,34904,37007,42076,41105,44090,48914,3000,6000,0,4000,5700,2000,1
20674,20000,1,2,2,35,0,0,0,3,7,6,6855,11392,15863,20581,20298,19424,5000,5000,5000,0,0,1000,1
20675,330000,1,2,1,38,0,0,0,0,0,0,144729,124279,119672,95699,98424,101167,10000,4026,3507,5000,5000,5000,0
20676,20000,1,3,2,31,3,2,2,2,0,0,11358,10884,13109,12602,13093,13433,0,2716,0,700,700,500,1
20677,200000,1,3,2,32,0,0,0,0,0,0,4881,6685,34484,13361,5540,12495,6691,30088,13378,127,12502,109,0
20678,90000,1,3,3,40,0,0,0,0,0,0,53256,53695,55426,56544,57048,58421,1923,2597,2637,2041,2291,4824,1
20679,90000,1,2,1,47,0,0,0,0,0,0,54268,52500,2888,0,0,300,2425,2888,0,0,300,0,1
20680,150000,1,3,1,39,0,0,0,0,0,0,0,0,0,0,0,0,0,0,0,0,0,0,0
20681,20000,1,3,2,47,1,2,0,0,0,2,17629,17053,17796,18729,19049,17300,0,1325,1258,1373,0,602,1
20682,50000,1,2,2,28,0,0,0,0,0,0,16889,17868,18028,38126,18690,19082,1271,1711,20809,668,692,740,0
20683,20000,1,2,1,32,0,0,0,0,0,0,7162,8229,8290,0,390,780,1200,1000,0,390,780,0,0
20684,180000,1,1,1,48,0,0,0,0,0,0,64788,66092,65236,65912,66523,67020,3000,2370,3000,3000,2588,2500,0
20685,50000,1,2,2,29,2,2,2,2,2,0,35488,36606,37526,38214,37302,38546,2000,1800,1600,0,2000,1600,1
20686,180000,1,2,1,37,0,0,0,0,0,0,175287,180811,184389,-261,-261,-261,8440,8500,174,0,0,0,0
20687,200000,1,2,1,40,2,2,0,0,0,0,208012,199367,202668,111486,118951,89077,0,8756,5003,10053,10066,10027,1
20688,180000,1,1,2,28,2,2,2,2,2,2,175154,175790,153515,130864,131569,128983,5100,50,14500,4500,296,4500,0
20689,440000,1,1,2,31,0,0,0,0,0,0,37547,29349,23713,25427,21187,26486,20016,29748,25448,10015,14501,11501,0
20690,30000,1,2,2,40,3,3,2,0,0,0,26129,25422,24728,26041,26511,27034,0,0,1730,1200,1100,1151,1
20691,270000,1,1,2,36,0,0,0,0,0,0,109611,64202,33846,42278,36841,57844,6285,33894,42399,36841,57844,35862,0
20692,130000,1,3,2,28,0,0,0,0,0,0,132703,132258,133781,133834,132336,132614,5000,6900,7000,7000,6000,5500,0
20693,50000,1,2,2,29,0,0,0,0,0,0,13200,12930,12684,12050,11005,9952,1506,1521,1148,364,355,390,0
20694,130000,1,2,1,42,0,0,0,0,0,0,396,396,396,396,396,396,396,396,396,396,396,396,0
20695,190000,1,2,1,41,2,2,0,0,0,0,127370,117487,117568,103011,101336,91215,0,6000,5000,3300,5000,4000,1
20696,50000,1,2,2,34,1,2,2,2,0,0,53916,55036,56075,54515,52250,52433,2600,2500,0,2000,4000,0,1
20697,50000,1,2,2,35,0,0,0,0,0,0,49878,46785,41728,41163,29408,30047,1718,2070,1505,1500,1242,1300,0
20698,50000,1,3,1,42,0,0,0,0,0,0,42238,29224,23807,17623,17974,18350,1425,2000,1293,644,666,676,0
20699,80000,1,3,2,44,0,0,0,0,0,0,55297,56677,57687,4500,4500,0,2300,2200,1005,4500,0,0,1
20700,70000,1,2,1,36,0,0,0,0,0,0,33050,34100,21351,19837,19273,13900,5000,2000,3000,4000,10000,10000,0
20701,50000,1,3,2,49,0,0,0,0,0,0,48245,27656,23168,20245,20251,19970,1286,21578,1310,706,806,656,0
20702,30000,1,1,2,33,1,2,2,2,2,2,25826,27274,25744,27504,26987,26927,3000,0,3000,1000,1300,0,0
20703,310000,1,2,2,34,0,0,2,0,0,0,200328,48481,47426,48621,49743,50824,3860,0,2000,1895,2000,2000,0
20704,120000,1,2,2,35,0,0,0,2,2,0,49485,52108,56950,58419,56885,57920,3458,6300,3000,0,2103,2300,1
20705,280000,1,2,1,47,0,0,0,0,0,0,191759,189888,185018,182224,184859,185412,10051,10025,10009,10022,10049,7005,0
20706,90000,1,2,1,39,0,0,0,0,0,0,36703,38089,40162,41422,42172,34477,2000,3000,2000,1600,1500,2000,0
20707,280000,1,1,1,42,0,0,0,0,0,0,-26,-26,-26,-26,5294,-4,0,0,0,5320,0,919,0
20708,10000,1,2,1,44,0,0,0,0,0,0,6436,6398,5295,5635,8735,6745,3012,2000,3009,4000,0,0,1
20709,340000,1,1,1,43,0,0,0,0,0,0,185,4418,0,3931,2295,0,4418,0,3931,2295,0,2254,0
20710,70000,1,2,1,44,1,2,2,2,2,2,54297,52837,56581,55084,56071,59008,0,5200,0,2500,4000,0,1
20711,560000,1,2,1,49,0,0,2,2,0,0,13432,12762,7077,3416,3416,416,3300,1416,0,3416,416,3416,0
20712,360000,1,2,1,40,0,0,2,0,0,0,1473,3125,1473,1473,1473,1473,3125,0,1473,1473,1473,1473,0
20713,70000,1,3,2,47,0,0,0,0,0,0,40862,38910,25151,25433,25544,24573,1421,2524,1584,695,686,525,0
20714,220000,1,2,1,45,0,0,0,0,0,0,165583,168400,171249,173455,88063,90240,6500,6000,4500,3000,3000,3000,0
20715,200000,1,1,1,40,0,0,0,0,0,0,820,820,820,820,590,2099,820,820,820,590,2099,820,0
20716,180000,1,3,1,39,0,0,0,0,0,0,24068,25071,26103,27113,27495,27914,1706,1738,1748,1130,1011,1016,0
20717,210000,1,2,3,39,0,0,0,0,0,0,173187,96550,82810,78255,77816,81392,4000,5000,5000,5000,5000,5000,0
20718,100000,1,2,1,39,0,0,0,0,0,0,74053,75040,76231,78392,79485,81397,3274,3000,3431,2994,3345,3233,0
20719,50000,1,3,1,44,0,0,2,0,0,0,5789,46897,43134,12909,8797,9934,43134,0,1219,257,2000,2000,0
20720,50000,1,3,2,34,0,0,0,0,0,0,44036,35498,33043,25556,24389,25436,4500,4000,3000,2500,4000,2500,0
20721,210000,1,1,1,34,0,0,0,0,0,0,42617,67734,66612,65799,-41,8208,30020,4043,10329,0,8249,2572,0
20722,20000,1,2,2,37,3,2,2,7,7,7,2400,2400,2400,2400,2400,2400,0,0,0,0,0,0,1
20723,170000,1,1,2,36,2,2,0,0,0,0,177116,172711,167796,168915,121713,120909,0,6700,6000,4500,6000,4100,0
20724,180000,1,3,1,37,0,0,0,0,0,0,11368,3595,3837,5760,0,925,3595,3842,5760,0,925,2755,0
20725,270000,1,3,2,38,2,2,2,2,2,2,258442,263195,268769,263144,273783,239278,10350,11000,0,16002,111,8100,1
20726,450000,1,2,1,41,0,0,0,0,0,0,1068,1281,907,882,968,1243,1287,911,886,972,1249,1416,0
20727,60000,1,2,1,41,0,0,2,0,0,0,27130,32932,31938,1236,720,16884,6300,0,1236,720,17000,0,1
20728,30000,1,2,1,36,0,0,4,3,2,2,22261,28083,27371,26645,25919,27535,6200,0,0,0,2038,1268,0
20729,50000,1,2,2,41,0,0,0,0,0,0,39369,40710,42736,43751,44619,45900,2000,3000,1729,1597,2000,1709,0
20730,280000,1,3,1,46,0,0,0,0,0,0,14186,2752,41673,33715,16955,13500,2836,41721,2090,356,67,8162,0
20731,420000,1,1,2,33,1,2,2,0,0,0,170146,9771,0,24683,23702,46093,0,20,24683,752,30002,1056,0
20732,50000,1,3,1,45,0,0,0,0,0,0,29287,29875,15028,5639,6389,7130,1600,1700,1250,1000,1000,1000,0
20733,120000,1,2,1,45,0,0,0,2,0,0,22573,22506,12440,10218,3516,4321,5000,10218,0,4500,4321,3000,0
20734,50000,1,2,1,41,1,4,3,2,2,2,32141,31350,30575,29784,31288,32634,0,0,0,2000,2000,0,1
20735,120000,1,1,1,49,0,0,0,0,0,0,10105,114804,117262,117427,116637,115794,106000,5800,5700,4400,8421,0,0
20736,100000,1,2,1,43,0,0,0,0,0,0,390,390,390,390,390,390,390,390,390,390,390,390,0
20737,20000,1,1,2,22,1,2,0,0,0,0,10591,10277,11304,12311,12410,13358,0,1500,1500,600,1300,0,0
20738,20000,1,3,2,24,5,4,3,2,2,0,21151,20537,19933,19167,18767,18767,0,0,0,0,0,0,0
20739,30000,1,2,2,30,1,3,2,2,3,2,25907,25209,24524,29397,28628,32009,0,0,5621,0,4000,1500,1
20740,240000,1,1,2,30,0,0,0,0,0,0,178911,182510,186450,190523,194405,182630,6581,6881,7181,7281,6638,6881,0
20741,360000,1,3,2,33,0,0,0,0,0,0,32290,33747,39840,46130,50534,53897,2000,7000,7000,5000,4000,4287,0
20742,50000,1,2,1,44,2,0,2,0,0,0,1473,2423,950,1560,1170,780,2423,0,1000,0,0,0,1
20743,180000,1,2,1,46,0,0,0,0,0,0,390,3182,780,0,0,0,3182,780,0,0,0,0,1
20744,220000,1,1,1,39,0,0,0,0,0,0,96473,97887,94776,72842,46747,44236,10000,4000,5063,2000,1605,1697,0
20745,450000,1,1,1,45,0,0,0,0,0,0,26773,700,46727,46367,46191,20019,700,46727,1400,924,400,16608,1
20746,30000,1,2,2,42,0,0,0,0,0,0,2782,2975,2230,1390,4040,3080,2975,2230,1390,4040,3080,2190,0
20747,50000,1,2,3,41,0,0,0,0,0,0,31197,24486,24777,24521,16773,16524,4590,3000,3005,3014,3632,4006,0
20748,360000,1,2,1,36,0,0,0,0,0,0,4671,928,5384,499,596,2338,929,5405,500,597,2340,2649,0
20749,360000,1,2,1,34,0,0,0,0,0,0,49792,52399,52950,44625,21906,16190,3444,3053,3122,1030,610,519,0
20750,20000,1,2,1,40,0,0,0,0,0,0,14353,16580,16730,17930,18267,18604,3000,1800,2000,1000,1000,1000,0
20751,230000,1,2,1,36,0,0,0,0,0,0,0,0,2800,346,346,999,0,2800,346,0,999,0,0
20752,50000,1,2,2,40,0,0,0,0,0,0,47060,48117,49161,50173,18279,18266,2154,2588,2600,1000,653,1000,1
20753,420000,1,1,1,42,0,0,0,0,0,0,13218,24671,19725,23933,24648,18610,24671,21417,23941,8000,18610,8631,0
20754,20000,1,3,1,40,0,0,0,0,0,0,18987,19909,16623,17634,17985,18362,1258,1282,1293,644,667,743,1
20755,20000,1,3,1,40,0,0,2,3,2,2,13370,16326,17963,17386,16809,18137,3200,2200,0,0,1600,900,1
20756,70000,1,2,1,37,0,0,0,0,0,0,57981,66858,65303,63066,28291,25258,15000,3247,3500,837,1000,2500,0
20757,40000,1,2,1,46,2,2,2,3,2,3,27324,30108,32515,31698,33581,32772,3573,3206,0,2700,0,0,1
20758,20000,1,2,2,34,1,2,2,0,0,3,16456,17382,16814,18229,20314,19704,1500,0,1700,2700,0,600,1
20759,140000,1,1,2,30,0,0,0,0,0,0,13468,5600,0,0,0,5302,1000,0,0,0,5302,5251,0
20760,130000,1,2,1,33,0,0,0,0,0,0,99,99,99,99,99,98,99,99,99,99,98,894,0
20761,240000,1,1,1,35,0,0,0,0,0,0,18079,6315,37046,0,1894,1894,6315,37046,0,1894,0,0,0
20762,20000,1,2,2,30,0,0,0,0,0,0,15070,16384,17413,18117,18632,19180,1568,1597,1301,816,1000,779,1
20763,230000,1,2,2,34,0,0,0,0,0,0,27178,0,856,6147,7387,13492,0,856,6147,7387,13492,6701,0
20764,500000,1,2,1,44,0,0,0,0,0,0,77009,92353,223085,278999,207007,66516,94064,223792,85184,4803,1189,222429,0
20765,20000,1,2,1,46,0,0,0,0,0,0,17483,18552,19442,14678,16791,10361,1363,1256,1178,311,2264,0,1
20766,50000,1,2,1,42,0,0,0,0,0,0,44637,40976,40134,16764,15215,16733,1880,1299,3007,1450,3000,3000,0
20767,130000,1,1,2,38,0,0,0,0,0,0,131197,133400,0,0,0,0,7000,0,0,0,0,0,0
20768,400000,1,2,1,42,0,0,0,0,0,0,2984,3353,8372,7743,4984,3027,3369,8379,1074,124,3042,2891,1
20769,50000,1,3,1,40,2,0,0,0,0,0,37245,38324,39405,40748,41273,42206,1700,1700,2000,1500,1600,1600,0
20770,360000,1,1,2,30,0,0,0,0,0,0,8195,99996,795,1000,6398,9418,100496,799,1005,6398,3020,3040,0
20771,50000,1,3,2,34,2,2,2,2,3,2,44951,45906,46872,49974,50023,53367,2000,2000,4200,1170,4300,0,1
20772,20000,1,2,2,44,0,0,0,0,0,0,8843,9262,7102,5035,5152,2150,1115,1202,1000,117,246,0,0
20773,160000,1,1,1,40,0,0,0,0,0,0,500,1000,1000,0,0,0,1000,1000,0,0,0,720,1
20774,420000,1,3,1,32,0,0,0,0,0,0,1875,2499,86074,73930,57807,51014,2499,86113,10000,2256,1529,30281,0
20775,150000,1,1,2,34,2,3,2,0,0,0,32355,31549,30759,32764,36229,79827,0,0,2535,5000,5000,3000,1
20776,190000,1,1,2,37,0,0,0,0,0,0,98588,80559,81481,75853,68074,64941,4007,4051,5013,3000,3000,3500,0
20777,20000,1,3,2,31,2,2,2,0,0,0,16509,19116,18028,18200,16844,18082,2906,0,1250,594,3000,819,1
20778,410000,1,1,2,32,0,0,0,0,0,0,3339,13047,7764,623,4695,4133,10000,7764,623,4695,5973,4421,0
20779,270000,1,1,2,32,0,0,0,0,0,0,47116,47771,51414,52993,54962,56523,2000,5000,3000,4000,3000,3000,0
20780,120000,1,1,1,32,0,0,0,0,0,0,106552,110787,112900,0,0,0,6000,5500,0,0,0,0,0
20781,30000,1,2,1,33,0,0,0,0,0,0,30258,30539,29860,30350,59936,29962,2300,1009,30000,604,1500,2500,0
20782,240000,1,3,1,33,0,0,0,2,0,0,64853,67948,197032,169878,164926,160600,8000,157500,0,5759,5775,6407,0
20783,300000,1,1,1,33,0,0,0,0,0,0,31808,22743,22396,21055,14714,7323,1514,1216,3127,3046,2011,142,0
20784,500000,1,1,1,34,0,0,0,0,0,0,104638,104176,70726,45435,49408,53372,3780,3030,10327,10031,10255,115270,0
20785,700000,1,1,1,34,0,0,0,0,0,0,3609,6109,5810,7684,168,5836,6168,7105,7721,168,5836,52924,0
20786,110000,1,1,2,33,0,0,0,0,0,0,92575,86147,87889,61123,59395,52189,4000,5009,4000,3027,3000,2500,0
20787,490000,1,2,1,34,0,0,0,0,0,0,25015,20912,18817,13424,162851,151961,1340,1397,3193,162856,5461,5010,0
20788,500000,1,1,2,34,0,0,0,0,0,0,32282,32307,7403,12225,16702,21253,5000,5000,5000,5000,5000,8000,0
20789,50000,1,2,2,43,0,0,0,0,0,0,396,396,396,792,396,396,396,396,792,0,396,792,1
20790,430000,1,1,1,42,0,0,0,0,0,0,11362,11461,5741,8897,1350,10184,11461,5745,8935,1350,10184,4190,0
20791,200000,1,2,1,37,0,0,0,0,0,0,29312,19203,9544,15296,7045,10712,19313,9455,15306,7055,10700,12389,0
20792,270000,1,3,2,38,0,0,0,0,0,0,263842,179711,185948,184252,183601,187003,11021,12041,8028,7001,5454,6001,0
20793,220000,1,2,1,49,0,0,0,0,0,0,540,1148,20752,19397,19581,25071,1158,20752,1051,7120,14928,1177,0
20794,20000,1,2,2,34,0,0,0,2,2,0,390,390,780,780,0,0,390,780,0,0,0,0,0
20795,280000,1,1,2,35,1,0,0,0,0,0,-2,399,182,4411,976,4968,401,183,4429,981,4992,4517,0
20796,70000,1,2,1,49,0,0,0,0,0,0,59156,54472,51258,48564,47512,48164,2020,2011,2013,2001,2000,2201,0
20797,420000,1,1,1,43,0,0,0,0,0,0,8100,14270,7324,2846,3027,5946,14274,8232,2853,3027,5946,32053,0
20798,90000,1,2,1,44,2,0,0,0,0,0,58395,59559,61640,62793,63493,67204,2134,3043,3000,2300,4506,15490,1
20799,10000,1,2,1,37,0,0,0,0,0,0,6930,6399,4634,5388,780,0,1065,1246,1000,780,0,390,0
20800,120000,1,2,2,41,1,2,0,0,0,0,121988,90063,27941,11990,390,390,0,1600,1000,390,390,0,1
20801,340000,1,2,1,49,0,0,0,0,0,0,317686,302986,263928,260916,257001,210033,17000,18000,13000,12000,12000,8000,0
20802,350000,1,2,1,49,0,0,0,0,0,0,213236,207648,212177,200000,197544,201886,7600,8008,7200,7200,7500,7500,0
20803,100000,1,2,1,34,2,2,2,0,0,2,84196,74621,64930,58433,50859,40005,2300,2000,4500,3300,0,3500,1
20804,60000,1,1,1,37,2,0,0,0,0,0,21962,23592,25702,26961,28509,29546,2000,2500,2000,2000,1500,2000,1
20805,290000,1,2,1,42,0,0,0,0,0,0,0,0,0,0,1855,3940,0,0,0,1855,3940,2490,1
20806,30000,1,2,1,37,0,0,0,0,0,0,15054,15104,15428,16273,16305,780,1551,1265,1500,841,0,0,1
20807,180000,1,2,2,31,0,0,0,0,0,0,6221,3571,4333,3334,3334,3334,1000,4337,3334,3334,3334,3334,1
20808,50000,1,2,2,49,0,0,0,0,0,0,59236,53689,48551,34656,18077,18815,2000,2124,2047,5618,1000,2000,1
20809,160000,1,2,1,39,0,0,0,2,2,0,34171,34939,38038,38683,37764,39053,1639,3683,1564,0,2053,3228,1
20810,30000,1,6,2,49,0,0,0,0,0,0,29429,29959,29467,28292,28819,28787,3000,1800,2000,2590,10000,1452,0
20811,240000,1,1,2,47,2,2,0,0,0,0,2500,0,0,0,0,0,0,0,0,0,0,0,1
20812,260000,1,3,2,43,0,0,0,0,0,0,154386,151549,158888,144169,151679,143995,10000,10000,10000,10000,8000,10000,0
20813,20000,1,2,2,42,1,2,0,0,2,0,11063,10594,11714,13923,13405,13683,0,1600,2726,0,643,646,1
20814,50000,1,3,2,39,2,0,0,0,0,0,42245,42022,45811,48192,9498,6733,30003,13000,9036,6190,10135,16000,0
20815,180000,1,1,2,37,0,0,0,0,0,0,49531,45612,0,245863,250472,251024,45612,0,245863,5009,5040,0,0
20816,110000,1,3,1,43,0,0,0,0,0,0,390,390,5050,63032,33228,31073,390,5050,63032,1100,1100,1000,0
20817,130000,1,2,1,33,0,0,0,0,0,0,390,390,390,390,390,390,390,390,390,390,390,390,0
20818,30000,1,2,1,45,0,0,0,0,0,0,390,390,390,390,0,780,390,390,390,0,780,0,0
20819,130000,1,2,1,48,0,0,0,0,0,0,1115,1897,1020,3640,948,9071,1902,1023,3650,950,9093,4,0
20820,170000,1,2,1,38,0,0,0,0,0,0,16480,21770,11507,715,3282,715,15067,11572,3282,3282,0,3122,1
20821,240000,1,2,2,38,0,0,0,0,0,0,167544,168609,172591,145144,141134,127242,8400,10000,7500,5600,5500,4600,0
20822,360000,1,1,2,38,0,0,0,0,0,0,1800,2410,2722,2961,2669,2054,2413,2738,2969,2677,2060,2071,0
20823,150000,1,1,2,37,0,0,0,0,0,0,305,87920,17991,101553,95786,82645,89524,19406,102989,2608,7845,0,0
20824,70000,1,3,2,38,0,0,0,0,0,0,68370,69911,69970,57118,27510,27176,2682,2563,1568,970,1000,2000,1
20825,220000,1,2,2,30,0,0,0,0,0,0,226613,217800,189016,137788,106713,96588,7667,7261,5170,4054,4500,1225,0
20826,80000,1,2,1,31,0,0,0,0,0,0,78356,70664,62223,26400,27201,27363,2600,2036,1500,1201,1500,2000,0
20827,180000,1,1,2,31,0,0,0,0,0,0,17426,29047,30572,38043,39441,42652,12000,2000,8043,2000,4000,12500,0
20828,390000,1,1,1,32,0,0,0,0,0,0,26214,25100,34131,31120,15768,30831,6000,10778,7063,7060,30009,10025,0
20829,20000,1,3,1,48,0,0,0,0,0,0,19195,20089,16739,17486,9392,9587,1257,1368,1115,301,310,352,1
20830,100000,1,1,1,44,0,0,0,0,2,0,81786,84489,86298,90857,89208,91119,3400,3400,6200,0,2800,2800,0
20831,10000,1,2,2,37,0,0,0,0,0,0,17018,13789,8236,9130,7302,7981,1117,2800,1200,265,800,500,0
20832,80000,1,3,1,42,0,0,0,0,0,0,390,1780,120,0,0,0,1780,360,0,0,0,0,0
20833,330000,1,1,1,48,0,0,0,0,0,0,0,12089,28933,14553,12400,20805,12089,28933,14553,12400,20805,0,0
20834,20000,1,2,1,47,0,0,0,2,2,2,10628,11650,14252,13678,15041,14751,1200,2800,0,1500,0,1000,1
20835,270000,1,1,2,33,0,0,0,0,0,0,288,765,1277,42402,33855,32349,765,1004,42522,1026,10000,1041,0
20836,280000,1,2,2,33,0,0,0,0,0,0,0,2650,3294,3640,2720,7598,2650,3294,3640,2720,7598,4434,0
20837,180000,1,2,2,33,0,0,0,0,0,0,103956,103230,105945,111065,122028,125069,4100,4400,10000,12900,5000,5000,0
20838,350000,1,3,1,44,0,0,0,0,0,0,266692,3551,33112,2341,63698,38355,3569,33276,2353,64017,38546,435,0
20839,200000,1,3,1,44,2,0,0,0,0,0,147817,121668,67240,69798,72243,75277,11000,11000,5000,5000,5000,3000,1
20840,50000,1,2,1,41,0,0,0,0,0,0,49401,50079,50463,49407,29708,29308,1803,1988,1514,1041,1056,1078,1
20841,500000,1,1,1,41,0,0,2,2,0,2,62289,63485,2015,-121,679,529,2608,0,0,800,0,1500,0
20842,140000,1,1,1,43,0,0,0,0,0,0,1453,1872,1249,1872,1453,1453,1872,1249,1872,1453,1453,1034,0
20843,180000,1,1,1,40,0,0,0,0,0,0,0,0,0,0,0,0,0,0,0,0,0,0,1
20844,540000,1,6,2,49,0,0,0,0,0,0,83722,86030,82860,20879,3698,209167,3538,4380,2067,564,207019,6716,0
20845,30000,1,1,2,28,0,0,0,0,0,0,598,0,950,0,0,0,0,950,0,0,0,0,0
20846,270000,1,1,1,42,0,0,0,0,0,0,6532,3904,8537,5048,7507,24170,3923,8537,5056,7507,24170,3840,0
20847,210000,1,1,2,28,1,0,0,0,0,0,0,0,0,0,0,0,0,0,0,0,0,0,0
20848,160000,1,4,1,45,1,0,0,0,0,0,0,10427,0,0,1817,1817,10427,0,0,1817,0,4700,0
20849,50000,1,3,2,39,0,0,0,0,2,0,34617,34390,810,19009,18035,18364,1000,810,51000,0,1000,1000,0
20850,50000,1,2,2,29,0,0,0,0,0,0,5140,9377,5140,5140,5140,5140,9377,1000,5140,5140,5140,2600,0
20851,200000,1,2,1,33,0,0,0,2,0,0,57579,50612,10537,5552,2506,9443,5250,10023,27,2614,9454,5019,0
20852,240000,1,1,2,35,0,0,2,0,0,0,325,650,325,2250,1925,1925,650,0,2250,0,1925,1925,1
20853,50000,1,1,2,32,1,2,2,2,2,2,45997,47003,46468,47198,49634,48708,2064,500,1800,3528,0,3000,1
20854,80000,1,2,2,28,0,0,0,0,0,0,10677,9478,4603,0,0,0,2017,1033,0,0,0,1820,0
20855,80000,1,2,1,34,2,2,2,0,0,0,81882,81814,78353,78814,49062,48764,3650,0,3328,1888,1787,1960,1
20856,80000,1,2,1,30,2,0,0,0,0,3,13708,22668,31456,40111,48633,56740,9200,9200,9200,9200,9200,0,1
20857,200000,1,2,1,38,0,0,0,0,0,0,7400,2872,212,2387,0,-2620,1005,220,2387,0,0,3380,0
20858,200000,1,3,1,41,0,0,0,0,0,0,171929,157860,145044,137480,6320,780,7000,8080,6000,0,0,0,1
20859,290000,1,1,2,38,1,0,0,0,0,0,0,0,0,0,0,0,0,0,0,0,0,0,0
20860,80000,1,2,1,39,0,0,0,0,0,0,145905,147860,78545,19212,36800,18900,5107,3269,1400,368,1000,0,0
20861,250000,1,1,1,40,0,0,0,0,0,2,307321,4696,5579,8537,2500,2500,4730,5607,8634,2500,0,0,0
20862,50000,1,2,1,37,1,0,0,0,0,0,0,780,390,780,0,0,780,390,780,0,0,0,0
20863,240000,1,2,1,45,0,0,0,0,0,0,228278,232449,223853,225623,221130,225446,10000,9000,10000,8301,9000,13000,0
20864,130000,1,2,1,43,0,0,0,0,0,0,59762,61877,60390,390,390,390,3496,1208,390,390,390,390,0
20865,190000,1,2,1,45,0,0,0,0,0,0,82764,63105,55282,50864,48782,49241,5000,2600,2000,3000,5000,2000,0
20866,20000,1,2,2,40,0,0,0,0,0,0,1261,11839,9610,7004,10614,10433,11839,1266,1000,5000,209,0,0
20867,60000,1,2,2,32,1,2,2,2,2,2,47908,49823,48757,52312,52960,51985,3000,0,5000,2100,0,4600,0
20868,170000,1,2,1,35,1,2,2,2,2,0,17920,19229,18642,19743,19422,3644,1900,0,2000,0,500,500,0
20869,50000,1,3,1,46,1,2,0,0,2,0,35556,34685,36121,38135,37416,38503,0,2000,2800,0,1500,2500,0
20870,240000,1,2,1,31,0,0,0,0,0,0,230234,224376,230666,219162,189589,193546,8200,10000,8000,10000,6531,5543,0
20871,200000,1,1,2,31,1,2,2,3,2,2,182307,186128,197509,193046,194368,182903,8300,15900,200,6100,7000,0,1
20872,130000,1,1,2,31,1,0,0,0,0,0,0,0,0,0,0,0,0,0,0,0,0,0,0
20873,360000,1,5,1,31,0,0,0,0,0,0,270955,275178,280535,82455,83359,85171,8000,7500,3500,2500,2500,2600,0
20874,200000,1,1,2,33,0,0,0,2,0,0,54713,58184,62286,61305,62846,42634,5000,5700,2000,3000,2000,1000,0
20875,160000,1,3,2,38,0,0,0,0,0,0,138937,152723,138767,131237,76104,56237,120000,10000,10000,5000,3000,5000,0
20876,230000,1,1,1,39,0,0,0,0,0,0,660,660,660,660,660,660,660,660,660,660,660,660,0
20877,280000,1,1,1,38,1,0,0,0,0,0,4608,5393,2369,3700,5024,5188,5410,2380,3709,5849,5606,5299,0
20878,210000,1,1,1,40,0,0,0,0,2,0,23764,21911,23204,19709,14418,13366,1367,1777,1577,0,1366,3130,0
20879,380000,1,3,1,39,0,0,0,0,0,0,37096,45148,60615,65016,69286,67455,10012,20012,10014,10048,10022,20153,0
20880,270000,1,2,1,36,1,2,0,0,0,0,5714,3548,11419,20787,23471,25987,0,11000,10000,5000,5000,3000,1
20881,150000,1,2,2,34,0,0,0,2,2,0,917,167,1371,1200,0,0,2000,1371,0,0,0,0,0
20882,110000,1,1,2,30,1,2,2,2,2,2,88312,90163,92035,93231,94309,96258,4200,4200,3600,3500,3600,0,0
20883,500000,1,1,2,32,0,0,0,0,0,0,27318,46364,30327,16314,1151,3074,40019,16107,3325,1151,3074,4984,0
20884,100000,1,2,2,41,0,2,2,2,2,2,1941,3255,3056,4998,4769,9691,1500,0,2000,0,5000,0,1
20885,130000,1,1,2,30,0,0,0,0,0,0,80528,77939,78524,63421,60269,59984,3700,3916,3000,3000,3000,1000,0
20886,200000,1,1,2,34,2,0,0,0,2,2,150493,156449,162377,174501,155355,129942,10000,10000,15000,0,10000,0,1
20887,280000,1,2,2,47,0,0,0,0,0,0,229281,233992,186321,180598,20596,15311,20213,8003,9002,5000,5000,5000,0
20888,420000,1,1,1,39,0,0,0,0,0,0,100333,102906,105030,107146,107896,110149,5138,5267,5347,4019,4152,4173,0
20889,380000,1,1,2,29,0,0,0,0,0,0,388,388,388,388,775,387,389,389,389,776,1,435,0
20890,220000,1,1,2,33,1,0,0,0,0,0,0,0,0,0,0,0,0,0,0,0,0,0,1
20891,310000,1,2,1,35,0,0,0,0,0,0,-354,-354,-354,-354,-354,-354,0,0,0,0,0,352,0
20892,310000,1,2,1,48,0,0,0,0,0,0,102646,101640,102740,97791,86200,83017,5200,4700,4250,3100,3100,3100,0
20893,550000,1,1,2,35,2,2,2,2,2,0,539092,552234,565550,572805,823540,501370,23000,23000,18000,0,18373,18159,0
20894,170000,1,1,2,36,0,0,0,0,0,0,37830,11160,4336,947,316,3797,11376,4346,947,316,3797,316,0
20895,50000,1,1,2,35,0,0,0,0,0,0,49241,26539,53920,0,47566,48393,1600,1000,2500,47566,1700,2000,0
20896,390000,1,1,1,41,0,0,0,0,0,0,7015,500,321,4411,1069,448,500,321,4412,1069,448,2661,0
20897,20000,1,2,2,24,0,0,0,0,0,0,18196,19495,-280,-280,-280,-670,1775,0,0,390,0,1600,0
20898,80000,1,1,2,26,0,0,0,0,0,0,18229,27416,25253,5549,4549,4549,10000,2000,2000,0,0,3000,0
20899,200000,1,2,2,25,0,0,0,0,0,0,88569,101979,143982,146700,149339,162121,15000,43982,5150,6000,15027,463,0
20900,80000,1,2,2,27,1,0,0,0,0,0,0,0,0,200,0,0,0,0,200,0,0,698,0
20901,200000,1,1,2,28,0,0,0,0,0,0,87390,115312,142912,161874,176431,180153,30002,30002,21876,16433,5661,5349,0
20902,130000,1,2,2,30,0,0,0,0,0,0,70142,10724,3995,7556,125682,128453,1100,2000,5000,128000,4700,4600,0
20903,200000,1,2,1,28,3,2,2,7,7,7,2443,2443,2443,2443,2443,2443,0,0,0,0,0,0,1
20904,20000,1,3,2,48,3,2,2,7,7,7,250,250,250,250,250,250,0,0,0,0,0,0,1
20905,310000,1,2,2,35,0,0,0,0,0,0,2186,1528,22217,-5,1116,374,1532,22328,0,1121,401,0,0
20906,160000,1,3,1,40,0,0,0,0,0,0,150451,152384,155976,157793,158652,157163,7000,7500,6008,5516,6011,6009,0
20907,190000,1,2,2,40,2,2,2,2,2,2,149411,145613,156765,159386,161870,165725,0,15000,6600,6500,6500,7000,1
20908,110000,1,2,1,49,0,0,0,0,0,0,51395,51803,52888,54570,55368,56623,1855,1921,2563,2300,2300,1704,0
20909,150000,1,2,2,49,0,0,0,0,0,0,86035,86414,87852,88692,90211,91543,3090,3218,3196,3360,3310,3573,0
20910,90000,1,1,1,37,0,0,0,0,0,0,51438,40028,38704,37135,35141,33502,1950,2000,1800,1150,1200,1150,0
20911,150000,1,1,2,34,0,0,0,0,0,0,56142,60855,53256,60945,60720,57407,10115,15010,10015,3022,1522,2013,0
20912,160000,1,1,1,41,0,0,0,0,0,2,776,230,1350,1310,2374,1444,230,1500,1310,1444,0,1000,1
20913,180000,1,1,2,34,0,0,0,0,0,0,0,0,0,0,0,0,0,0,0,0,0,0,0
20914,20000,1,2,2,26,1,2,2,0,0,2,8476,10187,9885,11398,12208,11869,2000,0,2000,1000,0,1200,1
20915,50000,1,2,1,32,0,0,0,0,0,0,50805,51088,50810,50814,50927,50438,2284,2006,2010,2123,2138,2442,1
20916,420000,1,2,1,41,0,0,0,0,0,0,193370,198053,202618,197985,200163,2559,4988,4976,6019,5065,1035,182778,0
20917,30000,1,2,1,30,0,0,0,0,0,0,29202,30695,29342,23572,21381,28609,2001,10019,1219,1032,28609,1269,0
20918,20000,1,3,1,46,0,2,2,0,0,0,1836,1651,0,390,1170,780,0,0,390,1170,0,0,1
20919,200000,1,1,2,38,2,0,0,0,0,0,1810,3388,-12,1081,1884,2089,3405,0,1093,1893,2097,7132,0
20920,50000,1,1,2,36,2,2,0,0,0,0,45960,44883,40820,33545,46832,24101,0,1973,1784,845,1750,1010,1
20921,500000,1,1,1,39,2,0,0,2,2,2,15776,17467,120972,117088,121283,117583,3004,106000,0,8008,78,10549,1
20922,30000,1,3,1,42,1,2,0,0,0,0,14655,12731,13225,16952,11920,0,14,3000,5000,1000,0,0,0
20923,360000,1,2,1,46,0,0,0,0,0,0,8746,3093,1935,1205,1320,1068,3108,1952,1219,1326,1073,191,1
20924,130000,1,2,1,38,0,0,0,0,0,0,233617,115431,35400,0,0,0,10000,5000,0,0,0,0,0
20925,20000,1,2,1,45,0,0,2,2,2,2,-2044,1961,2983,2790,3589,3388,5966,1201,0,1000,0,1000,0
20926,200000,1,1,2,34,0,0,0,0,0,0,1740,10108,291,2515,1133,-363,10108,291,2515,1133,0,0,0
20927,340000,1,1,1,39,0,0,2,2,0,0,177237,188765,193224,192578,195073,206924,16100,9000,4000,7200,15200,0,0
20928,50000,1,1,1,33,0,0,2,0,0,0,40505,46745,45727,45515,45470,4220,6930,0,1200,155,3000,0,0
20929,360000,1,1,2,33,0,0,0,0,0,0,780,286,0,0,390,-200,286,0,0,390,0,0,0
20930,200000,1,2,2,35,0,0,0,0,0,0,1121,4621,4318,1640,6614,707,4621,4351,1654,6614,707,0,0
20931,50000,1,2,2,33,0,0,0,0,0,0,47364,48355,49715,49736,17599,16753,1780,2140,1161,510,503,500,1
20932,560000,1,2,1,36,0,0,0,0,0,0,4286,3273,2300,4930,2043,1019,3282,2306,4930,2049,1019,2580,0
20933,130000,1,3,2,39,2,2,2,2,2,2,66548,71034,69329,74175,72383,77217,5600,0,6000,0,6000,0,1
20934,20000,1,3,2,38,0,0,0,0,0,0,12248,15023,16773,18394,19268,14850,3000,2000,2000,2000,1003,904,0
20935,360000,1,1,1,42,0,0,0,0,0,0,30860,20180,21908,1780,47307,0,20204,21908,1780,47307,0,0,0
20936,50000,1,3,1,39,0,0,0,0,0,0,23257,22938,21583,22453,21618,19525,1333,1500,1274,700,700,688,0
20937,70000,1,2,2,35,1,2,2,0,0,0,44193,46168,45166,36283,20861,21374,3000,102,2400,894,1000,1000,1
20938,280000,1,2,1,49,0,0,0,2,0,0,32311,32812,34943,33892,28005,22011,1429,2950,0,792,633,434,0
20939,280000,1,2,2,39,0,0,0,0,0,0,6251,12501,4873,4071,-30,-30,12577,4897,4176,0,0,0,0
20940,50000,1,3,1,37,0,0,0,0,0,0,44320,45211,45559,46164,46685,47272,2021,3259,1754,1665,1723,2099,0
20941,160000,1,2,1,40,0,0,0,0,0,0,101782,102308,103620,98888,94288,97504,3710,4000,4000,3500,7200,0,0
20942,240000,1,3,1,40,0,0,0,0,0,0,8936,1649,2999,2840,4114,5923,1658,3010,2840,4114,3923,3673,0
20943,300000,1,2,1,48,1,0,0,0,0,0,0,0,0,0,0,0,0,0,0,0,0,0,0
20944,280000,1,2,1,39,2,0,0,0,0,0,130549,131955,134910,139280,139188,271388,5000,5000,6585,6409,6046,3053,1
20945,530000,1,1,2,30,0,0,0,0,0,0,205848,214022,393664,235392,232640,239004,13000,20000,10000,10000,10000,9000,0
20946,120000,1,2,2,32,0,0,0,0,0,0,7111,5894,7670,20440,4260,15308,6000,7680,20440,4260,15308,7000,0
20947,130000,1,3,2,33,0,0,0,0,0,0,126592,123377,59064,46825,46730,47775,5264,2188,2500,1122,1500,1200,0
20948,500000,1,1,1,35,0,0,0,0,0,0,6257,10445,7009,12515,8037,7944,10492,7114,12587,8071,7978,13896,0
20949,70000,1,2,1,31,0,0,0,0,0,0,3588,3204,2330,1499,1327,671,1505,1005,1002,503,502,0,0
20950,10000,1,2,2,31,0,0,0,0,0,0,390,390,0,780,0,0,390,0,780,0,0,0,0
20951,500000,1,1,1,41,0,0,0,0,0,0,11060,6860,27243,2487,6269,10744,6895,27398,3104,6300,10797,4882,0
20952,340000,1,1,1,41,0,0,0,0,0,0,11379,11086,3112,3351,1259,19271,11258,3112,3351,1259,19271,16992,0
20953,10000,1,3,2,37,0,0,0,0,0,0,4950,5963,6983,7993,8151,8322,1103,1123,1133,291,302,1000,1
20954,140000,1,2,2,41,0,0,0,0,0,2,185948,170133,155737,140586,136641,117308,6088,5677,4797,15414,0,2330,0
20955,50000,1,2,2,36,0,0,0,0,0,0,1261,1261,1665,1261,1261,390,1261,1665,1261,1261,390,390,0
20956,270000,1,2,1,44,2,0,0,0,0,0,187352,179247,180535,187524,185895,190396,8000,6700,10027,6700,7500,7000,1
20957,290000,1,2,2,30,0,0,0,0,0,0,65369,67270,65357,66893,69740,56411,3360,3000,3000,4000,2500,8000,0
20958,50000,1,1,2,33,0,2,2,2,0,0,36363,35483,48256,47098,46898,150,0,13500,0,0,0,0,0
20959,30000,1,2,1,33,0,0,0,0,0,0,6390,5454,5540,4605,2880,2516,1102,1128,1000,58,2516,3553,0
20960,290000,1,1,2,41,0,0,0,0,0,0,275367,255049,247090,242309,238609,238712,10580,9006,8507,10902,8600,8671,0
20961,200000,1,1,2,31,0,0,0,0,0,0,9080,14280,13918,22836,20105,4415,14280,13918,12836,8000,1000,0,0
20962,50000,1,1,2,31,2,0,0,0,0,0,56251,50758,49517,49528,44768,40295,8705,2501,2005,1312,1614,1706,0
20963,290000,1,1,2,32,0,3,2,0,0,0,3739,3738,3737,179546,182148,185484,0,0,179460,6900,6600,7800,1
20964,130000,1,1,2,36,1,2,2,2,0,0,128190,131094,132549,128646,100845,101545,6500,5000,0,3512,3606,3699,0
20965,220000,1,2,1,47,0,0,0,0,0,0,3489,6246,29390,8460,19000,13550,6261,29390,8489,19000,13550,2969,0
20966,250000,1,1,2,33,0,0,0,0,0,0,76412,80024,83952,87147,91191,94220,5000,5000,5000,5000,4000,5000,0
20967,360000,1,1,1,44,0,0,0,0,0,0,162773,158557,158098,153896,152053,128253,5676,6019,5315,4975,4701,4516,0
20968,150000,1,1,1,38,5,4,3,2,2,0,288585,282677,159283,148309,143972,139650,0,0,0,5000,5000,0,1
20969,160000,1,2,2,37,0,0,0,0,0,0,140266,133372,129619,116388,114022,111743,5019,5000,4156,4500,4500,4000,0
20970,360000,1,1,1,34,0,0,0,0,0,0,2433,1218,505,843,-4,2237,1230,505,843,4,2241,56,0
20971,210000,1,2,2,42,0,0,0,0,0,0,197204,201218,205477,209754,212737,209083,8800,9000,9200,8000,8000,9000,0
20972,60000,1,3,1,43,0,0,0,0,0,0,44057,42706,42345,42849,17490,15633,1669,2000,1870,1000,586,619,0
20973,20000,1,2,3,48,0,0,0,2,0,0,16537,16192,16926,17333,16820,17175,1500,3500,1000,1000,1000,1000,0
20974,50000,1,3,1,45,0,0,0,2,0,0,10522,261,1305,1134,1073,1312,261,2305,0,1200,1500,0,1
20975,60000,1,3,1,41,0,0,0,0,0,0,58563,58344,57920,58064,55928,57108,2826,2269,2277,2002,2081,2395,0
20976,460000,1,1,2,39,0,0,0,0,0,0,290372,287696,197014,179698,167727,136894,15495,10089,8077,6184,8047,6035,0
20977,240000,1,5,1,40,0,0,0,0,0,0,19295,2054,6984,0,0,0,2054,6984,0,0,0,0,0
20978,30000,1,2,2,44,2,0,0,0,0,0,17766,18771,19965,20865,23465,24465,1306,1500,1400,3000,1000,0,1
20979,50000,1,2,1,41,0,0,0,0,0,0,43607,45375,46836,48635,19373,20129,2500,2500,3000,1500,2000,3000,0
20980,120000,1,2,1,41,0,0,0,0,0,0,0,0,0,0,0,0,0,0,0,0,0,0,1
20981,120000,1,2,2,32,0,0,0,0,0,0,114476,113995,116574,117041,50980,51285,4100,6000,5000,5000,58895,5000,0
20982,230000,1,1,2,40,0,0,0,0,0,0,6514,7882,162,-868,-868,-868,7882,162,0,0,0,0,1
20983,80000,1,1,2,39,0,0,0,0,0,0,48491,55637,60163,0,780,390,8000,6000,0,390,390,540,0
20984,20000,1,2,2,34,2,2,2,0,0,0,17497,20690,20075,19492,19859,19232,3500,0,1500,805,7000,542,1
20985,360000,1,2,1,33,0,0,0,0,0,0,15299,44439,22637,101497,68960,28399,44730,22751,101691,2233,6138,16113,0
20986,500000,1,1,1,30,0,0,0,0,0,0,74797,75753,78031,78946,76689,77968,2800,3500,2818,2743,3000,10000,0
20987,30000,1,2,1,45,1,2,2,2,2,2,14728,15777,17224,18241,18446,18009,1600,2000,1600,800,0,1600,1
20988,170000,1,1,2,29,0,2,0,2,0,0,14479,27045,19041,12769,6283,3093,70,19136,64,6314,3107,3494,0
20989,240000,1,2,2,41,0,0,0,0,0,0,226047,230787,236518,232756,214781,219313,10000,11000,10300,7700,8000,8100,0
20990,230000,1,1,1,40,0,0,0,0,0,0,169,2008,3587,2663,2660,2997,2018,3605,2681,2673,3012,2583,0
20991,180000,1,1,2,31,1,2,2,2,2,2,172505,166692,176869,347813,171041,181637,0,16000,6000,0,15000,7000,0
20992,210000,1,3,1,38,2,2,2,2,2,2,122157,130309,116004,78564,37154,0,12301,16,5812,218,0,0,1
20993,460000,1,1,2,44,2,2,2,2,2,2,282944,288729,295114,299739,304319,299400,12000,12500,11000,11000,0,27000,1
20994,200000,1,1,1,47,1,2,2,0,0,0,198663,201996,194396,166515,163673,145683,8013,13,8684,5500,7437,4600,1
20995,80000,1,2,1,40,0,0,0,0,0,0,71578,71896,73744,73572,73025,73087,3007,5012,3119,3007,3110,3101,0
20996,50000,1,2,1,49,1,2,2,0,0,0,50435,50936,49463,50046,19858,19278,2400,0,2300,1000,1000,1000,1
20997,230000,1,2,2,38,2,2,2,2,2,0,177917,181465,185074,187053,176805,180826,8000,8000,6500,0,7000,6500,0
20998,80000,1,2,1,38,0,0,0,0,0,0,40356,25023,16392,7467,6727,994,1631,1432,1000,520,1097,2236,0
20999,200000,1,2,1,32,0,0,0,0,0,0,80,89691,91517,72739,389,389,90001,3935,3759,390,390,390,0
21000,50000,1,3,1,40,0,0,0,0,0,0,1261,2522,170,1261,390,390,2522,170,1261,390,390,390,0
21001,30000,1,2,1,36,1,0,0,0,0,0,0,780,0,1170,780,0,780,0,1170,0,0,0,0
21002,280000,1,3,1,40,2,0,0,0,0,0,178220,184848,188411,191291,189029,192023,10000,9000,8000,6738,6974,7600,1
21003,260000,1,2,1,37,0,0,0,0,0,0,128602,118109,21557,23186,14117,15797,3203,6015,5055,2011,4078,4522,0
21004,200000,1,2,2,32,2,0,0,0,0,0,160106,162743,81890,0,0,0,7600,4000,0,0,0,0,1
21005,80000,1,2,2,32,2,0,0,0,0,2,79237,65301,67253,67352,74448,72928,3000,4005,2500,10000,0,5000,1
21006,200000,1,1,2,45,0,0,0,0,0,0,14027,16016,16905,11791,7983,6327,5006,3024,2017,173,1002,3197,0
21007,20000,1,5,1,28,0,0,0,0,0,0,9278,10400,0,0,0,0,1400,0,0,0,0,0,0
21008,200000,1,2,1,47,0,0,0,0,0,0,42114,227075,217016,200316,169815,88071,235728,10000,5210,4009,3186,55152,1
21009,60000,1,3,2,41,0,0,0,0,0,0,866,29123,26766,-1644,6398,5556,29687,30000,0,20009,10000,10000,0
21010,50000,1,2,1,38,0,0,0,0,0,0,46509,47072,47637,44429,27279,27318,2000,2000,2000,944,1118,1000,0
21011,50000,1,2,1,42,0,0,0,0,0,0,1345,1545,-306,18394,18760,19166,1000,0,18700,663,700,820,0
21012,50000,1,2,2,41,0,0,0,0,0,0,50516,44187,20314,19707,19566,19916,2721,1750,1200,1000,1000,1000,0
21013,200000,1,3,2,43,3,2,2,2,2,2,2500,2500,2500,2500,2500,2500,0,0,0,0,0,0,1
21014,130000,1,3,2,38,2,2,0,0,0,0,114726,107602,106907,94152,96365,97413,20,4544,3200,3500,3585,2519,1
21015,130000,1,2,2,41,0,0,0,0,0,0,131762,106130,66523,55678,20290,14802,3466,2781,1702,602,492,515,1
21016,50000,1,2,2,32,0,2,2,0,0,0,780,390,0,780,0,0,0,0,780,0,0,0,1
21017,160000,1,1,2,33,2,2,2,0,0,0,146129,158066,156898,154725,115841,111615,15000,4000,8000,4000,4000,4000,1
21018,50000,1,2,2,32,1,2,2,0,0,0,48793,50194,49101,47549,48817,45928,2500,0,1800,2000,2000,2000,1
21019,10000,1,2,2,46,0,0,0,0,0,0,8866,9844,9319,18202,9287,0,1143,1218,1000,372,0,0,0
21020,200000,1,2,2,35,0,0,0,0,0,0,87750,89618,91499,93317,96110,98906,3000,3000,3000,4000,4000,5000,0
21021,360000,1,1,2,38,0,0,0,0,0,0,12325,14118,38645,5235,4710,6392,14123,38722,5235,4710,6392,12576,0
21022,230000,1,1,1,37,0,0,0,0,0,0,1464,1742,3267,800,2458,1880,1742,3267,800,2458,1880,2414,0
21023,200000,1,1,2,34,0,0,0,0,0,0,3253,3969,-8,2315,4255,2010,4005,326,2323,4264,2028,1857,0
21024,50000,1,3,1,43,0,0,0,0,0,0,27620,28923,29955,30666,31275,31940,1767,1799,1510,1119,1169,2000,1
21025,90000,1,2,1,34,0,0,0,0,0,0,106053,101023,97045,102372,100794,98277,3547,3580,13000,7000,6000,7000,0
21026,270000,1,1,2,36,0,0,0,0,0,0,11464,1879,6896,8583,880,4861,1879,6909,8587,880,4861,3212,0
21027,50000,1,2,1,41,0,0,0,0,0,0,49999,51043,51400,0,0,0,2263,2400,0,0,0,0,0
21028,50000,1,2,1,39,2,3,2,0,0,0,17150,16582,17014,17721,18184,20008,0,1000,1592,1055,2421,0,1
21029,20000,1,2,1,39,0,0,0,0,0,0,16621,7309,17120,18130,18491,18893,1200,10000,1301,662,700,1000,0
21030,50000,1,3,1,35,0,0,0,0,0,0,50500,50181,49630,50153,30914,29200,2000,2200,1968,1106,1040,1069,1
21031,390000,1,2,1,39,0,2,0,0,0,0,7831,3844,5797,7657,4086,5795,8,5806,7667,95,5804,4721,0
21032,50000,1,2,2,36,4,3,2,0,0,0,51689,50567,48454,49843,51355,29276,3,0,2183,2695,29276,4,0
21033,160000,1,3,2,38,1,0,0,0,0,0,0,0,0,700,700,0,0,0,700,0,0,0,0
21034,20000,1,2,1,36,3,2,2,2,2,2,17500,16926,19260,18653,20041,19582,0,2921,0,1702,0,1594,1
21035,230000,1,2,2,36,0,0,0,0,0,0,3245,1855,2577,8001,2970,-1,1864,2590,8039,2984,0,381,0
21036,50000,1,1,2,46,0,0,0,0,0,0,49386,49487,50401,49148,30036,29873,2000,2500,2040,2000,1037,2000,0
21037,50000,1,3,2,40,0,0,0,0,2,2,55397,55877,57335,59595,55949,51225,2000,2356,3494,2000,0,1725,0
21038,80000,1,3,1,37,0,0,0,0,0,0,51925,51544,49430,46864,46473,48191,3018,2113,3007,2000,3000,20000,0
21039,240000,1,2,1,42,0,0,0,0,0,0,795,1916,1530,2961,5962,7336,1921,1534,2961,3001,2024,1000,0
21040,90000,1,3,1,39,0,0,0,0,0,0,93757,91359,88616,56887,46700,47272,4000,2625,2511,1501,1391,1393,1
21041,260000,1,3,1,44,0,0,0,0,0,0,250416,257987,260104,253488,145630,148720,11000,7100,135546,4500,4590,4501,0
21042,50000,1,2,2,47,0,0,0,0,0,0,48017,47913,49225,18858,19166,19834,2488,2800,1610,918,1214,468,0
21043,350000,1,1,1,41,0,0,0,0,0,0,24297,25299,26329,27343,27886,28470,1411,1441,1455,998,1033,1038,0
21044,20000,1,2,2,42,0,0,0,0,0,0,15717,16724,18051,18759,19132,19684,1276,1603,1311,684,860,874,0
21045,110000,1,3,1,41,0,0,0,0,0,0,53497,51110,48995,46772,33220,31858,2510,2509,2031,1507,2032,1521,0
21046,80000,1,3,1,34,0,0,0,0,0,0,5173,10809,8673,11590,5973,5878,10826,3683,5034,5981,2895,3789,0
21047,230000,1,2,1,34,1,0,0,2,2,0,0,0,33,33,33,1133,0,33,0,0,1100,704,1
21048,370000,1,2,2,39,0,0,0,0,0,0,377259,310284,278781,256794,156583,17909,15198,14177,15118,15020,10000,308000,0
21049,100000,1,2,1,38,0,0,0,2,0,0,7798,864,3302,2430,805,3415,864,2438,821,1,3110,2206,1
21050,490000,1,2,2,35,2,2,0,0,0,0,427020,370428,337432,286247,256618,188154,0,13932,11771,10187,8013,7014,1
21051,50000,1,2,2,42,2,2,2,2,0,0,22591,21523,24538,22402,9528,8447,0,3701,554,10026,421,6106,0
21052,200000,1,3,2,41,0,0,0,0,0,0,20950,182,3150,0,0,0,182,3165,0,0,0,94,0
21053,70000,1,2,1,37,2,2,2,2,2,2,60514,61923,62740,63090,64470,65828,3000,2400,2000,3000,2508,0,1
21054,210000,1,2,1,38,0,0,0,0,0,0,326,0,2684,0,10652,326,0,2684,0,10652,326,0,0
21055,50000,1,3,2,33,0,0,0,0,0,0,47834,47821,48442,42550,16324,17556,1866,2007,1915,589,1500,1000,0
21056,50000,1,3,2,34,0,0,0,0,0,0,49454,49157,49773,48398,32584,33322,1792,2208,1513,1149,1245,1271,0
21057,100000,1,1,2,34,0,0,2,2,2,2,18185,24932,24246,26839,26109,27686,7100,0,3000,0,2000,0,1
21058,160000,1,2,2,38,4,3,2,2,3,2,99340,96860,99911,103928,101540,99587,0,5500,6700,0,27,2800,1
21059,30000,1,2,1,32,0,0,0,0,0,0,5066,6367,2109,5930,4192,0,6367,2115,5933,4192,0,0,0
21060,220000,1,1,2,34,0,0,2,2,0,0,170352,182711,183825,142216,118269,14960,15206,6000,0,5193,546,1485,1
21061,150000,1,3,2,29,0,0,2,0,0,0,820,3191,1965,1300,936,901,3431,0,1300,936,901,911,0
21062,300000,1,2,2,31,0,0,0,0,0,0,281829,285038,291480,298378,131103,128742,10208,12507,15056,5027,5007,5063,0
21063,390000,1,2,1,36,1,0,0,0,0,0,0,0,0,0,0,0,0,0,0,0,0,0,0
21064,180000,1,1,1,36,0,0,0,0,0,0,170619,172057,177813,178907,139825,118621,6063,8431,6845,4465,4287,4060,0
21065,300000,1,1,2,40,1,0,0,0,0,0,0,0,0,0,0,0,0,0,0,0,0,0,0
21066,150000,1,1,1,37,0,0,0,0,0,2,112695,97907,100826,103297,111784,108887,3515,5002,5189,14002,8,4009,0
21067,80000,1,2,1,36,0,0,0,0,0,0,77870,79472,81757,77200,77669,79667,2900,3900,2750,2800,3200,2964,1
21068,250000,1,2,2,31,1,0,0,0,0,0,0,0,0,0,0,1026,0,0,0,0,1026,1026,0
21069,350000,1,1,1,37,0,0,0,0,0,0,916,1123,604,4523,617,1902,1133,607,4545,620,1911,4690,0
21070,380000,1,1,1,40,0,0,0,0,0,0,231759,233357,236292,237176,236379,239221,10000,9000,10021,10000,10000,10000,0
21071,450000,1,1,2,34,0,0,0,0,0,0,583,-16,2312,192,1630,14099,0,2328,192,1638,14169,1122,0
21072,340000,1,1,2,35,0,0,0,0,0,0,62896,16480,27050,29103,58997,12518,16591,27283,29255,58276,12565,13507,0
21073,70000,1,2,1,44,0,0,0,0,0,0,14202,15149,15481,15266,13489,11837,1500,1585,1500,1000,600,1500,0
21074,320000,1,2,1,37,0,0,0,0,0,0,367670,374631,348144,311004,254598,227869,13200,13006,11500,9000,10000,8000,1
21075,180000,1,1,1,48,0,0,0,0,0,0,325,1260,325,1000,1100,1100,1260,325,1000,1100,0,0,0
21076,360000,1,1,1,43,0,0,0,0,0,0,38324,3374,3620,0,0,0,3390,3638,0,0,0,0,0
21077,230000,1,1,1,46,1,2,2,2,2,2,189724,193112,197039,200300,203018,199689,8000,8500,8000,7500,0,6622,1
21078,280000,1,1,2,36,1,2,0,0,0,0,314318,307569,286773,275447,245409,211351,0,13500,14500,10000,9000,12000,0
21079,50000,1,2,2,34,0,0,2,0,0,0,46413,50056,49072,49724,19801,14301,4729,86,2198,1198,600,1000,0
21080,260000,1,2,1,34,0,0,0,0,0,0,186189,176135,130369,68014,68529,69741,6203,5704,2411,2412,3100,3600,1
21081,230000,1,2,2,41,0,0,0,0,0,0,23216,25548,23769,17270,13903,1953,10014,1602,1017,332,9,3626,0
21082,240000,1,1,2,41,0,0,0,0,0,0,-317,63435,697,-3,635,1269,63752,700,0,638,1275,421,0
21083,140000,1,1,1,44,0,0,0,2,0,0,90547,92536,96535,98041,100504,103874,3500,5500,4000,5000,5000,5000,0
21084,360000,1,1,1,43,0,0,0,0,0,0,30769,13532,840,68110,55905,42239,13952,864,124037,1679,1163,1126,0
21085,320000,1,1,1,44,0,0,0,0,0,0,1329,4526,11906,14202,6956,4839,4526,11911,14425,7063,4839,6271,0
21086,310000,1,1,1,36,0,0,0,0,0,0,8517,6734,6031,14884,5467,12510,6765,6076,14972,5512,12570,9215,0
21087,60000,1,2,2,42,0,0,0,0,0,0,78291,70154,69940,60170,29261,30233,3000,1405,60941,1056,2100,1101,0
21088,380000,1,2,1,38,0,0,0,0,0,0,365427,363267,372261,375423,359527,361201,14008,17000,13070,15000,13000,14000,0
21089,40000,1,5,2,37,0,0,0,0,0,0,36712,37403,18688,-620,32760,12500,1596,1006,0,17000,2000,780,0
21090,150000,1,2,1,40,0,0,0,0,0,0,74985,76745,19472,20650,0,0,3400,1600,1700,0,0,0,0
21091,360000,1,3,2,40,0,0,0,0,0,0,2569,316,4919,5559,5353,5401,316,4919,1000,110,1025,2684,0
21092,200000,1,1,1,36,0,0,0,0,0,0,4585,33282,16175,104872,22897,29339,33485,16254,100551,12077,20182,21104,0
21093,260000,1,5,1,42,0,0,0,0,0,0,204017,182048,63074,262317,201344,191829,8000,7100,200140,6500,6000,6500,0
21094,430000,1,3,2,38,0,0,0,0,0,0,37693,3390,5930,33736,23558,8118,3507,5960,39507,11838,8158,8509,0
21095,200000,1,2,1,36,0,0,0,0,0,0,5440,7268,0,0,42362,43094,2000,0,0,87000,1566,1830,0
21096,380000,1,1,1,40,0,0,2,0,0,0,95972,123558,114785,161444,163071,160076,30027,0,50005,20042,20000,20000,0
21097,110000,1,2,2,37,0,0,0,0,0,0,112091,112380,86544,77131,60895,60936,4625,3112,2467,2182,2190,2182,0
21098,200000,1,1,1,42,2,2,2,2,2,2,168289,172001,175281,177895,180078,184048,8000,7500,7000,6600,7000,7100,0
21099,270000,1,1,2,34,1,2,0,0,2,0,20979,17228,20924,22448,15490,17343,0,4000,2000,0,2000,2000,0
21100,120000,1,1,1,31,0,0,0,0,0,0,1216,416,416,416,416,416,416,416,416,416,416,566,0
21101,420000,1,1,1,47,0,0,0,0,0,0,54799,53507,54678,55403,56260,57598,5000,5000,3000,3000,3000,3000,0
21102,20000,1,3,2,34,0,0,2,0,0,0,6569,6939,4679,2960,0,0,2449,0,1000,0,0,0,0
21103,200000,1,2,2,40,1,2,2,0,0,0,193773,196323,181932,132127,132245,138104,7350,261,6206,5006,9406,6,1
21104,80000,1,2,1,45,0,0,0,0,0,0,34905,35923,37339,38419,39316,35902,1600,2000,1703,1600,1400,10350,0
21105,270000,1,2,2,45,1,0,0,0,0,0,0,0,7304,3076,0,16191,0,7304,3076,0,16191,277,0
21106,30000,1,2,1,45,3,2,2,2,0,0,12751,12256,15002,13914,11093,9508,0,2955,0,436,423,341,1
21107,80000,1,3,1,45,0,0,0,0,0,0,55385,52801,50209,43323,40275,38690,2019,2031,2013,2016,2002,3000,0
21108,30000,1,2,1,39,2,0,0,0,0,2,18557,19643,20721,21867,24291,23766,1700,1700,1800,3100,0,565,1
21109,20000,1,1,1,36,0,0,0,0,0,0,18958,19427,19021,19449,19162,0,1500,2000,1200,413,0,0,1
21110,20000,1,2,1,33,2,0,0,0,0,0,17999,19090,19472,18629,12683,0,1700,3243,1200,254,0,0,1
21111,320000,1,2,1,35,0,0,0,0,0,0,274599,280021,286011,292636,298492,200098,11500,12000,12873,13020,8800,5650,1
21112,120000,1,3,1,36,0,0,0,0,0,0,326,326,326,326,326,652,326,326,326,326,652,0,0
21113,290000,1,2,1,38,1,2,0,0,0,0,296437,192441,194158,197590,187134,180887,25,10013,9526,6549,6373,6781,0
21114,380000,1,2,1,39,0,0,0,0,0,0,3074,-18618,-9415,-9415,-9415,-9415,9203,0,0,0,0,8000,0
21115,480000,1,1,1,49,0,0,0,0,0,0,376186,389822,401982,410694,407436,407809,20000,18000,15000,15000,14000,13000,0
21116,350000,1,2,2,47,0,0,0,0,0,0,190211,191582,163154,299409,250584,249412,8239,8902,213103,9036,10022,9027,0
21117,220000,1,1,2,36,0,2,0,0,0,0,792,396,396,396,396,546,0,396,396,396,546,396,0
21118,360000,1,1,1,44,0,0,0,0,0,0,188,1610,1088,7870,5988,342,1610,1088,7870,5988,342,7159,1
21119,420000,1,2,1,39,0,0,0,0,0,0,22219,22423,4889,14373,12881,3690,7573,4913,14415,6930,709,104259,0
21120,160000,1,1,1,40,0,0,2,2,0,2,4024,6484,3503,-473,3757,3286,3000,0,0,4700,0,3000,1
21121,30000,1,1,2,47,2,2,0,0,0,2,26413,25690,26719,27774,28809,30399,0,1445,1500,1500,2200,0,0
21122,170000,1,2,2,31,0,0,0,0,0,0,8024,9338,11673,12770,12971,13312,1610,2500,1600,711,700,700,0
21123,710000,1,2,1,38,0,0,0,0,0,0,67061,64374,62858,69207,73333,121892,10045,10008,10019,10202,70001,10030,0
21124,350000,1,2,2,34,0,0,0,0,0,0,2184,1445,2424,4582,5600,2927,1445,2424,4584,5610,2927,1298,0
21125,230000,1,2,1,36,0,0,0,0,0,0,4761,5786,7676,9877,10181,12472,1110,2000,2500,1000,2472,1000,0
21126,30000,1,2,3,40,2,0,0,0,0,2,2922,3869,4890,5975,6474,6225,1000,1090,1175,600,0,1000,0
21127,360000,1,1,1,38,0,0,0,0,0,0,475,-25,4993,498,-2,-2,0,5018,505,0,0,553,0
21128,500000,1,1,1,41,0,0,2,2,0,2,390,780,390,0,3280,2500,780,0,0,3280,0,0,0
21129,380000,1,1,1,34,0,0,0,0,0,0,124486,106065,97979,100599,81087,82793,3563,3385,4074,2592,2696,3569,0
21130,240000,1,2,1,37,1,2,0,0,0,0,211808,208892,213637,216754,219276,223920,2000,9600,8500,6500,6500,7520,0
21131,100000,1,1,2,41,0,0,0,0,0,0,31452,32453,33490,34926,35771,36366,1527,1564,2000,1426,1320,1333,1
21132,200000,1,2,2,38,0,0,0,0,0,0,176579,180233,184262,178674,181318,179477,6589,7074,7870,7028,6768,5906,1
21133,500000,1,1,2,35,0,0,0,0,0,0,5925,11175,21176,5086,9552,14389,11194,21193,5094,9563,14403,5233,0
21134,220000,1,3,1,48,0,0,0,0,0,0,0,0,2128,4071,5640,7078,0,2128,2000,2000,2000,1500,1
21135,640000,1,1,2,33,0,0,0,0,0,0,21189,4242,32110,62649,63218,53151,4258,32120,34000,5037,0,13855,0
21136,340000,1,3,2,34,0,0,0,0,0,0,334628,328749,285399,248984,251047,255303,16040,14000,11000,9200,10000,9500,1
21137,400000,1,1,2,48,0,0,0,0,0,0,112789,115910,120657,122338,124145,113477,5000,6624,5200,3826,3363,3398,0
21138,200000,1,1,1,39,0,0,0,0,0,0,8852,3103,2005,15776,2696,6147,5585,2015,15854,2709,6178,16961,0
21139,20000,1,2,1,41,0,0,0,0,0,0,9632,10676,13702,14713,15068,15425,1208,3234,1245,600,600,600,0
21140,210000,1,1,1,35,0,0,0,0,0,0,205,0,775,0,0,635,0,775,0,0,635,0,0
21141,280000,1,3,2,35,0,0,0,0,0,0,275659,265870,269140,272665,159017,88321,10932,12011,10807,4306,4023,5387,0
21142,150000,1,2,2,36,0,0,0,0,0,0,149931,152915,149867,144731,147661,149949,5500,5513,5200,5200,5400,6000,0
21143,50000,1,1,2,36,0,0,0,0,0,0,45010,45785,36131,29374,27059,27627,1919,1789,1442,967,1003,1030,0
21144,60000,1,2,1,36,0,0,0,0,0,0,37129,37593,37841,38634,28811,28907,1602,1989,1782,1169,1196,1152,1
21145,60000,1,3,1,36,1,0,0,0,0,0,0,0,0,0,0,0,0,0,0,0,0,0,1
21146,200000,1,2,1,45,0,0,0,0,0,0,197600,200378,162374,154234,143953,147834,10265,6061,7048,5016,10294,5136,0
21147,30000,1,2,2,35,0,0,0,2,2,0,21708,22583,25067,23237,0,0,1542,3026,0,0,0,0,1
21148,130000,1,2,1,42,1,0,0,0,0,0,-52,-52,-52,-52,-52,-52,0,0,0,0,0,1000,1
21149,140000,1,2,1,39,0,0,0,0,0,0,136032,139118,134651,135350,129135,132035,5400,5000,6000,4700,5000,5400,0
21150,280000,1,2,2,39,0,0,0,0,0,0,273651,279296,282851,251648,255697,261691,11128,11234,11002,10000,10000,10000,0
21151,110000,1,3,2,44,0,0,0,0,0,0,102274,103275,105225,83722,78894,74659,3734,3653,2914,2627,2624,4138,0
21152,130000,1,1,2,42,0,0,0,0,0,0,836,836,836,836,836,836,836,836,836,836,836,836,0
21153,110000,1,2,1,48,0,0,0,0,0,0,92806,91217,89757,136859,60276,48652,5000,4087,64142,2038,1763,2500,0
21154,320000,1,1,1,38,0,0,0,0,0,0,18924,21589,23926,31161,32234,35688,3000,3000,8000,1900,4000,1600,0
21155,490000,1,1,2,41,0,0,0,0,0,0,345075,354273,57454,59860,29377,30478,10000,4000,3500,978,1500,3500,0
21156,360000,1,1,2,45,0,0,0,0,0,0,287,29646,9251,18860,-40,-40,29794,9297,18954,0,0,0,0
21157,280000,1,1,1,37,2,0,0,0,0,0,1405,1549,1504,0,0,2949,1549,1504,0,0,2949,2838,0
21158,290000,1,1,1,36,2,0,0,0,0,0,170953,170747,171002,170795,170795,171003,546,1002,795,795,1003,998,0
21159,180000,1,2,2,39,0,0,0,0,0,0,119466,120491,124553,127096,128992,131660,4500,6000,6100,5500,4900,5500,0
21160,150000,1,2,2,36,0,0,0,0,0,0,32263,26283,17897,10945,5174,1910,3000,1305,1637,350,1910,0,0
21161,260000,1,2,1,44,0,0,0,0,0,0,11506,973,1183,2270,0,0,975,1186,2287,0,0,2580,0
21162,90000,1,3,2,34,0,0,0,0,0,0,74012,76777,78594,39209,40057,40744,4600,4300,2700,1500,1400,2000,0
21163,20000,1,3,2,35,0,0,0,0,0,0,16958,17028,15421,13895,11592,11433,1699,1600,2000,1000,1500,1000,0
21164,180000,1,1,2,34,0,0,0,0,0,0,4400,2990,3762,5231,2092,3395,3018,3772,5254,2098,3403,215,0
21165,230000,1,2,2,36,0,0,0,0,0,0,182,1407,0,2458,2458,2458,1407,0,2458,0,0,0,0
21166,260000,1,1,1,38,3,2,2,0,0,0,2500,2500,0,0,0,0,0,0,0,0,0,0,1
21167,150000,1,1,2,31,3,2,2,0,0,0,125086,121521,67164,54078,9778,389,4967,65,1346,5051,8601,4435,1
21168,480000,1,1,1,44,0,0,0,0,0,0,634,144,213,2133,3086,0,144,213,2133,3086,0,930,0
21169,110000,1,2,1,45,0,0,2,0,0,0,112987,110899,111642,109584,50281,49373,7000,4000,2975,22000,1726,6000,1
21170,150000,1,1,1,49,0,0,0,2,0,0,20604,21614,24535,23778,24255,24630,1359,3280,0,1000,750,681,0
21171,170000,1,1,2,42,0,0,0,0,0,0,166708,85607,88228,91719,97759,99905,4000,4000,5000,7500,4000,5000,0
21172,50000,1,2,2,44,0,0,0,0,0,0,49699,49685,28637,38137,27128,29992,2300,1487,21704,3000,15000,18300,0
21173,400000,1,5,2,40,0,0,0,0,0,0,178069,181613,186905,188959,183659,96385,6496,8214,6621,3400,3541,6000,0
21174,430000,1,3,2,47,1,0,0,0,0,0,-18,6390,8833,9906,14239,9562,6408,8840,9954,14285,9584,26023,0
21175,300000,1,1,1,40,0,0,0,0,0,0,4950,-337,-337,-337,-337,-337,0,0,0,0,0,2000,0
21176,40000,1,1,1,33,0,0,2,2,2,3,21107,23837,23173,24476,26775,26069,3400,0,2000,3000,0,0,0
21177,180000,1,2,1,45,0,0,0,0,0,0,130950,119109,119166,121661,122244,119536,6000,6000,6000,5000,4200,3862,0
21178,300000,1,3,2,31,0,0,0,0,0,0,80928,82690,84462,86263,87238,89176,4000,4000,4100,3300,3500,3500,0
21179,20000,1,2,3,49,0,0,0,0,0,0,16336,17354,18376,18253,18458,19197,1294,2316,1256,1000,1000,800,1
21180,230000,1,3,2,32,0,0,0,0,0,0,326,326,326,326,677,351,326,326,326,677,0,514,0
21181,180000,1,1,1,46,0,0,0,0,0,0,178517,130975,135592,107315,56274,57608,5000,7000,5200,2000,2060,2000,0
21182,50000,1,2,2,36,1,2,2,2,2,2,19649,20526,19909,22096,22438,21941,1500,0,2531,1000,0,2000,1
21183,160000,1,1,1,37,0,0,0,0,0,0,16750,9715,5140,5379,3183,5120,1100,1500,1500,1000,2000,4000,0
21184,100000,1,2,2,43,0,0,0,0,0,0,6768,13054,10489,16146,25053,27671,10015,3018,10002,10007,5018,3438,0
21185,140000,1,2,1,35,0,0,0,0,0,0,135227,134215,102002,101046,98880,96884,5304,5033,4000,5017,5041,4003,0
21186,70000,1,3,1,30,0,0,0,2,0,0,67730,67021,67328,60962,61146,56066,3000,6006,0,1900,2000,2000,0
21187,400000,1,1,2,32,0,0,0,0,0,0,55773,55917,51389,48272,49478,51242,3028,3023,3000,3000,3000,38662,0
21188,330000,1,1,1,35,0,0,0,0,0,0,3888,14704,2533,10664,1560,34847,14782,2544,10715,1566,34865,7273,0
21189,130000,1,2,1,39,0,0,0,0,0,0,103566,105797,102729,104761,87660,92123,3969,3823,3836,3345,9116,0,1
21190,410000,1,1,1,46,0,0,0,0,0,0,8756,1237,11912,4922,766,640,1237,11912,4922,766,640,6171,0
21191,350000,1,2,2,36,0,0,0,0,0,0,15061,23719,36582,40452,15203,20596,10000,16000,6000,314,10000,7000,0
21192,360000,1,1,2,35,0,0,0,0,0,0,41327,47751,48521,79788,63835,44164,20059,13043,40528,10157,12068,8060,0
21193,90000,1,2,1,41,0,0,0,0,0,0,188,188,188,1708,1783,3933,188,188,1708,1783,3933,10754,0
21194,100000,1,2,1,46,0,0,0,0,0,0,390,3505,5695,3480,2949,477,3505,2695,3480,2949,477,1753,0
21195,200000,1,2,2,36,0,0,0,0,0,0,193097,199873,205150,0,0,0,10000,10000,0,0,0,0,0
21196,20000,1,2,1,38,0,0,0,0,0,2,5705,6715,7736,8745,9394,9101,1266,1287,1296,945,0,481,1
21197,230000,1,2,1,35,0,0,0,0,0,0,170413,166858,170323,172136,175550,179291,5976,6158,6247,6276,6562,7769,0
21198,20000,1,2,1,31,0,0,0,0,0,0,18764,19750,19848,20570,19980,19990,1610,1488,1600,400,400,400,0
21199,130000,1,2,2,31,3,2,2,3,3,2,300,300,300,300,300,150,0,0,0,0,0,1000,1
21200,150000,1,3,2,32,0,0,0,0,0,0,150201,125858,105266,51456,35288,29818,5039,4030,1500,706,1000,0,0
21201,160000,1,1,2,31,0,0,0,0,0,0,2930,459,2613,22315,26911,35239,466,4171,22137,20000,12198,0,0
21202,20000,1,2,2,30,3,2,3,3,5,4,15556,16987,18406,20795,20175,21265,2000,2000,3000,0,2000,0,0
21203,130000,1,1,2,48,0,0,0,0,0,0,102771,104003,102744,31384,30057,29206,4843,2608,2005,1180,1100,1234,0
21204,490000,1,1,1,43,2,0,0,0,0,0,3956,3081,0,0,2236,3052,3081,0,0,2236,3052,3159,1
21205,360000,1,1,1,45,0,0,0,0,0,0,2369,1367,8570,5625,3684,2804,1367,8570,5625,0,2804,2473,0
21206,150000,1,2,1,40,0,0,0,0,0,0,172935,46462,42407,28265,25402,21514,35749,3016,1201,601,2002,1020,0
21207,70000,1,1,1,44,1,2,2,2,0,0,14960,11080,12695,11482,8896,10074,0,3116,0,1000,2000,0,1
21208,360000,1,2,3,32,0,0,0,0,0,0,10591,-326,56337,10959,7056,0,326,56663,11013,7091,0,0,0
21209,500000,1,1,1,37,1,0,0,0,0,0,271115,15074,16205,21770,60827,18524,15873,16205,21976,50000,7000,21769,0
21210,250000,1,2,2,38,0,0,0,0,0,0,2395,29636,23850,8220,0,8420,29658,23938,8220,0,8420,0,0
21211,50000,1,2,2,38,0,0,0,0,0,0,46005,46234,17266,18253,18618,37495,1266,1298,1285,650,825,1582,0
21212,250000,1,2,1,45,0,0,0,0,0,0,142001,135291,138084,100574,40066,38765,5084,6399,5000,2000,1615,2000,0
21213,20000,1,1,2,40,2,2,2,0,0,2,15563,16995,16433,17443,19254,18804,2000,0,1289,2100,0,2000,0
21214,360000,1,3,2,33,0,0,0,0,0,0,0,0,0,0,0,0,0,0,0,0,0,0,0
21215,80000,1,2,2,41,0,0,0,0,0,0,80920,80956,73875,75949,44167,45362,3500,4000,3900,2000,2000,1500,0
21216,140000,1,1,2,44,0,0,0,0,2,0,72763,75064,76892,79522,79623,80895,3905,4025,4924,2381,2926,3108,0
21217,140000,1,2,2,36,0,0,0,0,0,0,123474,125565,120847,121040,107310,105958,4409,4505,4100,3800,4000,3900,1
21218,50000,1,2,2,37,2,2,2,2,0,0,72034,75711,75322,71640,71114,67519,7300,3200,0,3000,5400,5000,1
21219,160000,1,2,2,34,0,0,0,0,0,0,144953,112501,115108,104295,61950,0,6000,5950,5128,3500,0,0,0
21220,50000,1,2,2,49,0,0,0,0,0,0,41638,28145,24569,26244,11540,13348,2000,2000,2500,1000,2000,1014,0
21221,200000,1,2,1,41,2,2,2,2,2,2,1075,11201,1383,976,1126,563,11000,980,0,563,0,413,0
21222,80000,1,1,2,38,1,2,2,2,2,2,67046,68439,69258,70526,71774,70503,3100,2500,3000,3000,0,2800,1
21223,140000,1,2,2,33,0,0,0,0,0,0,0,935,1490,0,3938,0,935,1490,0,3938,1160,0,0
21224,90000,1,2,2,34,0,0,2,0,0,0,77846,50281,14033,12628,20172,73512,5700,0,2000,20172,73512,3000,0
21225,40000,1,2,1,47,0,0,2,2,3,2,34664,37611,36726,40985,40085,39354,3524,0,4898,0,0,1800,0
21226,10000,1,2,1,38,1,2,2,0,0,0,4437,5355,6113,8012,8873,9229,1150,1000,2000,1000,500,500,0
21227,500000,1,2,1,33,0,0,0,0,0,0,26597,16573,19080,13860,15904,134584,3357,3010,2000,2044,131438,4504,0
21228,410000,1,1,1,41,0,0,0,0,0,0,396975,409780,383225,396283,274224,321787,30000,20000,20000,50000,30000,43312,0
21229,20000,1,2,2,49,0,0,0,0,0,0,19111,18936,18588,19260,1500,0,1286,1328,1000,1500,0,0,0
21230,200000,1,1,1,37,1,0,0,0,0,0,0,0,250,4188,1399,1196,0,250,4188,0,0,0,0
21231,50000,1,1,2,32,0,0,0,0,0,0,49571,48765,49453,49827,48930,48748,1773,2110,2324,2000,1920,2000,0
21232,150000,1,1,1,44,0,0,0,0,0,0,4825,3003,6164,3370,7279,4445,3018,6201,3386,7299,1166,5,0
21233,180000,1,1,1,49,0,0,2,2,0,0,1092,1733,1405,-434,-434,-434,1733,0,0,0,0,0,1
21234,80000,1,3,2,33,1,0,0,0,0,0,0,3495,500,0,0,0,3495,765,0,0,0,0,0
21235,300000,1,2,2,34,0,0,0,0,0,0,50281,51441,54107,55111,56688,58272,2000,3500,3000,2500,2500,2500,0
21236,150000,1,1,2,36,2,2,2,0,0,0,167094,86193,-25443,-46627,-46627,-46627,5068,9,0,0,0,0,1
21237,220000,1,3,1,48,1,0,0,0,0,0,0,0,0,0,0,0,0,0,0,0,0,0,0
21238,120000,1,2,2,35,0,0,0,0,0,0,90972,93452,95943,99340,101783,104929,4000,4000,5000,5000,5000,3400,0
21239,360000,1,1,2,43,0,0,0,0,0,0,59,4465,300,966,1730,0,4465,300,966,1730,0,969,0
21240,550000,1,5,1,37,0,0,0,0,0,0,452600,364447,318029,91903,91010,70045,16025,14407,3512,3506,2512,125020,1
21241,260000,1,1,2,39,3,2,0,0,0,0,235799,124838,116164,106976,96938,98502,13,4276,3716,3600,3604,105642,0
21242,80000,1,3,1,45,0,0,2,0,0,0,8133,10978,10511,11529,12332,13128,3000,0,1200,1000,1000,1000,1
21243,160000,1,1,1,48,1,0,0,0,0,0,0,0,0,0,0,0,0,0,0,0,0,0,0
21244,190000,1,2,1,48,0,0,0,0,0,0,6450,189102,189018,175871,157218,151618,189717,7779,6092,5018,6168,1218,0
21245,250000,1,1,1,44,0,0,0,2,0,0,3893,54673,8402,2765,6037,3561,54946,8433,13,6049,17,4980,0
21246,30000,1,3,2,37,0,0,0,0,0,0,22629,11332,12471,7985,13619,17997,5002,5003,7983,10000,10103,10106,0
21247,100000,1,2,2,37,2,2,2,2,2,2,24927,27689,26960,29504,30020,29995,3185,0,3000,1300,600,2000,1
21248,350000,1,1,1,35,0,0,0,2,0,2,15193,19734,5338,3042,2418,2233,5197,3000,0,2500,0,5000,0
21249,120000,1,3,1,45,0,0,0,0,0,0,24591,16160,225,3550,3550,3550,3000,225,3550,0,0,0,0
21250,350000,1,1,1,43,0,0,0,0,0,0,2878,0,850,7980,22703,2093,0,850,3990,45406,2093,2090,0
21251,340000,1,2,1,49,0,0,0,0,0,0,9983,43418,388126,358617,333690,302528,43418,388126,12500,11000,11000,11180,0
21252,360000,1,1,2,39,0,0,0,0,0,0,2758,1448,3740,0,0,0,1448,3740,0,0,0,3942,0
21253,410000,1,2,1,47,0,0,0,0,0,0,40390,9760,9712,11756,4128,12424,9760,9712,11771,4128,12424,8702,0
21254,170000,1,2,1,42,0,0,0,0,0,0,162880,164824,132485,120267,117453,115778,8000,6107,6000,4500,4500,4500,0
21255,110000,1,2,2,38,0,0,0,0,0,0,95925,98331,100751,102496,80116,69391,4000,4000,3500,2500,2290,2060,0
21256,30000,1,3,2,51,0,0,0,0,0,2,24070,25358,26447,26946,28957,29408,2000,1800,1300,2400,1000,1000,0
21257,200000,1,2,1,54,0,0,0,0,0,0,41190,40921,17702,-2540,-6491,-7741,2138,5101,19,6,11,1,0
21258,250000,1,3,1,50,0,0,0,0,0,2,254893,258013,263493,268861,274444,290235,9316,9637,9765,10021,20300,10023,0
21259,240000,1,1,1,50,0,0,0,0,0,0,35117,17330,58422,54755,43605,26293,11051,116904,54762,43705,26293,13011,0
21260,210000,1,1,1,50,1,0,0,0,0,0,0,0,0,0,0,484,0,0,0,0,484,0,0
21261,30000,1,3,1,52,0,0,0,0,0,0,28541,28889,30050,29797,18464,12235,1502,2002,1025,1230,1042,0,0
21262,30000,1,3,1,51,0,0,0,0,0,0,13386,13218,14453,15525,0,0,1218,1453,1525,0,0,0,0
21263,40000,1,3,1,56,1,0,0,0,0,0,0,0,0,0,0,0,0,0,0,0,0,0,1
21264,50000,1,3,3,55,0,0,0,0,0,0,23498,22625,20197,19528,19520,17420,1336,1348,1257,639,622,638,0
21265,50000,1,2,1,50,0,0,0,0,0,0,47053,11165,12186,13280,14055,14428,1200,1206,1300,1000,600,530,1
21266,20000,1,2,1,50,0,0,2,2,2,2,14123,16758,17494,16916,18135,17703,3200,1300,0,1500,0,1200,0
21267,20000,1,3,1,52,2,2,2,2,0,0,8145,10474,10000,0,0,0,2474,0,0,0,0,0,1
21268,240000,1,2,1,51,0,0,0,0,0,0,98588,100545,102651,104749,106832,109062,3592,3719,3798,3821,3949,3976,1
21269,110000,1,3,2,52,0,0,0,2,0,0,56327,57106,58489,57800,57312,57188,2700,3300,2044,2100,2000,2266,0
21270,90000,1,2,2,52,0,0,0,0,0,0,86826,87186,87526,88924,88735,87521,4000,3505,3962,2909,3107,3127,0
21271,110000,1,1,1,52,0,0,0,0,0,0,82390,84024,84485,81057,43113,40805,4000,4015,4012,3000,2164,2000,0
21272,500000,1,1,1,50,0,0,0,0,0,0,350340,359289,366475,248288,253283,258707,12884,13000,7029,7100,7500,7399,0
21273,20000,1,2,1,54,0,0,0,0,0,0,18398,19014,17836,19410,18512,14483,2000,1500,2900,1500,1000,0,0
21274,70000,1,3,1,50,2,2,2,2,2,2,41087,42109,43135,43924,44700,45634,2000,2000,1800,1800,1800,1700,1
21275,50000,1,3,2,51,1,0,0,0,0,0,0,0,0,0,0,0,0,0,0,0,0,0,1
21276,120000,1,3,1,53,0,0,2,2,2,2,88702,101498,104480,105280,106149,108381,14357,5500,4000,4100,4100,4200,1
21277,50000,1,2,1,60,0,0,0,0,0,0,46344,41162,25245,25955,26470,27025,1389,1722,1432,947,981,985,0
21278,20000,1,2,1,50,0,0,0,0,0,2,5519,6620,7556,8570,10020,9715,1200,1200,1300,1600,0,600,0
21279,30000,1,2,2,51,0,0,0,0,0,0,29628,29253,28342,28282,30118,24584,1460,1560,2000,3077,804,761,0
21280,290000,1,3,1,61,0,0,0,0,0,0,281967,288456,296084,218399,200461,204637,10492,12447,8973,6761,6983,5980,0
21281,80000,1,2,1,61,0,0,0,0,0,0,81647,65470,73855,41003,29690,27596,5500,10000,7003,4700,3600,3500,1
21282,110000,1,2,1,50,0,0,0,0,0,0,110406,109550,109921,67212,49120,49772,4600,3348,2444,3869,1808,1751,0
21283,190000,1,3,2,54,0,0,0,0,0,0,142032,40883,42835,31982,36329,26964,5883,2835,5982,33329,1964,11849,0
21284,50000,1,1,2,48,0,0,0,0,0,0,56672,53540,53321,49263,29063,26644,2500,1066,50045,992,1000,1000,0
21285,50000,1,3,1,51,0,0,0,0,2,2,38302,39299,40703,44350,43517,46821,1634,2038,4685,0,3982,0,0
21286,20000,1,3,1,52,2,0,0,0,0,0,16290,17301,19012,19959,19962,19988,1289,2000,1300,658,680,1000,0
21287,110000,1,3,1,57,0,0,0,0,0,0,390,390,390,390,390,390,390,390,390,390,390,390,0
21288,350000,1,2,1,50,0,0,0,0,0,0,83134,84087,86492,91898,189555,192627,3969,4131,7261,103801,6007,6008,0
21289,60000,1,3,1,52,0,0,0,0,0,0,57470,58713,60251,57251,27896,28499,2200,2500,31000,981,1035,1059,1
21290,20000,1,3,2,59,2,2,2,2,0,0,7451,5119,5546,6302,7193,8075,2000,1500,1000,1000,1000,1000,0
21291,430000,1,1,1,51,0,0,0,0,0,0,4704,9714,13247,27555,17389,2919,9723,13298,27570,0,2919,96117,0
21292,260000,1,2,1,51,0,0,0,0,0,0,0,0,0,0,0,0,0,0,0,0,0,0,1
21293,140000,1,2,1,52,1,2,0,0,2,0,31511,30705,31809,34374,33522,34481,0,1600,3100,0,1500,1500,1
21294,360000,1,1,1,50,0,0,0,0,0,0,1858,0,0,3000,0,0,0,0,3000,0,0,1033,0
21295,280000,1,2,1,50,0,0,0,0,0,0,5622,4554,4373,7774,3355,16441,4573,4396,8055,3417,16557,41,0
21296,10000,1,2,1,50,0,0,0,0,0,0,3664,4526,6880,8830,5550,6195,1300,3000,2509,0,6195,0,0
21297,280000,1,2,1,49,0,0,0,0,0,0,94916,96838,98878,100899,102900,105057,3500,3600,3666,3683,3815,3900,0
21298,50000,1,1,1,63,0,0,2,0,0,0,264,528,264,264,264,264,528,0,264,264,264,264,0
21299,50000,1,2,2,56,0,0,0,0,0,0,37624,44915,46665,390,430,390,8000,26390,390,430,350,3581,0
21300,280000,1,2,1,53,0,0,0,0,0,0,278127,42518,31900,21342,11500,2000,1700,1500,1400,2000,2000,2900,1
21301,20000,1,2,1,50,0,0,0,0,0,0,18865,36059,18757,15521,13086,7688,1500,2580,1279,654,7688,0,0
21302,80000,1,2,1,51,2,0,2,0,0,0,1041,780,390,992,602,-178,1000,0,992,0,0,0,1
21303,50000,1,2,1,51,0,0,0,0,0,0,46094,47157,48669,42360,19840,19840,1831,2343,1611,200,0,0,0
21304,360000,1,1,1,51,0,0,0,0,0,0,346225,353200,337593,341528,350949,355869,14562,13806,12303,15005,13729,7700,1
21305,260000,1,1,1,50,0,0,0,0,0,0,390,7516,553,1080,1780,0,7516,553,1080,1780,0,0,0
21306,20000,1,3,1,60,1,2,0,0,0,0,17495,16917,17922,18201,18566,19284,0,1287,2000,648,1000,1000,0
21307,110000,1,2,1,51,0,0,0,0,0,0,45012,45964,46922,48140,49339,50542,2000,2000,2000,2000,2000,3000,0
21308,20000,1,2,2,52,0,0,0,0,0,0,19626,20002,19916,18970,19790,18990,1311,3005,2000,2000,5000,0,1
21309,20000,1,5,2,55,0,0,0,2,0,0,69257,70055,18997,10404,11170,380,2400,1833,1100,2300,0,400,1
21310,70000,1,1,1,60,0,0,0,0,0,0,69956,70688,68912,70652,50686,47093,2500,3300,3700,2100,2000,2300,0
21311,30000,1,3,1,52,1,2,2,0,0,0,3997,2522,0,1919,2658,2497,0,0,1919,2000,1100,201,1
21312,230000,1,3,1,61,2,2,0,0,0,0,2500,0,0,0,0,0,0,0,0,0,0,0,1
21313,160000,1,3,1,57,0,0,0,0,0,0,759,-660,-660,-660,340,596,209,0,0,1000,596,1436,1
21314,30000,1,3,1,50,0,0,0,0,0,0,390,390,390,390,390,390,390,390,390,390,390,2109,0
21315,50000,1,3,3,52,0,0,0,0,0,0,0,0,0,0,0,0,0,0,0,0,0,0,1
21316,210000,1,3,1,47,0,0,0,0,0,0,1772,-55,-55,-55,-55,-55,0,0,0,0,0,0,0
21317,50000,1,3,2,60,0,0,0,0,0,0,46362,47393,48631,49143,27709,27549,1800,2000,1500,1000,1200,1100,0
21318,150000,1,1,1,55,3,3,3,3,2,2,97719,99733,97297,98496,99683,101430,4500,0,3700,3700,3500,3000,1
21319,660000,1,1,2,55,0,0,0,0,0,0,284334,288120,325889,342408,19903,20843,6486,38507,20000,2000,1000,345,0
21320,100000,1,2,1,47,1,2,0,0,0,0,99823,96932,96924,96122,97432,95062,0,3579,3472,3287,3590,10179,0
21321,700000,1,2,1,50,0,0,0,0,0,0,280809,273492,224238,174189,121717,124040,10000,8500,7093,4500,4100,4100,0
21322,300000,1,1,1,50,2,2,2,2,2,2,245193,250672,256178,260434,264114,269733,11000,11000,10000,9500,10000,1300,1
21323,320000,1,1,1,50,0,0,0,0,0,0,18831,1809,1294,2310,50720,51736,1809,2588,2310,50720,51736,0,0
21324,250000,1,1,1,50,1,0,0,0,0,0,0,0,191,2160,0,900,0,191,2160,0,900,2000,0
21325,150000,1,1,2,50,0,0,0,0,0,2,829,18311,3023,2914,3529,2989,18400,3500,3025,3600,0,1600,0
21326,200000,1,1,2,50,1,0,0,0,0,0,-6676,5953,2870,390,1210,2551,16374,2392,500,1210,2551,0,1
21327,50000,1,3,2,52,0,0,0,0,0,0,50717,36507,14890,0,0,0,1357,1000,0,0,0,0,1
21328,320000,1,1,1,52,0,0,0,0,0,0,293481,249201,232645,212184,204791,125974,10104,7216,10050,6313,4075,4033,0
21329,20000,1,3,1,51,0,0,0,0,0,0,14962,17580,19748,19290,21000,0,2890,2458,1000,210,0,0,0
21330,170000,1,2,1,64,0,0,0,0,0,0,1922,1788,1,2739,1158,685,1788,9,3897,0,685,0,0
21331,50000,1,2,1,52,1,2,2,2,0,0,50757,78196,43733,85652,29775,30243,0,5607,16,1167,1051,1165,1
21332,130000,1,2,1,52,0,2,0,0,0,0,6954,4110,1030,357,357,370,12,1034,727,0,13,1330,0
21333,150000,1,1,1,59,0,0,0,0,0,0,5066,2616,3766,3289,8356,10916,2616,4097,3371,8923,13919,8227,0
21334,500000,1,1,1,53,0,0,0,0,0,0,13331,13307,15734,-101,27145,1479,13941,16392,470,27916,1994,12670,0
21335,410000,1,2,1,54,0,0,0,2,0,0,1413,1701,6566,5206,986,986,1710,7064,430,990,990,990,0
21336,50000,1,2,1,53,0,0,0,0,0,0,70820,50813,51131,49099,19739,19905,1998,2374,1130,523,537,633,0
21337,200000,1,6,1,66,0,0,0,0,0,0,143994,102211,54762,55858,56338,57360,4767,2573,2604,1997,2228,2094,0
21338,230000,1,3,1,55,0,0,0,0,0,0,208273,214423,214585,170063,176893,183699,10012,10000,10000,10000,10000,10000,0
21339,20000,1,3,2,53,0,0,0,0,0,0,19165,16851,14431,9150,10100,0,3000,3000,5000,6000,0,0,1
21340,300000,1,3,1,53,0,0,0,0,0,0,-3,-3,-3,580,992,1205,0,0,583,992,1205,96,0
21341,20000,1,3,3,57,0,0,2,0,0,0,19071,20442,20141,19888,20318,20364,2000,1200,1300,1000,1000,1000,0
21342,380000,1,1,1,55,0,0,0,0,0,0,59881,61070,62350,63623,64846,66204,2185,2263,2310,2282,2363,2380,0
21343,150000,1,2,1,57,2,2,2,2,2,2,14496,15546,16303,15744,16582,17166,1600,1300,0,1100,1000,1000,1
21344,20000,1,2,1,53,1,2,2,0,0,0,5397,6153,5914,13385,5490,0,1000,99,13401,5490,0,0,0
21345,130000,1,3,2,56,0,0,0,0,0,0,33928,35356,36782,31309,32480,33953,2000,2000,2000,2000,2000,3000,0
21346,350000,1,1,1,57,0,0,0,0,0,0,262719,269742,263086,269832,271763,276224,11500,18000,11000,11500,14000,12000,0
21347,440000,1,1,1,64,0,0,0,0,0,0,427038,431540,413605,355274,361170,338732,20000,18000,18003,15000,13000,17000,0
21348,170000,1,2,1,54,0,0,0,0,0,0,186,116,0,0,0,275,116,0,0,0,275,0,0
21349,70000,1,1,1,67,1,0,0,2,2,2,275,400,2,2,2,2,10400,10002,0,0,0,0,0
21350,270000,1,1,1,58,0,0,0,0,0,0,9211,8913,3255,9052,13615,14743,9012,3286,9097,13683,14774,14512,0
21351,500000,1,2,1,59,0,0,0,0,0,0,197792,201418,205895,212010,214287,218266,7200,8000,10010,7500,7266,6218,0
21352,200000,1,3,1,60,0,0,0,2,2,2,135775,136946,142735,149574,151108,142190,4916,8011,10800,5411,0,4959,0
21353,290000,1,3,1,55,0,0,0,0,0,0,21372,25278,29127,32901,36634,40460,5000,5000,5000,5000,5000,5000,0
21354,50000,1,1,2,54,0,0,0,0,0,0,48092,35513,35230,32888,19624,20112,2500,2500,3000,2000,2000,2500,0
21355,20000,1,3,1,57,1,2,2,0,0,0,1472,211,-1050,-1440,-1830,780,0,0,0,0,3000,0,1
21356,80000,1,3,1,56,0,0,0,0,0,0,49897,50892,52472,53674,7886,16432,1822,2401,2581,1238,1816,3746,0
21357,70000,1,2,2,55,0,0,0,0,0,0,31081,23839,24717,19754,22032,25070,1474,1352,3722,2500,3292,663,0
21358,50000,1,3,1,53,0,0,0,0,0,0,48684,49466,50544,25381,9652,9464,1974,2442,1669,330,1342,330,0
21359,160000,1,2,1,55,0,0,0,0,0,0,155389,152162,154715,155026,79051,81089,6911,6500,4270,2518,2994,0,0
21360,70000,1,1,3,57,0,0,0,0,0,0,70051,69398,70352,69936,68118,65942,3567,2667,2321,2391,2316,2466,0
21361,230000,1,1,2,59,1,0,0,0,0,0,0,0,0,0,1715,0,0,0,0,1715,0,0,0
21362,180000,1,2,1,70,0,0,0,0,0,0,12216,13724,15495,16232,16958,17685,1724,2000,1300,1000,1000,792,0
21363,20000,1,2,2,56,5,4,3,2,2,0,19977,19375,18405,17680,18000,19000,0,0,0,1500,1000,1000,0
21364,350000,1,1,1,70,0,0,0,0,0,0,106813,100895,70244,64839,57583,45554,4000,3371,2089,3008,1300,1500,0
21365,70000,1,2,1,54,0,0,0,0,0,0,20706,21410,22437,23448,23914,24415,1351,1378,1389,855,885,1132,0
21366,20000,1,2,2,54,0,0,0,0,0,0,37720,12266,8999,8810,10167,11710,1200,1200,1600,1500,1700,1000,0
21367,180000,1,2,2,56,0,0,0,0,0,0,89560,90940,92868,94243,94888,95819,3460,4000,3501,2690,3000,2603,0
21368,320000,1,3,1,56,0,0,0,0,0,0,274210,262737,199761,187759,68920,62702,9441,7821,7361,2227,2046,1892,0
21369,50000,1,2,1,53,2,0,0,2,0,0,17946,18946,21904,21243,20225,19850,1306,3264,0,846,856,804,0
21370,50000,1,2,1,56,0,0,0,0,0,0,48895,49455,49245,48657,20050,17376,1775,2070,1232,625,585,560,0
21371,180000,1,2,1,55,0,0,0,0,0,0,6854,560,10600,0,9510,9510,560,10600,0,9510,0,4600,1
21372,130000,1,2,1,55,0,2,2,0,0,2,780,780,390,390,1080,540,390,0,390,1080,0,390,0
21373,20000,1,3,2,57,0,0,0,0,0,0,170,-220,-610,18990,390,930,0,0,19990,390,930,0,0
21374,500000,1,2,1,54,0,0,0,0,0,0,108075,106532,102315,90435,91924,81378,5014,4500,4000,4052,3007,4013,0
21375,50000,1,2,1,58,0,0,0,2,2,0,382,-286,954,1154,-572,-962,0,1908,764,0,0,0,0
21376,760000,1,3,1,54,0,0,0,0,0,0,447670,455970,462497,469931,474421,480598,20011,19500,19019,18003,20000,22000,0
21377,20000,1,2,1,55,3,2,2,2,0,0,13139,12636,15212,14675,14835,15047,0,3100,0,700,600,2000,1
21378,200000,1,1,1,54,0,0,0,0,0,0,22413,890,1649,2121,0,51110,890,1649,2121,0,51110,1053,0
21379,500000,1,2,1,59,0,0,0,0,0,0,-3182,-3885,1474,555,1096,1349,0,5359,555,1096,1349,2358,0
21380,70000,1,1,1,54,0,0,0,0,0,0,1261,1261,390,780,390,0,1261,390,780,0,0,780,0
21381,50000,1,2,1,54,2,2,2,2,2,2,48556,49240,48647,36411,32087,22909,1804,2045,1314,1268,0,2436,1
21382,680000,1,2,2,64,0,0,0,0,0,0,568532,577681,577015,565669,524315,476846,22000,23000,21300,20000,17500,17000,0
21383,290000,1,2,1,53,0,0,0,0,0,0,4975,3688,3164,2277,1497,1887,1027,1000,1000,1497,1887,2277,0
21384,450000,1,1,1,53,0,0,0,0,0,0,17530,3873,3119,8970,1323,11990,3885,3128,9008,1323,12008,214,0
21385,370000,1,1,1,68,0,0,0,0,0,0,8207,11054,15840,20542,25255,30034,3000,5000,5000,5000,5000,5000,0
21386,80000,1,1,1,53,0,0,0,0,0,2,9527,42908,42108,30610,32396,31743,42908,2400,1900,2600,0,2700,0
21387,40000,1,1,1,57,0,0,0,0,0,2,87313,88918,92387,94078,101340,20650,2729,3692,2846,7540,0,0,0
21388,60000,1,1,1,54,1,2,0,0,0,0,60500,58926,58625,58822,56661,40700,0,2500,2500,3000,4500,3000,0
21389,300000,1,1,1,58,0,0,0,0,0,0,13620,5779,-1921,-1921,1912,1921,5823,0,0,3833,9,0,0
21390,430000,1,1,1,69,0,0,0,0,0,0,3658,1962,6591,854,44275,32731,1962,6591,1026,50000,0,3000,0
21391,190000,1,3,1,67,2,2,2,2,0,0,186797,191210,195681,190545,191478,187875,9000,9000,0,7033,7348,10000,0
21392,200000,1,2,1,65,0,0,0,0,0,0,1269,3784,5755,2255,8014,3635,3789,5860,2282,8042,3640,4850,0
21393,150000,1,1,1,54,1,2,2,2,2,2,23959,23276,25294,26780,27143,27563,0,2400,2201,1100,1000,0,1
21394,200000,1,1,1,58,0,0,0,0,0,0,0,0,0,0,0,0,0,0,0,0,0,0,1
21395,50000,1,1,1,58,0,0,0,0,0,0,55262,53057,50447,34608,22658,18503,2000,1703,1406,721,645,658,0
21396,300000,1,1,1,55,0,0,0,0,0,0,14202,0,0,11940,17693,2402,0,0,11940,17693,2402,0,0
21397,480000,1,2,1,53,1,0,0,0,0,0,-11,11349,13461,9327,1368,1538,11360,13469,9327,1368,1538,15605,0
21398,290000,1,3,1,53,0,0,0,0,0,0,271508,261713,267792,273208,277225,284010,11000,11800,11500,10000,11000,9000,0
21399,360000,1,1,1,54,1,0,0,0,0,0,-281,2520,7508,434,2139,993,3011,7545,502,2205,5,1799,1
21400,110000,1,2,1,56,0,0,0,0,0,0,93983,88777,82501,54458,45943,44724,3371,2636,1883,1584,1604,2008,0
21401,220000,2,1,2,27,0,0,2,0,0,0,375,750,375,375,750,375,750,0,375,750,0,420,0
21402,120000,2,2,3,59,2,2,2,2,2,2,82172,80266,85919,86910,87893,86370,0,7898,3300,3300,0,3149,1
21403,50000,2,3,2,26,0,0,0,0,0,0,6450,10744,0,0,0,239,4500,0,0,0,239,3363,1
21404,70000,2,2,1,37,0,0,2,0,0,0,67374,70890,66782,67266,66431,67046,6044,0,2975,2505,2590,2610,0
21405,30000,2,2,2,35,0,0,0,0,0,0,29728,30479,13052,0,0,0,1779,3345,0,0,0,0,0
21406,60000,2,2,1,32,0,0,0,0,0,0,13070,14542,15998,16706,17188,17394,2000,2000,1278,760,631,786,0
21407,110000,2,2,2,28,0,0,0,0,0,0,35208,36619,38026,40332,41772,43052,2000,2000,3000,2000,2000,2000,1
21408,30000,2,3,1,30,0,0,0,0,0,0,1483,1378,2381,2967,1746,780,1378,2781,3067,35,780,3308,0
21409,60000,2,3,1,34,0,0,0,0,0,0,53748,41668,29306,27800,27552,29545,1778,2000,1748,1500,2600,1000,0
21410,60000,2,1,2,26,0,0,0,0,0,0,959,0,849,1120,327,531,0,849,1120,327,531,188,0
21411,30000,2,2,2,24,1,2,2,2,2,0,16704,18121,19030,19424,18818,23307,2000,1500,1000,0,5000,2000,0
21412,60000,2,3,1,49,0,0,0,0,0,0,60335,52211,48293,49311,50290,51346,6751,6803,1821,1800,1866,1896,0
21413,180000,2,4,2,26,0,0,0,0,0,0,42086,96998,133743,135900,159631,160881,90402,100028,20000,26000,7000,6654,0
21414,240000,2,2,1,34,0,0,0,0,0,0,65883,66386,67444,68461,69423,70843,3000,3038,3057,3000,3000,3500,0
21415,220000,2,1,2,30,0,0,0,0,0,0,8939,316,541,4188,3473,7653,316,541,4188,3473,7653,2280,0
21416,100000,2,3,1,35,0,0,0,0,0,0,390,390,0,780,0,0,390,0,780,0,0,0,0
21417,180000,2,1,2,27,0,0,0,0,2,0,4676,5764,6837,9367,8758,8800,1500,1500,2989,0,500,500,0
21418,140000,2,2,1,26,0,0,0,0,0,0,128720,129996,132004,127275,48724,48875,6450,7000,5000,2000,2000,2000,0
21419,60000,2,2,1,27,1,2,2,2,2,2,25547,24838,27725,26981,28921,29506,0,3300,0,2400,1200,1300,1
21420,90000,2,3,1,56,0,0,0,0,0,0,59524,57898,57739,55499,48246,47850,2670,2690,3041,3790,2000,2000,0
21421,50000,2,2,2,27,2,0,0,0,2,2,16557,17975,20366,22710,23541,23027,2000,3000,3000,1500,0,1000,1
21422,290000,2,1,2,28,0,0,0,0,0,0,125679,113486,116427,103550,64527,64030,4315,6000,4000,3000,2500,3000,0
21423,400000,2,1,2,47,0,0,0,0,0,0,6573,8155,11724,10570,15120,11453,8195,11755,10617,15189,11495,18506,0
21424,60000,2,2,2,35,0,0,0,0,0,0,42174,40510,20513,22123,17094,18668,3090,10709,22154,1000,2000,700,0
21425,60000,2,2,2,29,0,0,0,0,0,0,10450,3388,11722,10937,21528,20835,1011,11000,1220,21528,780,17,0
21426,180000,2,2,2,29,0,0,0,0,0,0,0,0,4690,0,150,193,0,4690,0,150,193,3403,1
21427,130000,2,2,2,24,0,0,0,0,0,0,128499,131370,123434,122806,125287,127992,5100,4500,4400,4500,4700,6400,0
21428,110000,2,1,2,24,2,0,0,0,0,2,85123,40882,35428,39680,44097,42543,2000,2000,5000,5000,0,2000,1
21429,160000,2,2,2,35,0,0,0,2,0,0,24306,25590,29169,28406,28836,30208,2000,4000,0,1200,2000,1300,0
21430,500000,2,1,2,25,1,0,0,0,0,0,-46,9412,1260,0,1121,6566,9458,1260,0,1121,6000,3000,0
21431,160000,2,1,2,26,0,0,0,0,0,0,5323,1714,2003,2580,0,380,1726,2235,2605,0,380,1488,0
21432,80000,2,1,2,29,1,0,0,0,0,0,0,416,832,28940,832,0,416,832,28940,832,0,416,0
21433,70000,2,1,2,28,0,0,0,0,0,0,12018,39270,603,2288,1380,2028,39270,603,2288,1380,2028,390,0
21434,130000,2,5,2,27,0,0,0,0,0,0,106852,107599,109902,112635,114472,117556,4000,4030,4600,4200,5000,5000,0
21435,20000,2,3,1,23,0,0,0,0,0,0,5373,7286,8311,11179,10400,3782,2000,1132,3000,1000,3782,3000,0
21436,90000,2,3,2,27,1,2,0,0,0,0,94699,92290,90719,39902,39200,38531,0,4183,1600,1280,1310,1432,1
21437,30000,2,1,2,24,0,0,0,0,0,0,4848,6524,6290,4440,4531,1300,3000,1108,1000,91,26,0,0
21438,360000,2,2,2,25,0,0,0,0,0,0,354626,356006,351383,335323,332865,333404,14000,14000,12000,12000,12000,12000,1
21439,150000,2,2,2,30,0,0,0,0,0,0,106911,105889,96548,87085,52323,51260,4000,4500,5000,2000,1700,2300,0
21440,360000,2,2,1,26,0,0,0,0,0,0,358897,357100,362900,293597,249345,228470,14245,14061,11028,8813,7900,8100,1
21441,160000,2,1,2,29,0,0,0,0,0,0,3462,4673,12741,10023,11023,8922,4000,12841,1000,1000,178,4000,0
21442,120000,2,3,1,51,0,0,0,2,2,2,26496,28586,33828,34236,34734,35292,2800,6000,1200,1300,1200,0,0
21443,160000,2,2,1,25,0,0,0,0,0,0,83005,84023,81765,84265,84437,81265,3900,3300,3906,3000,3100,3120,0
21444,190000,2,1,2,27,0,0,0,0,0,0,14671,15141,17574,18943,20405,42921,2000,3000,2000,2000,25921,1400,0
21445,110000,2,1,2,28,0,0,0,0,0,0,65024,61848,57944,53857,35036,31973,2500,2900,2000,2000,2000,2000,0
21446,290000,2,2,2,26,0,0,0,0,0,0,291861,254619,226755,155527,125986,107792,9596,7700,4402,3300,3100,4000,0
21447,20000,2,1,2,24,1,0,0,0,0,0,0,1516,500,0,0,1500,1516,500,0,0,1500,0,0
21448,200000,2,1,2,28,1,0,3,2,2,0,0,344,344,344,0,0,344,0,0,0,0,250,0
21449,440000,2,1,2,30,0,0,0,0,0,0,777,612,87426,171244,150897,117870,612,87426,130007,3018,15000,51663,0
21450,70000,2,1,2,27,2,2,2,2,2,2,43616,44597,45784,46528,47458,48347,2000,2200,1800,2000,1800,2000,1
21451,160000,2,2,2,24,0,0,0,0,0,0,39604,24023,21323,18933,12763,0,1378,1533,1000,255,0,0,0
21452,120000,2,2,2,30,0,0,0,0,0,0,140,3230,3011,1964,1883,1538,3230,3011,1964,1883,1538,1911,0
21453,20000,2,3,1,22,2,0,0,0,0,0,16358,17063,18406,18992,16564,16944,1282,1625,1209,1000,570,411,0
21454,310000,2,1,2,27,0,0,0,0,0,0,1000,304,1852,2587,8441,14761,152,1868,2587,8441,14761,3418,0
21455,80000,2,3,1,29,0,0,0,0,0,0,15008,17434,19145,21807,24442,27038,3000,2000,3000,3000,3000,1000,0
21456,180000,2,2,2,29,1,2,0,0,0,2,77494,75658,76942,80419,90715,37376,0,3100,5000,11000,1000,1000,0
21457,250000,2,1,2,28,0,0,0,0,0,0,176925,179079,186166,189786,195130,198147,7000,10000,10000,10000,7300,8000,1
21458,180000,2,2,2,24,0,0,0,0,0,0,8031,9269,9029,11186,23320,6666,2009,2626,3000,23320,1000,1000,1
21459,130000,2,2,2,29,2,0,0,0,0,0,120844,123333,126347,129249,132093,129155,4500,5000,5000,5000,4700,5000,1
21460,330000,2,3,1,27,0,0,0,0,0,0,7098,4863,906,46353,2175,30824,4885,906,46789,10,30824,6269,0
21461,310000,2,2,2,29,0,0,0,0,0,0,135195,78756,44127,44782,2108,1983,3500,2500,2150,1000,2000,119943,0
21462,70000,2,1,2,25,0,0,0,0,0,0,27990,24526,25532,25971,14859,14930,1394,1790,1229,519,687,557,0
21463,30000,2,2,2,29,2,2,2,2,2,0,18872,21734,21103,22939,22273,22814,3500,0,2500,0,900,1000,1
21464,290000,2,2,1,29,2,0,0,0,0,0,112676,113924,116828,119857,122243,124885,4500,4630,4857,4251,4485,4493,1
21465,260000,2,1,2,29,2,0,0,0,0,0,19006,19113,16376,2590,390,390,6005,1525,2590,390,390,390,1
21466,250000,2,1,2,26,0,0,0,0,0,0,187336,184608,188570,188585,205272,208778,10000,10065,10000,20000,10000,20000,0
21467,120000,2,2,2,28,1,0,0,0,0,0,0,0,0,0,0,0,0,0,0,0,0,0,1
21468,230000,2,1,2,26,0,0,0,0,0,0,166511,159766,142435,136502,122572,110839,6722,6500,6020,4056,4000,4500,0
21469,390000,2,1,2,27,0,0,0,0,0,0,375023,376767,359292,348513,272077,225079,13313,13705,15454,144206,9000,10000,0
21470,30000,2,2,1,28,0,0,0,0,0,0,435,0,0,295,-5,-5,0,0,295,5,0,0,0
21471,50000,2,2,2,26,1,2,2,2,2,0,49119,44419,42521,38517,19221,19774,0,3213,1331,1000,1000,1100,1
21472,180000,2,1,2,28,0,0,0,0,0,0,49550,43015,50238,49461,43877,32411,3006,10017,2018,1022,2322,23023,0
21473,500000,2,2,2,34,0,0,0,0,0,0,367463,287148,262173,90450,9685,-39046,10584,30232,3018,1335,30000,10000,0
21474,50000,2,1,2,29,0,0,0,0,0,0,2463,0,0,536,326,652,0,0,536,326,652,0,0
21475,80000,2,2,1,28,0,0,0,0,0,0,8432,928,3602,5495,10059,5700,928,3602,5495,10109,5700,3502,0
21476,460000,2,2,1,28,0,0,0,0,0,0,25537,23314,16098,3316,3316,3316,1335,10000,3316,3316,3316,3316,0
21477,150000,2,3,1,28,0,0,0,0,0,0,3558,4725,2980,3234,0,0,2000,1000,2234,0,0,0,0
21478,50000,2,2,1,27,0,0,0,0,0,0,48292,47171,37779,28424,29133,27509,2300,1900,1500,1194,1000,1000,0
21479,20000,2,1,2,27,0,0,0,0,0,0,5888,4088,6597,9333,4133,8456,4813,6597,5000,4431,8500,8032,0
21480,350000,2,1,2,33,0,0,0,0,0,0,14118,4278,8621,970,1345,2267,3922,8621,970,1000,1917,454,0
21481,20000,2,2,1,24,0,4,4,3,4,3,19915,19902,19299,20686,20073,19470,600,0,2000,0,0,0,1
21482,400000,2,1,2,29,0,0,0,0,0,0,3807,3168,372,20031,916,30979,3168,372,20231,916,30979,1984,0
21483,490000,2,2,2,35,0,0,0,0,0,0,48108,45281,46705,41125,20205,6483,3000,5015,5007,20205,3000,1181,0
21484,280000,2,1,2,30,0,0,0,0,0,0,596,645,2550,349,1148,785,645,2550,349,1148,785,175,0
21485,50000,2,2,2,23,0,0,0,0,0,0,48570,48599,49124,48930,50316,62794,1773,2246,2000,3000,1725,6120,0
21486,20000,2,2,1,24,2,2,0,0,0,0,19891,15895,17140,18457,21381,18914,0,1500,1600,1646,678,1000,1
21487,90000,2,1,2,27,0,0,2,0,0,0,46588,49496,48425,50611,52764,55898,4000,0,3000,3000,4000,2043,0
21488,150000,2,1,2,29,0,0,0,0,0,0,1639,592,3784,2340,5920,5400,592,3791,2340,5920,5400,0,0
21489,70000,2,1,2,28,0,0,0,0,0,0,37325,38402,39476,40818,41833,45165,2000,2000,2000,2000,4000,0,0
21490,230000,2,1,2,30,0,0,0,0,0,0,1432,1094,665,582,472,746,1094,665,582,472,746,633,0
21491,200000,2,2,2,29,0,0,0,0,0,0,3334,4772,7675,10519,6980,8702,1500,3000,3000,1000,2000,2000,0
21492,500000,2,2,2,28,0,0,0,0,0,0,182416,150298,88448,58009,47336,7112,5000,3850,3248,13736,14256,220371,0
21493,160000,2,2,2,28,0,0,0,2,0,0,968,708,1841,441,3438,3046,710,1913,0,3456,3054,1224,0
21494,250000,2,2,1,29,0,0,0,0,0,0,390,0,49140,32699,32949,34150,0,49140,1596,5000,2000,1800,1
21495,60000,2,2,2,27,0,0,0,0,0,0,57697,48934,44653,44056,42210,41796,2200,5000,2000,1500,2000,1600,1
21496,180000,2,2,2,25,0,0,0,0,0,0,3887,0,0,0,2454,4710,0,0,0,2454,3000,0,0
21497,500000,2,1,1,34,0,0,0,0,0,0,30376,32715,60927,76088,110294,108964,15000,30007,30000,50000,5000,5000,0
21498,50000,2,2,1,25,1,3,2,2,0,0,52207,51067,51278,49425,30113,29644,0,2536,13,1199,1058,1073,0
21499,140000,2,2,1,30,0,0,0,0,0,0,0,0,0,0,0,1122,0,0,0,0,1122,0,0
21500,460000,2,1,2,28,0,0,0,0,0,0,21333,16560,12570,19403,10063,8628,4560,2500,9456,10063,0,0,0
21501,160000,2,2,2,39,0,0,2,2,2,0,30633,37119,36263,43481,43515,49619,7000,0,7847,1026,7000,7968,1
21502,50000,2,1,2,29,1,0,0,0,0,0,0,0,0,0,0,429,0,0,0,0,429,250,0
21503,110000,2,1,2,26,0,0,0,0,0,0,103705,94786,94708,83765,73122,74366,3500,3500,3000,3700,12488,100,0
21504,100000,2,2,2,24,0,0,0,0,0,0,65744,67050,68456,69849,71240,72736,2398,2485,2532,2549,2643,3000,0
21505,80000,2,1,2,29,0,0,0,0,0,2,19833,21192,22842,24147,29133,28532,2000,2000,2000,5394,0,5000,0
21506,230000,2,1,2,27,0,0,0,0,0,0,2978,6666,1951,67101,5136,10316,7000,1951,67101,5142,10316,5720,0
21507,280000,2,2,1,38,0,0,0,0,0,0,8868,14766,16272,10496,6876,34574,10006,10018,7011,6000,37000,10000,0
21508,20000,2,2,2,22,3,4,3,2,0,0,22353,21720,21098,20334,19943,19956,0,0,0,458,463,235,1
21509,30000,2,2,2,22,2,0,0,0,0,0,30324,30123,30299,27758,22720,19136,1900,1600,2000,2000,614,924,1
21510,30000,2,2,1,23,6,5,4,4,3,2,40439,37936,36489,33971,31632,28677,0,1011,0,0,0,2405,1
21511,30000,2,1,2,23,0,0,0,0,0,0,10210,13754,-191,24149,25452,25104,6000,250,25000,2000,1000,1100,0
21512,30000,2,2,2,23,2,0,0,0,0,0,729,479,859,755,755,220,483,859,755,0,0,0,1
21513,110000,2,2,2,24,0,0,0,0,0,0,90929,92303,92114,70057,28492,107453,3550,3200,2500,1600,80000,4000,0
21514,30000,2,2,2,25,2,2,0,0,0,0,28518,27774,28987,24960,14358,16123,0,2027,2000,1000,2000,2000,0
21515,220000,2,2,2,25,0,0,0,0,0,0,215036,216083,217461,212995,182534,169250,7800,8200,7039,6528,6100,6200,0
21516,20000,2,2,2,26,1,0,0,0,0,0,0,0,1568,1398,920,0,0,1568,1000,302,0,192,0
21517,60000,2,2,2,26,2,2,2,2,2,2,55892,56685,55208,59175,60218,55447,2300,0,5000,2511,6,3000,0
21518,90000,2,3,1,48,0,0,0,2,0,0,1102,-14,21816,316,632,316,0,22146,0,632,0,7816,0
21519,100000,2,1,2,30,0,0,2,0,0,0,92909,96454,98010,99633,88708,93474,6000,4000,4507,2983,6000,4800,0
21520,70000,2,2,1,33,0,0,0,0,0,0,52901,43981,33439,24926,10681,7431,2011,1683,3160,3000,3000,5060,0
21521,210000,2,2,2,28,0,0,0,0,0,0,40236,29230,24717,26563,22812,13620,2200,1854,2700,0,0,0,0
21522,50000,2,2,2,22,0,0,0,0,0,0,51417,48260,43889,35324,24146,22914,2054,1981,1344,810,828,824,0
21523,50000,2,1,2,22,1,2,0,0,0,0,4112,3900,7737,3406,1470,1500,0,4019,2500,0,30,0,0
21524,20000,2,2,2,22,0,3,2,2,0,0,18021,17439,17466,17846,18310,18923,0,600,1000,1000,1000,700,1
21525,130000,2,3,2,23,2,0,0,0,0,0,1330,5719,15578,19887,11659,11735,5719,10000,5000,2000,2000,2000,1
21526,360000,2,1,1,44,1,0,0,0,0,0,0,0,0,0,0,0,0,0,0,0,0,0,0
21527,200000,2,1,2,26,0,0,0,0,0,0,134780,138349,141821,145144,148268,151604,6000,6000,6000,6000,6000,6200,0
21528,130000,2,1,1,35,0,0,0,0,0,0,23693,27228,30795,38637,39259,72981,4257,4338,8399,1260,34721,5202,0
21529,100000,2,2,1,23,0,0,0,0,0,0,6584,7560,4470,1490,542,679,2500,1193,1000,0,400,842,0
21530,80000,2,2,2,22,0,0,0,0,0,0,77408,78363,72602,72525,56951,21952,2677,3341,1850,1499,933,32000,0
21531,60000,2,2,2,22,3,2,2,2,2,2,61558,59967,59693,39686,30077,30761,10,3616,301,2501,1300,0,1
21532,50000,2,2,2,23,0,0,0,0,0,0,50614,48702,47770,37239,20526,19771,2500,1700,2151,687,2000,669,0
21533,10000,2,2,2,23,1,2,3,3,2,0,5699,7434,8164,7889,7614,7990,2000,1000,0,0,500,900,1
21534,30000,2,3,2,23,2,2,2,0,0,2,27588,30354,29150,26731,29273,29887,3540,73,1418,4499,1200,0,1
21535,50000,2,2,2,23,0,0,0,2,2,0,26001,16982,19313,18700,0,0,1282,2613,0,0,0,0,0
21536,50000,2,1,2,22,2,2,0,0,0,0,4536,0,0,0,0,0,0,0,0,0,0,0,1
21537,30000,2,2,2,22,0,2,2,2,2,2,11222,11738,13255,14380,14081,10796,1000,2000,1670,551,0,500,1
21538,50000,2,2,2,22,0,0,0,0,2,0,11970,14445,16391,17804,10868,12151,3000,2500,2050,0,2000,3000,0
21539,70000,2,2,2,22,0,0,0,0,0,0,68969,67682,68448,69316,29083,28140,3200,3600,3075,1204,1200,1046,0
21540,20000,2,1,2,22,0,2,2,2,0,0,12831,12328,15195,14659,14642,15102,0,3077,0,524,696,300,1
21541,30000,2,2,2,22,0,0,0,0,0,0,19502,8999,11797,11972,16482,9082,3000,3000,4000,5000,5000,5000,0
21542,30000,2,2,2,24,0,0,0,0,0,0,24835,23527,20701,8263,0,0,1485,1138,1000,0,0,0,0
21543,80000,2,2,2,24,0,0,0,0,0,0,17220,14844,12718,8808,7952,7925,1400,1600,1088,245,636,0,0
21544,130000,2,1,2,24,0,0,0,2,2,0,3621,4530,6627,3300,0,18300,1130,2227,200,0,18300,0,0
21545,10000,2,2,2,23,0,0,0,0,0,0,9438,1985,9436,8057,8891,-873,1985,9436,1000,1500,0,11571,0
21546,70000,2,3,2,23,0,0,0,0,0,0,14816,8237,-2601,69823,30446,29585,1000,695,73820,1042,1054,1024,0
21547,20000,2,2,2,21,0,0,0,0,0,0,19039,19684,18825,19876,20040,17755,1286,1416,1467,631,730,0,0
21548,20000,2,2,2,22,1,0,2,0,0,0,0,6594,4840,780,390,0,6594,0,780,0,0,11000,0
21549,30000,2,2,2,22,2,2,2,2,2,2,24874,26163,26449,27915,27170,29071,2000,1000,2201,0,2500,1001,0
21550,50000,2,3,2,22,0,0,0,0,0,0,2498,-2,1697,0,0,5000,0,1699,0,0,5000,0,0
21551,20000,2,2,2,24,0,0,0,2,0,0,396,1301,12056,11151,11219,18120,1301,11151,0,600,8120,1500,0
21552,60000,2,2,2,22,2,0,0,0,0,0,46403,34438,30920,27817,26281,26830,1544,1759,1500,940,972,976,1
21553,50000,2,2,2,23,0,0,0,0,0,0,900,2757,4893,390,390,1670,3147,4893,390,390,1670,1890,0
21554,20000,2,1,2,22,0,0,0,0,0,0,19458,18786,16249,16478,10735,3274,1552,1381,1000,215,65,0,0
21555,30000,2,2,2,22,0,0,0,0,0,0,19759,19973,22058,24598,26564,27521,3000,3500,3000,2500,2000,3000,0
21556,20000,2,2,2,23,1,2,0,0,0,2,15596,15053,15773,17102,18704,18263,0,1269,1598,2200,0,3700,1
21557,10000,2,1,2,23,2,0,0,0,0,2,3413,5188,6937,7946,8714,8432,2000,2000,1132,900,0,500,0
21558,50000,2,1,2,22,0,0,0,0,0,0,50813,50558,50455,49443,20405,19494,1972,2369,3592,1029,723,874,0
21559,70000,2,1,1,22,0,0,0,0,2,0,64525,66548,67344,62083,29914,29406,3093,2594,4512,0,1070,1065,0
21560,20000,2,3,0,23,0,0,0,0,0,0,14702,16445,17563,18290,18665,19077,2000,1388,1115,490,531,400,0
21561,50000,2,2,2,23,1,0,0,0,0,0,14191,5896,6175,10000,1952,406,5896,2006,5074,1300,406,0,0
21562,30000,2,2,1,23,2,0,0,0,0,0,27997,26049,27222,27729,28437,25336,1800,1900,1330,1038,1128,5000,0
21563,50000,2,2,2,22,0,0,0,0,0,0,49619,50629,50778,48261,28768,29370,1836,1985,1468,1175,1214,1232,0
21564,30000,2,3,2,23,3,2,0,0,0,0,30051,29274,30498,29713,29819,30342,0,2000,1500,2000,1100,2000,0
21565,80000,2,2,2,23,1,2,2,2,2,2,68594,66893,72307,70556,74021,75675,0,6507,0,5260,3000,4584,0
21566,50000,2,3,2,23,0,0,0,0,0,0,32644,34096,34941,34243,28014,28528,2000,1700,1502,1000,1200,1200,0
21567,20000,2,1,2,24,0,0,0,0,0,0,16582,17721,18762,19729,20134,19590,1422,1333,1300,700,1000,1000,0
21568,30000,2,1,2,25,0,0,0,0,0,0,26376,27483,28242,16498,16923,17649,1550,1308,1300,700,1000,2000,0
21569,80000,2,1,2,25,2,0,0,0,0,0,69614,68836,69714,57318,46921,41072,3238,3103,3000,1800,1500,1700,1
21570,140000,2,1,2,25,0,0,0,0,0,0,30077,2809,7541,10661,2214,6020,2809,7541,10661,2214,6020,0,0
21571,210000,2,2,2,26,0,0,0,0,0,0,119269,60133,56076,39135,25396,18553,2345,1915,5028,3200,371,25140,0
21572,200000,2,1,2,26,0,0,0,0,0,0,200849,146340,146660,145623,144166,145141,80000,4600,6000,4700,4800,5000,0
21573,20000,2,2,2,22,1,2,2,2,0,0,14645,14113,18550,17867,18072,17899,0,4675,0,701,563,1000,0
21574,30000,2,2,1,22,2,2,2,0,0,0,30525,28574,14220,14188,7058,7976,1725,0,1230,1000,1000,0,1
21575,150000,2,3,2,23,0,0,0,0,0,0,11329,10775,11829,7031,7172,5833,1219,1273,1069,1683,202,299,0
21576,60000,2,1,2,24,0,0,0,0,0,0,35138,35776,34783,32158,28991,28434,1553,2000,1508,1080,1003,1000,0
21577,20000,2,2,2,21,0,0,0,0,0,0,10109,11153,11841,4725,9135,18355,3000,2000,1200,5000,10000,8906,0
21578,150000,2,1,2,25,0,0,0,0,0,0,119788,112824,92456,80532,59866,49472,4728,3610,2377,1714,828,846,0
21579,70000,2,1,2,25,0,0,0,0,0,0,1288,0,1999,0,0,842,0,1999,0,0,842,0,0
21580,60000,2,2,1,30,0,0,0,0,0,0,65460,64128,62736,59133,57662,53059,2299,2232,2152,2226,1908,1933,1
21581,30000,2,3,1,23,1,2,0,0,0,2,30380,25839,25963,27030,29079,29865,1,1433,1500,2500,1400,1400,1
21582,330000,2,2,2,31,0,0,0,0,0,0,30532,33814,38243,39603,40542,41239,3814,5000,2000,1598,1500,2000,0
21583,20000,2,3,2,22,3,2,2,4,4,4,1650,1650,1650,1650,1650,1650,0,0,0,0,0,0,1
21584,180000,2,2,1,35,0,0,0,0,0,0,1175,5317,8388,8529,7739,3803,5317,3200,2700,2000,76,0,0
21585,20000,2,1,2,23,0,0,0,0,2,0,23809,24798,24258,24172,21959,20898,1700,1800,2350,0,1000,2700,0
21586,130000,2,2,2,24,0,0,0,0,0,0,14518,15000,0,1207,0,0,1150,0,1207,0,0,0,0
21587,30000,2,2,2,25,0,0,0,0,0,0,28709,28649,29619,30224,27326,30297,1462,1589,1351,2500,4000,1500,1
21588,30000,2,2,2,22,0,0,2,0,0,0,27762,30392,27688,28134,29591,28883,5000,0,3000,2000,1300,1500,0
21589,500000,2,1,2,37,0,0,0,0,0,0,315,2579,3824,813,0,4443,2579,3824,813,0,4443,330,0
21590,450000,2,1,1,38,0,0,0,0,0,0,108390,96704,84033,72279,55757,37161,4300,3073,3000,2000,1500,2000,0
21591,50000,2,2,2,22,0,0,0,0,0,0,44593,33019,13552,0,28105,29684,5000,3000,0,28105,2000,2000,0
21592,60000,2,2,2,24,0,0,0,0,0,0,58692,61225,54673,2193,8258,0,5000,1098,2193,8258,0,0,0
21593,130000,2,2,2,22,1,0,0,2,2,0,0,0,1485,299,0,0,0,1485,0,0,0,0,0
21594,280000,2,2,2,25,0,0,0,0,0,0,139019,141146,129252,103317,101085,104181,4074,4232,4022,3000,4010,100022,0
21595,100000,2,2,1,26,0,0,0,0,0,0,7086,7644,8197,9203,3815,5493,1500,1500,2000,1000,2493,2443,0
21596,60000,2,1,2,24,0,0,0,0,0,0,57802,58960,60862,59279,59176,58128,2960,2866,2279,2276,2128,2237,0
21597,80000,2,1,2,25,0,0,0,0,0,0,177,1200,0,0,7240,0,1200,0,0,7240,0,0,0
21598,130000,2,1,2,27,1,0,0,0,0,0,0,1386,5275,198,3992,8893,1386,4000,198,3992,5000,40000,0
21599,30000,2,2,2,21,0,0,0,0,0,0,9696,10406,5068,2023,1163,0,2000,1000,1002,23,0,0,0
21600,50000,2,2,2,22,1,2,2,2,0,0,38633,36378,33533,28591,28390,28739,500,2231,1500,1300,1700,800,0
21601,50000,2,2,2,23,0,0,0,0,0,0,43634,0,0,0,0,0,0,0,0,0,0,0,1
21602,50000,2,3,2,23,2,2,0,0,0,2,7285,7022,7887,8898,9565,9267,0,1138,1149,816,0,1710,1
21603,90000,2,2,2,23,0,0,0,0,0,0,90508,89618,75342,71668,49358,50296,3432,3615,3511,2500,2000,1850,1
21604,70000,2,1,2,23,0,0,0,0,0,0,-22,-11,5173,6345,7083,8961,0,69900,1262,1000,2000,1000,0
21605,110000,2,2,2,25,0,0,0,0,0,0,80374,81652,47291,43857,45684,40994,3000,3000,2173,3000,3500,1538,0
21606,80000,2,2,2,25,0,0,0,0,0,0,81477,81058,80510,81565,81232,81422,3100,2931,3600,2908,3117,3071,0
21607,50000,2,3,2,23,0,0,0,0,0,0,49971,51132,50608,37700,11325,9814,2303,2252,2498,372,500,365,0
21608,130000,2,2,2,23,0,0,0,0,0,0,13429,2984,9811,5136,19040,2940,1000,10363,5177,19040,2940,1332,0
21609,130000,2,1,2,24,0,0,0,0,0,0,7353,3700,0,0,0,297,3727,0,0,0,297,0,0
21610,60000,2,2,2,24,0,0,0,0,0,0,28277,27295,27403,23837,23078,22618,1450,1724,1600,1000,1000,2500,1
21611,140000,2,3,2,24,0,0,0,0,0,0,0,580,2298,299,3330,0,580,2500,502,3531,0,0,0
21612,110000,2,2,2,24,1,2,0,0,0,0,72184,69650,70172,48720,48540,43692,0,3200,2478,2000,1900,2000,0
21613,100000,2,2,2,24,1,2,0,0,0,2,7127,6867,8095,9296,10241,9936,0,1500,1500,1100,0,3000,1
21614,20000,2,2,1,24,0,0,0,0,0,0,17599,18920,19000,0,80,540,1920,1000,0,40,1000,844,0
21615,90000,2,2,2,24,0,0,0,0,0,0,89608,87743,87363,74329,48451,48715,4507,4000,2500,2000,2000,2000,0
21616,50000,2,2,1,24,0,0,0,0,0,0,46437,40703,20215,21116,20036,18952,1912,1370,1271,664,658,638,0
21617,30000,2,2,2,24,0,0,0,0,0,0,1513,27350,28561,29684,32650,34299,26500,2048,2000,3769,5007,2007,0
21618,130000,2,2,1,23,0,0,0,0,0,0,579,1186,0,497,0,186,1186,0,497,0,186,0,1
21619,50000,2,2,2,26,0,0,0,0,0,0,390,2078,390,390,0,780,2078,390,390,0,780,0,0
21620,80000,2,2,1,23,0,0,0,0,0,0,79874,60000,47160,32382,8706,3876,2100,2026,4360,2000,1000,2057,0
21621,50000,2,2,2,23,0,0,0,0,0,0,21699,33109,32856,27438,4786,768,11877,1660,1600,624,768,173,0
21622,130000,2,1,2,24,0,0,0,0,0,0,78744,74511,81315,75538,77172,79442,3500,10000,4000,3500,3500,3500,0
21623,20000,2,1,2,24,0,0,0,0,0,0,390,390,390,1052,662,1202,390,390,1052,0,2030,5485,0
21624,120000,2,1,2,24,0,0,0,0,0,0,0,0,0,0,1000,0,0,0,0,1000,0,0,0
21625,20000,2,2,2,24,1,2,3,2,0,0,9739,12322,3023,2748,12351,13927,3023,0,0,12351,4000,2000,0
21626,80000,2,2,2,24,0,0,0,0,0,0,13118,11622,12011,3210,1651,2256,1500,1511,1000,1000,2256,924,0
21627,50000,2,1,2,24,0,0,0,0,0,0,35871,36312,35827,32834,29052,28288,5000,5000,5716,3000,2000,1500,0
21628,100000,2,1,2,24,0,0,0,0,0,0,76025,68016,63520,64825,65725,67183,3000,3600,3000,2500,2600,3000,0
21629,70000,2,2,2,24,0,0,0,0,2,0,12954,14425,18171,20861,20231,22831,2000,4000,3000,0,3100,3000,0
21630,90000,2,2,1,25,0,0,0,0,0,0,7766,13788,15459,43380,46632,14177,93788,10000,33000,5300,5000,2913,0
21631,280000,2,2,2,25,1,2,0,0,0,0,6714,4526,3868,389,389,384,22,4277,390,390,385,166196,0
21632,400000,2,1,2,26,0,0,0,0,0,0,2871,6260,6651,6542,7093,9134,4016,4020,4066,4009,4021,3507,0
21633,130000,2,3,2,26,0,0,0,0,0,0,113707,115323,120461,121177,4623,5402,5000,7000,5000,2000,2000,5000,0
21634,30000,2,5,2,22,0,0,0,0,0,0,24979,26418,26791,14500,0,0,1859,1232,1040,0,0,0,1
21635,50000,2,3,2,23,2,0,0,2,0,0,25046,25174,27850,27038,27465,20943,1724,3400,0,1000,900,790,1
21636,80000,2,2,2,23,1,2,2,2,2,2,21775,21127,23772,23092,24806,24272,0,3000,0,2100,0,1500,1
21637,50000,2,3,2,22,2,2,2,0,0,0,24729,22719,18408,19330,19561,19815,1651,0,1573,804,675,738,0
21638,10000,2,1,2,23,1,2,2,0,0,0,8356,7864,6171,1681,0,0,1200,0,1681,0,0,1250,0
21639,90000,2,2,2,24,0,0,0,0,0,2,83590,84960,85744,79963,70021,70853,3200,3110,4677,3200,2500,2500,0
21640,50000,2,1,2,24,3,2,2,2,0,0,8506,10194,10928,10456,11279,12095,2000,1200,0,1000,1000,1000,1
21641,100000,2,2,2,24,0,0,0,0,0,0,3587,660,6010,2789,2973,3611,660,6010,2789,2973,3611,11880,0
21642,90000,2,2,1,25,2,0,0,0,0,0,90371,87525,89052,85807,68186,69011,4100,4200,3000,3000,3000,2600,1
21643,100000,2,1,2,25,0,0,0,0,0,0,40083,44385,45117,25845,7141,9141,5000,2000,2030,3000,2000,2000,0
21644,310000,2,1,2,26,0,0,0,0,0,0,297,0,0,0,0,0,0,0,0,0,0,0,0
21645,210000,2,1,2,26,1,2,0,0,0,0,7271,4951,1815,3789,4721,5641,6,1600,2000,1000,1000,0,0
21646,340000,2,2,2,25,0,0,0,0,0,0,-2,-2,466,-3,1292,586,0,468,0,649,1178,0,0
21647,30000,2,2,1,25,2,0,0,0,0,0,27458,21203,18394,19560,13035,13836,1267,1342,1508,500,1000,1102,1
21648,70000,2,2,2,25,2,2,2,2,2,2,67588,68983,70691,71692,67740,68470,3100,3400,2752,0,5156,0,1
21649,450000,2,1,2,25,0,0,0,0,0,0,0,0,0,0,0,0,0,0,0,0,0,0,0
21650,110000,2,1,2,26,0,0,0,0,0,0,111306,111038,87820,67259,50007,51202,3931,2885,2212,1789,2000,2000,0
21651,30000,2,2,1,26,0,0,0,0,0,0,3761,7215,2730,1770,0,11242,7231,2732,1770,0,11242,2000,0
21652,10000,2,2,2,26,1,2,2,2,2,2,6220,5975,8104,7807,8329,6613,0,2400,0,615,0,539,1
21653,50000,2,1,2,26,0,0,0,0,0,0,49392,50350,50154,49766,24492,22974,1786,2162,1724,600,1000,47438,0
21654,120000,2,1,2,27,0,0,0,0,0,0,13060,23008,119558,93652,23862,0,23008,100000,3500,1000,0,122350,0
21655,210000,2,1,2,27,0,0,0,0,0,0,21275,18405,76779,67518,66364,65038,2079,67000,2300,2365,2000,2000,0
21656,260000,2,2,2,27,0,0,0,0,0,0,895,0,0,0,0,0,0,0,0,0,0,0,0
21657,300000,2,1,2,27,0,0,0,0,0,0,183468,180149,168098,181257,175362,179536,10000,6500,20000,7000,7000,7000,0
21658,160000,2,1,2,27,0,0,0,0,0,0,96441,98353,99864,101900,103924,106101,4406,4000,3699,3719,3851,3880,0
21659,30000,2,2,2,27,0,0,0,0,2,2,8476,9677,10715,13218,12709,17463,1500,1500,3000,0,5000,0,0
21660,120000,2,2,1,22,2,2,0,0,0,0,121522,120084,122250,70901,40860,39553,2000,5700,2964,1527,1407,1873,0
21661,70000,2,2,2,23,0,0,0,0,0,0,68410,67449,66767,65528,47888,44198,2413,2605,2013,2003,1607,1606,0
21662,90000,2,1,2,23,0,0,0,0,0,0,3030,0,0,4220,1130,212,0,0,4220,1130,212,298,0
21663,60000,2,2,2,24,0,0,0,0,0,0,57674,59213,60764,60070,40479,39871,2500,2505,2000,3003,1500,2100,0
21664,60000,2,1,2,24,0,0,0,0,0,0,22504,23547,24877,21465,21218,21300,1420,1750,1338,761,925,887,0
21665,50000,2,1,2,22,0,0,0,0,0,0,49772,50537,49556,49902,38391,29427,1778,2110,1456,1360,1057,1069,0
21666,100000,2,1,2,23,0,0,0,0,0,0,4357,1897,4153,2972,1990,1861,1901,4153,1000,1990,1861,0,0
21667,50000,2,2,1,24,0,0,0,0,0,0,34983,34922,37248,30640,16158,0,1700,3000,1200,2000,0,0,0
21668,20000,2,2,2,24,3,2,2,2,2,2,322,322,322,322,322,322,0,0,0,0,0,0,1
21669,80000,2,1,2,24,0,0,0,0,0,0,34106,33045,32318,30171,32950,30899,3000,3000,2000,5000,3000,6000,0
21670,300000,2,5,2,26,0,0,0,0,0,0,293880,242669,76777,34072,11632,15429,11128,47009,34044,11677,15483,6098,0
21671,100000,2,2,2,23,0,0,0,0,0,0,892,2180,10876,11714,7177,10455,2180,10876,3000,7177,10455,2819,0
21672,140000,2,2,2,25,0,0,0,0,0,0,140286,143649,435,556,92556,94567,6500,436,621,94500,3500,3500,1
21673,80000,2,2,2,23,2,0,0,0,0,0,71975,64153,47680,33336,24439,26187,3139,4000,3000,2000,2000,0,1
21674,60000,2,3,2,23,0,0,0,0,0,0,30660,30286,29757,30122,30498,28647,1800,1630,3000,2000,2000,2000,0
21675,230000,2,2,2,23,1,0,0,0,0,0,-15,6179,1502,708,2882,1939,6194,1502,708,2896,1939,365,0
21676,120000,2,2,2,25,0,0,2,0,0,2,46953,48670,49587,50961,53597,55094,2500,2000,2500,4100,2500,0,0
21677,50000,2,1,2,23,0,0,0,2,0,0,48771,50062,51016,48133,47822,48126,2106,4206,391,1700,1806,1700,0
21678,60000,2,1,2,24,0,0,0,0,0,0,59267,60042,59225,59947,60107,57338,2694,2800,2300,2250,2081,2120,0
21679,50000,2,2,2,24,0,0,0,0,0,0,50096,49917,0,24415,25305,25775,1000,0,24415,1295,1275,0,0
21680,210000,2,2,1,25,0,0,0,0,0,0,7788,8801,9825,10838,12652,13060,1149,1173,1186,2000,1000,1000,0
21681,90000,2,2,2,23,0,0,0,0,0,0,13107,13740,14770,13306,10465,9704,1251,1281,1173,500,1000,1000,0
21682,20000,2,1,2,24,0,0,0,0,0,0,19403,18989,18914,19883,19293,19993,1300,1332,1301,700,1000,900,0
21683,130000,2,2,2,22,0,0,0,0,0,0,34970,14867,10341,9788,7193,9006,2012,2000,2290,1005,4078,713,0
21684,20000,2,2,2,22,0,0,0,0,0,0,16653,18062,18374,19222,18014,18627,2000,1700,1500,1000,1000,1000,0
21685,90000,2,2,2,24,0,0,0,0,0,0,14329,14520,14747,4753,5152,4664,3000,1240,1220,1000,500,800,0
21686,30000,2,1,2,23,0,0,0,0,0,0,23225,29801,10008,9336,24339,16710,30043,10024,9340,24363,5714,4,0
21687,30000,2,2,1,23,0,0,0,0,0,0,27222,27630,28618,28833,9895,12155,1450,1638,1053,2000,5155,4145,0
21688,150000,2,2,2,24,1,0,0,0,0,0,0,0,0,0,2000,2000,0,0,0,2000,2000,2000,0
21689,20000,2,1,2,24,0,0,0,0,0,0,20933,22202,21867,21813,21228,21614,2700,1400,1400,800,1783,1000,1
21690,80000,2,3,1,25,0,0,0,0,0,0,63214,61943,61458,57045,50652,48476,2300,2215,1900,1800,1920,2300,0
21691,40000,2,2,2,25,0,0,0,2,0,0,34084,35169,37940,36824,37242,37900,1861,3755,0,1290,1337,1339,0
21692,240000,2,1,2,27,0,0,0,0,0,0,5886,5055,8774,1854,-9584,-15483,5055,8774,1854,0,0,66971,0
21693,100000,2,5,2,27,0,0,0,0,0,0,152330,66107,60734,48816,28679,30231,3000,2231,1617,1000,2000,590,0
21694,100000,2,1,2,30,1,0,0,0,0,0,0,0,0,0,0,0,0,0,0,0,0,0,0
21695,150000,2,3,2,25,0,0,0,0,0,0,0,1145,2580,0,0,0,1145,2580,0,0,0,0,0
21696,270000,2,2,2,25,0,0,0,0,0,0,22579,23579,24613,25617,25434,25966,1380,1419,1423,910,942,951,0
21697,400000,2,2,2,24,0,0,0,0,0,0,35660,37065,38142,38870,30059,27656,2000,1673,1401,990,964,975,0
21698,50000,2,1,2,25,0,0,0,0,0,0,38153,34476,25857,26621,27178,28038,1700,2000,1500,1000,1300,1300,0
21699,80000,2,1,2,25,0,2,2,0,0,0,259,259,0,0,0,0,0,0,0,0,0,0,0
21700,20000,2,2,2,25,0,0,0,0,0,0,4120,5387,6440,7373,8246,11095,1500,1300,1200,1000,3000,406,0
21701,240000,2,3,2,25,0,0,0,0,0,0,198768,2986,191142,98080,19380,100000,2986,191142,98080,79380,100000,50254,0
21702,70000,2,2,2,25,2,0,0,0,2,2,19112,20115,20837,22986,22319,23952,1629,1351,2500,0,2000,0,1
21703,50000,2,2,2,26,2,0,0,0,0,0,47510,32952,22289,22752,9325,9270,1744,1537,1000,187,185,0,0
21704,70000,2,1,2,23,0,0,0,0,0,0,45707,40238,36620,32163,29620,23384,1931,1626,1760,841,1000,1000,0
21705,170000,2,5,2,24,0,0,0,0,0,0,85663,-37,1740,97961,66257,12106,0,1777,114593,5823,439,497,0
21706,110000,2,3,2,26,1,3,2,0,0,0,117274,116911,112706,108302,46774,48300,3000,0,4400,2000,3000,4000,0
21707,100000,2,1,1,26,0,0,0,0,0,0,98530,95849,97235,93531,43975,45512,4301,4615,2729,1275,47052,1680,0
21708,10000,2,1,2,23,3,2,2,0,0,0,7067,8092,7820,8824,8996,9182,1291,0,1295,467,479,480,1
21709,230000,2,2,2,23,1,3,2,2,2,2,5263,5021,3579,31053,30334,38203,3,8,30334,0,8507,14,0
21710,230000,2,2,2,23,0,0,0,0,0,0,5049,1444,14019,1045,12525,12219,1444,14019,1045,12525,244,725,0
21711,60000,2,2,1,23,0,0,0,0,0,0,43714,47653,51400,399,500,10400,5000,5000,399,500,10400,0,0
21712,50000,2,3,2,23,0,0,0,0,0,2,17976,18254,16428,16986,18579,17317,1564,1589,2000,3000,0,3000,0
21713,110000,2,1,2,23,0,0,0,0,0,0,50346,54489,58602,62001,65334,69097,5000,5000,5000,5000,5000,2707,0
21714,180000,2,3,2,42,0,0,0,0,0,0,102826,102646,82849,78064,73437,108072,5011,5006,5000,5005,42500,3000,0
21715,80000,2,2,2,24,0,0,0,0,0,0,390,2463,3409,12091,3371,3558,2463,1789,12091,3371,4682,500,0
21716,30000,2,2,2,24,1,2,2,2,2,2,25193,24490,27474,27926,27189,28604,0,3400,1200,0,2500,1000,1
21717,50000,2,3,2,24,1,2,0,0,0,0,50162,48982,43579,43825,28396,27437,0,2207,2300,1006,1000,1100,0
21718,190000,2,1,2,26,1,0,0,0,0,0,0,2236,5265,5034,1091,0,2236,3265,3060,22,0,0,0
21719,120000,2,2,2,26,0,0,0,0,0,2,87151,88304,89657,41720,29022,28422,3500,3103,1800,2381,0,1100,0
21720,30000,2,2,1,21,0,0,0,0,0,0,28404,29009,29831,29992,21754,18519,1467,1679,1230,827,1000,1000,0
21721,20000,2,2,2,21,0,0,0,0,0,0,19382,20040,17850,13560,11748,10632,1318,1499,1099,333,2000,2000,0
21722,60000,2,1,2,22,0,0,0,0,0,0,57484,59521,59674,56018,36350,18203,3000,3000,1500,790,1000,1000,0
21723,20000,2,1,2,22,0,0,0,0,0,0,16936,18139,18024,18500,18067,17640,2684,2000,1600,361,353,360,0
21724,50000,2,2,2,23,0,0,0,0,0,0,97259,50017,48560,46978,19640,18937,3608,2110,2558,19640,683,699,1
21725,30000,2,3,2,26,2,3,2,0,0,0,26412,25700,24989,25068,26145,27219,0,0,1500,1500,1500,1050,0
21726,150000,2,2,2,27,0,0,0,0,0,0,58751,60163,62142,57777,51110,52284,3000,3000,2010,2000,2000,2000,0
21727,50000,2,1,2,22,2,2,0,0,0,0,50345,49245,50061,37766,29433,27537,0,1728,1730,1015,1000,1001,1
21728,210000,2,2,2,26,0,0,0,0,0,0,177492,179951,171135,166199,144060,132326,10000,10000,10000,10000,10000,10000,0
21729,130000,2,3,1,25,0,0,0,0,0,0,24885,26196,25476,22394,17907,1739,1740,2000,1209,1120,1739,35,0
21730,50000,2,2,1,26,1,0,0,0,0,0,0,-69777,0,0,0,0,0,70000,0,0,0,0,0
21731,200000,2,1,2,26,0,0,0,0,0,0,32938,25985,19496,16104,28666,18215,3000,1241,5000,16831,1000,1000,0
21732,180000,2,1,1,26,0,0,0,0,0,0,4745,5865,6059,5537,17366,16971,5865,6091,5537,17366,16971,2785,0
21733,190000,2,1,2,26,0,0,0,0,0,0,174519,179122,182680,154753,90540,92248,9000,8382,10221,10000,3000,10490,1
21734,160000,2,3,2,24,0,0,0,0,0,0,133268,133059,135452,136804,116042,118202,4753,5142,4450,4178,5000,5000,0
21735,130000,2,1,2,23,0,0,0,0,0,0,4459,13453,3656,5008,13734,14976,13485,3656,5024,13734,3000,822,0
21736,50000,2,1,2,23,0,0,0,0,0,0,307,0,0,0,0,0,0,0,0,0,0,0,0
21737,30000,2,3,1,21,0,0,0,0,2,0,28884,25277,25289,25971,25350,5082,2091,1600,1600,301,102,40,0
21738,20000,2,1,2,23,0,0,0,0,0,0,4456,7339,9662,9708,4779,6968,3000,4029,5514,3000,3000,8000,0
21739,110000,2,2,2,23,0,0,0,0,0,0,37129,32761,26428,23043,20338,7680,1800,1554,1212,0,0,74458,0
21740,50000,2,3,2,24,2,0,0,0,0,0,57396,58941,60630,53662,20229,19044,2500,3000,5064,1000,840,1000,1
21741,50000,2,1,2,24,2,2,2,2,0,0,45049,43379,46097,44187,43165,37967,0,3628,8,1500,1490,1303,1
21742,80000,2,2,2,23,0,0,0,0,0,0,80715,82687,80613,80671,72785,74313,5000,81000,2776,2600,2696,2812,0
21743,20000,2,2,1,24,0,0,2,0,0,2,16505,18817,18227,19632,20298,20337,2905,0,1720,1754,893,0,1
21744,20000,2,2,1,24,0,0,0,0,0,0,16393,8118,5463,1379,2668,390,1688,1463,1379,2668,390,390,0
21745,150000,2,1,2,23,0,0,0,0,0,0,0,0,0,0,0,0,0,0,0,0,0,0,0
21746,50000,2,1,2,23,0,0,0,0,0,0,45345,46403,38343,32214,17292,7501,2010,2046,1866,310,300,483,0
21747,20000,2,1,2,24,0,0,2,0,0,0,5275,5487,2778,6572,5016,2508,2778,0,6572,5016,0,0,0
21748,130000,2,1,1,23,1,2,0,0,0,0,126885,62717,29615,22110,15352,10452,239,29615,22135,15352,10452,4623,0
21749,130000,2,2,2,25,0,0,0,0,0,0,3639,396,396,396,396,396,396,396,396,396,396,396,0
21750,60000,2,2,2,24,0,0,0,0,0,0,52676,41956,29626,29804,28045,28629,1778,1794,1772,1200,1186,1513,0
21751,110000,2,2,2,24,0,0,0,0,0,0,6071,0,3308,2527,1076,1164,0,3308,2527,1079,1167,1974,0
21752,80000,2,2,2,22,1,2,2,0,0,0,7369,7000,0,0,0,0,0,0,0,0,0,0,0
21753,50000,2,1,2,24,0,0,0,0,0,0,40246,41679,41688,32806,18609,19793,2128,3000,6000,1000,1500,705,0
21754,80000,2,2,2,24,0,0,0,0,0,0,75125,77353,78321,73731,39643,39457,3503,5001,2092,1218,1445,878,0
21755,150000,2,1,2,24,0,0,0,0,0,0,4244,9830,7588,13896,528,0,9830,7588,13907,528,0,6093,0
21756,50000,2,1,2,24,1,2,2,0,0,2,50789,52158,51051,50959,51121,49344,2500,0,2100,3500,0,2000,0
21757,270000,2,2,1,25,0,0,0,0,0,0,184560,178592,170225,156719,151716,153519,6061,6081,5072,5009,5254,4069,0
21758,180000,2,1,2,23,0,0,0,0,0,0,6825,4094,4268,5423,6423,7404,2015,3000,3000,1000,1814,3000,0
21759,80000,2,1,2,24,0,0,0,0,0,0,0,698,4949,967,5762,0,698,4949,967,5775,0,0,0
21760,50000,2,2,2,24,0,0,0,0,0,0,48393,49405,50934,7728,8390,48679,1814,2343,1137,799,41933,1943,1
21761,210000,2,2,2,24,0,0,0,0,0,0,1077,7882,816,300,0,0,7960,816,300,0,0,0,1
21762,90000,2,2,2,24,0,0,0,0,0,2,12750,15359,16404,17424,18925,18483,3155,1600,1600,2100,0,1500,0
21763,130000,2,1,2,24,0,0,0,2,0,0,9920,5500,670,670,670,670,5555,670,0,0,0,0,0
21764,60000,2,2,2,24,0,0,0,0,0,0,5648,12270,0,0,479,27485,12270,0,0,479,27485,0,0
21765,320000,2,1,2,24,0,0,0,0,0,0,64232,67516,70774,70089,71994,57805,4000,4002,3000,15000,5000,5000,0
21766,130000,2,1,2,25,1,0,0,0,0,0,0,2178,604,700,0,1440,2178,604,700,0,1440,412,0
21767,180000,2,2,2,25,0,0,0,0,0,0,109030,177633,139415,136942,114632,117808,78266,5203,30023,10024,10000,4458,0
21768,100000,2,3,2,25,0,0,0,0,0,0,97997,97018,94247,62919,10492,4809,4000,4046,4752,4000,4500,3000,0
21769,80000,2,2,2,25,0,0,0,0,0,0,0,0,0,0,0,0,0,0,0,0,0,0,0
21770,90000,2,4,2,25,0,0,0,0,0,0,1407,4989,998,0,0,0,5000,998,0,0,0,0,1
21771,310000,2,1,2,25,0,0,0,0,0,0,140483,141796,145125,148388,152132,155887,4000,4500,4500,5000,5000,5000,0
21772,360000,2,2,2,25,2,2,0,0,0,0,1614,-40,-40,-40,-40,1153,40,0,0,0,1193,17,0
21773,180000,2,1,2,26,0,0,0,0,0,0,60258,51699,48469,49553,49772,50829,2130,2200,2200,2000,2000,2100,0
21774,40000,2,1,2,24,0,0,0,0,0,0,5247,7196,6597,5552,4081,3232,7196,6597,5552,4081,3232,8390,0
21775,20000,2,1,2,24,2,0,2,0,0,0,1015,19214,15703,9914,8200,11876,19214,0,1000,0,5000,5400,1
21776,90000,2,2,1,24,0,0,0,0,0,2,86422,89710,70681,73595,90755,53692,5000,3300,22837,3300,0,1650,0
21777,210000,2,2,2,25,0,0,0,0,0,0,2785,461,6472,83589,73689,64854,461,13966,80000,2326,2272,3661,0
21778,180000,2,2,2,25,0,0,0,0,0,0,11393,2963,0,0,351,1351,2000,0,0,351,1000,0,0
21779,220000,2,2,2,25,0,0,0,0,0,2,47588,47721,31027,31807,33966,33288,1479,1820,1600,2688,0,1500,1
21780,150000,2,1,2,25,0,0,0,0,0,0,151160,152127,154652,157819,155982,154158,5526,5877,5804,5763,5669,5596,0
21781,50000,2,2,2,25,0,0,0,0,0,0,18734,19340,10000,0,0,0,1340,1000,0,0,0,0,0
21782,20000,2,1,2,25,1,0,0,0,0,0,2521,17360,0,200,17976,17980,17388,0,200,17976,4,2170,1
21783,130000,2,1,2,25,0,0,0,0,0,0,55368,58035,47313,44568,48560,51529,5000,5000,5000,5000,5000,5000,0
21784,200000,2,1,2,25,0,0,0,0,0,0,136435,105,99230,92388,18758,0,105,99230,10038,18758,0,0,0
21785,320000,2,3,2,25,0,0,0,0,0,0,66497,68327,68759,69746,70040,71076,3084,3007,3031,2367,2450,2432,0
21786,90000,2,2,2,25,1,0,0,0,0,0,0,0,0,0,0,0,0,0,0,0,0,0,0
21787,160000,2,2,1,25,0,0,0,0,0,0,8030,8030,8030,19069,15359,10846,8030,8030,19069,5359,377,5877,1
21788,210000,2,1,1,26,1,2,0,0,0,2,5589,2687,3746,5000,5618,3618,14,4062,5005,5618,0,1354,0
21789,360000,2,1,2,26,0,0,0,0,0,0,2741,-59,-59,11868,-2,450,0,0,11927,0,452,3818,0
21790,220000,2,2,2,26,2,2,2,2,0,0,80055,82646,81229,80175,79563,82371,4500,450,2000,300,3310,16,1
21791,200000,2,1,2,25,1,0,0,0,0,0,2396,1823,1630,2203,1443,1823,1823,1630,2203,1443,1823,1027,0
21792,60000,2,4,2,27,0,0,0,0,0,0,170536,175143,180162,190202,209923,55491,5143,5162,10202,19923,1591,5500,0
21793,30000,2,2,2,24,0,0,0,0,0,0,27690,28543,8536,9497,29046,29873,1578,1239,1200,25000,1200,0,0
21794,50000,2,3,1,24,0,0,0,0,0,0,48789,49755,49551,49800,20000,0,1775,2221,1470,400,0,0,0
21795,90000,2,1,2,25,0,0,0,0,0,0,14550,15205,15523,15850,15849,17309,2000,2000,5000,2000,2000,5000,0
21796,110000,2,2,2,25,0,0,0,0,0,0,38152,39214,39981,41312,42028,42899,2000,1700,2000,1700,1700,2300,0
21797,140000,2,2,2,25,0,0,0,0,0,0,133714,137585,131666,114989,81475,82812,6560,6200,4246,5000,3000,3000,0
21798,200000,2,2,2,25,0,0,0,0,0,0,2298,1490,1669,142,1100,6861,1490,1669,144,1100,6861,1110,0
21799,30000,2,2,2,25,0,0,0,0,0,0,26815,27990,29224,26692,18466,29824,2000,2000,1527,1600,1000,1000,0
21800,50000,2,1,2,25,0,0,0,0,0,0,3195,3548,23231,2881,3048,2739,3557,23501,2889,3057,2746,47651,0
21801,50000,2,1,2,25,2,2,3,2,2,2,40959,43870,42891,43582,44561,45592,3900,0,1700,2000,1900,1800,1
21802,50000,2,1,2,25,0,0,0,0,0,0,4705,9557,7861,8984,10664,7292,5000,7861,1320,2000,6000,10000,0
21803,80000,2,3,1,24,0,0,0,2,0,0,754,-69,3330,2699,1853,184,0,3399,0,1853,184,1350,0
21804,240000,2,4,2,25,0,0,0,0,0,0,26501,26869,27488,17891,6696,4129,5000,6000,3000,0,0,3585,0
21805,120000,2,3,2,25,0,0,0,0,0,0,106621,105893,107838,103273,101353,87934,4000,5013,4000,3199,3130,4000,1
21806,200000,2,1,2,26,0,0,0,0,0,0,5337,2322,7458,1086,25643,35237,2322,7471,1086,25643,35237,7678,0
21807,140000,2,1,2,26,0,0,0,0,0,0,21688,0,0,0,0,0,0,0,0,0,0,0,0
21808,360000,2,2,2,26,0,0,0,0,0,0,22233,22935,23816,13800,11000,0,1287,1152,1000,1000,0,179,0
21809,70000,2,2,1,26,0,0,0,0,0,0,41659,42652,43705,45965,46900,47884,1687,1740,3000,1700,1739,1770,0
21810,170000,2,2,2,26,2,0,0,0,2,0,111170,113387,115807,119857,117100,118079,4065,5727,7500,2000,4200,5000,1
21811,140000,2,3,2,26,2,0,0,0,0,0,144010,142724,142802,140103,142750,142855,5301,5400,5100,5300,5500,5400,1
21812,20000,2,2,2,24,3,2,3,2,3,2,17690,19102,19502,20881,20266,20511,2000,1000,2000,0,700,0,1
21813,50000,2,1,2,24,0,0,0,0,0,2,12986,13994,15020,16335,17040,16625,1230,1256,1571,1276,0,624,0
21814,110000,2,1,2,25,0,0,0,0,0,0,92332,77807,75559,74371,75126,73799,2800,3703,2700,2200,1810,3000,0
21815,180000,2,2,2,26,1,0,0,0,0,0,0,0,1000,0,0,0,0,1000,0,0,0,0,0
21816,90000,2,2,2,25,2,0,0,0,0,0,77651,78651,79972,81415,81878,83206,3300,3600,3805,3100,3200,4100,1
21817,120000,2,1,2,26,0,0,0,0,0,0,115520,98551,84797,66398,44428,31738,5001,5076,5000,3042,2110,600,0
21818,140000,2,1,2,26,0,0,0,0,0,0,63119,64240,64992,52809,51406,50328,2450,2226,2367,1740,1754,1818,0
21819,290000,2,2,1,26,0,0,0,0,0,0,262518,180499,138326,128721,95657,90210,6500,5300,4000,5000,3000,2974,1
21820,310000,2,1,2,26,0,0,2,2,0,2,11683,9624,9022,-422,6214,2360,3000,0,0,6900,0,1300,0
21821,30000,2,1,2,27,0,0,0,0,0,0,3812,5744,8642,11492,14285,17056,2000,3000,3000,3000,3000,1000,0
21822,200000,2,1,1,25,0,0,0,0,0,0,776,0,0,151,0,0,0,0,151,0,0,0,0
21823,180000,2,3,2,26,0,2,0,2,2,0,1728,1539,2703,1650,0,0,0,2703,0,0,0,0,0
21824,120000,2,2,1,24,0,0,0,0,0,0,56324,28542,13590,11501,10151,11171,3000,5007,3200,2000,3000,0,0
21825,290000,2,1,2,25,0,0,0,0,0,0,11102,9327,22149,23737,13449,17963,9358,22149,20000,3449,7000,11041,0
21826,90000,2,3,2,26,0,0,0,0,0,0,91564,43201,42219,1769,2269,3269,3000,3000,1000,500,1000,86500,0
21827,260000,2,1,2,26,0,0,0,0,0,0,145165,149173,142730,148307,152375,158435,6500,7000,8000,6500,8500,5600,0
21828,230000,2,1,2,26,0,0,0,0,0,0,865,221,16601,17833,15708,10013,221,16601,1513,1000,350,500,0
21829,270000,2,1,2,27,0,0,2,2,0,0,9112,6035,3687,0,887,690,6035,0,0,887,690,6331,0
21830,280000,2,2,2,29,0,0,0,0,0,0,11536,3408,8220,2287,10969,5395,3419,8283,2287,10969,0,0,0
21831,110000,2,2,2,27,1,0,0,0,0,0,0,0,0,0,0,0,0,0,0,0,0,0,1
21832,60000,2,1,2,27,0,0,2,0,0,0,1130,7,7,11965,11958,12069,7,0,11958,0,611,0,0
21833,70000,2,1,2,27,0,0,0,0,0,0,70844,64697,65455,66247,65230,66685,3000,2400,3000,2400,2500,2500,0
21834,100000,2,2,1,27,2,0,0,0,0,2,101429,79254,80910,83072,87774,90579,2833,2929,3500,6100,4367,0,1
21835,140000,2,2,1,27,0,0,0,0,0,0,125792,126771,132730,124689,105447,106704,5000,10000,5000,5000,5000,5000,0
21836,50000,2,2,1,22,0,0,0,0,0,0,34250,34833,35625,36754,16943,16234,1550,1750,2270,603,713,1000,1
21837,80000,2,1,2,23,0,0,0,0,0,0,74464,69584,66342,60514,48965,29648,3117,2519,1838,1434,1015,1505,0
21838,40000,2,5,1,24,0,0,0,0,0,0,40848,39270,40929,40528,39575,40526,1650,2300,1600,1330,1500,1500,0
21839,140000,2,2,2,24,0,0,0,0,0,0,135432,136312,131559,111859,98815,97443,6500,4733,4015,4000,4000,3800,1
21840,200000,2,2,2,24,0,0,0,0,0,0,19326,20330,21362,22000,2000,950,1330,1362,1000,2000,950,0,0
21841,50000,2,2,2,24,1,2,3,2,2,2,16455,17885,18305,18708,19105,19653,2000,1000,1000,1000,1000,1000,0
21842,80000,2,2,2,24,0,0,0,0,0,0,41444,14262,14631,8592,1425,88516,1306,1500,1500,1425,88516,3300,0
21843,270000,2,2,1,26,0,0,0,0,0,0,22804,11496,12273,12014,10597,31182,1496,2273,2014,597,31182,82615,0
21844,70000,2,2,1,27,0,0,0,0,0,0,69762,68914,69252,70415,69212,70514,2450,2600,2700,2500,2800,2500,1
21845,200000,2,1,2,25,0,0,0,0,0,0,11740,7221,1341,25068,52486,45047,2012,1025,32994,37042,2004,2502,0
21846,170000,2,2,2,25,0,0,0,0,0,0,26151,24019,26013,24471,23496,25333,3000,5000,2000,2000,5000,895,1
21847,420000,2,2,2,25,0,0,0,0,0,0,23191,24541,24813,25893,26397,26557,2267,2034,1500,1467,1267,1767,0
21848,50000,2,1,2,26,2,0,0,2,2,2,25875,27132,29695,30908,30112,32123,2000,3000,2000,0,2500,0,1
21849,140000,2,2,2,27,0,0,0,0,0,0,124753,101551,93649,89574,90413,90596,3626,4324,3207,4000,3500,3390,0
21850,130000,2,1,2,27,0,0,0,0,0,0,19486,52960,26491,19038,22297,25986,35000,10048,8000,5000,6000,8000,0
21851,270000,2,1,2,27,0,0,0,0,0,0,1390,363,14770,14367,14388,47441,363,14841,1200,1288,41437,1335,0
21852,80000,2,5,2,27,0,0,0,0,0,0,81787,77845,60159,54151,45108,44490,2600,3009,2200,2000,2000,2832,0
21853,160000,2,2,1,26,1,2,0,0,0,2,46835,45781,47040,47807,50711,40166,0,2000,1700,3550,0,2000,0
21854,130000,2,2,2,26,0,0,0,0,0,0,130318,131351,131352,121931,61755,61453,4700,5108,3860,82367,3041,2000,1
21855,160000,2,2,2,27,0,0,0,0,0,0,100613,78592,80240,39835,41150,0,3600,3700,1700,2000,0,0,0
21856,180000,2,2,2,27,0,0,0,0,0,0,173098,172494,172060,166204,145146,142961,8000,8100,8000,5600,5500,15000,0
21857,180000,2,1,2,27,1,0,0,0,0,0,0,2039,2000,3918,710,6761,2039,2000,3918,710,6761,3077,0
21858,210000,2,3,1,27,0,0,0,0,0,0,4700,0,0,1008,0,0,0,0,1008,0,0,0,0
21859,150000,2,3,2,26,0,0,0,0,0,0,21081,7985,7315,11295,10413,16745,2200,2500,6023,5000,6745,2155,0
21860,360000,2,1,1,26,0,0,0,0,0,0,1517,2742,2317,2482,1415,2095,2749,2322,2482,1417,2095,3228,0
21861,470000,2,2,2,26,0,0,0,0,0,0,27134,26594,26805,24808,21101,17906,1500,1502,3696,1008,1006,1001,0
21862,40000,2,1,2,27,0,0,0,0,0,0,33563,20539,2360,38639,8899,0,1204,1000,38639,178,0,0,0
21863,200000,2,1,2,27,0,0,0,0,0,0,201202,202252,195276,167209,144232,137271,15200,9600,9503,5148,4968,4930,0
21864,150000,2,1,2,27,0,0,0,0,0,0,8000,13024,9809,8000,800,1072,13024,3000,8100,800,2524,24902,0
21865,90000,2,2,2,25,0,0,0,0,0,2,65924,58210,60050,61448,73852,72551,3000,2771,3000,13500,0,3000,1
21866,60000,2,2,2,26,1,2,0,0,0,0,47963,36871,3800,0,0,0,0,1038,0,0,0,0,0
21867,80000,2,1,2,26,0,0,0,0,0,0,4620,2991,1441,1608,1453,4287,2991,1500,1608,1453,4287,6000,0
21868,160000,2,1,2,26,0,0,2,0,0,0,13122,14011,12276,7457,7267,5529,4000,1000,2000,2000,2000,500,0
21869,130000,2,1,2,27,1,0,0,2,2,0,0,0,98,98,98,2500,0,98,0,0,2500,0,0
21870,70000,2,3,2,26,0,0,0,0,0,0,70251,29481,8948,9006,10570,11421,2000,1200,1500,2000,1000,2000,0
21871,170000,2,2,2,24,0,0,0,0,0,0,1471,6040,1471,3398,1929,11966,6040,1471,3398,2,11966,10051,0
21872,50000,2,2,2,25,0,0,0,0,0,0,4406,3732,0,4249,4865,2157,3000,0,4249,2065,2157,0,0
21873,100000,2,1,1,25,0,0,0,0,0,0,7565,460,98796,52079,40183,35796,28,103350,1722,1100,1300,2000,0
21874,130000,2,1,2,27,1,0,0,0,0,0,0,0,0,0,0,0,0,0,0,0,0,623,0
21875,60000,2,2,2,23,0,0,0,0,0,0,56397,57112,58057,59006,39578,38973,2039,2250,2060,1506,1500,1500,0
21876,290000,2,2,2,25,0,0,0,0,0,0,140615,142201,145676,144305,140375,142119,7003,7037,7019,6005,6006,6011,0
21877,50000,2,2,1,26,1,0,2,2,0,0,0,1000,2000,0,0,0,1000,0,0,0,0,0,0
21878,140000,2,1,2,24,0,0,0,0,0,0,28872,30083,31119,32597,33257,35061,2000,1522,2000,1500,2500,2000,0
21879,120000,2,1,2,24,0,0,0,0,0,0,3377,4644,8528,8200,3488,1161,2500,5000,1000,3488,1161,5036,0
21880,190000,2,2,2,26,0,0,2,0,0,0,115608,138097,130898,130950,115342,115657,26500,0,7000,4550,4600,4170,0
21881,30000,2,2,2,22,2,0,0,0,0,0,174,1995,3530,0,5960,0,1995,3530,0,5960,0,1778,0
21882,160000,2,3,2,26,0,0,0,0,0,0,390,390,390,390,390,390,390,390,390,390,390,390,0
21883,230000,2,4,2,26,1,0,2,0,0,0,0,500,500,624,1090,2952,500,0,624,1090,2952,1505,0
21884,130000,2,3,2,27,0,0,0,0,0,0,124769,127966,119008,46659,47588,47698,5400,3941,1742,1671,1712,1730,0
21885,340000,2,1,2,27,0,0,0,0,0,0,195524,196119,197690,182112,166822,143166,7524,9809,7852,6525,6002,6007,0
21886,230000,2,1,2,28,2,0,0,0,0,0,101347,95956,87294,85336,81640,82462,4179,4231,4061,2846,2800,2909,1
21887,90000,2,1,2,25,0,0,0,0,0,0,33336,39009,47657,52372,52112,56257,10000,10000,6000,1570,5000,1363,0
21888,300000,2,2,2,26,0,0,0,0,0,0,63425,50294,38235,29944,26259,26288,3005,2691,2400,1000,1000,859,0
21889,110000,2,2,2,25,0,0,0,0,0,0,52059,49709,8504,7277,7774,8261,1150,1330,2500,1000,1000,1000,1
21890,140000,2,1,2,25,0,0,0,0,0,0,38199,38810,39811,41133,41730,42026,2000,2000,2000,2000,2000,2000,0
21891,180000,2,2,2,26,0,0,0,0,0,0,3739,4889,7768,7156,6956,29402,3889,4739,2289,4289,26735,3972,1
21892,70000,2,1,2,26,1,2,2,2,2,2,52204,53250,53799,52330,55666,56839,2500,1983,0,4206,2200,0,1
21893,180000,2,2,1,27,0,0,0,0,0,0,117703,116372,115445,112938,109306,104106,4171,4200,4000,3789,3959,3300,0
21894,150000,2,2,2,27,0,0,0,0,0,0,7815,4914,6237,3280,11167,15915,4933,6237,3280,11167,10000,686,0
21895,30000,2,2,1,27,0,0,2,0,0,0,27347,31402,30047,30869,29403,29831,5500,0,3000,998,3000,3000,0
21896,230000,2,2,2,25,0,0,2,0,0,0,14330,222761,197630,172058,174123,178052,232557,0,7556,6219,6721,7074,0
21897,180000,2,2,1,27,1,0,0,0,0,0,0,376,0,390,698,636,376,0,390,698,636,456,0
21898,150000,2,2,2,27,0,0,0,0,0,0,61162,50928,47542,46644,31595,24473,3000,5000,5065,5000,2000,5000,0
21899,40000,2,1,2,27,0,0,0,0,0,0,30923,26175,27251,29397,19650,23202,5000,1522,10000,10000,15000,841,0
21900,40000,2,1,2,27,0,0,0,2,2,2,37005,38084,41156,39986,40465,36745,2000,4000,0,1000,0,0,1
21901,120000,2,2,2,27,2,2,2,2,0,0,113354,115503,121861,117485,118381,115604,6200,10900,0,5000,4800,4505,1
21902,140000,2,1,2,27,0,0,0,0,0,0,14997,16437,18848,21209,25503,27918,2000,3000,3000,5000,3000,10000,0
21903,80000,2,1,1,27,0,0,0,0,0,0,494,329,4724,0,1054,0,329,4750,0,1054,0,4252,0
21904,420000,2,1,2,27,0,0,0,0,0,0,15629,5402,1237,24712,11912,12647,5402,1237,24712,0,2647,22019,0
21905,180000,2,3,2,27,0,0,0,0,0,0,3578,3898,0,715,4079,0,3898,0,715,6942,0,213,0
21906,90000,2,2,1,27,0,0,0,0,0,0,73849,70549,49858,43303,29888,24973,2900,2012,1603,1208,1000,707,0
21907,330000,2,2,1,27,0,0,0,0,0,0,0,0,0,0,0,2234,0,0,0,0,2234,1000,0
21908,260000,2,2,1,27,0,0,0,0,0,0,71865,75459,77240,78856,80350,84040,5000,3000,3000,3000,5000,5000,0
21909,200000,2,2,2,27,0,0,0,0,0,0,1126,390,390,390,540,770,390,390,390,540,770,13993,0
21910,30000,2,2,2,23,0,0,0,0,2,0,19769,24285,26143,26929,19610,20591,5896,3002,2130,2,3004,8013,0
21911,300000,2,2,2,24,0,0,0,0,0,0,16463,11537,9265,7263,14145,11535,1500,1500,1500,9433,2000,3000,0
21912,130000,2,1,2,24,0,0,2,0,0,0,16078,16055,13371,4405,1292,390,4176,0,1000,1292,390,2165,0
21913,30000,2,2,2,22,0,0,0,0,0,0,2293,3158,5547,3312,3145,3022,1009,5572,3321,3154,3031,3339,0
21914,30000,2,2,2,23,1,2,2,2,2,2,11174,11989,12997,12491,13374,13017,1300,1500,0,1090,0,2000,1
21915,130000,2,1,2,23,0,0,0,0,0,0,102087,101079,93977,94427,89041,89833,4500,4363,3300,3178,3178,3424,0
21916,190000,2,2,2,28,0,0,0,0,0,2,188370,188550,187521,190448,195492,190598,8700,8500,9270,14100,0,7200,0
21917,230000,2,2,2,23,3,2,2,0,0,0,1090,490,0,878,0,0,0,0,878,0,0,0,1
21918,50000,2,2,2,24,0,0,0,2,2,0,18625,19956,5177,2071,0,0,2071,5191,6,0,0,10450,0
21919,70000,2,2,1,24,0,0,0,0,0,0,8193,7569,8127,8838,8736,10753,1122,2127,2000,1736,2753,2177,0
21920,50000,2,2,1,25,0,0,0,0,0,0,59010,57593,56203,54794,53509,52021,2039,2015,2000,2100,2000,2100,1
21921,60000,2,1,2,24,0,0,0,0,0,0,47386,4807,3434,2386,2837,3358,4807,1048,1000,2837,3358,5093,1
21922,150000,2,2,2,25,0,0,0,0,0,0,36215,6105,1076,0,3113,0,6105,1084,0,3113,0,0,0
21923,240000,2,2,1,27,0,0,0,0,0,0,240428,235782,129479,125584,128752,130651,7227,4486,3557,4235,3593,349,0
21924,110000,2,2,2,25,0,0,0,0,0,0,50406,45099,46002,44701,42706,43513,1800,1800,1700,1500,1600,2000,0
21925,110000,2,2,1,26,0,0,0,0,0,0,108001,90128,92103,87049,66820,65823,3500,3500,3000,2342,2390,3000,0
21926,50000,2,2,2,25,0,0,0,0,0,0,47858,40506,40110,41070,40731,40440,1949,1685,2777,1423,1462,1463,0
21927,210000,2,1,2,29,0,0,0,0,0,0,10692,-3,-3,-3,650,1850,0,0,0,653,1859,1411,0
21928,160000,2,1,2,28,0,0,0,0,0,0,3849,6393,6969,9044,2325,3998,6458,6980,9044,2325,4997,9947,0
21929,120000,2,1,2,29,0,0,0,0,0,0,3706,101833,103108,100953,83739,51424,100000,5369,4014,1000,1000,1000,0
21930,130000,2,5,1,27,0,0,0,0,0,0,131041,133792,127622,129795,122416,124653,6500,5000,5000,5000,5000,5000,0
21931,170000,2,2,2,27,0,0,0,0,0,2,168858,171530,164509,128279,139968,127502,7000,6500,8000,15462,2163,4300,0
21932,120000,2,1,2,27,0,0,0,0,0,0,35238,35907,31513,31659,30069,8005,1777,2254,1400,800,400,6262,0
21933,170000,2,1,2,27,1,0,0,0,0,0,0,0,0,0,0,0,0,0,0,0,0,0,0
21934,290000,2,2,2,27,0,0,0,0,0,0,240506,235475,240584,212024,216379,209440,8601,9300,8000,7612,8015,7008,0
21935,70000,2,1,2,27,0,0,0,0,0,0,157,157,157,157,157,307,157,157,157,157,307,507,0
21936,140000,2,2,2,27,0,0,0,0,0,0,136276,139504,140262,138958,136898,141634,7000,6000,7000,5000,10700,4600,0
21937,180000,2,1,2,27,1,2,2,2,0,0,5892,4824,3784,3089,2715,1821,0,3089,0,1521,0,347,1
21938,200000,2,1,2,27,0,0,0,0,0,0,1171,0,0,680,0,0,0,0,680,0,0,442,0
21939,90000,2,2,2,27,0,0,2,0,0,0,97973,100442,89242,82784,53609,49048,12500,2,5085,5000,3000,1004,1
21940,80000,2,2,2,27,0,0,0,0,0,0,52934,54217,52394,2131,744,758,3000,1064,2500,1000,1000,1000,0
21941,130000,2,1,1,27,0,0,0,0,0,0,3363,8305,15253,7338,3666,7856,8319,15253,7338,3669,7856,7836,0
21942,20000,2,2,1,27,0,0,2,0,0,0,191,20391,19292,19545,18945,19494,20200,0,1310,678,854,767,0
21943,200000,2,1,2,27,0,0,0,0,0,0,4257,3690,4460,3190,5238,950,3690,4460,3190,5238,950,250,1
21944,200000,2,2,2,27,0,0,0,0,0,0,13285,2150,14122,27413,35377,29922,2155,14122,23007,7212,29922,37790,0
21945,120000,2,2,2,27,1,0,0,0,0,0,0,0,2382,0,0,0,0,2382,0,0,0,0,1
21946,60000,2,3,1,28,0,0,0,0,0,0,7207,12625,6244,13615,25475,26237,12625,6244,13615,25478,5000,5000,0
21947,340000,2,3,2,28,0,0,0,0,0,0,1830,4777,7681,12519,15299,15905,3000,3000,5000,3000,1000,10000,0
21948,150000,2,1,2,28,0,2,0,2,0,0,1040,148,9173,296,148,446,0,9173,0,0,446,0,1
21949,160000,2,3,2,28,0,0,0,0,0,0,408,99,99,398,99,569,99,99,398,99,569,751,0
21950,200000,2,1,2,28,0,0,0,0,0,0,52935,51971,51341,49090,50009,51076,2500,2200,2500,3500,3000,3000,0
21951,50000,2,3,1,28,0,0,2,2,0,0,43165,49091,50453,49037,28589,29392,6987,2433,0,1145,3167,0,1
21952,170000,2,1,2,27,0,0,0,0,0,0,106,18719,30000,0,0,1532,18719,30000,0,0,1532,0,1
21953,280000,2,2,1,27,0,0,2,2,2,2,109392,128447,131053,132418,134038,136939,21000,6150,5000,5300,5200,5250,0
21954,270000,2,1,2,26,0,0,0,0,0,0,209164,201798,186008,173810,159418,139200,6429,5959,6863,3762,3907,4207,0
21955,120000,2,2,2,27,0,0,0,2,0,0,1184,1066,5079,2528,4007,7457,1066,5079,0,4007,7457,2819,0
21956,280000,2,1,2,27,0,0,0,0,0,0,6585,4308,0,1265,1627,204,4308,0,1265,1638,204,3908,0
21957,50000,2,1,2,27,0,0,0,0,0,0,30951,28622,11656,5435,6337,7227,1600,1542,1100,1000,1000,284,0
21958,200000,2,1,2,28,0,0,0,0,0,0,0,0,0,0,0,0,0,0,0,0,0,510,0
21959,50000,2,2,1,27,0,0,0,0,0,0,47254,43583,35245,27520,25928,26470,1720,3100,1723,1100,1111,1200,1
21960,150000,2,1,2,28,0,0,0,0,0,0,6121,4391,6269,8992,4314,11131,4391,6269,8914,4300,11100,52900,0
21961,50000,2,3,2,28,3,2,2,7,7,7,2350,2400,2400,2400,2400,2400,50,0,0,0,0,0,1
21962,150000,2,2,2,27,0,0,0,0,0,0,1518,1798,5699,4644,70337,67902,1798,5699,4644,70331,3000,3000,0
21963,150000,2,1,2,27,0,0,0,0,0,0,-3706,-6108,32662,59350,41136,28596,3449,46128,60260,30218,17000,20133,0
21964,90000,2,2,2,27,0,0,0,0,0,0,18674,88907,90659,82827,79359,81401,92858,4100,3200,3100,3500,3500,0
21965,500000,2,1,2,28,0,0,0,0,0,0,93625,101723,95390,102203,47388,73230,11723,15390,12239,6000,30000,6000,0
21966,300000,2,2,2,28,0,0,0,0,0,0,327724,325970,325020,319750,265136,262378,11250,11877,10487,7831,8092,7634,0
21967,240000,2,2,2,28,0,0,0,0,0,0,234053,132007,234638,239790,132697,135561,5000,120000,10000,5000,4100,4000,0
21968,120000,2,2,2,28,0,0,0,0,0,0,48499,48684,6344,0,0,0,1621,1000,1326,0,0,0,0
21969,120000,2,2,1,28,0,0,0,0,0,0,1613,136,0,0,0,0,136,0,0,0,0,0,0
21970,390000,2,1,2,28,0,0,0,0,0,0,125863,131249,119175,115922,101725,90334,10053,5028,5045,3012,3000,5572,0
21971,200000,2,2,1,28,0,0,0,0,0,0,5733,4426,3559,22458,20888,17875,2023,2018,22491,7521,2000,3000,0
21972,80000,2,2,2,24,0,0,2,2,2,2,70411,75874,76710,74792,79636,77757,6657,2629,0,6000,0,3000,0
21973,20000,2,2,2,23,2,2,0,0,0,0,12492,11995,13324,14029,14308,14625,0,1528,1233,512,547,3880,1
21974,50000,2,2,2,24,0,0,0,0,0,0,26735,26994,28331,27138,26499,27301,1500,1798,1605,966,1247,1500,0
21975,70000,2,2,2,25,2,0,0,0,0,0,46526,47820,48750,49936,51102,52276,2070,2000,2000,2000,2000,2100,1
21976,170000,2,2,2,24,0,0,0,0,0,0,169398,143539,125642,48926,23381,24492,5679,6642,8926,3381,4000,2983,0
21977,80000,2,2,2,25,2,2,2,0,0,0,77096,83189,81308,81847,81077,79885,8000,0,2800,3000,3390,7950,0
21978,310000,2,2,2,27,0,0,0,0,0,0,122127,110388,119365,113435,140988,145161,10000,10124,20000,30125,30137,20171,0
21979,230000,2,1,2,27,0,0,0,0,0,0,145959,94798,70299,40299,33112,18009,3551,3000,1284,1000,1000,1000,0
21980,20000,2,2,2,27,0,0,0,0,0,0,18833,19404,18699,19324,16234,16609,1290,2000,2000,1000,1000,3000,0
21981,270000,2,2,1,27,1,2,0,0,0,0,253072,247521,253024,258109,243331,247504,0,11000,11000,8900,9000,9200,0
21982,230000,2,3,2,27,0,2,0,0,0,0,6155,5650,3004,4200,1400,4222,500,3004,4200,0,4222,4649,1
21983,230000,2,2,2,28,0,0,0,0,0,0,7865,12377,12543,13713,17960,650,5000,2000,1500,5000,650,0,0
21984,200000,2,1,2,28,0,0,0,0,2,2,58833,61991,7357,9471,8538,7685,4100,3000,3000,0,1000,0,0
21985,30000,2,3,2,28,0,0,0,0,0,2,8432,25460,557,1299,600,450,25460,1000,1306,600,0,11961,0
21986,300000,2,2,2,28,0,0,2,2,2,2,275855,286812,280337,318248,316147,303666,15000,7000,50000,12000,0,13000,1
21987,500000,2,1,2,29,0,0,0,0,0,0,16090,36635,75434,928,56705,81334,37039,78079,1708,25000,106260,20000,0
21988,170000,2,1,2,29,1,0,0,0,0,0,0,6390,1690,0,0,0,6390,1690,0,0,0,0,0
21989,200000,2,2,2,29,0,0,0,0,0,0,18568,-49,980,3682,3682,0,0,1029,3682,0,0,590,0
21990,500000,2,1,2,29,0,0,0,0,0,0,33107,34773,35426,28479,15729,7905,7000,6664,1500,501,5000,3000,0
21991,50000,2,2,2,29,0,0,0,0,0,0,50029,48347,49268,50437,37302,38302,2100,2000,2100,1400,1600,1600,0
21992,150000,2,1,2,29,0,2,0,0,0,0,2599,1530,390,1366,780,0,0,390,1366,0,0,431,0
21993,100000,2,2,2,29,0,0,0,0,0,0,47107,60800,68095,64339,15522,51336,18000,10000,2635,15522,41136,2000,0
21994,150000,2,1,2,26,0,0,0,0,0,0,24848,22726,11145,15690,17875,24590,14000,5000,5000,7875,13000,2000,0
21995,170000,2,1,2,26,0,0,0,0,0,0,22680,13827,9522,10254,5520,6212,2000,2000,2000,0,2000,1320,0
21996,100000,2,2,2,27,0,0,0,0,0,0,42713,50270,22576,18247,22029,19540,10000,10000,1500,4000,5000,5000,0
21997,160000,2,1,2,27,0,0,0,0,0,0,1040,1188,1276,372,372,372,1320,1276,372,372,372,372,0
21998,90000,2,1,2,27,0,0,0,2,0,0,37026,40641,42142,35349,29790,26414,5000,3611,199,208,0,2000,0
21999,190000,2,2,2,27,0,0,0,0,0,0,97136,98767,101452,103471,104083,106359,4418,5452,5471,4083,4359,3697,0
22000,200000,2,2,2,28,0,0,0,0,0,0,61940,63314,64699,66029,66836,68390,3000,3000,3000,2500,2632,2700,0
22001,50000,2,2,1,28,0,0,2,2,0,0,56701,57421,54587,49571,50028,17159,5000,2000,0,1809,35082,2000,0
22002,260000,2,1,2,28,0,0,0,0,0,0,-28,5735,693,1557,685,11625,5763,703,1564,688,11683,6997,0
22003,250000,2,2,2,29,0,0,0,0,0,0,20687,14082,-38,-38,7581,5625,14158,0,0,7619,5653,652,0
22004,230000,2,1,2,29,0,0,2,0,0,0,3764,10943,6588,4571,2526,5375,11142,1430,4571,2526,5375,3133,0
22005,240000,2,1,2,26,0,0,0,0,0,0,28700,21944,12450,27255,6280,7619,1639,12450,28969,6280,7619,3000,0
22006,110000,2,1,2,27,0,0,0,0,0,0,110553,108387,111427,111697,111956,111325,4000,4800,4300,4300,4400,3874,1
22007,60000,2,1,2,27,1,0,0,0,0,0,0,0,0,150,1179,778,0,0,150,1179,778,496,0
22008,80000,2,1,2,24,0,0,0,0,0,0,42377,32482,20782,11632,64989,62392,2008,1000,11632,64989,1470,5027,0
22009,230000,2,2,2,28,0,0,0,0,0,0,111295,112425,95155,72983,70329,69340,4473,5000,2624,2360,3100,1600,0
22010,210000,2,1,2,28,0,0,0,0,0,0,7457,1512,8475,5499,2960,670,1512,8475,5499,2960,670,25594,0
22011,100000,2,2,2,28,2,2,2,2,2,0,72464,70710,72432,74322,74496,76058,0,3462,3700,2000,2760,2776,1
22012,50000,2,2,2,29,2,2,2,2,0,0,48286,49286,50006,48846,45944,46925,2100,1800,0,1624,1700,3000,1
22013,50000,2,2,2,27,0,0,0,2,0,0,42391,44689,48172,46937,48570,50144,3000,4200,0,3000,3800,0,0
22014,40000,2,1,2,27,0,0,0,0,0,0,27025,32228,38904,4235,87230,72647,6000,8040,4235,87230,3000,10000,1
22015,90000,2,2,2,24,0,0,0,0,0,0,3386,-63,0,1176,0,0,0,780,1176,0,0,0,0
22016,70000,2,1,2,25,0,0,0,0,2,2,35871,37174,37904,40651,39697,42253,1902,1632,3379,0,3200,0,0
22017,30000,2,2,1,26,0,0,0,0,2,0,20105,21419,22278,24423,19985,15021,1650,1506,2651,0,2044,550,0
22018,170000,2,1,2,27,0,0,0,0,0,0,272,272,272,755,759,602,272,272,755,759,602,2581,0
22019,80000,2,2,2,27,0,0,0,0,0,0,83120,51347,44878,42108,28316,29523,1764,1906,2000,2000,2000,2000,0
22020,140000,2,2,2,27,0,0,0,0,0,0,16037,17066,21199,390,0,390,2000,5000,390,0,390,780,0
22021,30000,2,2,2,25,0,0,2,0,0,0,5293,8107,7738,10179,11902,13109,3000,0,3000,2000,1500,1000,0
22022,40000,2,2,2,25,0,0,0,0,0,0,26133,26896,27961,28995,29612,30434,1500,1500,1500,1100,1300,1200,1
22023,50000,2,1,2,26,1,0,0,0,0,0,0,0,0,1363,0,1624,0,0,1363,0,1624,2349,0
22024,230000,2,2,2,26,0,0,0,0,0,0,2656,3678,4650,3234,4174,5100,1074,1046,1060,1000,1000,5000,0
22025,60000,2,1,2,27,1,0,0,0,0,0,0,3947,5691,21001,17931,2439,3947,5691,21028,0,0,841,0
22026,60000,2,1,2,27,0,0,0,0,0,0,62321,61015,58160,51237,29999,28972,3000,3016,5011,1005,1000,14000,0
22027,250000,2,2,2,29,0,0,0,0,0,0,46948,46351,33227,33732,32245,37589,2500,10000,3000,3000,8000,0,0
22028,240000,2,1,1,29,0,0,0,0,0,0,41923,21409,17833,194043,194991,192800,1779,1000,194043,6530,7000,7000,0
22029,310000,2,1,2,28,0,0,0,0,0,0,176565,152037,166900,154297,146844,146883,25532,50120,30000,20000,5807,5800,0
22030,320000,2,1,2,28,0,0,0,0,0,0,293073,293210,290057,25922,22982,20553,13300,12756,1295,10312,8394,8242,0
22031,20000,2,1,2,28,0,0,0,0,0,0,12031,13446,0,0,0,0,5000,0,0,0,0,612,0
22032,300000,2,1,2,28,0,0,0,0,0,0,10291,19617,19326,10662,10162,10250,19326,10000,1940,10200,10500,10000,0
22033,50000,2,2,2,28,0,0,0,0,0,0,10051,14149,21514,25359,30400,39678,5000,10000,5000,5780,10000,10000,0
22034,570000,2,1,2,28,0,0,0,0,0,0,33675,29865,33337,32646,30465,31126,3000,5000,3016,3000,4000,4000,0
22035,160000,2,1,2,28,0,0,0,0,0,0,118695,125186,131648,137902,145046,152551,10000,10000,10000,10000,10000,6000,0
22036,230000,2,2,2,28,0,0,0,0,0,0,7539,6500,6500,45914,1465,600,6500,6500,45914,1465,600,958,0
22037,250000,2,1,2,28,0,0,0,0,0,0,45687,31114,21867,13190,27817,22001,5000,1585,3028,27817,0,0,0
22038,80000,2,2,2,28,0,0,0,0,0,0,77391,78198,78840,79855,79488,80001,2784,2887,3402,2790,2867,2894,0
22039,60000,2,3,2,28,0,0,0,0,0,0,396,43902,44802,42984,38495,39038,87804,2000,1567,1320,1500,2000,0
22040,90000,2,5,2,24,0,0,0,0,0,0,17584,18377,18496,11716,3163,30483,2000,1300,2000,67,30483,2905,0
22041,150000,2,1,1,25,0,0,0,0,0,0,8319,5056,2441,4471,2441,0,5056,2441,4471,2441,0,3987,0
22042,90000,2,3,1,25,0,0,0,0,0,0,25806,16919,17566,8718,6432,2655,1619,1266,1048,1032,1655,0,0
22043,150000,2,1,2,25,1,0,0,0,0,0,0,0,0,0,0,9240,0,0,0,0,9240,0,0
22044,150000,2,1,2,24,0,0,0,0,0,0,52824,15214,16452,17281,18576,18783,4000,2000,2000,2000,2000,3000,0
22045,400000,2,3,1,25,0,0,0,0,0,0,12570,958,4465,14272,1965,958,958,4465,14272,1965,958,6405,0
22046,200000,2,1,2,25,0,0,0,0,0,0,198890,200299,181617,181994,150013,150283,8058,6900,7022,5300,5368,5520,0
22047,210000,2,1,2,25,0,0,0,0,0,0,66517,63828,60713,61949,61908,59914,3000,2500,6259,5000,3000,5000,0
22048,140000,2,2,1,28,0,2,0,0,0,0,1953,1366,464,337,548,395,0,464,337,548,395,681,1
22049,220000,2,2,2,28,0,0,0,0,0,0,7468,5045,4944,7083,2495,8365,5045,4949,7083,2495,8365,5574,0
22050,250000,2,2,1,29,0,0,0,0,0,0,227762,191424,18016,15353,325,325,35018,1000,20000,325,325,318,0
22051,120000,2,1,2,29,0,0,0,0,0,0,328,413,3007,1927,1838,2472,417,3012,1927,1838,2472,2341,0
22052,200000,2,2,1,28,1,0,0,0,0,0,0,2658,150,3570,2853,0,2658,150,3570,2853,0,0,0
22053,50000,2,2,2,29,1,2,2,2,0,0,22021,22334,21047,19925,20638,18803,1000,2000,1000,1000,1000,1000,0
22054,50000,2,3,2,29,0,0,0,0,0,0,50148,50761,35777,7464,42705,43662,1840,1311,2000,42705,1569,2822,0
22055,230000,2,1,2,29,0,0,0,0,0,0,20517,12883,10867,10100,3068,21064,12903,10880,10125,3076,21162,3224,0
22056,100000,2,1,1,29,2,2,0,0,0,0,1526,0,0,0,0,0,0,0,0,0,0,0,0
22057,50000,2,2,1,29,1,2,0,0,0,0,26293,25492,19680,19271,19659,19915,0,1609,2000,1000,715,883,0
22058,330000,2,1,2,27,0,0,0,0,0,0,37587,39183,39305,40251,41683,38978,2000,2000,3000,3000,3000,1500,0
22059,90000,2,1,2,27,0,0,0,0,0,0,3000,0,0,0,0,0,0,0,0,0,0,0,0
22060,150000,2,2,1,27,0,0,0,0,0,0,5877,6640,7408,8147,8054,7819,1268,1284,1271,426,283,484,0
22061,70000,2,3,2,28,2,2,2,2,2,2,24799,24102,26305,27570,28021,27436,0,2600,2000,1200,0,1500,0
22062,80000,2,1,2,28,0,0,0,0,0,0,71126,71009,69504,68262,70547,73040,4000,5002,4500,3000,3000,10000,0
22063,130000,2,2,2,28,0,0,0,0,0,0,131630,65325,2315,101035,82288,86788,3600,2315,100000,3500,8000,4000,0
22064,130000,2,1,2,29,0,0,0,3,3,2,101650,106271,119728,121140,117767,115640,4621,15107,5000,0,0,4200,0
22065,140000,2,2,2,29,0,0,0,0,0,0,389,403,0,0,0,0,407,0,0,0,0,1260,1
22066,240000,2,3,1,27,0,0,0,0,0,0,2400,152,3250,2391,1182,321,152,3250,2391,1182,321,118,1
22067,160000,2,1,2,26,0,0,0,0,0,0,2659,3859,10709,8677,4318,2659,3859,10709,1000,100,1000,2856,0
22068,50000,2,1,2,26,0,0,0,0,0,0,651,651,1072,1713,651,646,651,1072,1713,651,646,651,1
22069,500000,2,1,2,27,0,0,0,0,0,0,17531,27016,10627,680,0,0,26588,10663,680,0,0,2360,0
22070,260000,2,2,1,28,0,0,0,0,0,0,238896,244419,250051,247271,250327,253355,11000,11065,9500,9000,9100,9500,0
22071,100000,2,2,2,23,0,0,0,0,0,0,10693,26226,18726,19225,18299,20056,22622,2326,1600,0,4000,0,0
22072,130000,2,2,2,23,0,0,0,0,0,0,111388,113900,109062,105252,103969,104254,6000,5000,6000,10000,10000,5000,0
22073,80000,2,1,2,26,0,0,0,0,0,0,124224,124762,125778,128293,127839,128714,4574,4737,5753,5000,4330,4341,0
22074,400000,2,2,2,29,0,0,0,0,0,0,52875,55544,994,5030,4568,500,55544,994,5030,0,500,150,0
22075,360000,2,2,2,27,0,0,0,0,0,0,44179,37697,29686,23724,5576,2273,1498,1799,1008,120,2289,5302,0
22076,190000,2,1,2,28,0,0,2,0,0,0,7188,9521,9224,10262,13083,13372,2459,0,1200,3000,500,510,0
22077,90000,2,2,2,28,0,0,0,0,0,0,41138,38755,38448,37612,36174,33769,2000,1866,1347,1065,1041,1500,0
22078,50000,2,1,2,29,0,0,0,0,0,0,8838,7662,40125,37552,22960,14735,6540,37130,2858,3000,1000,5000,0
22079,80000,2,2,2,29,0,0,2,2,2,2,49196,54033,52595,56709,55201,69270,6292,0,5000,0,15000,2600,0
22080,120000,2,2,2,29,0,0,0,0,0,0,1450,0,0,1187,1187,1187,0,0,1187,0,0,0,0
22081,100000,2,2,2,28,2,0,0,2,2,2,21117,22163,26789,26065,27615,28122,1400,5000,0,2300,1100,1300,1
22082,170000,2,1,1,28,1,0,0,0,0,0,0,1295,0,376,0,376,1295,0,376,0,376,0,0
22083,90000,2,1,2,28,0,0,0,2,2,2,38355,39413,41181,41701,44000,45651,1700,2404,1500,3000,2500,600,0
22084,400000,2,1,2,27,0,0,0,0,0,0,0,0,0,0,18014,0,0,0,0,18014,3710,0,1
22085,230000,2,1,2,27,0,0,0,2,0,0,79108,70757,76049,68989,54450,39862,3187,7100,0,2700,2000,1572,0
22086,260000,2,1,2,28,0,0,0,0,0,0,207593,205105,209805,203532,199611,94363,7011,11932,4709,6087,0,1600,0
22087,110000,2,2,2,29,0,0,0,0,0,0,56073,59635,63179,66637,68037,70448,4500,4500,4500,2500,3500,5800,0
22088,500000,2,2,2,28,0,0,0,0,0,0,319082,0,300165,281019,44528,40325,8752,0,21420,1002,935,967,0
22089,90000,2,2,2,28,0,0,0,0,0,0,2943,906,669,0,400,182,906,669,0,400,182,5634,0
22090,60000,2,1,2,28,0,0,2,2,0,0,20729,14486,12163,8891,1723,40276,3016,1000,0,1723,40276,3000,0
22091,320000,2,2,1,28,0,0,2,0,0,0,320635,313060,293055,269585,248093,239025,12500,22,11155,9100,8700,9183,1
22092,320000,2,2,1,29,0,0,0,0,0,0,34818,22718,9398,10222,13791,13498,1690,1500,1000,3628,1041,1006,0
22093,190000,2,1,2,28,0,0,0,0,0,0,112039,114347,102229,83779,72666,63714,4600,4500,4000,2900,2800,3000,0
22094,80000,2,1,2,28,1,0,0,0,0,0,0,0,0,0,0,0,0,0,0,0,0,0,1
22095,230000,2,2,1,28,2,2,2,2,2,2,35610,38701,35043,35678,36730,35994,3706,0,1513,1730,2000,9000,1
22096,310000,2,1,1,29,0,0,0,0,0,0,594,235,5641,0,0,0,477,5648,0,0,0,2287,0
22097,260000,2,2,2,29,0,0,0,0,0,0,150709,151527,155081,156138,145251,139784,6911,7514,6756,5176,5200,5700,0
22098,200000,2,1,2,29,1,0,0,0,0,0,0,928,1280,1675,97,138,928,1000,1000,97,138,0,0
22099,200000,2,1,2,29,0,0,0,0,0,0,65199,21489,0,1762,1768,860,6532,0,1762,6,1257,8308,0
22100,200000,2,2,2,28,0,0,0,0,0,0,50925,51519,53693,55506,63261,52979,2455,2629,2442,10000,1502,1517,0
22101,50000,2,2,2,28,0,0,0,0,0,0,28157,28409,27589,27875,28539,29202,1430,1770,1446,1500,1500,1073,0
22102,50000,2,3,2,28,0,0,0,0,0,0,52775,54397,55328,42511,31032,34510,2500,2000,2000,5000,4000,3000,1
22103,50000,2,1,2,29,0,0,0,0,0,0,44498,41897,17304,16544,14787,15975,4000,4000,2000,3000,3000,3000,0
22104,240000,2,2,1,29,0,0,0,0,0,0,187431,186968,187967,187731,188603,185252,8200,8000,8000,7025,6500,7000,0
22105,100000,2,2,2,29,0,0,0,0,0,0,7815,11139,3708,2180,1949,717,5000,1000,2180,1949,717,39000,0
22106,230000,2,2,2,28,0,0,0,0,0,0,2454,1197,4556,4316,4316,4316,1197,4566,4316,4316,4316,4316,0
22107,230000,2,1,2,29,0,0,0,0,0,0,4827,5605,7719,7601,12140,16145,2000,3050,5000,5000,5000,5000,0
22108,240000,2,2,1,28,2,2,2,2,2,0,191137,210333,206332,214981,194817,186895,24000,0,12014,0,5307,5001,1
22109,150000,2,2,1,30,0,0,0,0,0,0,35213,115041,135090,80085,35940,38460,115041,66066,2031,35940,38460,41154,0
22110,150000,2,2,1,30,0,0,0,0,0,0,1499,1231,0,1872,0,113,1231,0,1872,0,113,0,0
22111,200000,2,1,2,29,0,0,0,0,0,0,27869,5531,6781,12162,12410,12410,5531,6781,12162,248,0,1703,0
22112,60000,2,2,2,29,2,0,0,0,0,0,58501,54932,85672,41483,19394,18893,2000,1900,1572,1000,700,668,1
22113,50000,2,2,2,31,0,0,0,0,0,0,19889,20451,20426,19894,20294,20145,1500,1600,1600,1000,900,1000,0
22114,140000,2,2,2,31,0,0,0,0,0,0,277,19983,17685,36603,27886,7659,19983,17725,36621,0,7847,43467,0
22115,220000,2,1,1,30,2,2,0,0,0,0,150682,139629,136020,115942,54611,42363,0,6824,2726,1239,2953,112742,0
22116,300000,2,1,2,28,0,0,0,0,0,0,936,0,744,2826,0,18525,0,744,3000,0,18525,3078,0
22117,300000,2,1,2,29,0,0,0,0,0,0,-5478,-8584,-14998,10980,1123,4665,1220,33,30044,12,11493,4983,0
22118,200000,2,1,2,29,0,0,0,0,0,0,118296,94899,71050,68967,47951,45519,3900,3000,3015,1600,1600,1400,0
22119,80000,2,2,3,29,0,0,2,0,0,0,6441,14342,6187,7757,8451,6625,14349,5,7761,8460,6630,6218,0
22120,430000,2,2,2,29,2,0,0,0,0,0,75249,77754,79822,81859,83844,86082,3754,3322,3359,3344,3582,3623,1
22121,60000,2,2,3,29,0,0,0,0,0,0,4134,3596,3801,694,531,531,1200,1000,2694,531,531,681,0
22122,170000,2,2,2,29,0,0,0,0,0,0,1333,1359,886,1042,1577,1574,1359,886,1051,1577,1574,287,0
22123,50000,2,2,2,29,0,0,0,0,0,0,26159,27222,27954,26702,26993,25758,1800,1500,1800,1000,1200,1200,0
22124,420000,2,2,2,26,0,0,0,0,0,0,24434,22586,36569,28994,15159,9379,1500,28000,1210,303,2000,0,0
22125,80000,2,2,2,26,3,2,2,2,2,2,45088,46040,46998,47929,46860,51931,2000,2000,2000,0,6000,0,1
22126,230000,2,1,2,27,0,0,0,0,0,0,17077,22420,57255,34289,0,0,22437,57326,34311,0,0,0,1
22127,270000,2,2,2,29,0,0,0,0,0,0,62516,48770,47846,39772,35143,44371,1854,1952,1418,5000,14000,2500,0
22128,500000,2,1,2,28,0,0,0,0,0,0,56437,58076,59534,51006,44360,34229,2357,2001,6620,6015,10001,4137,0
22129,220000,2,2,2,28,0,0,0,2,0,0,94311,95967,97995,97577,98583,99708,4319,5419,3000,3501,3629,7442,0
22130,180000,2,3,2,24,0,0,0,0,0,0,100772,85185,77698,67459,52777,46337,3034,4031,2495,1556,1431,1293,0
22131,50000,2,2,2,23,0,0,0,0,2,2,34448,35545,36620,40767,41495,42377,1975,1950,5100,1700,1700,700,0
22132,20000,2,5,2,22,1,2,0,0,0,0,11871,11375,10620,11355,11209,11299,0,1265,1000,244,500,500,0
22133,20000,2,1,2,24,1,0,0,0,0,0,0,890,467,500,0,647,890,467,500,0,647,0,0
22134,80000,2,1,2,22,1,2,2,0,0,0,6261,6170,4258,7032,6348,1606,1000,0,7032,6348,1606,0,0
22135,120000,2,2,1,23,0,0,0,0,0,0,64049,65984,66825,68820,69776,71297,3000,2500,3100,2700,2800,2800,0
22136,40000,2,1,2,23,0,0,0,0,0,0,10389,11410,12970,13246,11024,9798,1200,1751,1027,250,385,1000,0
22137,100000,2,2,1,42,0,0,0,0,0,0,2811,1055,8090,5524,4973,1000,1055,8090,5549,4973,1000,1000,0
22138,90000,2,2,2,25,1,2,0,0,0,0,91830,89448,83949,47118,44942,45886,0,2549,1583,1444,1500,1511,0
22139,160000,2,2,2,24,0,0,0,0,0,0,160553,162449,157395,159178,121642,124347,6050,7771,7300,4163,4470,4609,0
22140,100000,2,1,2,24,0,0,0,0,0,0,27753,28306,14320,180,2500,12411,1632,1000,180,2500,10000,0,0
22141,230000,2,1,2,25,0,0,0,0,0,0,50757,52906,54454,53457,55128,52788,3000,3000,2000,2500,2500,2000,0
22142,60000,2,1,2,28,0,0,0,0,0,0,37878,35511,28894,21556,21494,21838,3000,2000,1600,3000,2800,0,0
22143,300000,2,1,1,26,2,0,0,0,0,0,800,1946,2612,3408,1908,1108,1946,2612,1914,0,1108,530,0
22144,140000,2,2,1,29,0,0,0,0,0,0,129289,90352,85052,65758,46847,39777,3713,3546,2589,1960,1733,1379,0
22145,300000,2,1,2,29,0,0,0,0,0,0,1049,205,4962,13634,41510,-1087,205,4962,13634,41510,0,3940,1
22146,60000,2,1,2,29,0,0,0,0,0,0,23304,20517,20261,22832,24234,24928,3000,3000,3000,2000,2000,2000,0
22147,360000,2,2,2,29,0,0,0,0,0,0,0,1307,747,1707,792,1346,1307,747,1707,850,1346,0,0
22148,100000,2,1,2,29,1,2,0,0,0,0,3788,1263,2394,2839,32934,31056,0,2000,3000,31000,2000,5000,0
22149,100000,2,2,2,29,0,0,0,0,0,0,3262,3262,326,6198,326,326,3262,326,6198,326,326,326,0
22150,320000,2,1,2,29,0,0,2,0,0,0,0,192,192,2518,255,1945,192,0,2518,255,1945,301,0
22151,500000,2,2,2,29,0,0,0,0,0,0,902,0,0,0,0,0,0,0,0,0,0,19440,0
22152,180000,2,1,2,30,0,0,0,0,0,0,405,4445,5047,200,745,0,4445,5047,200,745,0,0,0
22153,280000,2,2,1,30,2,0,0,0,0,0,18925,20223,15883,15547,14472,15086,1976,2000,1600,1000,1000,1100,1
22154,140000,2,2,1,30,0,0,0,0,0,0,13859,16229,16459,14753,13437,14745,5000,1286,1476,423,3000,1000,0
22155,200000,2,2,1,30,0,2,0,2,0,0,1877,1690,6314,6034,6034,2493,0,6314,0,0,0,0,0
22156,270000,2,1,2,30,0,0,0,2,0,0,25628,27880,35387,34524,36630,38871,3000,8000,0,3000,3000,2000,0
22157,230000,2,1,1,30,0,0,0,0,0,0,5442,5142,5305,5661,3935,4460,1210,3116,1000,2000,2000,2000,0
22158,210000,2,1,2,29,1,0,0,0,0,0,-12,2425,-12,-12,5884,0,2437,0,0,5896,0,89886,0
22159,170000,2,1,2,29,0,0,0,0,0,0,1380,9493,8794,2301,0,0,9533,5004,2301,0,0,7800,0
22160,230000,2,1,2,29,0,0,0,0,0,0,360,0,0,0,100,900,0,0,0,100,900,715,0
22161,300000,2,2,2,29,0,0,0,0,0,0,164437,140536,124802,80088,25283,12358,5100,6001,3500,705,3000,2300,0
22162,150000,2,3,2,29,0,0,0,0,0,0,3850,227,0,0,0,1500,227,0,0,0,1500,1606,0
22163,360000,2,1,2,29,1,0,0,0,0,0,0,0,0,0,0,0,0,0,0,0,0,0,0
22164,110000,2,2,2,29,2,0,0,0,0,0,99876,72548,74379,75878,78503,80451,3000,3000,3000,3500,3000,3000,1
22165,150000,2,1,3,30,1,0,2,0,0,0,6043,50,6527,2168,-7,1373,0,8589,2500,0,1380,0,0
22166,50000,2,1,2,27,0,0,0,0,0,0,49959,47675,48349,46192,45272,46230,2100,2426,2100,1600,2000,1900,0
22167,170000,2,1,2,27,0,0,2,0,0,0,356,1472,736,736,736,736,1536,0,736,736,736,736,0
22168,210000,2,2,2,27,0,0,0,0,0,0,26311,24805,25810,27071,27817,28401,2000,1800,2000,1500,1031,1191,0
22169,50000,2,2,2,28,2,2,2,0,0,0,45004,48119,42958,37812,15617,9625,3880,10,8656,1044,349,414,1
22170,200000,2,2,2,30,0,0,0,2,0,0,4644,5670,8107,7523,8345,19030,1263,2700,0,1000,11000,707,0
22171,100000,2,1,2,28,0,0,0,0,0,0,29086,19091,17916,12233,6741,-24,1400,1506,1209,0,0,0,0
22172,180000,2,2,2,31,0,0,0,0,0,0,112900,0,178143,181625,164914,145052,0,181625,8350,5005,5000,6800,0
22173,80000,2,2,1,33,0,0,0,0,0,0,75564,77708,78888,80466,28186,28445,3406,3518,3558,1200,1100,1500,0
22174,80000,2,2,1,27,0,0,0,0,0,0,56720,5958,4303,3850,0,0,5958,4321,3869,0,0,0,1
22175,50000,2,3,1,29,0,0,0,0,0,0,47425,48171,46466,47226,46917,47571,2100,2100,2105,2000,1800,3500,0
22176,560000,2,2,1,28,0,0,0,0,0,0,2740,2740,2740,2740,1703,27802,2740,2740,2740,1703,27802,1500,0
22177,150000,2,2,2,28,2,0,0,0,0,0,89336,90337,84905,86814,73827,60284,4027,4004,5016,5004,3000,5005,1
22178,310000,2,2,2,27,0,0,0,0,0,0,1261,1261,1261,1651,390,390,1261,1261,1651,0,390,390,1
22179,210000,2,2,2,27,0,0,0,0,0,0,1856,8657,10371,0,2700,2278,8657,10427,0,2700,2278,2900,0
22180,200000,2,1,2,27,0,0,0,0,0,0,4941,5555,15546,1665,3370,-36,5610,15616,1673,3385,0,95456,0
22181,100000,2,1,2,28,0,0,0,0,0,0,14309,11226,13142,12280,938,796,1268,2184,38500,938,796,0,0
22182,200000,2,2,1,28,0,0,0,0,0,0,34819,165,1850,1538,165,165,165,1850,1538,165,165,165,0
22183,40000,2,2,1,28,0,0,2,0,0,0,29195,32043,31250,31962,32752,33571,3650,0,1533,1322,1500,1221,0
22184,80000,2,3,1,29,0,0,0,0,0,0,456,3351,9452,1584,2200,7042,3366,9481,1588,2206,7073,4186,0
22185,360000,2,3,2,29,0,0,0,0,0,0,3307,0,0,0,0,1131,0,0,0,0,1131,3409,0
22186,290000,2,2,2,28,0,0,0,0,0,0,15042,28827,45913,44656,24692,7208,15000,20000,37092,20000,7208,34000,0
22187,90000,2,1,2,28,0,0,0,0,0,0,1944,0,0,0,0,0,0,0,0,0,0,0,0
22188,280000,2,1,2,29,0,0,0,0,0,0,33210,526,9252,21254,1608,407,726,9298,21360,1614,2,4069,0
22189,50000,2,1,2,29,0,0,0,0,0,0,22120,14577,16275,23790,2250,2100,4000,3096,12000,2250,500,0,0
22190,200000,2,3,1,29,0,0,0,0,0,0,203621,203424,199728,195609,131981,131294,7464,7889,6600,4602,4900,4726,0
22191,400000,2,2,2,30,0,0,0,0,0,0,438569,446484,454826,411587,368563,252669,16718,16289,14100,12958,7807,6667,0
22192,210000,2,1,2,31,0,0,0,0,0,0,0,0,4811,2994,14321,5193,0,4811,2994,14327,5193,2723,0
22193,50000,2,2,1,31,0,0,0,0,0,0,47800,50725,53518,4199,0,0,3725,2364,2398,0,0,17324,1
22194,150000,2,1,2,30,0,0,0,0,0,0,4205,1264,10830,2501,4461,1240,1264,10830,2501,4461,1240,165,0
22195,230000,2,1,2,29,1,0,0,0,0,0,0,0,249,0,449,1530,0,249,0,449,1530,0,0
22196,70000,2,1,2,29,0,0,0,0,0,0,75040,75705,69514,69312,69412,68692,3000,3000,3100,3000,3000,2700,0
22197,450000,2,1,1,29,0,0,0,0,0,0,104457,68877,62223,65522,61413,63547,2489,2528,10179,10013,5183,5000,0
22198,80000,2,2,2,29,0,0,0,0,0,0,70810,72231,73953,69366,57435,39322,3200,3501,2500,2000,2000,1000,0
22199,380000,2,2,2,30,0,0,0,0,0,0,305489,299641,256345,258936,228387,203931,11687,12160,12434,8651,8531,6974,0
22200,100000,2,2,1,31,0,0,0,0,0,0,91192,91305,103216,88782,35146,39849,4000,15074,16197,13112,43122,43000,0
22201,30000,2,2,1,31,0,0,0,0,0,0,24358,23798,23071,23496,26562,27346,3000,4000,3000,5000,5000,3000,0
22202,140000,2,1,2,31,0,0,0,0,0,0,3886,4906,5233,6206,7140,8161,1100,1500,1100,1000,1100,1000,0
22203,320000,2,1,2,27,1,2,2,2,2,2,43243,42537,41370,40694,39606,38680,2000,1500,2000,1500,1500,0,1
22204,20000,2,2,1,24,0,0,0,0,0,0,18919,16743,17857,18310,18000,17294,1600,1687,1140,1800,1000,0,0
22205,350000,2,2,2,25,0,0,2,0,0,0,327915,342405,344459,351335,143291,98042,20000,9000,15076,5000,4000,4000,1
22206,180000,2,2,2,25,0,0,0,0,0,0,175063,126801,96043,85554,77007,72461,5000,5015,4000,3000,3000,3000,0
22207,30000,2,2,2,23,0,0,0,0,0,0,28347,28296,25819,26409,26401,26448,2300,2390,1718,1100,1000,2000,0
22208,110000,2,1,2,24,0,0,2,0,0,0,111863,111569,110768,110480,48708,47060,6001,5000,5060,2000,3000,5000,0
22209,50000,2,2,2,24,0,0,0,0,0,0,2568,3589,4608,4919,0,0,1070,1089,1000,0,0,0,0
22210,200000,2,2,2,31,0,0,0,0,0,0,2718,590,8971,8509,29645,7300,591,8981,8525,29713,7305,20914,0
22211,100000,2,2,2,29,0,0,0,0,0,0,87018,75666,74709,76143,73327,147496,3267,3324,4220,2728,2800,2825,0
22212,100000,2,1,2,27,0,0,0,0,0,0,4829,0,0,0,5330,0,0,0,0,5330,1274,2100,0
22213,150000,2,1,2,29,0,0,0,0,2,0,1148,3019,100,802,802,702,2000,100,702,0,0,0,1
22214,60000,2,2,1,27,0,0,0,0,0,0,60915,54738,47023,57554,27412,27829,2255,2469,25000,1200,1008,1057,0
22215,80000,2,2,1,27,0,0,0,0,0,0,20417,3061,7920,2830,3092,2315,3082,7932,2838,3112,2333,0,0
22216,150000,2,1,2,26,0,0,0,0,0,0,7448,2089,174,640,2414,500,2089,174,640,2414,500,3158,0
22217,30000,2,1,2,27,0,0,0,0,0,0,30342,29337,29956,29782,27290,27865,1500,1485,2000,1000,1014,4413,1
22218,150000,2,1,2,26,0,0,0,0,0,0,205467,195764,197085,202517,56898,58262,6000,6000,6000,5000,2000,2000,0
22219,250000,2,1,2,26,0,0,0,0,0,0,50122,44742,43194,41381,33246,32948,2027,2020,1510,1000,1000,7000,0
22220,500000,2,1,2,29,0,0,0,0,0,0,36051,30912,33740,15272,17015,18740,2065,25099,2000,2000,2000,2000,0
22221,230000,2,1,2,28,0,0,0,0,0,0,65862,61532,37214,37680,33708,565,5000,1954,1420,3708,565,0,0
22222,160000,2,1,2,29,0,0,0,0,0,0,386,4194,196,7730,3113,3484,4194,196,7741,3113,3484,2475,0
22223,360000,2,1,1,31,0,0,0,0,0,0,9315,58319,48179,14702,20444,30833,58617,48426,14775,20559,30954,14905,0
22224,400000,2,2,1,30,0,0,0,0,0,0,30667,31160,23054,8453,10387,9222,5034,2086,2025,5006,543,1711,0
22225,130000,2,1,2,29,0,0,2,0,0,0,93761,100172,97727,98588,97129,98016,8901,0,3401,3509,3671,3240,0
22226,80000,2,1,2,28,0,0,0,0,0,0,70723,72151,73888,75345,75040,75211,3200,3500,3300,2800,2900,2900,0
22227,160000,2,1,2,28,0,0,0,0,0,0,316,1599,2328,1798,1000,1442,1617,2378,1798,1000,1442,0,0
22228,390000,2,1,1,28,0,0,0,0,0,0,60697,64440,67503,68566,65411,66597,5000,5000,5007,5000,5000,5000,0
22229,200000,2,2,2,31,0,2,2,0,0,0,3707,3347,0,665,2846,6586,0,16550,665,2846,6586,3807,1
22230,30000,2,2,1,30,0,0,0,0,0,0,9211,9133,10165,11441,11479,11719,1154,1186,1462,500,400,434,0
22231,50000,2,3,2,31,0,3,2,0,2,0,780,780,390,2724,2183,2638,0,0,2724,0,1004,2032,0
22232,180000,2,2,2,31,0,0,0,0,0,0,69502,69878,71866,72140,60885,32397,2500,3300,2140,1885,4000,95000,0
22233,200000,2,3,2,32,0,0,0,0,0,0,148959,152810,159907,168200,148987,152224,6700,10000,10000,4183,4465,4352,0
22234,180000,2,2,1,32,0,0,0,0,2,0,151307,143025,140984,85948,80069,77462,6000,6000,8009,0,3000,3000,0
22235,250000,2,1,2,31,0,0,0,0,0,0,36439,30161,24326,13198,6686,9423,5000,1298,1000,134,9423,19346,0
22236,180000,2,1,2,29,0,0,0,0,0,0,3900,222,906,6101,50372,1203,222,908,6101,48251,1207,4545,0
22237,50000,2,2,1,32,0,0,0,0,0,0,48971,38736,26945,27541,27689,28868,1754,1500,3038,976,2000,1077,0
22238,220000,2,1,1,33,0,0,0,0,0,0,199040,182158,143895,147039,152384,159631,10032,7000,7500,10000,10000,7000,0
22239,360000,2,2,1,31,0,0,0,0,0,0,990,990,990,990,990,990,990,990,990,990,990,4970,0
22240,500000,2,1,2,29,0,0,0,0,0,0,33252,39078,33086,18304,16604,9505,10000,2014,3030,8006,1000,1000,0
22241,50000,2,3,1,30,0,0,0,0,0,0,1032,1464,1722,316,2615,2104,1464,1722,316,2615,2104,3379,0
22242,150000,2,2,2,30,0,0,0,0,0,0,55,-94,-208,-208,993,0,0,239,0,1201,0,2184,0
22243,150000,2,2,2,31,0,0,0,0,0,0,13701,12009,11985,24310,17280,36986,12013,12005,24322,6000,37000,25017,0
22244,300000,2,1,2,31,0,0,0,0,0,0,720,0,69190,0,686,2927,0,69190,0,686,2927,2995,0
22245,130000,2,1,2,24,0,0,0,2,0,0,76582,86333,91715,89245,90827,87779,12000,7700,0,3001,3011,2816,0
22246,30000,2,3,2,22,2,0,0,2,2,2,15048,16795,18524,19923,19305,20994,2000,2000,2000,0,2000,0,0
22247,90000,2,2,2,25,0,0,0,0,0,0,27658,11865,4602,28426,8978,5104,6708,8853,28990,9028,5119,428,0
22248,90000,2,2,2,25,0,0,0,0,0,2,88822,76400,0,2757,3060,2864,1588,0,2757,500,0,475,1
22249,70000,2,3,2,25,0,0,0,0,0,0,31337,34439,25170,20921,18229,20915,4000,3069,3000,2000,3000,3000,0
22250,80000,2,2,1,25,0,0,0,0,0,0,73267,74425,76347,51150,43193,44230,2971,3435,1750,1593,1730,1972,1
22251,60000,2,2,2,25,0,0,0,0,0,0,7885,9244,11082,12133,16891,17615,1500,2000,1242,5000,1000,700,1
22252,60000,2,3,2,26,0,2,0,0,0,0,4837,3642,6232,6444,3783,3219,0,6472,6444,3219,0,0,0
22253,420000,2,2,2,27,0,0,0,0,0,0,15000,15000,15000,15000,15000,15000,15000,15000,15000,15000,15000,14996,0
22254,200000,2,1,2,27,0,0,0,0,0,0,0,0,0,0,0,0,0,0,0,0,0,0,1
22255,220000,2,1,2,29,0,0,0,0,0,0,2848,7146,4690,16331,77894,2576,7181,4714,16493,97910,0,4862,0
22256,170000,2,1,2,29,0,0,0,0,0,0,1000,6000,0,0,0,0,5000,0,0,0,0,0,0
22257,500000,2,3,2,29,0,0,0,0,0,0,5024,798,5921,2381,823,801,802,5950,2392,827,805,30435,1
22258,60000,2,1,2,29,1,0,2,0,0,0,0,351,199,3697,0,532,351,0,3697,0,532,0,1
22259,140000,2,2,2,30,0,0,0,0,0,0,107,232,107,107,107,107,232,107,107,107,107,107,0
22260,100000,2,2,1,31,0,0,0,0,0,0,95160,94327,0,0,2743,1782,2000,0,0,2743,1782,0,0
22261,180000,2,1,2,31,0,0,0,0,0,0,-23,5631,2771,390,0,0,5654,2771,390,0,0,999,0
22262,360000,2,1,2,31,1,0,0,0,0,0,0,0,0,0,0,0,0,0,0,0,0,0,0
22263,420000,2,1,2,31,0,0,0,0,0,0,233413,241503,277447,287781,294010,319257,12000,40000,15000,11000,30000,15000,1
22264,200000,2,2,2,29,0,0,0,0,0,0,779,860,496,2755,2048,2318,860,496,2763,2048,2318,3311,0
22265,260000,2,2,1,31,0,0,0,0,0,0,82156,83083,85346,87620,89566,91502,3611,3712,3800,3500,3400,3100,0
22266,300000,2,2,2,30,0,0,0,0,0,0,19333,19333,19333,19333,20333,20333,19333,19333,19333,20333,20333,1000,0
22267,400000,2,1,2,29,0,0,2,0,0,0,74829,77970,70557,71867,72137,72955,7017,0,3200,2750,3000,5800,1
22268,220000,2,1,2,30,0,0,0,0,0,0,22959,37955,25741,17875,14639,27042,20066,1318,1102,14710,28087,1174,0
22269,130000,2,1,2,30,0,0,0,0,0,0,1493,1492,1310,1310,2046,1574,1492,1310,1310,2046,574,1995,1
22270,150000,2,1,2,29,0,0,0,0,0,0,962,5868,15218,15965,9275,25321,5868,15283,15972,9275,25321,7350,0
22271,280000,2,1,2,33,0,0,0,0,0,0,266030,264176,267668,262905,260296,254023,12000,12001,12000,9510,10002,10000,0
22272,230000,2,1,2,33,0,0,0,0,0,0,181532,187639,193252,200648,203103,207573,9000,10000,12000,7130,7600,8100,0
22273,180000,2,2,1,28,0,0,0,0,0,0,54972,42329,42071,39649,39221,40731,2000,2002,2000,2000,2000,2000,0
22274,270000,2,2,2,29,0,0,0,0,0,0,39004,28963,23021,17934,13650,12864,1520,1719,1200,1000,2000,3022,0
22275,190000,2,4,2,30,0,0,0,0,0,0,198098,194576,202868,198936,28950,28666,4515,15466,4700,47450,16666,17549,0
22276,150000,2,3,2,30,0,0,0,0,0,0,69235,69407,69232,71089,65793,66651,2500,3000,3067,2344,2419,2500,0
22277,230000,2,1,2,28,0,0,0,0,0,0,355,0,916,0,0,8878,0,916,0,0,8878,800,1
22278,70000,2,3,1,29,0,0,0,0,0,0,22438,24055,25359,26434,26993,28551,2000,2000,1500,1000,2000,1500,0
22279,500000,2,2,2,29,0,0,0,0,0,0,2140,3919,3572,2749,2140,3109,3919,3763,2749,2140,3109,2140,0
22280,50000,2,2,1,30,0,0,0,0,0,0,46800,37395,38591,40037,32260,27649,1604,1800,2200,1400,1100,1300,1
22281,220000,2,1,2,29,0,0,0,0,0,0,206879,211037,215139,218513,131660,134346,9100,9000,7887,4800,4900,6000,1
22282,210000,2,2,1,30,0,0,0,0,0,0,2818,0,0,0,0,0,0,0,0,0,0,0,0
22283,260000,2,2,1,30,0,0,0,0,0,0,66433,67134,67768,69033,70166,71377,2400,2496,2429,2599,2827,2050,0
22284,280000,2,1,2,29,0,0,0,0,0,0,1939,333,779,8029,8040,2979,333,779,8029,11,3129,138,0
22285,180000,2,1,2,30,0,0,0,0,0,0,360,120,360,360,450,90,120,600,360,450,0,0,0
22286,30000,2,3,1,29,1,2,2,2,2,2,27705,28452,29693,30206,30309,28218,1500,2000,1500,1044,0,2000,1
22287,20000,2,2,1,30,1,0,0,2,2,0,0,0,780,780,0,0,0,780,0,0,0,0,1
22288,200000,2,2,1,32,1,0,2,0,2,2,-400,163,163,2231,2048,4732,563,0,2250,0,2732,0,0
22289,80000,2,1,2,30,3,2,0,0,0,0,82523,80586,80783,75115,49420,50677,0,4000,3000,1800,2000,2000,1
22290,90000,2,2,2,31,0,0,0,0,2,2,22259,23418,24443,26695,25967,26946,1838,1408,2660,0,1400,2000,1
22291,20000,2,2,1,32,2,0,0,0,2,2,15073,15431,16176,18204,17614,18826,1600,1300,2300,0,1500,0,1
22292,30000,2,3,1,32,0,0,0,2,0,0,27395,25947,30473,27940,28397,29009,2000,5303,0,1200,1200,1200,0
22293,70000,2,1,2,29,0,0,0,0,0,0,61217,62601,63990,64355,56195,43803,3000,3000,3000,1900,1600,2600,0
22294,200000,2,2,1,29,0,0,0,0,0,0,74566,73700,73624,73928,72060,72393,3213,3304,3815,3004,3006,4012,0
22295,420000,2,2,2,29,0,0,0,0,0,0,326239,318143,15926,4169,158062,156341,7108,17570,1000,158556,5000,5080,0
22296,130000,2,2,1,29,0,0,0,0,0,0,130927,133658,132026,122804,121663,122032,7000,5306,5000,5000,6000,10000,0
22297,160000,2,1,2,30,0,0,0,0,0,0,78623,65315,52890,50275,51337,53349,3000,4000,2500,2500,3000,2800,0
22298,320000,2,1,1,29,0,0,0,0,0,0,2799,7932,0,0,0,0,7329,0,0,0,0,0,0
22299,130000,2,1,2,29,0,0,0,0,0,0,790,390,99235,98080,97224,97940,390,99235,4368,3449,3713,3610,0
22300,200000,2,1,2,29,1,0,0,0,0,0,0,0,35063,0,0,5799,0,35063,16720,0,5799,0,1
22301,320000,2,1,2,30,0,0,0,0,0,0,1259,5152,4257,-3,-3,670,5177,4278,0,0,673,11288,0
22302,400000,2,2,1,30,0,0,0,0,0,0,68835,60549,63047,65508,66954,68411,2600,3000,3000,2000,2002,3020,0
22303,390000,2,2,2,30,0,0,0,0,0,0,35169,17147,3350,4710,80474,80330,1070,1226,4710,83756,3100,3100,0
22304,100000,2,1,1,29,0,0,0,0,0,0,27304,28537,32498,0,0,21648,2000,4652,0,0,21648,9600,0
22305,100000,2,2,1,30,0,0,0,0,0,0,98048,97585,84514,85496,69656,61532,3903,8000,5000,4000,3000,2300,0
22306,400000,2,2,2,31,0,0,0,0,0,0,9123,7496,7558,6877,4880,6728,1500,1500,1000,1000,3000,3000,0
22307,100000,2,2,1,27,0,2,0,2,0,0,667,667,6637,6300,12300,0,0,6637,0,6000,0,3022,1
22308,300000,2,3,1,27,0,0,0,0,0,0,1890,1570,390,390,390,390,1570,390,390,390,390,1890,0
22309,20000,2,2,2,27,0,0,0,0,0,0,14248,15703,17140,18127,18605,16351,2000,2000,1600,1030,1000,1000,0
22310,50000,2,2,2,27,0,0,0,0,0,0,27314,28353,30299,33760,0,0,1500,3000,4000,0,0,0,0
22311,100000,2,1,2,30,2,2,2,2,2,2,29668,32463,33350,34003,34647,35348,3600,1700,1500,1500,1400,0,0
22312,200000,2,2,1,30,0,0,0,0,0,0,194747,197031,196787,194632,198839,196550,9000,7100,7100,7400,7200,7300,0
22313,300000,2,2,2,30,0,0,0,0,2,0,251986,231773,225295,236540,168519,172674,11000,11000,17000,0,7000,12000,0
22314,240000,2,3,1,30,0,0,0,0,0,0,7075,15732,9285,1617,188,98,17003,9343,1617,188,98,0,0
22315,240000,2,2,1,30,0,0,0,0,0,0,17047,15188,11366,14231,11135,7774,15188,11366,14231,11135,7774,7785,0
22316,120000,2,3,1,30,1,2,0,0,0,0,119511,116086,117580,120041,80578,82280,3,4351,5000,3000,3000,3200,1
22317,350000,2,1,2,31,0,2,0,0,0,0,403,403,1351,4656,0,1190,0,1351,4677,0,1190,150,0
22318,590000,2,1,2,31,1,0,0,0,0,0,-154,240,244,-1469,925,3319,1000,1026,0,3000,3000,2271,0
22319,240000,2,1,2,30,1,0,0,0,0,0,0,0,0,0,0,0,0,0,0,0,0,0,0
22320,200000,2,4,2,27,0,0,0,0,0,0,0,0,0,0,0,0,0,0,0,0,0,0,0
22321,300000,2,1,2,27,0,0,0,0,0,0,131760,132770,130595,132683,128557,125900,4700,4995,4516,4034,4088,3886,0
22322,240000,2,2,1,28,0,0,0,0,0,0,5740,5639,3428,4634,4590,9675,1215,2000,2000,4590,9675,15000,0
22323,170000,2,1,2,28,0,0,0,0,0,0,3497,17920,2863,0,949,0,17920,2863,0,949,0,1069,0
22324,470000,2,2,2,30,0,0,0,0,0,0,26549,25247,28019,27139,26923,28350,1420,5000,1408,2000,2000,10000,0
22325,110000,2,1,2,30,0,0,0,0,0,0,51276,52064,53160,54331,53024,51317,3000,3031,3000,3000,2000,3000,0
22326,30000,2,3,2,24,0,0,0,0,0,0,27276,26937,26679,27779,28691,29726,2000,2500,2000,2000,2000,2000,1
22327,80000,2,2,2,24,1,1,0,0,0,0,62550,0,10000,18150,7490,7490,10000,10000,18150,7490,7490,7490,0
22328,100000,2,1,2,24,1,0,0,0,0,0,-78,-78,-78,-78,-78,-78,0,0,0,0,0,0,0
22329,160000,2,2,2,25,0,0,0,0,0,0,45835,45474,42601,33581,29827,19056,2000,2000,1400,600,0,0,0
22330,110000,2,1,2,27,0,0,0,0,0,0,52426,45107,44310,34820,36005,25976,1772,1900,1815,2000,1500,2000,0
22331,150000,2,3,2,28,2,0,0,0,0,0,107603,109835,110255,110247,110955,105145,5500,5500,5300,3853,4000,4000,0
22332,390000,2,1,2,30,0,0,0,0,0,0,7650,8500,4090,8342,7611,8018,3031,2010,6500,2000,1000,1000,0
22333,180000,2,2,1,30,0,0,0,0,0,0,5100,9861,11021,16883,150,4661,9861,11021,16883,150,4661,873,1
22334,300000,2,1,2,29,0,0,0,0,0,0,45117,43460,14291,7331,10018,6213,1281,1093,1000,5014,2000,1000,0
22335,400000,2,1,1,29,0,0,0,0,0,0,5074,4097,7716,12538,17305,22499,1097,3716,5000,5000,5668,7000,0
22336,110000,2,1,2,29,1,2,0,0,0,0,113093,106321,107630,106354,79154,69988,3,4334,4250,2946,2506,2458,0
22337,120000,2,1,2,28,0,0,0,0,0,0,20578,21742,23384,24268,24665,21833,2000,2000,1312,1009,1000,1000,0
22338,200000,2,2,2,28,0,0,0,0,0,0,8837,9491,3632,7673,5830,6890,9690,3632,7673,2530,6000,6925,0
22339,120000,2,2,1,25,0,0,0,0,0,0,70282,71463,60364,70420,62549,47683,4000,3000,11299,1943,2000,1684,0
22340,270000,2,2,2,25,0,0,0,0,0,0,162905,156151,127423,126824,115961,112929,5085,4795,4470,3847,3943,5000,0
22341,250000,2,1,2,25,0,0,0,0,0,0,18761,10656,7099,11758,17047,16483,4662,2101,7227,7865,8485,5777,0
22342,130000,2,2,1,25,0,0,0,0,0,0,61223,4003,3223,23264,20582,18182,4003,3223,43264,2000,1000,2000,0
22343,290000,2,1,2,26,0,0,0,0,0,0,32126,10823,5248,32307,28492,1799,10884,5275,32563,29143,1809,11384,0
22344,210000,2,2,2,26,0,0,0,0,0,0,78632,49707,37998,32062,27056,15955,2000,2200,2008,2000,5000,5000,0
22345,200000,2,2,2,26,1,0,2,0,0,0,-1544,8510,4141,15305,10368,5642,12651,0,15305,0,0,16335,0
22346,240000,2,1,2,28,1,2,2,2,0,0,17868,188,2288,2100,405,1665,0,2100,405,0,1665,0,0
22347,170000,2,1,1,30,0,0,0,0,0,0,5280,5020,996,35490,6000,5350,5020,996,35490,6000,5350,12500,0
22348,180000,2,1,2,28,0,0,0,0,0,0,26000,5480,5960,600,6800,12627,5488,5960,600,6800,12627,0,0
22349,280000,2,1,2,28,0,0,0,0,0,0,40683,1888,1592,1312,486,886,1888,1592,1312,486,1036,438,0
22350,490000,2,2,2,28,0,0,0,0,0,0,128821,93626,52074,118595,93461,86682,3047,2647,88595,3203,3142,3166,0
22351,240000,2,2,2,31,0,0,0,0,0,0,7414,2020,-9032,13756,0,3138,2020,1000,23724,0,3138,367,0
22352,150000,2,1,1,31,0,0,0,0,0,0,67852,68312,70203,71321,72235,73611,2500,3300,3200,3000,3000,3000,0
22353,350000,2,1,2,32,0,0,0,0,2,0,260076,265242,271726,295642,283684,282575,9501,10766,29060,55,10104,9324,0
22354,80000,2,2,1,30,0,0,0,0,0,0,22113,21507,13207,13997,10914,10685,1600,1700,1400,200,1000,0,0
22355,330000,2,1,2,31,0,0,0,0,0,0,3437,7525,32096,1665,166,0,7565,32096,1665,166,0,16705,0
22356,20000,2,2,1,31,1,0,0,0,0,0,-19,3350,883,470,240,0,4540,883,470,240,0,0,0
22357,210000,2,2,2,32,0,0,0,0,0,0,44304,46255,50486,54019,58091,61630,3000,5000,5000,5000,4500,5000,0
22358,400000,2,2,2,32,0,0,0,0,0,0,0,626,118,10349,2817,2410,626,118,10349,2817,2410,10715,0
22359,230000,2,2,1,28,0,0,0,0,0,0,0,0,0,0,0,0,0,0,0,0,0,0,0
22360,200000,2,1,2,29,0,0,0,0,0,0,8695,14323,44326,9353,11156,17725,14329,44452,9355,11156,17725,9289,0
22361,180000,2,2,2,31,0,0,0,0,0,0,0,2813,12937,50500,0,0,2813,12937,50500,0,0,0,0
22362,200000,2,2,1,30,0,0,2,0,0,0,33604,35706,34064,30519,26166,28097,3000,1500,2547,2500,2500,3500,0
22363,50000,2,2,2,26,0,0,0,0,0,0,48057,48457,44932,20024,18830,18087,2007,1351,1561,628,775,1602,0
22364,290000,2,1,2,27,0,0,0,0,0,0,168,569,1401,1503,834,931,569,1000,1000,200,265,500,0
22365,100000,2,2,1,31,0,0,0,0,0,0,75818,76887,78178,79858,74785,54849,2745,2939,3500,3000,1989,1987,0
22366,150000,2,2,2,32,0,0,0,2,2,2,9545,14350,17118,16546,20052,20385,5000,3000,0,3800,800,0,1
22367,20000,2,2,2,32,0,0,0,0,0,0,9763,925,4033,897,2147,1359,925,4033,1136,2147,407,700,0
22368,200000,2,1,1,32,0,0,0,0,0,0,12367,13732,1513,0,0,0,2000,1513,0,0,0,0,0
22369,80000,2,2,2,32,0,0,0,0,0,0,77535,78579,67097,50214,48738,3860,3010,3061,2000,1000,3860,0,0
22370,290000,2,1,2,29,0,0,0,0,0,0,78928,73380,67146,68063,63910,73553,8000,10000,5005,8000,15000,10000,0
22371,200000,2,2,1,29,0,0,0,0,0,0,118729,121398,125899,128933,129427,132338,4874,6690,7000,4500,5000,4682,0
22372,150000,2,2,2,29,0,0,0,0,0,0,933,598,1062,0,1810,0,598,1062,0,1810,0,3163,0
22373,180000,2,1,2,27,0,0,0,0,0,0,101489,78738,78639,44295,44113,37805,10006,8000,1610,10000,1333,8818,0
22374,420000,2,2,1,32,0,0,0,0,0,0,546485,228070,184810,131304,110930,84193,18546,8931,4940,1796,3100,133131,0
22375,30000,2,3,1,29,0,0,2,2,2,2,10456,13164,12668,15038,14502,15501,3200,0,2905,0,1386,0,1
22376,230000,2,1,2,31,0,0,2,0,0,0,2155,2010,165,5908,283,283,2010,0,5908,283,133,0,0
22377,60000,2,2,2,27,1,2,2,2,2,2,5087,7236,8104,7825,8580,8300,2410,1131,0,886,0,332,0
22378,220000,2,2,2,28,0,0,0,0,0,0,43436,46883,44179,44704,44997,45199,5012,2500,2000,2000,3000,3000,0
22379,240000,2,1,2,29,0,0,0,0,0,0,186969,167474,168081,166589,165981,165951,5510,6000,8808,6006,6000,6000,0
22380,140000,2,2,2,31,0,0,0,0,0,0,518,518,518,518,518,668,518,518,518,518,668,518,0
22381,200000,2,1,2,32,0,0,0,0,0,0,6890,11002,517,11212,19090,24949,11002,517,11214,19116,24949,10904,0
22382,410000,2,1,2,30,0,0,0,0,0,0,0,8417,0,2830,0,0,8417,0,2830,0,0,500,0
22383,140000,2,2,1,34,0,0,0,0,0,0,47922,49930,51980,54606,55220,56527,2710,2760,3386,2000,2082,2000,0
22384,80000,2,2,2,30,0,0,0,0,0,0,127580,91812,96599,93389,29716,27283,13000,6000,5122,5012,13000,18000,0
22385,340000,2,2,2,29,0,0,0,0,0,0,246245,250923,256428,233608,171349,158565,8730,9680,8613,6101,5725,5524,0
22386,140000,2,1,2,29,0,0,0,0,0,0,4880,0,0,6560,3617,0,0,0,6560,3617,0,2770,1
22387,170000,2,1,2,30,2,2,2,2,2,2,155910,158819,161487,157577,168094,170922,6800,6500,0,13000,5500,1000,1
22388,290000,2,1,2,30,0,0,0,0,0,0,288033,260683,190012,36223,-4724,225276,10784,10295,2082,4724,230000,10000,0
22389,360000,2,2,2,31,0,0,0,0,0,0,3386,5964,1340,1650,4350,4792,5964,1340,1650,4350,4792,40682,0
22390,310000,2,1,1,32,0,0,0,0,0,0,4762,26943,7488,10276,96059,6434,26943,5000,6000,93000,3000,5000,1
22391,500000,2,2,2,32,0,0,0,0,0,0,9609,5609,967,16638,15721,17349,5637,972,16671,5749,7376,10723,0
22392,250000,2,1,2,33,2,0,0,0,0,2,243262,238599,198588,203286,215882,214320,7991,9000,8000,16000,2000,6200,1
22393,500000,2,1,2,33,0,0,0,0,0,0,10361,263,8050,8234,835,87878,263,8050,8234,835,87878,5000,0
22394,80000,2,2,1,33,0,0,0,0,0,0,74973,66613,66437,54631,49219,50094,3113,2627,1850,1870,1773,1800,0
22395,180000,2,2,2,30,0,0,0,0,0,0,23398,14445,15404,19885,22355,22902,1541,1500,4911,10355,10902,3500,0
22396,320000,2,1,2,30,0,0,0,0,0,0,60947,62660,22693,23705,24012,24703,2868,1681,1693,1000,1077,1336,0
22397,130000,2,2,1,30,0,0,0,0,0,0,106796,108673,104535,105349,105254,120756,4000,4000,6500,5400,124582,10000,0
22398,250000,2,3,2,30,0,0,0,0,0,0,1962,82,82,82,82,82,82,82,82,82,82,4099,0
22399,380000,2,1,2,27,0,0,0,0,0,0,119628,36965,32932,37368,35543,36756,3250,6200,5000,1543,1776,1483,0
22400,200000,2,1,2,27,0,0,0,0,0,0,24635,0,0,0,0,0,0,0,0,0,0,0,0
22401,260000,2,5,1,28,0,0,0,0,0,0,237212,228643,231156,223415,158739,159210,8006,7550,8080,4645,5047,4528,0
22402,150000,2,2,2,28,2,2,2,2,2,2,137564,137327,146648,147865,149356,145262,3500,13000,5200,5300,400,5000,1
22403,100000,2,1,2,28,1,0,0,0,0,0,-4894,-4894,-4894,-4894,-4894,-4894,0,0,0,0,0,0,0
22404,180000,2,2,1,28,0,0,0,0,0,0,85557,73121,68650,67895,68442,70131,3200,2500,3000,2500,3000,5000,0
22405,150000,2,1,2,26,0,0,0,0,0,0,136736,125651,116684,101581,77741,77264,4486,4235,3161,2647,2669,2669,0
22406,230000,2,2,2,27,0,0,0,0,0,0,175050,164054,127369,108702,77703,79123,10000,10000,4000,3000,5000,5000,0
22407,160000,2,2,2,29,0,0,0,0,0,0,36370,35996,35275,34873,35677,34942,4002,5390,6000,5000,5000,4000,0
22408,360000,2,2,1,30,0,0,0,0,0,0,20992,40125,44454,48382,51951,55957,20000,5000,5000,5000,5000,3000,0
22409,150000,2,3,1,28,0,0,0,0,0,0,146325,140902,131798,115350,105770,111850,5125,10104,10017,4000,15000,8000,0
22410,360000,2,1,1,34,0,0,0,0,0,0,0,0,0,0,0,0,0,0,0,0,0,0,1
22411,10000,2,2,2,37,0,0,0,0,0,0,6993,4165,5794,9576,7818,7580,6495,5794,9585,7580,152,390,0
22412,20000,2,2,2,35,0,0,0,0,0,0,15852,16861,17884,18590,18959,19347,1579,1602,1308,677,692,1577,1
22413,50000,2,2,1,35,0,0,0,0,0,0,34265,34175,33392,28340,24384,22643,2000,2000,2000,2000,1000,1000,0
22414,50000,2,2,2,37,1,2,0,0,0,0,26305,25583,26649,27584,28135,28878,0,1481,1416,967,1156,1000,0
22415,60000,2,2,1,37,1,2,2,2,2,2,49335,48241,52222,52777,51332,55489,0,4763,2000,0,5000,2000,1
22416,20000,2,3,2,37,2,2,2,2,0,0,12443,13947,14331,12495,12787,13583,2000,902,500,500,1000,700,0
22417,130000,2,2,2,39,2,2,2,0,0,2,108879,111115,107185,108569,112541,114885,5500,0,5399,8000,5000,0,0
22418,50000,2,3,2,36,0,0,0,0,0,0,48831,46763,44302,42942,20103,20163,2002,4228,1603,900,700,810,0
22419,350000,2,2,1,36,0,0,0,0,0,0,50889,45881,36578,37717,58311,58467,10000,9000,10000,30000,9000,1800,0
22420,210000,2,2,1,40,0,0,0,0,0,0,41826,42820,44156,44864,45768,48204,1520,1856,1564,1468,3000,2000,0
22421,10000,2,2,2,23,0,0,0,0,2,0,8536,8617,7902,9166,8885,9185,1117,1302,1566,0,429,182,0
22422,20000,2,2,1,34,1,2,2,2,0,0,17970,17389,20491,19803,19734,19613,0,3700,0,1000,2000,710,0
22423,80000,2,1,1,33,0,0,0,0,0,0,65484,66798,68120,70088,71345,72314,3000,3000,3109,3000,3000,3000,0
22424,110000,2,2,2,33,0,0,0,0,0,0,83762,84677,87748,99201,78281,77772,3200,4521,20000,2710,2800,2700,1
22425,180000,2,1,2,40,0,0,0,0,0,0,0,0,1040,258,0,0,0,1040,258,0,0,0,0
22426,360000,2,3,2,37,0,0,0,0,0,0,646,0,740,871,1980,0,0,740,871,1980,0,0,0
22427,250000,2,2,1,33,0,0,0,0,0,0,484,0,242,28932,0,100000,0,242,28932,0,100000,0,0
22428,180000,2,2,1,34,0,0,0,0,0,0,13954,5589,4312,2490,0,0,5589,4312,2490,0,0,150,0
22429,190000,2,2,2,35,0,0,0,0,0,0,66859,68204,70009,65845,67347,70096,3054,3529,3000,2600,4000,3000,0
22430,150000,2,1,2,35,0,2,2,2,2,2,15349,12834,25740,20995,21353,14453,0,15600,0,758,0,2580,0
22431,90000,2,2,1,35,0,0,0,2,2,2,37003,38082,41150,41677,42191,43371,2000,4000,1500,1500,2000,2000,0
22432,230000,2,1,2,39,0,0,0,0,0,0,4612,2906,23777,78287,8986,11666,2906,23820,78287,35890,11000,10180,0
22433,120000,2,3,1,47,0,0,0,0,0,0,0,0,0,0,0,0,0,0,0,0,0,0,0
22434,100000,2,3,1,36,2,0,0,2,0,0,99298,101972,115335,112016,112906,120101,5220,16608,0,4233,9200,21000,1
22435,60000,2,3,2,45,0,0,0,0,0,0,26350,23908,24215,17728,18087,17730,1413,1500,1173,532,597,469,0
22436,360000,2,1,2,38,0,0,0,2,0,0,254900,259974,268459,271691,277226,283210,9300,14200,9200,10000,10403,11900,0
22437,310000,2,2,1,38,0,0,0,0,0,0,302623,310142,308006,239008,245493,250797,12000,12000,8500,10000,9000,8500,0
22438,280000,2,2,2,37,0,0,0,0,0,0,12693,13214,13466,12619,13985,12603,13214,13466,12619,13985,12603,16921,0
22439,30000,2,3,2,38,2,2,2,2,2,0,11403,8151,8892,8563,-510,390,0,2500,0,0,1290,930,0
22440,260000,2,2,1,38,0,0,0,0,0,0,81745,83371,85128,86910,88637,90682,2984,3100,3200,3172,3473,6994,0
22441,180000,2,2,1,36,0,0,0,0,0,0,1252,23,-820,-1140,0,0,23,3,0,2000,0,150,0
22442,330000,2,2,2,36,0,0,0,0,0,0,257156,257576,256014,245244,239441,242025,10037,10109,10053,10014,9001,9001,0
22443,400000,2,3,1,46,0,0,2,0,0,0,260,58257,42948,25962,15316,6813,60064,42,1202,9,6813,4682,1
22444,90000,2,2,1,36,0,0,2,0,0,0,86155,92406,90049,86984,67076,66533,8600,0,4100,5000,5000,5000,0
22445,200000,2,1,2,36,0,0,0,0,0,0,0,0,0,0,0,0,0,0,0,0,0,0,1
22446,280000,2,3,2,38,0,0,0,0,0,0,6491,-1277,8413,19825,22085,12316,4041,16830,19862,12098,19,7428,0
22447,350000,2,1,1,37,0,0,0,0,0,0,1140,0,4100,0,0,0,0,4100,0,0,0,0,0
22448,50000,2,2,1,42,0,0,0,0,0,0,47867,40937,28868,44751,27557,29125,2083,1840,31000,977,2003,1214,0
22449,50000,2,2,2,44,0,0,0,0,0,0,390,390,390,18015,17150,17102,390,390,18015,400,342,3334,0
22450,120000,2,2,1,41,0,0,0,0,0,0,4591,0,28466,21455,15685,6737,0,28466,21455,0,0,200,0
22451,80000,2,2,2,38,0,0,0,0,0,0,17816,18095,17374,14298,12259,10498,3000,2000,1000,2000,2000,2000,0
22452,90000,2,2,3,36,0,0,0,0,0,0,91552,88751,54704,37660,32074,18372,55000,5023,5030,11000,9765,10000,0
22453,50000,2,2,3,44,0,0,0,0,0,0,42941,44002,43378,28048,28477,29056,1800,2122,1600,1000,1000,1000,0
22454,180000,2,1,1,44,0,0,0,2,0,0,123100,125674,145212,141409,142861,166960,6102,23200,0,5295,26550,6045,0
22455,200000,2,3,1,31,0,0,0,0,0,0,202139,202431,201911,201971,201351,201933,7000,7000,7000,7000,7000,7000,0
22456,420000,2,2,1,31,0,0,0,0,0,0,147344,116483,90368,85616,81461,77925,4153,4031,3040,3026,3017,3079,0
22457,270000,2,2,1,31,0,0,0,0,0,0,6894,14246,43615,33336,36045,28725,14305,43000,1740,16045,2000,5000,0
22458,50000,2,3,1,49,0,0,0,0,0,0,46970,36260,29311,27932,28274,27605,3005,2000,2000,2000,1000,2000,0
22459,30000,2,1,1,41,0,0,0,0,0,0,26300,27308,28425,29233,21575,22029,1450,1560,1350,1000,801,1000,0
22460,170000,2,2,1,36,2,2,2,2,2,2,15570,15031,16784,17711,17131,18197,0,2500,1500,0,1500,1000,0
22461,170000,2,2,1,42,0,0,0,0,0,0,52262,36518,20533,-919,-919,-919,1985,1000,16000,16000,16000,24288,0
22462,150000,2,6,2,40,0,0,0,0,0,0,157548,164305,156201,149975,0,0,160812,3173,3749,0,0,0,1
22463,20000,2,2,2,38,1,4,3,2,0,0,21769,21139,20521,19817,14932,10812,0,0,0,448,380,345,0
22464,120000,2,2,1,40,0,0,0,0,0,0,105124,109399,109397,36850,37739,38381,6020,3900,1700,1500,1400,1400,0
22465,50000,2,2,1,41,2,2,2,2,2,0,17028,20543,21919,20828,20272,18816,3828,2000,600,0,637,700,1
22466,500000,2,3,2,44,0,0,0,0,0,0,206766,196931,190584,124514,211301,200525,20077,20972,5045,100055,10018,10197,0
22467,40000,2,2,1,36,2,2,2,2,0,0,7129,8850,9733,9375,6003,2435,3147,1172,0,500,1015,1000,1
22468,70000,2,2,1,48,0,0,0,0,0,0,3838,1930,6384,4286,2333,930,1930,6384,4292,0,930,1422,0
22469,30000,2,2,1,44,0,0,0,0,0,0,28467,29792,29739,24950,25248,25109,1814,1459,1373,871,890,1375,1
22470,70000,2,3,1,48,1,2,0,0,0,0,9518,9217,10557,11576,12383,13180,0,1500,1200,1000,1000,500,1
22471,20000,2,3,1,49,0,0,0,0,0,0,17543,17888,18577,18111,19114,17038,2100,1700,3500,2000,1000,1000,1
22472,140000,2,3,1,45,0,0,0,0,0,0,1352,381,2281,437,1320,300,381,2290,437,1320,300,0,0
22473,200000,2,2,1,39,3,2,2,2,2,0,117868,114483,118855,125357,121853,124731,0,6216,10000,0,5000,4552,1
22474,90000,2,3,1,42,0,0,0,0,0,0,34672,35270,36150,36528,37128,37348,1562,1832,1600,1000,1000,0,0
22475,30000,2,3,2,44,1,2,2,0,0,0,3213,3000,0,0,0,0,0,0,0,0,0,0,0
22476,260000,2,2,1,41,0,0,0,0,0,0,8154,1365,717,717,2325,1117,1365,717,717,2325,1117,891,0
22477,100000,2,2,1,36,1,0,0,0,0,0,0,0,19928,23255,23968,24531,0,19928,4000,1100,1100,1400,0
22478,150000,2,5,2,36,1,0,0,0,0,0,0,0,0,0,1966,500,0,0,0,1966,500,754,0
22479,50000,2,3,2,44,2,0,0,2,2,2,23268,24377,27164,26429,28291,27702,1500,3500,0,2300,0,1500,1
22480,200000,2,2,1,31,0,2,0,2,2,0,2480,150,206,56,56,440,0,206,0,0,880,440,0
22481,480000,2,1,2,34,0,0,0,0,0,0,19810,3478,7782,4720,4440,96628,3495,8037,4523,4462,96665,6865,0
22482,150000,2,4,1,36,0,0,0,0,0,0,7160,5253,0,0,0,0,5279,0,0,0,0,0,0
22483,80000,2,1,1,38,0,0,0,0,0,0,2226,6259,1393,1627,5189,10747,6259,1393,1627,5189,10747,4412,0
22484,310000,2,3,1,39,0,0,0,0,0,0,11819,14300,18731,23078,27354,31725,3000,5000,5000,5000,5000,5000,0
22485,200000,2,3,1,46,0,0,0,0,0,0,14617,1261,8187,1261,1261,1261,1261,8187,1261,1261,1261,1261,0
22486,20000,2,2,1,43,0,0,0,0,0,0,11511,12521,13851,14558,14847,15157,1205,1535,1242,531,549,552,0
22487,480000,2,3,1,41,0,0,0,0,0,0,44018,74152,107675,110289,100520,37080,35176,45000,12022,14000,14000,10000,0
22488,200000,2,2,2,35,0,0,0,0,0,0,6512,4312,0,2412,1396,0,2000,0,2412,1396,0,396,0
22489,20000,2,3,1,45,0,0,0,0,0,0,1649,2301,2840,0,1740,0,1071,1000,0,1740,0,0,0
22490,300000,2,1,2,30,0,0,0,0,0,0,515,200,208,2609,2040,1341,200,208,2610,0,0,0,0
22491,230000,2,2,1,34,1,0,0,0,0,0,0,0,0,0,0,0,0,0,0,0,0,0,0
22492,50000,2,2,1,35,0,0,0,0,0,0,7378,7543,7754,7825,7132,7319,1121,1168,1075,218,1100,0,1
22493,50000,2,3,1,39,0,0,0,0,0,0,49575,48208,47619,19929,15693,13766,2067,3000,1171,2000,2000,2500,0
22494,110000,2,3,1,40,0,0,0,0,0,0,105055,105886,108819,79027,80709,82406,4058,4913,3000,3000,3000,3100,0
22495,70000,2,3,1,49,2,2,2,0,0,0,16127,20035,19416,17153,17866,19413,4500,0,2000,1000,2000,691,1
22496,50000,2,3,3,46,0,0,0,0,0,0,-1494,2590,3506,19792,19422,19830,7084,1000,19286,664,689,761,0
22497,50000,2,3,1,32,0,0,0,0,0,0,33231,34544,35976,15996,32714,16720,1868,2300,1239,600,600,600,1
22498,440000,2,2,1,46,0,0,0,0,0,0,177425,180641,181557,149944,113135,105280,7700,8610,6907,3727,3800,4001,0
22499,150000,2,2,2,38,0,0,0,0,0,0,1242,0,0,0,0,0,0,0,0,0,0,0,0
22500,420000,2,2,1,37,0,0,0,0,0,0,36032,41932,9778,158901,161876,165378,7022,1846,163862,6000,6000,6000,0
22501,180000,2,2,1,33,0,0,0,0,0,0,3490,0,1112,10383,1980,2672,0,1112,10383,1980,2672,2197,0
22502,230000,2,1,2,33,0,0,0,0,0,0,38646,40000,41354,42368,43161,45056,2000,2000,2000,1800,2600,2000,0
22503,50000,2,2,2,44,0,0,2,3,2,0,16094,18961,20857,20229,19623,19878,3155,2500,0,0,707,713,1
22504,260000,2,2,2,32,0,0,0,0,0,0,251330,256988,234260,227884,202178,198467,10000,9014,11002,7503,7502,7500,1
22505,260000,2,2,2,33,0,0,0,0,0,0,5188,12357,28656,7497,7685,15434,13000,29022,7500,27769,12000,6200,1
22506,310000,2,1,1,33,0,0,0,0,0,0,2729,0,0,0,0,343,0,0,0,0,343,410,1
22507,60000,2,2,1,37,2,2,2,2,2,2,42101,43594,44700,45465,46215,47125,2500,2100,1800,1800,1800,2000,1
22508,120000,2,2,2,40,0,0,0,0,0,0,32130,3610,3790,18508,20737,-28,3613,3818,18564,20988,0,0,0
22509,400000,2,2,1,41,0,0,0,0,0,0,10928,12730,14486,13419,14313,14524,2000,2002,2000,2000,3000,5000,0
22510,80000,2,3,1,45,0,0,0,0,0,0,640,23699,2676,-4,-4,-4,23699,22670,0,0,0,0,0
22511,60000,2,2,1,40,0,0,0,0,0,0,31168,32649,34117,35243,36350,37113,2000,2000,2000,2000,1500,2000,0
22512,160000,2,2,1,40,0,0,0,2,0,0,137930,137695,146193,139323,140719,143638,6574,12121,0,5100,10251,5205,0
22513,220000,2,2,1,34,0,0,0,0,0,0,208009,212271,166288,168146,172345,177151,8200,8000,6108,7000,7743,7700,0
22514,300000,2,2,1,46,0,0,0,0,0,0,5287,5750,2977,4796,2367,7367,3000,3000,2500,2367,5000,3000,0
22515,100000,2,2,2,32,0,0,0,0,0,0,101556,98734,98858,98259,80849,81151,3481,6006,3246,2994,2903,2849,0
22516,60000,2,2,1,37,0,0,0,0,0,0,55233,54898,52890,49066,34105,32778,1940,2019,2236,1351,1326,1454,0
22517,80000,2,2,1,43,0,0,0,0,0,0,71100,72066,71751,72034,73261,74479,10000,9000,9000,9000,9000,9500,0
22518,10000,2,3,2,43,0,0,0,0,0,0,1593,1928,5797,7727,4196,0,2006,5805,4013,4217,4,12700,0
22519,30000,2,3,3,40,0,0,0,0,0,0,29896,11158,18245,9714,28103,9207,11158,18245,9714,28112,9207,14379,0
22520,500000,2,1,1,36,0,0,0,0,0,0,9241,10786,12376,12660,8000,20514,10786,12390,12692,8016,20514,16625,0
22521,40000,2,3,1,40,1,0,2,2,2,0,-531,2661,3871,1488,0,0,3383,2000,0,0,0,431,1
22522,300000,2,2,2,35,0,0,0,0,0,0,48926,22580,300,5107,5107,3028,1006,350,5107,0,3028,60,0
22523,20000,2,2,1,34,2,2,2,2,2,2,13552,16513,17549,18907,19114,19186,3188,1600,3570,801,901,1,0
22524,280000,2,1,2,37,0,2,0,0,0,0,2560,2343,4689,2289,1700,803,0,4689,2300,1725,803,129,1
22525,190000,2,1,2,38,0,0,0,0,0,0,39468,33983,35042,35699,36410,38067,2151,1910,1558,1269,2209,123347,0
22526,500000,2,2,1,33,0,0,0,0,0,0,9511,1468,3766,580,8120,1821,1468,3766,580,8120,1821,979,0
22527,250000,2,4,1,43,0,0,0,0,0,0,-6,1298,826,2044,-16,-16,1304,830,2054,0,0,0,0
22528,120000,2,3,2,47,0,0,0,0,0,0,7301,4542,3390,460,338,679,2327,1083,500,350,700,500,0
22529,20000,2,3,2,35,0,0,0,0,0,0,0,1492,0,0,0,0,1492,0,0,0,0,0,0
22530,210000,2,1,1,40,1,2,2,2,0,0,66635,56729,73783,58144,27617,14695,0,20012,24,33,0,223,0
22531,220000,2,5,2,46,0,0,0,0,0,0,104603,107850,112108,113520,101164,88354,5000,6000,5000,3649,3580,4000,0
22532,30000,2,3,1,49,0,0,0,0,0,0,28806,13406,14485,15936,16370,17105,1600,1600,2000,1000,1000,1000,0
22533,340000,2,2,1,45,0,0,0,0,0,0,284099,286067,290374,5329,5029,7079,11000,10005,5336,5036,38592,4448,0
22534,180000,2,1,1,36,0,0,0,0,0,0,4911,6688,8432,9977,10030,10836,2000,2000,2000,500,1100,0,0
22535,40000,2,1,1,40,0,0,0,0,0,0,776,776,776,776,1552,776,776,776,776,1552,0,1459,1
22536,20000,2,2,1,37,0,0,0,0,0,0,19969,19568,19189,13708,11467,10614,1400,2000,1500,1000,1000,2000,0
22537,130000,2,2,1,48,2,2,2,2,2,2,105500,107761,109965,110797,107529,114104,5500,5400,4100,0,8500,0,1
22538,50000,2,2,1,41,0,0,0,0,0,0,47406,48332,44295,43638,18788,15468,2200,2100,2228,1000,500,1150,1
22539,300000,2,1,1,31,0,0,0,2,0,0,17641,2749,27838,4184,856,6781,2765,28773,0,856,6781,8462,0
22540,140000,2,2,2,33,0,0,0,0,0,0,62063,56426,41717,42823,25224,26855,22400,2000,2000,900,2000,10000,0
22541,260000,2,2,1,46,0,0,0,2,2,2,16170,18256,19556,18136,24018,21490,3000,2934,0,8000,0,2000,0
22542,100000,2,2,1,45,0,0,0,0,0,0,90483,91893,91531,82398,73011,73711,3315,3664,3157,2572,3048,2680,0
22543,130000,2,2,2,40,2,0,0,2,0,0,8539,9559,12394,11883,9826,10167,1165,3000,0,500,500,2700,1
22544,200000,2,2,2,47,1,0,0,0,0,0,0,0,0,0,0,665,0,0,0,0,665,0,1
22545,200000,2,1,1,48,0,0,0,0,0,0,657,0,2080,3567,0,1731,0,2080,3567,0,1731,1081,1
22546,200000,2,1,2,31,1,0,0,0,0,0,0,6372,2180,6605,970,0,6372,2182,6605,970,0,0,0
22547,180000,2,1,2,32,0,0,0,0,0,0,17332,14579,17814,8260,9090,4441,4579,5000,2000,4110,4441,3549,0
22548,360000,2,2,1,33,0,0,0,0,0,0,0,0,3240,1943,0,0,0,3240,1943,0,0,0,1
22549,420000,2,1,2,34,0,0,0,0,0,0,26232,8955,33661,12957,10221,40060,8967,33661,3005,3000,40060,5000,0
22550,180000,2,1,1,35,0,0,0,2,0,0,3544,-36,163,163,1772,148,0,1000,0,2000,0,5000,0
22551,50000,2,3,1,35,3,2,2,2,0,0,34440,32823,34699,30869,29890,29719,0,3511,0,1045,1066,1134,0
22552,120000,2,1,1,34,0,0,0,0,0,0,3755,0,0,0,0,0,0,0,0,0,0,0,1
22553,80000,2,3,1,35,0,0,0,0,0,0,54986,55111,55239,54892,45862,45086,1966,2055,1720,1458,1475,1587,0
22554,180000,2,1,1,38,1,0,0,0,0,0,0,0,0,0,0,0,0,0,0,0,0,0,0
22555,20000,2,2,1,32,0,0,2,0,0,2,15547,18186,17606,18708,20093,20721,2900,0,1400,1700,1100,600,1
22556,180000,2,4,1,32,0,0,0,0,0,0,136055,136095,136201,136857,130839,131059,6400,6400,7000,5000,5000,5000,0
22557,230000,2,2,1,34,0,0,0,0,0,0,3256,1401,1624,4180,2665,3915,1401,1635,4180,2667,3915,2091,0
22558,80000,2,2,1,43,0,0,0,0,0,0,78374,80472,82150,0,0,0,4000,4000,0,0,0,0,0
22559,90000,2,2,1,42,0,0,0,0,0,0,1367,2086,2987,5850,2720,4541,2086,2987,5856,2720,4541,11387,0
22560,300000,2,3,1,30,0,0,0,0,0,0,25936,26008,26324,27249,46007,46764,1500,1800,2000,20000,2160,2400,0
22561,160000,2,1,2,36,1,0,0,0,0,0,0,0,0,0,0,300,0,0,0,0,300,0,1
22562,180000,2,2,2,47,0,0,0,0,0,0,4164,701,411,955,416,2408,701,411,960,416,2408,1609,0
22563,160000,2,2,2,30,0,0,0,0,0,0,13680,6729,119200,115893,113309,110073,2019,120377,3612,3100,3200,2558,0
22564,230000,2,1,2,30,0,0,0,0,0,0,246101,261430,237267,212105,186149,159683,38172,9000,7800,6650,5496,5145,0
22565,360000,2,1,2,31,0,0,0,0,0,0,3429,33535,2441,5681,65816,17577,33702,2453,5710,66145,17589,8050,0
22566,500000,1,1,2,31,0,0,0,0,0,0,26760,747,2652,-11,-213,-213,750,2676,1,0,0,0,0
22567,120000,1,2,2,30,2,2,2,2,2,2,69443,70896,72381,70629,74827,76470,3200,3200,0,6000,3000,3000,0
22568,280000,1,1,2,31,0,0,0,0,0,0,0,0,0,787,1233,0,0,0,787,1233,0,0,1
22569,200000,1,2,1,32,1,2,0,0,0,0,134625,98699,74015,54472,50540,46486,341,8024,5000,8000,1821,5000,0
22570,180000,1,1,2,31,0,0,0,0,0,0,89903,66236,59932,52382,40661,32385,3073,3010,2010,1200,1000,1000,0
22571,240000,2,1,1,34,0,0,0,0,0,0,1670,1479,1479,1479,1479,1240,1479,1479,1479,1479,1240,1655,1
22572,500000,2,1,1,44,0,0,0,0,0,0,322849,331476,339278,85500,87192,92581,14000,15000,4000,4000,6784,0,0
22573,180000,2,2,1,48,0,0,0,0,0,0,4498,-2,760,0,0,245,0,762,0,0,245,884,0
22574,330000,2,2,1,43,0,0,0,0,0,0,15018,17365,19114,14093,16005,4935,3000,2500,3000,3000,170,2000,0
22575,420000,2,1,2,37,0,0,0,0,0,0,433837,426169,411637,340947,267641,214445,15500,17000,13541,10008,7705,7246,0
22576,220000,2,2,1,33,0,0,0,0,0,0,41352,43757,46012,47543,48489,49506,3100,3269,2800,1736,1799,1964,0
22577,170000,2,2,2,34,0,0,0,0,0,0,2435,0,0,0,0,0,0,0,0,0,0,0,0
22578,140000,2,1,1,48,0,0,0,0,0,0,907,19830,11639,14362,0,46514,19891,11639,14362,0,46514,2400,0
22579,200000,2,3,2,31,0,0,0,0,0,0,187864,191756,194283,191693,188261,155159,8500,7500,7000,5000,7000,2000,0
22580,230000,2,2,1,32,0,0,0,0,0,0,55623,59913,60991,37289,37368,37357,5855,3000,1848,1457,4443,0,0
22581,150000,2,4,2,31,0,0,0,0,0,2,9846,5345,0,0,1493,159,5345,0,0,1493,0,1119,0
22582,240000,2,1,2,37,0,0,0,0,0,0,660,31187,1280,7623,0,11353,31187,1280,7643,0,11353,2576,0
22583,210000,2,2,1,49,0,0,0,0,0,0,21639,8455,18062,3019,5587,28210,8455,18145,3019,5587,28210,2706,0
22584,500000,2,1,2,35,0,0,0,0,0,0,113466,116857,116402,95244,68182,60153,12197,15263,4672,0,1296,54,0
22585,180000,2,3,1,39,1,0,0,0,3,2,0,0,0,300,300,150,0,0,300,0,0,645,0
22586,60000,2,2,2,31,0,0,0,0,0,2,59426,59643,61279,61017,30117,29526,2800,3200,2535,2331,0,1073,0
22587,290000,2,1,1,34,0,0,0,0,0,0,276365,199540,191188,145089,137942,116689,9263,9041,7027,10088,8027,10025,0
22588,80000,2,3,3,48,0,0,0,0,0,0,36320,29106,15290,4456,33661,34275,2030,2000,2000,30000,12000,0,0
22589,180000,2,1,1,46,0,0,0,0,0,0,182283,167160,173685,179213,182271,156029,15000,11080,10000,10000,7000,10000,0
22590,350000,2,3,1,33,0,0,0,0,0,0,61937,65343,1355,7069,0,180,5343,1359,14615,0,180,1340,0
22591,160000,2,2,0,41,0,0,0,0,0,0,8554,1375,2310,0,0,351,1000,1000,0,0,351,0,1
22592,210000,2,3,2,36,0,0,0,0,0,0,57605,58727,59854,61330,62394,63912,3000,3000,2804,3000,3000,2468,0
22593,160000,2,1,1,35,1,0,0,0,0,0,0,0,0,0,1240,0,0,0,0,1240,0,0,0
22594,350000,2,1,1,40,0,0,0,0,0,0,3286,-114,20482,0,0,0,0,20596,0,0,0,0,0
22595,130000,2,2,1,41,0,0,0,0,0,0,104898,103920,102270,96440,85065,85105,4714,4553,4203,3000,3100,3500,0
22596,240000,2,2,1,49,0,0,2,0,0,0,0,2353,2135,3305,0,5370,2421,0,3305,0,5370,4605,0
22597,330000,2,3,1,40,0,0,0,0,0,0,81084,82838,84470,80923,82580,84330,3100,3026,3000,3000,3078,3238,0
22598,500000,2,2,1,45,1,0,0,0,0,0,0,1376,3719,-200,-200,-200,1376,3723,1319,0,0,0,1
22599,170000,2,3,1,41,0,0,0,0,0,0,1000,0,978,1009,1101,0,0,978,1009,1101,0,912,0
22600,240000,2,4,1,43,0,0,0,0,0,0,4522,1868,7182,6398,2498,3466,1868,7208,6450,2498,3466,2156,0
22601,180000,2,6,2,47,0,0,0,0,0,0,167915,163279,166994,150812,123957,55778,6028,7758,5188,4570,1876,1701,1
22602,260000,2,2,2,36,0,0,0,0,0,0,17631,13184,1700,5190,8455,1462,13184,1700,5190,8455,1462,3641,0
22603,130000,2,2,1,43,0,0,0,0,0,0,2292,6776,2811,3589,11151,1543,6776,2811,3589,11351,1543,1109,0
22604,30000,2,2,2,38,0,0,0,0,0,0,497,1169,220,1705,0,0,1001,220,1705,0,0,0,0
22605,440000,2,2,2,42,1,0,0,0,0,0,0,0,0,17297,0,13497,0,0,17297,0,13497,0,0
22606,260000,2,2,1,43,0,0,0,0,0,0,684,1726,0,0,5055,5996,1742,0,0,5055,5996,5648,0
22607,30000,2,1,1,38,2,0,0,0,0,0,25080,26460,27042,27617,28546,13487,1800,2000,1400,1300,700,1000,0
22608,390000,2,2,1,37,0,0,0,0,0,0,200927,200612,202794,191419,81360,66864,17843,8315,6839,3000,2348,2401,0
22609,260000,2,2,1,45,0,0,0,0,0,0,113872,118281,119564,68707,39517,33842,6302,5300,2600,2500,5000,15000,0
22610,70000,2,2,1,46,0,0,0,0,0,0,65906,67271,25323,25829,26589,16776,3500,2000,2000,1500,1000,1000,0
22611,200000,2,3,1,30,2,2,2,2,2,2,140327,143137,145374,147273,149244,151973,6600,6000,5860,6000,5000,0,0
22612,150000,2,2,1,32,0,0,0,0,0,0,21274,22704,0,0,0,0,11540,0,0,0,0,0,0
22613,460000,2,1,2,32,0,0,0,0,0,0,13377,12776,8364,20465,13714,38090,12840,8403,20552,13778,38266,25005,0
22614,180000,2,3,1,33,0,0,0,0,0,0,478,478,2272,3970,330,0,478,2272,3970,420,0,0,0
22615,70000,2,1,2,37,0,0,0,0,0,0,64860,64533,48493,48824,19000,39000,2200,3000,1400,500,20000,0,0
22616,250000,2,2,1,40,0,0,0,0,0,0,1385,4843,2942,1054,1708,3014,4843,2942,1057,1708,3014,3037,0
22617,170000,2,2,1,39,0,0,0,0,0,0,22870,20653,21577,20334,19161,18613,2000,1685,1231,608,650,547,0
22618,160000,2,2,2,34,0,0,0,0,0,0,149,1100,240,236,4022,4245,1100,240,236,4026,1000,1000,0
22619,80000,2,1,2,36,2,0,0,2,0,0,12639,13419,18171,17582,19281,19968,1300,5000,0,2000,1000,10000,1
22620,400000,2,3,2,49,1,0,0,0,0,0,0,877,33508,9506,8967,4326,877,33508,9506,8967,4326,5420,0
22621,20000,2,2,1,43,4,4,3,2,2,2,28447,27721,27009,27170,26295,34171,0,0,924,0,9648,2000,1
22622,130000,2,2,2,44,0,0,0,0,0,0,128854,111896,116183,115034,88163,87388,4000,6097,4085,3007,3028,3000,0
22623,60000,2,1,1,36,0,0,0,2,2,2,4373,5428,9754,7795,8258,8370,1131,4457,37,500,300,0,0
22624,90000,2,3,1,41,0,0,0,0,0,0,87240,88519,84573,78617,64344,63417,10000,3519,5014,2679,4600,1000,0
22625,210000,2,2,2,44,0,0,0,0,0,0,84298,85379,87469,90380,91355,92565,3379,3469,4380,3355,3565,3607,0
22626,380000,2,1,2,34,2,2,2,2,2,2,315912,322199,331518,337703,343612,351089,13000,16001,13150,13000,13150,13300,0
22627,200000,2,2,1,35,0,0,0,0,0,0,29327,30536,31740,32909,34058,35056,2000,2000,2000,2000,1700,1600,0
22628,180000,2,1,1,37,2,0,0,0,0,0,326,326,326,480,1011,2685,326,326,480,1011,2000,3000,1
22629,20000,2,2,1,42,1,3,2,0,0,0,21001,20372,19376,20295,19505,19964,0,0,1400,390,459,241,0
22630,350000,2,3,1,38,0,0,0,0,0,0,1316,3033,2168,7951,4986,3641,3061,2181,8071,5002,3654,5820,0
22631,200000,2,5,1,41,1,0,0,0,0,0,0,0,650,0,0,89,0,650,0,0,89,0,0
22632,400000,2,3,2,34,0,0,0,0,0,0,10150,5869,5750,132866,21780,41050,5869,5750,132872,21780,20525,74984,0
22633,230000,2,1,1,38,1,0,0,0,0,0,828,1533,7234,824,4690,1408,1547,7247,828,4713,1415,1820,0
22634,230000,2,1,1,43,0,0,0,0,0,0,390,390,0,780,0,0,390,0,780,0,0,0,1
22635,50000,2,2,1,38,0,0,0,0,0,0,25184,26261,27334,28374,28804,29488,1800,1800,1800,1200,1300,1300,0
22636,300000,2,2,2,47,0,0,0,0,0,0,225542,212958,195533,98158,66438,68863,7055,5536,5052,1794,5000,2000,0
22637,230000,2,3,1,45,0,0,0,0,0,0,15160,14513,15221,16501,10283,9086,1500,3000,3000,1000,1000,2140,0
22638,50000,2,3,1,44,0,0,0,0,0,0,47569,48768,49234,21067,15007,31043,1986,1452,1200,300,27000,1412,0
22639,150000,2,1,2,34,0,0,0,0,0,0,7249,4090,36897,35755,16251,7392,1070,35755,2000,0,2000,2931,0
22640,260000,2,1,2,33,0,0,0,0,0,0,2537,2587,3727,1885,2013,3001,2606,3749,1900,2025,3019,2680,0
22641,320000,2,2,1,33,0,0,0,0,0,0,3077,1651,1060,4070,2695,7544,1661,1060,4070,2700,7544,3563,1
22642,100000,2,2,1,49,0,0,0,0,0,0,55084,49358,89406,77924,78683,77357,2500,43075,2750,2750,2800,2853,0
22643,60000,2,3,1,37,1,0,0,0,0,0,0,0,0,0,0,150,0,0,0,0,150,499,0
22644,420000,2,3,1,42,0,0,0,0,0,0,87263,20793,34676,48823,74475,47108,20803,34682,48919,74481,47108,219844,0
22645,500000,2,2,1,38,0,0,0,0,0,0,80460,79689,74664,70270,66053,63924,3527,3030,3028,2513,2100,2524,0
22646,450000,2,2,1,34,0,0,0,0,0,0,372188,383052,74835,87584,95161,103398,20000,3703,15000,10000,10000,25000,0
22647,30000,2,3,1,42,0,0,0,0,0,0,75112,24530,13375,2592,30094,29147,1371,1210,1000,30000,1046,1390,1
22648,60000,2,2,1,47,2,2,2,2,0,0,26782,29104,30027,28928,29346,29717,3400,2000,0,1500,1300,3500,1
22649,180000,2,2,1,43,0,0,0,0,0,0,316,316,316,396,396,3306,316,316,396,396,3306,3306,0
22650,320000,2,2,2,35,0,0,0,0,0,0,1302,3571,311,8088,10881,11600,3571,311,8088,5000,1600,1810,0
22651,250000,2,1,2,37,0,0,0,0,0,0,116861,97569,90937,87445,84268,80762,3424,3317,3023,2937,2931,3022,0
22652,30000,2,2,2,34,0,0,0,0,0,0,23336,24642,25382,26351,25165,25536,1700,1440,1409,1048,927,932,0
22653,360000,2,2,1,34,0,0,0,0,0,0,4874,9561,5866,1297,0,0,5000,1166,1297,0,0,0,0
22654,360000,2,3,1,43,0,0,0,0,0,0,4435,799,1071,15584,3195,4261,805,1071,15604,3195,4269,3525,0
22655,150000,2,1,1,36,0,0,0,0,0,0,32440,13447,17877,25172,4694,6292,13447,17914,25349,4694,6324,14433,0
22656,400000,2,2,1,39,0,2,0,0,0,0,58126,10446,5299,8841,18612,6115,31,5316,8858,18769,6115,11000,0
22657,350000,2,1,2,44,2,3,2,2,2,2,309250,314607,322032,327193,333278,340791,12000,14000,12000,13000,13000,13000,1
22658,80000,2,3,1,45,0,0,0,0,0,0,3473,3329,2939,3627,3868,2193,3329,2939,3627,3991,2299,3031,0
22659,140000,2,3,1,37,0,0,0,0,0,0,1208,4411,3957,5241,3943,3933,4411,3957,5241,3943,3933,0,0
22660,150000,2,3,2,48,0,0,0,0,0,0,175095,175522,173918,174074,178671,178869,10011,6200,5874,10000,6054,7108,0
22661,480000,2,3,1,40,0,0,0,0,0,0,5664,12781,7169,6749,2436,14155,12871,7169,6749,2436,14155,9286,0
22662,200000,2,3,1,41,0,0,0,0,0,0,0,0,0,0,0,0,0,0,0,0,0,504,0
22663,180000,2,1,2,29,0,0,0,0,0,0,9862,2896,2458,305,0,0,2903,2458,305,0,0,0,0
22664,260000,2,1,2,30,0,0,0,0,0,0,0,3459,0,0,200,0,3459,0,0,200,0,950,0
22665,450000,2,1,1,33,1,0,2,0,0,0,621,11368,2370,2823,2243,4322,11420,0,2243,0,4322,0,0
22666,140000,2,3,1,33,0,0,0,0,0,0,136302,127178,78950,80457,41150,-10193,6000,5000,4000,2000,0,71000,0
22667,220000,2,3,1,43,0,0,0,0,0,0,242526,228858,218878,193596,167149,157817,8100,8100,7000,5900,5600,5000,1
22668,100000,2,3,1,39,0,0,0,0,0,0,380,1357,1977,380,380,1253,1357,1000,380,380,1253,2434,0
22669,160000,2,2,1,41,0,0,0,0,0,0,550,550,550,550,550,550,550,550,550,550,550,550,0
22670,140000,2,2,1,36,0,0,0,0,0,0,74500,64615,59862,42040,32591,21090,3508,10027,5008,5013,5008,2004,0
22671,200000,2,2,2,39,0,0,0,0,0,0,1017,0,0,0,0,11700,0,0,0,0,11700,121513,0
22672,460000,2,1,2,30,0,0,0,0,0,0,0,0,0,0,630,0,0,0,0,630,0,0,0
22673,50000,2,3,2,31,0,0,0,0,0,0,41124,38634,75580,17014,-1963,7671,1750,3016,1000,0,10400,5000,0
22674,100000,2,1,1,31,0,0,0,0,0,0,6033,19922,40000,1133,22579,2834,19922,21000,1133,22579,2834,0,0
22675,150000,2,2,2,31,0,0,0,0,0,0,138363,138979,37713,35592,35808,36730,6000,2000,2000,1300,1500,1500,0
22676,460000,2,1,1,32,0,0,0,0,0,0,5085,3883,5115,5714,1530,1868,3282,6000,5714,1530,1868,9250,0
22677,360000,2,2,2,32,0,0,0,0,0,0,171,1058,3494,6339,2131,535,1058,3494,6339,2131,535,82000,0
22678,180000,2,1,2,33,0,0,0,0,0,0,4019,1550,4278,331,3456,11964,1550,4278,334,3456,11964,5690,0
22679,470000,2,1,1,42,0,0,0,0,0,0,10360,7450,5719,1730,-7,24672,2474,1751,1012,0,24679,2600,0
22680,320000,2,3,1,44,1,0,2,2,0,0,-1,507,507,-900,3750,3216,508,0,0,5330,3216,2041,0
22681,360000,2,2,2,47,0,0,0,0,0,0,3899,6571,7486,24472,5935,4999,7148,8063,25217,6487,5000,0,0
22682,60000,2,2,1,36,0,0,0,0,0,0,2079,6964,1013,5254,2932,2248,6964,1013,5254,2932,2248,3000,0
22683,310000,2,1,1,39,0,0,0,0,0,0,4934,1275,1572,240,-1226,-2074,1275,1572,240,970,0,6585,0
22684,140000,2,2,1,36,0,0,0,0,0,0,50663,50847,50768,50629,49974,49897,1788,2182,2041,1715,1982,30000,0
22685,450000,2,2,1,43,0,0,0,0,0,0,7361,8670,6982,15945,7841,7676,8692,7010,15998,7871,7696,6957,0
22686,210000,2,2,1,30,0,2,0,0,0,0,857,1030,380,705,705,705,725,380,705,705,705,705,0
22687,180000,2,1,2,33,0,0,0,0,0,0,2196,1634,1586,1758,480,1918,1640,1586,1758,480,1918,2799,1
22688,360000,2,2,2,38,0,0,0,0,0,0,1659,0,0,0,0,0,0,0,0,0,0,0,0
22689,50000,2,1,1,33,2,2,2,2,2,2,40669,43102,44313,45286,44256,47549,3424,2200,2000,0,4000,2300,1
22690,340000,2,2,2,34,0,0,0,0,0,0,16462,12927,10814,7880,2338,0,1310,3011,5000,2338,0,0,0
22691,140000,2,3,1,38,2,2,2,0,0,2,119715,122283,118913,120435,139795,142950,6000,0,5000,21500,5500,0,0
22692,120000,2,1,2,32,0,0,0,0,2,0,32051,39861,42957,43876,27231,249,10000,5000,3132,0,0,115660,0
22693,180000,2,2,1,32,1,0,0,0,0,0,0,0,0,0,0,0,0,0,0,0,0,800,1
22694,360000,2,1,2,32,0,0,0,0,0,0,192160,197204,119028,103046,15863,10503,20104,4816,2061,15863,21,5016,0
22695,340000,2,1,1,34,0,0,0,0,0,0,254219,252984,252180,250359,203580,192415,9500,9780,9425,7500,6800,7200,0
22696,200000,2,2,1,35,0,0,0,0,0,0,136264,138994,142744,146363,149920,153107,5000,6000,6000,6000,6000,6000,0
22697,80000,2,2,2,36,0,0,0,0,0,0,3966,0,0,0,0,0,0,0,0,0,0,0,0
22698,500000,2,2,1,35,0,0,0,0,0,0,286595,292813,302966,300000,400000,0,11000,14846,6000,100000,0,279260,0
22699,150000,2,2,1,31,0,0,0,0,0,0,416,416,416,416,37911,38299,416,416,416,37911,1400,1400,0
22700,20000,2,1,2,46,1,2,2,2,0,0,14231,14893,16160,15603,15943,16286,1200,1800,0,600,600,751,1
22701,500000,2,2,1,41,0,0,0,0,0,0,275956,277193,284198,285419,261073,233343,15000,13000,10000,10000,10000,10000,0
22702,340000,2,3,1,47,0,0,0,2,0,0,169842,158469,154170,135951,123353,110723,7000,14000,0,4000,4000,5000,0
22703,500000,2,2,2,34,0,0,0,0,0,0,2730,3926,17501,17194,9030,2180,5606,17501,2194,1030,2180,2012,0
22704,240000,2,2,2,31,0,0,0,0,2,2,173628,177556,179549,225556,219642,232652,8000,7000,50000,0,16302,0,0
22705,80000,2,2,2,34,0,0,0,0,0,0,7437,8906,7718,1388,0,6951,4000,1000,1388,0,6951,1980,0
22706,200000,2,1,1,37,1,0,0,0,0,0,-58,-58,2786,0,116,0,0,2844,0,116,0,0,0
22707,230000,2,2,2,31,0,0,0,0,0,0,-18,3919,6164,3612,7756,4906,3937,6164,3612,7761,4906,3632,0
22708,300000,2,3,1,36,0,0,0,0,0,0,4035,0,0,0,379,0,0,0,0,379,0,0,0
22709,140000,2,2,1,36,0,0,0,0,0,0,165,341,165,1031,487,863,341,165,1031,0,863,487,1
22710,300000,2,1,2,33,0,0,0,0,0,0,3854,142,0,0,0,0,142,0,0,0,0,0,0
22711,360000,2,3,2,34,0,0,0,0,0,0,0,0,0,0,0,0,0,0,0,0,0,0,1
22712,320000,2,3,1,35,0,0,0,0,0,0,157249,148123,142852,133583,129049,128325,6000,6048,6000,5000,5000,5000,1
22713,380000,2,2,1,30,0,0,0,0,0,0,384846,359926,349753,296465,193342,311009,13291,15287,8532,4334,317077,11892,0
22714,170000,2,3,1,30,0,0,0,0,0,0,136639,138223,140964,138064,131845,128827,7200,7405,6022,4606,5006,4809,0
22715,300000,2,1,1,41,0,0,0,0,0,0,66132,6917,3050,1760,0,0,6983,3331,1760,0,0,891,0
22716,60000,2,3,2,44,0,0,0,0,0,0,2802,0,0,0,0,0,0,0,0,0,0,0,0
22717,240000,2,2,1,36,0,0,0,0,0,0,214122,217850,212593,180867,173780,168880,19000,10000,7000,10000,8000,10000,0
22718,500000,2,3,2,44,0,0,0,0,0,0,0,1275,0,0,1300,0,1275,0,0,1300,0,0,0
22719,230000,2,2,1,45,0,0,0,0,0,0,12047,17091,8743,31886,14893,8343,17094,8786,32467,14893,0,8968,0
22720,290000,2,5,2,35,0,0,0,0,0,0,33278,33694,32453,27981,14096,10240,1600,1700,2015,2000,1000,1000,0
22721,60000,2,2,1,35,0,0,0,0,0,0,59449,58548,53054,47933,29254,29981,2300,2600,2000,1200,1200,1500,0
22722,100000,2,2,2,35,0,0,0,0,0,0,98118,99577,95736,98679,67007,67485,3500,4000,5700,2507,2500,3000,0
22723,270000,2,2,2,36,0,0,0,0,0,0,-33,-33,24646,1585,15376,497,0,24679,4893,15376,497,5373,0
22724,280000,2,2,2,35,0,0,0,0,0,0,259637,259593,261595,267359,236734,231064,10028,12500,13106,231064,15004,8004,0
22725,100000,2,2,1,38,3,2,2,3,3,3,750,750,750,750,750,750,0,0,0,0,0,1500,0
22726,100000,2,1,2,32,0,0,2,0,0,0,1876,9814,6690,1196,416,620,9814,443,1196,2080,620,928,0
22727,90000,2,1,2,31,1,0,0,0,0,0,0,0,0,0,0,0,0,0,0,0,0,0,0
22728,280000,2,4,1,44,0,0,0,0,0,0,5374,12360,20721,0,0,17131,12360,20721,0,0,17131,2681,1
22729,150000,2,5,1,38,0,0,0,0,0,0,0,0,1597,-3,1764,718,0,1597,0,1767,718,0,0
22730,70000,2,2,1,40,0,0,2,0,0,0,390,780,390,390,780,0,780,0,390,780,0,0,0
22731,180000,2,1,2,32,0,0,0,0,0,0,1160,2884,1165,4685,1165,3472,2889,1165,4685,0,3472,799,0
22732,190000,2,1,2,33,0,0,0,0,0,0,153962,161376,162437,117364,100765,112095,10000,6000,30000,5000,13000,34000,0
22733,500000,2,2,1,38,0,0,0,0,0,0,15050,20852,26741,27854,30961,54017,7000,7000,2000,5000,25002,3000,0
22734,190000,2,3,1,47,1,2,0,0,0,0,194487,189894,185512,169728,143260,136901,92,7791,4000,2865,40000,0,0
22735,210000,2,1,2,32,0,0,0,0,0,0,524,4581,248,1448,398,150,4581,300,1448,398,150,2043,0
22736,60000,2,1,1,38,0,0,0,0,0,0,6842,15772,23011,9941,12688,8719,15772,23011,9941,12688,8958,6484,0
22737,200000,2,3,1,34,0,0,0,0,0,0,198482,182115,154994,153386,144067,110946,5014,4699,7543,3970,3146,6941,0
22738,470000,2,1,2,32,1,0,0,0,0,0,0,0,0,200,34325,37325,0,0,200,34325,3000,77412,0
22739,260000,2,1,2,30,0,0,0,0,0,0,235961,222409,215056,212791,177159,143920,7988,7979,6807,5247,5240,5000,0
22740,140000,2,1,2,30,0,0,0,0,0,0,13626,21399,27923,32330,33374,38588,8399,6923,5330,2074,5588,20290,0
22741,190000,2,2,1,33,0,0,0,0,0,0,-2650,-2650,-2650,-5036,-5036,93493,0,1941,0,0,98529,3188,1
22742,80000,2,2,1,36,0,0,0,0,0,0,73873,61134,49746,49033,48553,48377,2006,8199,2000,1700,2000,2000,0
22743,310000,2,2,2,37,0,0,0,0,0,0,68430,72280,77097,7636,0,0,5000,7097,7636,0,0,2039,0
22744,150000,2,1,2,40,0,0,0,2,0,0,16986,18693,20885,21738,22080,23558,2000,2500,1500,1000,2000,2000,0
22745,340000,2,2,1,30,0,0,0,0,0,0,338624,338272,339191,325675,285417,284834,15000,15000,15000,15000,12000,12500,1
22746,360000,2,2,2,31,0,0,0,0,0,0,49011,62438,77461,79025,75556,63097,15000,20000,3500,2300,5000,5000,0
22747,250000,2,2,1,38,2,0,0,0,0,0,236546,232795,189111,189558,185565,189003,8007,7000,8200,7000,7000,8000,0
22748,220000,2,2,1,34,0,0,0,0,0,0,3410,1619,1756,1986,4772,1115,1623,1756,2075,4774,1115,7160,0
22749,30000,2,3,1,46,1,0,0,0,0,0,0,0,0,14071,14350,14650,0,0,14071,514,532,543,0
22750,210000,2,3,1,41,0,0,0,0,0,0,16486,15725,18210,10784,41477,6879,15728,18213,10784,41477,6879,9498,0
22751,350000,2,1,1,32,0,0,0,0,0,0,30625,60003,7147,9950,22117,4874,60396,7147,9950,22117,4874,0,1
22752,270000,2,2,1,33,0,0,0,0,0,0,1481,3952,25237,44395,44741,45209,3952,22438,20000,1587,2000,4000,0
22753,200000,2,2,2,34,0,0,0,0,0,0,205362,177755,3455,1078,1598,171700,5504,1526,1078,1598,173026,6000,0
22754,70000,2,2,2,40,2,0,0,0,0,0,64744,66030,67450,68587,57710,58918,2361,2482,2293,2063,2135,2188,1
22755,220000,2,3,1,45,0,0,2,0,0,0,1196,8087,3606,4656,8960,13264,8087,13,4656,5000,5000,0,0
22756,230000,2,2,1,39,0,0,0,0,0,0,5650,3798,6701,10382,4842,5792,3798,3000,5000,4842,3000,3000,1
22757,120000,2,2,1,35,0,0,0,0,0,0,22148,21120,4746,0,0,0,1550,1000,0,0,0,0,0
22758,360000,2,2,1,30,0,0,0,0,0,0,17602,5986,-29,-1671,87329,89608,1030,37,1642,89000,3000,3000,0
22759,210000,2,3,2,37,0,0,0,0,0,0,13438,9241,7924,13416,2228,4490,9315,7924,13421,2240,4490,10834,0
22760,460000,2,1,1,40,3,2,2,3,3,3,2650,2650,2650,2650,2650,2650,0,0,0,0,0,200,1
22761,500000,2,1,1,34,0,0,0,0,0,0,13000,13000,13000,13000,13000,13000,13000,13000,13000,13000,13000,13000,0
22762,180000,2,2,2,35,0,0,0,0,0,0,3010,1679,2027,1764,11383,330,1679,2027,1774,11383,330,300,0
22763,180000,2,3,1,36,0,0,0,0,0,0,11540,633,606,20972,940,1383,633,606,20999,940,1383,0,0
22764,220000,2,2,1,26,0,0,0,0,0,0,68090,58218,47679,37788,23293,7288,4039,3021,1400,3000,2000,100000,0
22765,600000,2,2,2,30,0,0,0,0,0,0,501499,510470,520492,525749,480722,460068,19500,20462,19445,17348,16536,16845,0
22766,180000,2,2,2,36,0,0,0,0,0,0,360,2240,6071,1554,0,0,2240,6071,1554,0,0,0,1
22767,360000,2,2,1,39,0,0,0,0,0,0,26680,22312,19181,16155,5936,15330,22434,19286,16243,5966,15407,43019,0
22768,620000,2,1,2,38,0,0,0,0,0,0,1966,35703,1241,-119,23969,5567,35703,1241,119,24088,0,0,0
22769,60000,2,3,1,44,0,0,0,0,0,0,63236,64683,66510,58622,47317,48726,2500,3000,2292,1526,2000,2000,1
22770,100000,2,1,2,32,0,0,0,0,0,0,11273,694,1694,2096,2143,1723,694,1000,1000,47,0,3354,0
22771,200000,2,1,2,31,0,0,0,0,0,0,7773,3426,2000,1000,3000,2000,3643,2000,1000,2000,0,1249,0
22772,50000,2,3,2,36,0,0,0,0,0,0,49889,50326,50687,37200,29838,30062,1952,1703,1444,1027,1053,1077,0
22773,200000,2,2,2,29,1,0,0,0,0,0,0,0,0,0,0,0,0,0,0,0,0,246,1
22774,10000,2,2,1,43,0,0,0,0,0,0,4834,1803,2819,3828,3905,4023,1038,1054,1063,140,181,80,1
22775,280000,2,2,2,36,0,0,0,0,0,0,93982,105695,77704,0,0,0,15000,40000,0,0,0,336,0
22776,450000,2,2,1,46,0,0,0,0,0,0,30535,83371,17471,10342,51786,45747,84267,17566,10401,52045,45812,169,0
22777,260000,2,1,2,29,0,0,0,0,0,0,267336,264929,234214,169096,117873,79782,11000,9800,6000,4088,3000,3000,1
22778,140000,2,2,3,30,0,0,0,0,0,0,124288,123172,130095,122342,77536,80783,10000,18000,10000,10000,20000,15000,0
22779,390000,2,1,2,33,0,0,0,0,0,0,84100,85538,79875,82853,82747,44143,5000,3500,4502,3518,2003,3001,0
22780,350000,2,1,1,41,0,0,0,0,0,0,5037,14994,3101,17321,-22,4443,15069,3116,17414,0,4465,9434,0
22781,50000,2,3,1,44,0,0,0,0,0,0,47497,47122,46789,37465,27450,28025,2306,2400,2000,983,1018,1030,0
22782,120000,2,2,2,46,0,0,0,0,0,0,68168,69187,68466,42941,40718,41613,2650,2884,2018,1411,1504,1500,0
22783,80000,2,2,1,45,0,0,0,0,0,0,17613,19009,20361,18722,12514,8905,2000,2000,1009,0,2000,0,0
22784,160000,2,3,3,36,0,0,0,0,0,0,9330,31745,22829,6000,6000,0,31745,1049,6000,6000,0,4345,0
22785,90000,2,3,1,46,0,0,0,0,0,0,316,10758,10613,316,316,316,10758,10613,316,316,316,316,0
22786,190000,2,2,1,39,0,0,0,0,0,0,180201,181443,155045,95145,86025,87836,7000,7000,3100,92101,3200,4300,1
22787,100000,2,3,1,40,2,2,0,0,0,0,13278,12773,16179,17597,18499,20531,0,3950,2000,1500,2500,4800,1
22788,210000,2,2,2,35,0,0,0,0,0,0,147812,135624,125469,103409,75498,72020,5000,7000,5000,4000,2447,3000,0
22789,160000,2,2,2,33,2,2,3,2,0,0,161771,172632,168541,164310,162681,163005,15000,0,0,6100,12300,6100,0
22790,240000,2,3,1,35,0,0,0,0,0,0,238166,236686,186613,189470,119525,121178,8522,9100,8244,5000,5000,4011,1
22791,20000,2,1,2,36,0,0,0,0,0,0,223,0,0,0,0,0,0,0,0,0,0,0,0
22792,220000,2,2,1,36,2,2,2,2,0,0,192654,195725,197466,189149,187531,187856,8500,8200,0,7000,7000,7200,1
22793,260000,2,1,2,44,0,0,0,0,0,0,279670,286796,295631,299692,164332,183033,11778,15000,8526,20000,20000,20092,0
22794,500000,2,1,1,34,0,0,0,0,0,0,250263,247516,245012,243417,233968,209220,29000,29000,30000,30000,6110,6200,0
22795,200000,2,2,2,34,0,0,0,0,0,0,0,0,0,445,2309,-10,0,0,445,2332,10,0,0
22796,260000,2,2,1,33,0,0,0,0,0,0,151123,134736,135593,120909,102524,40157,4002,6067,10000,3000,40157,1466,1
22797,170000,2,1,2,30,0,0,0,0,0,0,171992,168531,171440,174643,165584,169230,6027,6300,8451,6000,6320,6700,0
22798,150000,2,2,1,38,0,0,0,0,0,0,5584,1106,2199,2997,735,1104,1106,1208,1006,50000,1104,0,0
22799,360000,2,2,1,37,0,0,0,0,0,0,-5,-5,-5,-5,-5,-5,0,0,0,0,0,0,0
22800,260000,2,1,1,44,0,0,0,0,0,0,296349,300155,305798,306082,304048,14982,6891,8668,6907,6088,14982,12588,0
22801,170000,2,1,2,30,0,0,0,0,0,0,15220,8404,16835,2200,7510,12510,8404,16835,2200,5510,5000,8100,0
22802,230000,2,1,2,33,0,0,0,0,0,0,10765,11107,11748,12269,12102,12414,1300,1300,1200,500,500,500,0
22803,620000,2,1,2,38,0,0,0,0,0,0,12136,7938,620,16022,2581,2867,8638,620,16032,2856,4197,920,0
22804,180000,2,1,1,35,0,0,0,0,0,0,68488,47603,48705,50140,60607,67976,3603,5705,3003,10607,7976,5412,0
22805,180000,2,1,1,33,0,0,0,0,0,0,7017,14824,19692,13115,24623,485,14824,19713,13117,24630,485,33283,0
22806,30000,2,2,3,45,0,2,2,2,0,2,5239,3434,4845,3048,8314,5080,0,3048,0,8314,0,4132,1
22807,300000,2,1,2,31,0,0,0,0,0,0,31827,11158,1616,3658,658,662,1009,1000,2700,658,662,0,0
22808,370000,2,2,1,35,0,0,0,0,0,0,236242,240804,243293,226471,217901,195244,10301,11000,9004,6930,6000,6100,0
22809,80000,2,2,2,31,0,0,0,0,0,0,28788,27620,26352,939,2202,1369,8000,1000,939,2202,1369,4827,0
22810,200000,2,4,2,40,0,0,0,0,0,0,201598,198373,152601,105588,73886,198487,10100,6700,5500,4500,127600,7500,0
22811,150000,2,3,1,42,0,0,0,0,0,0,11070,5947,6152,7306,18726,13839,6151,6427,7306,18738,0,7154,0
22812,210000,2,2,1,33,0,0,0,2,2,2,159715,163060,168218,169726,173687,176510,6000,8000,6000,7000,6000,20000,0
22813,70000,2,1,1,35,1,2,2,2,2,0,41730,40764,46281,47026,45971,47573,0,6500,1800,0,2500,2000,0
22814,80000,2,2,1,38,0,0,0,0,0,0,4404,5096,11473,21086,2034,17678,5096,11476,16037,0,17678,6000,0
22815,50000,2,2,3,44,0,0,0,0,0,0,390,390,390,390,390,390,390,390,390,390,390,390,0
22816,210000,2,1,2,33,0,0,0,0,2,0,14682,1220,4048,1871,1320,257,1075,3923,1723,5,257,10843,1
22817,260000,2,2,1,33,0,0,0,0,0,0,112501,110395,112288,113388,114128,117005,4000,5550,5600,4100,4700,11002,0
22818,170000,2,1,1,36,0,0,0,0,0,0,7346,26797,3824,22709,0,0,27183,3824,22865,0,0,3809,0
22819,360000,2,3,2,35,0,2,2,0,0,0,2500,2500,0,0,0,0,0,0,0,0,0,0,0
22820,500000,2,1,2,37,0,0,0,0,0,0,43643,46586,48832,49568,46939,49147,4000,3000,2000,2000,3000,7000,0
22821,290000,2,1,2,46,0,0,0,0,0,0,113618,289002,1332,21429,2228,156721,34507,1343,21542,2239,156733,7219,0
22822,200000,2,3,1,35,0,0,0,0,0,0,215090,208556,214321,134517,54711,23611,7700,9300,6500,3000,856,1152,0
22823,90000,2,2,1,47,0,0,0,0,0,0,28240,28477,28718,28847,28747,29177,2000,2000,2000,2000,2000,2000,0
22824,100000,2,2,2,41,0,0,0,0,0,0,1023,0,0,50063,22767,23399,0,0,50063,900,1000,1000,0
22825,290000,2,1,2,31,0,0,0,0,0,0,82939,82814,71541,59493,67821,71546,5017,4033,2828,10000,5000,3000,0
22826,50000,2,1,2,31,1,0,0,0,0,0,0,0,0,0,0,0,0,0,0,0,0,0,1
22827,150000,2,1,1,32,0,0,0,0,0,0,75918,77025,0,0,0,0,3525,0,0,0,0,0,0
22828,400000,2,3,1,42,0,0,0,0,0,0,44198,10132,16932,13088,28540,11860,10132,16932,13088,28540,11860,3978,0
22829,50000,2,3,1,37,0,0,0,0,0,0,49080,49240,48751,30250,29570,26969,2228,2000,1370,949,922,2500,0
22830,400000,2,1,1,42,0,2,0,0,0,0,80,80,3710,33605,47029,39400,0,3828,33627,47029,40000,0,0
22831,50000,2,2,1,37,2,2,2,2,2,3,19068,19947,21124,21480,22822,22171,1500,1800,1000,2000,0,1000,1
22832,50000,2,1,2,29,3,3,2,3,2,2,49624,48530,50255,49104,51044,50933,0,2800,0,3000,800,3000,1
22833,100000,2,1,2,34,0,0,0,0,0,2,66193,63155,50385,31371,54713,28347,3413,5010,10005,30326,0,20000,0
22834,170000,2,2,1,39,0,0,0,0,0,0,100849,100000,10274,16446,16578,20487,2000,10274,6446,332,10487,5000,0
22835,150000,2,1,2,30,0,0,0,0,0,0,52806,12871,4876,9128,10460,5157,13497,4372,18853,10975,5157,15182,0
22836,360000,2,1,2,30,0,0,0,0,0,0,37012,4810,3969,6657,642,6204,4924,3969,6657,642,6204,7052,0
22837,50000,2,2,1,31,0,0,0,0,0,0,46993,48208,49598,46363,9283,9632,2000,2200,1150,500,500,393,1
22838,180000,2,1,1,35,0,0,0,0,0,0,37701,32003,32254,47186,54286,112040,32005,32270,47186,44286,86000,148225,0
22839,350000,2,2,2,35,0,0,0,0,0,0,314309,313673,322806,328616,278858,281692,13000,15074,20353,10040,15000,10000,0
22840,120000,2,3,1,38,0,0,0,0,0,0,111098,114863,118038,118805,59210,61267,5600,6500,5000,3000,3000,3000,0
22841,140000,2,2,1,33,0,0,0,0,0,0,1750,397,13126,3454,1747,1240,397,13126,3456,89,156,2813,0
22842,150000,2,3,1,34,0,0,0,0,0,0,28210,19130,10000,8000,0,10000,1130,1000,8000,2000,10000,0,0
22843,260000,2,3,2,42,0,0,0,0,0,0,6783,0,0,0,0,0,0,0,0,0,0,0,1
22844,50000,2,2,1,28,0,0,0,0,0,0,45797,47226,48065,49158,50646,12927,2500,1900,1898,2386,629,792,1
22845,180000,2,2,1,36,0,0,0,0,0,0,1000,92,92,603,1760,826,92,92,603,1760,826,826,0
22846,290000,2,3,1,44,0,0,0,0,0,0,2615,0,679,3390,5784,5784,0,679,3390,5784,0,150,0
22847,40000,2,2,1,49,0,0,0,0,0,0,36159,38241,39121,40400,40000,40000,3000,1800,2000,0,0,0,0
22848,310000,2,1,2,36,0,0,0,0,0,0,67940,45746,46979,42045,40334,49542,2000,2000,2000,2000,13000,2000,0
22849,70000,2,2,2,46,0,0,0,0,0,0,86919,83200,80389,75854,33563,34563,3000,3815,3064,1000,1000,34000,1
22850,180000,2,1,1,39,0,0,0,0,0,0,0,0,0,0,0,0,0,0,0,0,0,0,0
22851,570000,2,2,1,46,0,0,0,0,0,0,563892,569577,577957,563543,451401,108890,19534,25100,15159,11732,42880,422000,0
22852,150000,2,3,2,41,2,0,0,0,0,0,102629,85817,78898,70886,65869,67805,3100,3160,2505,2500,3000,5000,1
22853,20000,2,2,2,30,1,2,0,0,0,0,16560,15997,17336,18345,18643,19094,0,1600,1602,900,900,636,0
22854,180000,2,3,1,32,0,0,0,0,0,0,166,1484,2526,3452,3522,4909,1484,1074,1000,70,1387,28,0
22855,100000,2,3,1,34,0,0,0,0,0,0,9728,11099,8761,8289,6980,5571,5000,1333,3000,3000,5571,5149,0
22856,90000,2,1,2,31,0,0,2,2,2,2,77278,83357,85229,85939,83680,89319,8000,4100,3000,0,7000,3100,1
22857,150000,2,3,2,47,0,0,0,0,0,0,153412,153720,150540,153103,152060,151470,7000,7000,7000,5200,5500,6300,0
22858,490000,2,2,1,31,0,0,0,0,0,0,245566,238208,226020,212422,201680,164989,10095,9861,7055,6189,5046,5089,0
22859,30000,2,3,1,33,0,0,2,2,2,0,39577,39995,38049,35435,31976,29704,3800,1700,1100,0,1030,1000,1
22860,300000,2,2,1,33,0,0,0,0,0,0,996,1496,1496,1496,2490,1996,1500,1500,1500,2494,1006,1498,0
22861,140000,2,2,1,32,0,2,2,0,0,0,739,739,-200,8700,1367,1367,0,0,8900,1367,0,0,1
22862,50000,2,2,2,32,0,0,0,0,0,0,12513,13595,14570,15523,15964,16554,1600,1500,1500,1000,1000,1000,0
22863,150000,2,1,2,31,2,2,2,2,2,0,17893,20669,20050,24701,24006,26599,3400,0,5000,0,3000,3000,1
22864,350000,2,1,2,32,0,0,0,0,0,0,87611,87325,90539,92941,99930,108411,3300,5116,5000,10000,10000,10000,0
22865,140000,2,2,2,32,0,0,0,0,0,0,15497,15073,11755,7453,38415,31685,1231,1262,1000,38415,4000,4000,0
22866,80000,2,3,1,43,0,0,0,0,0,0,1520,23190,0,19465,19454,19851,23190,0,19465,389,397,0,0
22867,80000,2,2,1,40,0,0,0,0,0,0,390,390,390,390,390,540,390,390,390,390,540,390,0
22868,210000,2,3,1,34,0,0,0,0,0,0,11848,5677,8173,6855,2200,1500,5687,8177,6860,2200,1500,2390,0
22869,110000,2,2,1,34,0,0,0,2,0,0,45302,44980,46987,45165,44636,45094,2100,4100,0,1800,2000,2000,0
22870,120000,2,2,2,29,1,0,0,0,0,0,0,0,0,0,0,0,0,0,0,0,0,0,0
22871,180000,2,2,2,28,0,0,0,0,0,0,3840,18588,1557,2540,3058,16030,18588,1562,2540,3058,16030,330,0
22872,340000,2,3,1,44,3,3,2,0,0,0,160596,155508,149627,150733,140171,134203,6,8,5117,5008,5021,6026,1
22873,220000,2,1,2,29,0,0,0,0,0,0,-12,-12,88,2207,1577,-963,0,100,2300,3083,732,231,0
22874,230000,2,5,1,39,0,0,0,0,0,0,7479,31280,120000,0,0,0,31280,90000,0,0,0,0,0
22875,170000,2,1,2,27,0,0,0,0,0,0,10596,13410,15788,4853,5697,47830,3000,3000,1156,1000,46793,1760,0
22876,70000,2,1,2,28,0,0,0,0,0,0,44397,44923,46189,39327,38618,38404,3000,3000,3000,2000,2000,1800,0
22877,50000,2,3,1,31,0,0,0,0,0,0,10184,12204,13239,15254,16394,18124,2204,1239,2254,1394,2000,1019,0
22878,200000,2,3,2,30,0,0,0,0,0,0,192743,196031,196143,189524,167163,146975,9003,7300,7108,7680,6200,5000,0
22879,290000,2,2,2,34,2,2,2,2,2,2,219757,214747,227698,232468,227226,241556,0,18000,10000,0,18000,0,1
22880,80000,2,5,2,30,0,0,0,0,0,0,2994,16709,29459,30472,36317,21671,16709,29469,5000,10000,2000,3000,0
22881,30000,2,3,1,39,1,2,2,2,2,2,25574,22897,25647,24937,26938,26374,0,3128,0,2419,0,700,0
22882,280000,2,1,2,37,0,0,0,0,0,0,280323,284176,283680,273446,279458,269333,10505,10424,10047,10683,10073,9084,1
22883,100000,2,1,2,29,0,0,0,0,0,0,85268,65279,33077,43593,40782,37949,5000,5024,43593,1700,1500,1500,0
22884,50000,2,1,1,35,0,0,0,0,0,0,50202,39765,14565,15421,16061,4344,1200,5000,1500,1000,500,2000,0
22885,240000,2,2,1,43,0,2,0,0,0,0,2077,1588,41513,10657,7893,5347,0,41000,10657,0,5041,9190,1
22886,240000,2,1,1,31,0,0,0,0,0,0,3371,2880,6809,29324,30924,35770,2000,4015,25000,2000,5000,2000,0
22887,100000,2,1,1,31,1,0,0,0,0,0,0,0,0,0,0,6179,0,0,0,0,6179,0,0
22888,210000,2,1,2,36,0,0,0,0,0,0,14516,4895,5292,8866,16809,5794,4915,5292,8872,16876,5794,2415,0
22889,400000,2,1,1,37,0,0,0,0,0,0,49447,59781,86070,100620,133307,117194,30000,50000,50006,38000,10000,12000,0
22890,280000,2,2,1,42,0,0,0,0,0,0,396,396,396,396,10948,61123,396,396,396,10948,61123,54802,0
22891,180000,2,2,2,36,0,0,0,0,0,0,802,2240,0,0,0,7322,2240,0,0,0,7322,2208,0
22892,500000,2,1,1,36,0,0,0,0,0,0,238847,242326,248425,242854,226764,210947,10000,10146,10103,7108,7396,5000,0
22893,200000,2,2,1,45,0,0,0,0,0,0,144314,147532,147911,57903,60117,61828,7008,8000,5000,3000,3000,3000,0
22894,500000,2,1,2,27,0,0,0,0,0,0,8328,24491,26085,27644,28884,32930,25450,2000,2000,2000,5000,5000,1
22895,200000,2,2,2,30,0,0,0,0,0,0,389,5889,389,389,389,389,5890,390,390,390,390,1168,0
22896,110000,2,2,1,27,1,2,2,0,0,0,110593,111679,108455,109392,78524,75745,4363,0,4012,3120,2800,3000,0
22897,280000,2,2,2,30,0,0,0,0,0,0,21489,-86,4414,64183,61001,60601,5,4500,60000,1244,2000,4000,0
22898,100000,2,2,2,31,2,2,2,2,2,2,41052,42081,41131,43637,42635,45440,2000,0,3500,0,3500,2000,1
22899,70000,2,2,1,33,0,0,0,0,0,0,31130,16171,16373,16945,21462,11128,10171,3000,1260,6138,1128,500,0
22900,130000,2,3,1,47,0,2,2,0,0,0,5027,4151,1622,5032,1749,3645,1622,16,5377,829,3645,4213,0
22901,30000,2,2,1,35,2,2,2,2,2,2,17880,19288,20313,19696,20670,20200,2000,1626,0,1600,0,1126,1
22902,30000,2,2,1,43,0,0,0,2,2,2,13135,14150,17210,16636,17908,17482,1240,3300,0,1548,0,637,0
22903,180000,2,1,2,27,0,0,0,0,0,0,2381,28048,25900,22964,21878,13715,28100,1743,1200,2000,2000,0,0
22904,100000,2,2,2,27,0,0,0,0,0,0,48051,49247,48799,49508,50686,51815,2000,2200,1822,2000,2100,2100,0
22905,150000,2,2,2,30,1,0,0,0,0,2,0,0,0,0,268,118,0,0,0,268,0,7800,0
22906,140000,2,2,1,32,0,0,0,0,0,0,142357,141236,133779,135943,111264,111785,5300,5300,5000,5000,4500,4500,0
22907,240000,2,1,2,45,0,0,0,0,0,0,103344,0,0,0,0,0,0,0,0,0,0,73826,0
22908,180000,2,1,1,48,0,0,0,0,0,0,8308,437,21645,5800,24283,11545,440,21849,5829,24404,11602,5819,0
22909,340000,2,2,1,37,0,0,0,0,0,0,7200,0,0,0,0,0,0,0,0,0,0,0,0
22910,200000,2,2,1,37,0,0,0,0,0,0,114480,117791,123108,124327,127011,134519,5000,7000,4500,4500,9500,5000,0
22911,360000,2,2,1,39,0,0,0,0,0,0,4201,0,0,0,0,0,0,0,0,0,0,0,1
22912,500000,2,1,1,37,1,0,0,0,0,0,0,17250,2287,96501,12143,50143,17250,3037,96501,12500,38000,0,0
22913,270000,2,4,1,33,0,0,0,0,0,0,0,0,1205,0,0,0,0,1205,0,0,0,0,0
22914,140000,2,3,1,33,0,0,0,0,0,0,1247,1654,840,2153,827,-8808,1654,840,2153,827,827,9635,0
22915,120000,2,2,2,33,0,0,0,0,0,0,0,0,0,0,0,0,0,0,0,0,0,0,0
22916,210000,2,2,1,34,0,0,0,0,0,0,205475,206616,212391,208931,146005,145343,9500,9207,8500,5200,5200,5000,0
22917,300000,2,1,1,35,0,0,0,0,0,0,5345,0,0,0,0,477,0,0,0,0,477,348,0
22918,360000,2,2,1,41,0,0,0,0,0,0,4528,6365,2991,4919,12792,20981,2000,2000,2000,8000,10000,10000,0
22919,120000,2,2,1,27,0,0,0,0,0,0,1164,1844,-7809,120680,63530,63552,1671,380,131062,2000,3000,3000,0
22920,430000,2,1,2,29,0,0,0,0,0,0,42130,34785,0,18518,16574,12215,1000,0,18518,5,244,1038,0
22921,250000,2,2,2,27,0,0,0,0,0,0,4883,3090,1404,5208,59006,12072,2500,1000,5208,54000,5000,10000,0
22922,180000,2,1,2,29,0,0,0,0,0,0,326,326,546,546,546,1225,326,546,546,546,1225,2225,1
22923,170000,2,2,1,29,0,0,0,0,0,0,56980,55889,51328,31541,47406,23062,3000,2236,2478,904,2546,2000,0
22924,500000,2,1,1,36,0,0,0,0,0,0,64266,47971,25581,15406,6196,45045,26000,11725,15406,6903,45045,10000,0
22925,20000,2,2,1,37,0,0,0,0,0,0,425,1626,460,360,1520,1160,1629,460,360,1520,0,2233,0
22926,200000,2,5,1,43,0,0,0,0,0,0,132823,132700,182868,166755,111450,53049,71998,116000,3771,2229,37609,40000,0
22927,50000,2,2,1,48,0,0,0,0,0,0,46589,48009,48942,36545,5107,4640,2500,2174,2117,117,4853,0,0
22928,120000,2,1,2,34,0,0,0,0,0,0,515,882,6531,6313,1100,1330,882,6900,5037,1100,1330,3800,0
22929,340000,2,2,1,31,0,0,0,0,0,0,192860,189272,137255,137180,135783,135201,7332,5008,6367,4800,4941,4696,0
22930,80000,2,1,2,32,0,0,0,0,0,0,5566,5783,6011,5783,2257,8257,6000,6011,5783,2257,6000,0,0
22931,90000,2,2,1,33,0,0,0,0,0,0,3817,8545,8961,11676,1189,0,5000,1285,3000,1189,0,8832,0
22932,90000,2,2,1,32,0,0,0,0,0,0,39664,24589,22677,20842,20545,20989,1657,1676,1554,805,846,651,0
22933,80000,2,1,1,32,0,0,0,0,0,0,1784,871,3179,3344,3552,0,871,3381,3384,3958,0,0,0
22934,170000,2,2,2,46,0,0,0,0,0,0,162110,156444,151504,151377,148530,149628,6000,6000,7000,6000,7000,6000,0
22935,230000,2,1,2,29,0,0,0,0,0,0,33147,1672,3677,18346,3900,4167,1672,3677,18346,3900,4167,399,0
22936,290000,2,2,2,30,0,0,0,0,0,0,4603,2698,6401,1864,5156,3277,2699,6491,1864,5157,3277,4883,0
22937,360000,2,2,1,44,1,2,0,0,0,0,48114,47044,47887,49158,49834,46034,0,1900,2100,1707,2000,2000,0
22938,270000,2,2,1,43,0,0,0,0,0,0,94125,1321,806,629,686,834,1326,920,629,686,834,5112,0
22939,60000,2,3,1,43,0,0,0,0,0,0,49340,49116,48220,39595,29899,28722,4570,5348,4035,8804,3000,3000,0
22940,360000,2,2,2,33,0,0,0,0,0,0,7157,8446,9034,8340,3144,0,2000,1501,1000,900,0,0,0
22941,100000,2,1,2,28,0,0,0,0,0,0,20068,21226,22573,23596,24068,24679,1800,2000,1400,863,1000,2000,0
22942,180000,2,5,1,44,0,0,0,0,0,0,20916,0,850,0,6881,10340,0,850,0,6881,10340,182,0
22943,80000,2,2,1,31,0,0,0,0,0,0,3506,2372,2988,273,0,1542,2372,2988,273,0,1542,3200,0
22944,80000,2,2,1,34,0,0,0,0,0,0,0,0,0,0,0,0,0,0,0,0,0,0,0
22945,220000,2,2,1,35,0,0,0,0,0,0,45739,46975,48211,47418,48657,48129,2000,2000,2000,2000,2000,2000,0
22946,240000,2,2,1,43,1,0,0,0,0,0,0,0,0,12700,12500,26225,0,0,12700,0,13725,0,0
22947,210000,2,2,2,44,0,0,0,0,0,0,308361,314507,320167,327871,34285,30900,9408,10300,11642,1602,1500,0,1
22948,270000,2,2,1,34,0,0,0,0,0,0,106600,109383,113480,114432,112124,114885,4500,5800,4300,5000,4500,4500,0
22949,170000,2,2,2,44,0,0,0,0,0,0,2376,2870,390,590,30490,4300,2870,390,590,30490,4300,0,1
22950,190000,2,3,2,29,0,0,0,0,0,0,132669,134605,136202,9207,0,0,6000,6000,1000,0,0,0,0
22951,200000,2,1,2,31,0,2,2,0,0,0,2500,2500,0,0,0,0,0,0,0,0,0,0,1
22952,240000,2,2,1,32,0,0,0,0,0,0,234774,231155,236914,241351,244202,115036,10000,11000,11000,10000,5000,5000,0
22953,150000,2,2,1,34,0,0,0,0,0,0,23900,22164,3096,-1076,0,0,1329,3107,0,10382,0,2817,0
22954,90000,2,3,1,44,0,0,3,2,0,0,421,9522,9223,8480,2181,2983,9422,0,79,2181,2991,2453,0
22955,400000,2,3,1,44,0,0,0,0,0,0,35504,36680,35670,30364,28085,28708,5025,5044,2514,988,2004,5000,0
22956,420000,2,2,1,46,0,0,0,0,0,0,347531,345620,344364,202241,196082,189064,13503,15031,7011,7010,7013,7015,0
22957,140000,2,1,2,25,0,0,0,0,0,0,52196,16982,20199,20746,2260,4180,2000,5000,1000,1260,3000,439,0
22958,50000,2,3,1,48,0,0,0,0,0,0,50411,48409,42248,33855,28064,29660,5000,2000,2500,2500,2000,2500,0
22959,210000,2,2,1,46,0,0,0,0,0,0,134700,132799,111335,114037,67224,69177,6149,4100,4547,2500,3000,2500,0
22960,210000,2,1,2,30,0,0,0,0,0,0,87292,89534,89173,91489,93463,95021,4600,3789,3811,3465,3186,4389,0
22961,180000,2,2,1,41,0,0,0,0,0,0,4351,11953,9380,3070,8263,12663,12069,9443,3262,8302,12668,5502,0
22962,100000,2,1,2,30,0,0,0,0,0,0,430,35993,2772,0,0,0,35993,2772,0,0,0,0,0
22963,300000,2,1,1,34,0,0,0,0,0,0,56,0,849,0,0,112,0,849,0,0,112,550,0
22964,250000,2,2,2,36,0,0,0,0,0,0,396,396,396,3160,396,396,396,396,3160,396,396,396,0
22965,200000,2,1,2,33,0,0,0,0,0,0,19572,28858,52512,71923,19923,-77,10000,25000,20400,0,0,77,0
22966,380000,2,1,1,33,0,0,0,0,0,0,372926,354068,327342,247528,128386,128820,13248,9543,6106,3013,3398,6067,0
22967,30000,2,1,2,25,0,0,0,0,0,0,26417,27421,28573,29222,28451,27270,1448,1600,1500,1000,1000,1200,0
22968,80000,2,2,1,31,0,0,0,0,0,0,70492,68652,67881,38465,27773,29132,2806,4006,1804,2003,3004,1502,1
22969,300000,2,2,1,27,1,2,0,0,0,0,311987,305417,296009,92553,94259,96868,0,12500,3200,3000,3000,3000,0
22970,240000,2,1,1,38,1,0,0,0,0,0,-25,4078,2223,31136,4367,3632,4103,2223,31136,100,0,1101,0
22971,80000,2,1,2,23,0,0,0,0,0,0,25084,20685,30688,23674,23636,22426,1500,12000,2000,1000,1000,1100,0
22972,280000,2,2,2,27,0,0,0,0,0,0,272507,219510,217637,177535,178337,180885,8533,8888,8006,6406,6606,7006,0
22973,50000,2,2,2,36,0,0,2,0,0,0,23368,27050,27086,28525,30895,33003,4400,761,2200,2862,2770,2200,1
22974,200000,2,2,1,36,2,0,0,0,0,0,197810,201362,164183,136199,139209,135742,9051,7000,5000,5000,5000,5000,1
22975,210000,2,2,2,32,0,0,0,0,0,0,355,975,410,0,0,0,979,412,0,0,0,0,0
22976,160000,2,2,2,31,0,0,0,0,0,2,112878,118601,115874,111346,111553,108434,8000,5014,4500,11781,0,4000,0
22977,130000,2,1,1,43,0,0,0,0,0,0,2798,2732,8072,5723,6232,8873,3228,8141,5744,6232,8873,3982,0
22978,300000,2,2,1,39,0,0,0,0,0,0,301945,307650,0,0,0,0,13700,0,0,0,0,0,0
22979,50000,2,2,1,41,1,3,2,0,0,0,21638,21008,20388,21092,21511,21964,0,0,1350,769,799,1000,1
22980,150000,2,2,1,40,0,0,0,0,0,0,16019,0,7937,3307,2894,0,0,7937,3307,2894,0,0,0
22981,500000,2,2,1,43,0,0,0,0,0,0,10330,12320,12209,16727,17738,14117,12320,12209,16727,17744,14117,11691,0
22982,270000,2,2,1,34,0,0,0,0,0,0,203657,194792,181341,170107,158889,147344,10015,6538,7744,7068,5350,10077,0
22983,500000,2,1,1,43,0,0,0,0,0,0,270,9390,0,14153,5254,11676,9483,0,14153,5274,11676,2276,0
22984,200000,2,2,1,40,0,0,0,0,0,0,21464,22065,23382,21522,8815,4280,2000,2000,1128,4280,0,0,0
22985,300000,2,1,2,33,0,0,0,0,0,0,13889,1465,2095,1215,340,1424,1465,2095,1215,340,1424,0,0
22986,230000,2,2,2,40,0,0,0,0,0,0,164208,161207,1665,1228,8599,3890,7105,1762,1228,8599,3890,6999,0
22987,500000,2,1,2,37,0,0,0,0,0,0,5946,132696,141204,160275,138067,117049,140000,25012,40022,3024,0,90000,0
22988,80000,2,1,2,38,0,0,0,0,0,0,2431,29426,5288,1823,19879,1974,31386,5296,1823,19884,1974,9686,0
22989,500000,2,1,2,42,0,0,0,0,0,0,237066,171440,177859,159518,186563,168083,20000,50000,10000,50000,20000,50000,0
22990,30000,2,3,1,44,0,0,0,0,0,0,29263,27516,28133,28780,28756,29566,1441,1597,1634,1000,1124,1223,0
22991,170000,2,2,1,41,0,0,0,0,0,0,736,736,1156,316,316,316,736,1156,316,316,316,316,0
22992,70000,2,2,2,37,0,0,0,0,0,0,69099,69684,64801,64863,123234,60733,3018,3400,2200,2500,2500,2510,0
22993,310000,2,2,1,46,0,0,0,0,0,0,12479,423,430,843,857,-777,423,430,845,857,628,0,0
22994,50000,2,1,1,41,1,2,2,3,3,2,45313,46262,49188,50084,48980,50050,2000,4000,2000,0,2000,3000,0
22995,180000,2,2,2,44,0,0,0,0,0,0,25706,30251,30900,0,0,5386,5000,1900,0,0,5386,1103,0
22996,310000,2,1,2,35,0,0,0,0,0,0,192454,196708,189210,181491,176661,173532,9088,7044,9072,11210,6116,5362,0
22997,500000,2,1,1,39,0,0,0,0,0,0,4419,2584,4524,3518,2208,2550,2584,4524,3518,2208,2550,5953,0
22998,330000,2,2,2,41,0,0,0,0,0,0,76279,79179,82293,86458,91512,100433,4179,5000,6458,6512,10433,5442,0
22999,150000,2,4,3,49,1,0,0,0,0,0,-260,-2835,3960,10410,2361,2868,4,7920,10426,0,2868,4384,0
23000,110000,2,2,2,42,0,0,0,0,0,0,106478,107517,103609,79421,78286,65875,3951,4276,2666,2811,2500,465,0
23001,230000,2,2,1,46,0,0,0,0,0,0,782,316,0,632,316,2398,316,0,632,316,2398,1783,1
23002,50000,2,1,1,46,1,0,0,0,0,0,10372,-110,1684,3697,1397,0,110,1794,3697,1392,0,0,0
23003,60000,2,3,2,40,0,0,0,0,0,0,728,0,0,0,0,0,22,10785,0,0,0,0,0
23004,250000,2,1,1,32,1,0,0,0,0,0,-154973,59514,220765,180488,173140,170233,225066,198031,6069,4310,5752,4638,0
23005,450000,2,1,2,46,0,0,0,0,0,0,2656,1861,-30,3332,873,1110,1861,0,3362,873,1110,4688,0
23006,260000,2,2,2,33,2,2,2,0,0,0,258150,265961,258903,131150,214180,153755,20485,27,2914,159658,5592,5837,1
23007,380000,2,2,1,45,0,0,0,0,0,0,220208,225537,230898,237118,240452,245499,9000,9000,10068,8768,9087,9133,0
23008,240000,2,1,2,38,0,0,0,0,0,0,3816,3816,3816,3816,816,3816,3816,3816,3816,816,3816,816,0
23009,30000,2,3,1,34,0,0,0,0,0,0,14840,8435,6991,17176,8053,10363,10483,6998,17186,8054,10375,6929,1
23010,90000,2,2,1,43,0,0,0,0,0,0,0,0,0,0,0,0,0,0,0,0,0,0,0
23011,230000,2,2,1,43,0,0,0,0,0,0,226319,230825,234832,217987,169529,172143,9309,8795,8337,6015,6292,6080,1
23012,60000,2,2,1,45,0,0,0,0,0,0,57966,3751,72334,73396,12271,24278,1900,72334,4000,2000,14000,2000,0
23013,170000,2,2,1,38,0,0,0,0,0,0,9550,5556,0,0,0,0,1055,0,0,0,0,0,0
23014,440000,2,1,1,41,0,0,0,0,0,0,3982,12516,15869,20849,331985,185315,16282,16031,23613,320008,5721,5376,0
23015,120000,2,2,1,37,0,0,2,0,0,0,15591,17156,17227,18560,10067,15594,7227,683,8560,10067,10000,7223,0
23016,240000,2,1,1,37,0,0,0,0,0,0,180517,175125,176674,160551,150735,154200,8022,6161,5730,5486,5987,5568,0
23017,260000,2,1,1,42,0,0,0,0,0,0,2788,4046,2800,2800,2979,8247,4058,2800,2800,2979,8247,0,0
23018,300000,2,2,2,43,0,0,0,0,0,2,36062,37055,38354,39634,21597,481,1897,2196,2476,3439,0,1248,0
23019,190000,2,4,1,34,0,0,0,0,0,0,7251,11990,39360,5090,2787,23405,11996,39382,5090,2787,23405,978,0
23020,110000,2,1,1,43,0,0,0,0,0,0,33794,10570,-28,-28,-28,-28,6725,0,0,0,0,0,1
23021,280000,2,2,1,38,0,0,0,0,0,0,242864,237821,223180,237301,201226,207802,11000,11000,20000,10000,10000,15000,0
23022,220000,2,2,1,40,0,0,0,0,0,0,1129,227,0,13137,13637,9744,227,0,13137,1500,214,0,0
23023,280000,2,1,2,36,0,0,0,0,0,0,4126,7001,12984,-5,1411,5654,7065,13046,5,1416,5654,6055,0
23024,70000,2,2,1,39,3,2,2,2,2,2,20392,19772,22234,21579,22720,23704,0,3100,0,1500,1500,0,1
23025,500000,2,2,1,36,0,0,0,0,0,0,352986,352870,350017,347410,337015,332360,13016,13172,15200,12000,13617,13000,0
23026,130000,2,2,2,36,0,0,0,0,0,0,118410,87199,90782,94261,96694,98982,5001,5001,5000,4000,4000,10001,0
23027,610000,2,1,2,43,0,0,2,0,0,0,403546,418882,413942,420120,427886,437131,25002,8000,16385,16000,16000,34000,0
23028,210000,2,1,2,35,0,0,0,0,0,0,6518,14265,9718,11285,8115,27977,14272,9890,11297,8115,27977,8013,0
23029,210000,2,2,1,45,0,0,0,0,0,0,203273,188955,183774,152509,136376,131656,6515,7113,6011,4471,4513,4261,0
23030,80000,2,3,0,37,0,0,0,0,0,0,600,0,0,0,0,0,0,0,0,0,0,0,0
23031,150000,2,1,1,33,2,2,2,2,2,2,105610,106885,108706,105470,111687,113747,4500,5000,0,8000,4000,4700,1
23032,160000,2,1,1,33,1,0,0,0,0,0,0,0,0,0,0,0,0,0,0,0,0,0,0
23033,150000,2,5,1,34,0,0,0,0,0,0,14967,17705,19394,18956,20684,22237,3000,2000,2000,2000,2000,1000,0
23034,130000,2,3,1,45,0,0,0,2,0,0,780,0,780,390,540,11040,0,780,0,540,11040,953,0
23035,210000,2,2,1,40,0,0,0,0,0,0,2245,1789,4292,2388,4090,2375,1794,4326,2395,4102,2382,2614,0
23036,360000,2,2,1,42,0,0,0,0,0,0,64268,45659,18875,7742,5572,131869,2339,4564,2200,1000,131869,3862,0
23037,500000,2,2,1,45,0,0,0,0,0,0,443118,155322,67515,68639,70302,40721,155484,67533,72049,70430,40721,133611,0
23038,220000,2,1,2,33,0,2,0,0,0,0,652,326,1070,1163,2044,204,0,1070,1163,2049,204,4953,0
23039,320000,2,2,1,46,0,0,0,0,0,0,15176,24845,12680,5522,44743,18931,24969,12743,5542,44956,19011,8138,0
23040,220000,2,1,1,41,8,7,6,5,4,3,246915,243234,238172,232446,227800,225044,0,0,0,0,0,0,1
23041,80000,2,2,2,32,0,0,0,0,0,0,50189,57701,66736,74626,74092,59274,10000,10000,10104,5000,5000,5000,0
23042,210000,2,5,2,32,0,0,0,0,0,0,0,0,0,0,0,0,0,0,0,0,0,0,0
23043,160000,2,1,1,32,0,0,0,0,0,0,111907,106109,89231,67134,55773,46485,3805,2993,2293,1838,1687,2735,0
23044,160000,2,1,2,33,0,0,0,0,0,0,699,0,26808,0,0,0,0,26808,0,0,0,0,1
23045,440000,2,1,1,36,0,0,0,0,0,0,14234,11061,19669,18613,13669,24849,11066,19669,33152,0,20000,7046,0
23046,90000,2,2,1,36,1,0,0,0,0,0,0,950,628,284,1055,2607,950,628,284,1055,2607,0,0
23047,230000,2,3,1,37,0,0,0,0,0,0,225800,228342,189966,142377,143828,143698,8440,6100,7000,5356,5400,5200,0
23048,180000,2,1,2,33,1,0,0,0,0,0,0,4163,7683,0,0,9500,4163,7683,200,0,9500,0,0
23049,440000,2,2,1,32,2,0,0,0,0,0,339410,324469,324109,287932,287892,276902,11500,11129,10300,11098,11200,12000,0
23050,200000,2,1,1,41,1,0,0,0,2,0,2217,61328,2877,160944,156864,160066,61634,2877,160944,0,5900,13000,1
23051,220000,2,2,1,41,0,0,0,0,0,0,24435,2131,36010,1050,9522,2340,2142,36204,1055,9569,6995,492,0
23052,360000,2,2,1,39,0,2,2,0,0,0,1220,330,165,5773,3598,3598,170,0,5773,3598,3598,6208,0
23053,120000,2,1,2,27,0,0,0,0,0,0,934,0,0,0,0,0,0,0,0,0,0,0,1
23054,20000,2,1,2,27,0,0,0,0,0,0,5635,5735,4941,4236,3200,1375,1186,1300,1246,264,375,700,0
23055,230000,2,1,2,28,0,2,0,0,0,0,2376,2178,27460,22515,20109,13700,0,27446,1400,0,274,0,0
23056,30000,2,2,2,29,0,0,0,0,0,0,647,1222,249,5051,1188,375,1222,249,5051,2202,375,264,0
23057,160000,2,1,2,29,0,0,0,0,0,2,157067,155760,153047,122831,124794,116746,5708,7424,4251,6010,5000,4000,1
23058,170000,2,2,2,29,0,0,0,0,0,0,69314,65083,67062,68188,56454,58453,2330,3028,2847,2600,3400,2045,0
23059,140000,2,1,2,29,1,0,0,0,0,0,0,1216,2677,2985,3739,1242,1216,2698,6069,3889,1242,3061,0
23060,160000,2,1,1,33,0,2,2,0,0,0,7845,2956,3161,600,65000,2206,0,3161,0,65000,2206,339,1
23061,500000,2,1,2,36,0,0,0,0,0,0,13302,1040,3662,0,1770,3384,1051,3722,0,1770,3384,206,0
23062,80000,2,3,1,31,0,0,0,0,0,0,62636,61808,22227,48215,45618,37799,5000,4000,50012,10000,10000,7177,1
23063,150000,2,1,1,32,0,0,0,0,0,0,23364,22846,25779,22303,16981,16837,1450,5779,1300,700,1000,1000,0
23064,30000,2,1,2,46,0,0,0,0,2,0,18910,20592,21949,24116,23430,25044,2000,2000,2535,0,2000,2300,0
23065,180000,2,2,1,47,0,0,0,0,0,0,11900,4256,4000,4000,4000,4000,4256,4000,4000,4000,4000,4000,0
23066,150000,2,2,1,41,2,2,2,2,2,2,68571,69845,71434,72365,73377,75052,3000,3300,2700,2800,3000,2800,1
23067,320000,2,1,2,32,0,0,0,0,0,0,13122,6796,7788,6751,8354,12271,1500,8000,7000,8500,13000,15000,0
23068,440000,2,1,2,33,0,0,0,0,0,0,164269,160608,150150,139178,123627,48175,5666,5802,3577,2955,12000,1025,0
23069,200000,2,2,1,38,0,0,0,0,0,0,1430,6002,2400,2185,6718,2298,6002,2400,2185,6718,2298,2851,0
23070,200000,2,2,1,45,0,2,2,2,0,0,8934,5264,6769,2487,1857,0,0,2491,0,0,0,4313,0
23071,230000,2,1,1,35,0,0,0,0,0,0,6012,0,1897,0,89,2398,78,1897,0,89,2398,671,1
23072,350000,2,1,2,38,0,0,0,0,0,0,10354,29812,15209,9260,2120,2459,29916,15217,9280,2128,2459,11409,0
23073,100000,2,1,2,31,0,0,0,0,0,0,1500,3794,-1678,-1478,1058,5556,3794,0,200,4058,5738,21173,0
23074,360000,2,3,2,45,0,0,0,0,0,0,0,0,0,0,0,0,0,0,0,0,0,0,1
23075,210000,2,1,2,31,0,0,0,0,0,0,202064,206107,174581,176527,181127,172851,6000,6000,4000,5000,4000,0,0
23076,360000,2,1,1,32,0,0,0,0,0,0,317024,313710,299059,281436,274358,270877,11200,12112,11500,9600,10005,9651,0
23077,200000,2,1,2,32,0,0,0,0,0,0,14279,3904,24274,5196,4996,16890,3904,24277,4996,0,16890,6077,0
23078,230000,2,1,1,34,0,0,0,0,0,0,711,-1,-1,-1,-1,-1,0,0,0,0,0,0,0
23079,180000,2,5,1,41,0,0,0,0,0,0,22777,20311,20726,22111,25560,2461,20328,20789,22169,25560,2461,10947,0
23080,170000,2,2,2,47,0,0,0,0,0,0,34804,35525,36948,38031,38698,39524,1600,2000,2000,1600,1600,1700,0
23081,50000,2,2,1,40,0,0,2,0,0,0,6732,9052,8763,9924,9967,10176,2441,0,1313,356,369,508,0
23082,180000,2,2,2,37,1,2,0,0,0,0,37095,32881,33627,128051,106834,105551,0,3042,109470,4000,4000,7028,0
23083,100000,2,1,1,47,1,0,0,2,2,2,-84,-474,800,410,20,-370,0,3000,0,0,0,2500,1
23084,150000,2,1,2,28,0,0,0,0,0,0,82559,84681,87308,89316,91458,89063,3500,4000,3500,3500,3500,3500,0
23085,180000,2,1,2,33,0,0,0,0,0,0,8492,5199,9973,10069,13190,20127,5199,9973,10083,13279,20127,9422,0
23086,280000,2,2,2,33,0,0,0,0,0,0,55709,51834,41426,35212,40052,46510,9441,2691,3001,6010,10000,6655,0
23087,150000,2,2,2,40,0,0,0,0,0,0,8482,3493,4724,5749,345,349,3514,4724,5749,345,349,24026,0
23088,100000,2,2,1,36,2,2,2,2,2,2,78063,79346,77977,79071,76918,81713,3500,3300,3000,0,6500,3000,1
23089,70000,2,2,1,37,0,0,0,0,2,0,66447,66759,68200,72972,71248,50610,2391,2518,5950,0,1782,1985,1
23090,220000,2,2,1,38,2,0,0,0,0,0,166513,163731,167204,169009,169554,178683,7400,7600,6100,6205,12000,7500,0
23091,240000,2,2,1,41,0,0,0,0,0,0,0,0,0,0,0,0,0,0,0,0,0,0,1
23092,710000,2,4,2,32,0,0,0,0,0,0,377249,382116,391305,195642,189101,182062,11000,12000,8000,7000,7000,6500,0
23093,470000,2,2,2,33,0,0,0,0,0,0,0,0,0,0,779,0,0,0,0,779,0,0,1
23094,80000,2,2,1,46,0,0,0,0,0,0,390,390,390,390,390,390,390,390,390,390,390,390,1
23095,180000,2,3,1,49,0,0,0,0,0,0,162567,163900,145992,124841,125596,113105,5821,5000,5935,4263,4200,4283,1
23096,250000,2,2,1,32,0,0,0,0,2,2,195044,198294,202571,226423,221296,234762,8000,7478,27349,0,17000,0,0
23097,690000,2,3,2,34,0,0,0,0,0,0,390757,397292,390166,360568,331674,160287,14724,19118,7415,20348,160671,91323,0
23098,340000,2,1,2,45,0,0,0,0,0,0,68288,70573,69808,66670,63277,62027,15000,13500,13000,13000,13000,13000,0
23099,220000,2,2,2,47,0,0,0,0,0,0,103078,111729,115173,116513,119370,121516,10000,6500,5000,5000,5000,5000,0
23100,60000,2,3,2,44,2,2,2,2,2,2,11847,62478,55887,70562,71322,58821,55887,0,20783,2500,0,3000,1
23101,80000,2,2,2,30,0,0,0,0,0,0,5919,5545,2154,583,11381,9508,5548,2154,583,11381,190,74,0
23102,290000,2,1,1,36,0,0,0,0,0,0,3602,6107,4536,6074,0,817,6107,4538,6074,0,817,1662,0
23103,170000,2,3,2,41,0,0,0,0,0,0,76704,50301,50896,52554,53084,54197,2405,2000,2500,2000,1968,2000,0
23104,90000,2,3,0,42,0,0,2,0,0,0,12174,15035,14509,15518,15563,18289,3072,0,1555,600,3000,2000,1
23105,130000,2,1,2,31,0,0,0,0,0,0,133845,126804,130264,133603,132215,131848,7000,7000,7000,5500,5100,5500,0
23106,200000,2,3,1,32,0,0,0,0,0,0,1380,3706,18145,14163,7909,1485,3706,18458,14170,7909,1485,1302,0
23107,360000,2,2,2,35,0,0,0,0,0,0,35327,42032,35665,37071,38680,42352,10000,2453,5000,5000,10000,10017,0
23108,240000,2,1,1,37,0,0,0,0,0,0,157668,165762,173429,176943,176843,177183,10762,10429,10423,6843,7183,6398,0
23109,60000,2,1,1,28,0,0,0,0,0,2,46233,47263,48696,50385,52045,52661,2100,2500,2500,2500,1600,1500,0
23110,130000,2,2,2,42,1,2,2,2,2,2,117391,119378,121993,123503,124578,127434,5400,6000,5000,4600,5000,5100,0
23111,310000,2,2,2,32,0,0,0,0,0,0,325056,327591,322273,272890,208257,206609,13294,12131,8543,10185,8290,7500,0
23112,80000,2,2,2,28,2,2,0,0,0,0,260,130,130,130,130,130,0,130,130,130,130,130,1
23113,70000,2,2,2,30,0,0,2,0,0,0,10705,58825,53080,49153,47139,37610,50071,0,2000,2000,2000,2000,0
23114,180000,2,2,1,31,0,0,0,0,0,0,115400,26721,8581,2475,2654,2676,2006,1407,1000,1000,1000,1107,0
23115,110000,2,2,1,45,0,0,0,0,0,0,36267,37234,37341,38208,39121,39785,1587,1694,1561,1474,1370,1514,0
23116,30000,2,3,2,47,0,0,0,0,0,0,29851,30451,28115,23092,24829,10400,1500,1695,2000,2000,2000,0,0
23117,200000,2,2,2,27,0,0,0,0,0,0,125854,127843,131352,130884,132142,118084,4775,6579,4734,4368,4183,4227,0
23118,30000,2,5,1,33,0,0,0,0,0,0,25083,25244,26286,26458,26668,28195,1406,1838,1400,1000,2342,1000,0
23119,210000,2,1,2,27,0,2,0,0,0,0,780,390,390,1554,5705,6386,0,390,1554,5705,2000,0,1
23120,80000,2,5,1,30,0,0,0,0,0,0,0,0,0,0,0,0,0,0,0,0,0,0,0
23121,120000,2,3,1,40,0,0,0,0,0,0,97886,74638,70864,64193,61733,59717,3003,2823,2514,1732,1756,1689,0
23122,30000,2,2,1,43,0,0,0,0,0,0,10443,4503,9000,0,0,5394,4503,9000,0,0,5394,6171,0
23123,490000,2,2,2,33,0,0,0,0,0,0,58308,64927,60011,49409,39945,49932,10000,8160,7000,2000,37000,3000,0
23124,260000,2,5,1,41,0,0,0,0,0,0,2398,2289,3593,5332,1994,5782,2294,3601,5348,2802,5801,2013,0
23125,230000,2,2,2,30,0,0,0,2,0,0,3948,5899,4080,1935,1656,2351,5899,4080,0,1656,2351,3312,1
23126,110000,2,2,1,46,0,0,0,0,0,0,2359,2410,2151,2161,1719,107591,2410,2151,2161,1719,107591,5000,1
23127,150000,2,2,2,40,0,0,0,0,0,0,76282,78800,67443,68720,70572,72275,3705,4000,3000,3000,3000,4000,0
23128,170000,2,2,1,29,0,0,0,0,0,0,79091,62575,63317,63903,43505,43995,2235,2493,2585,1683,1901,2111,0
23129,90000,2,2,1,35,0,0,2,0,0,0,35232,38329,37433,38507,39468,40183,4000,0,1700,1600,1500,4000,0
23130,70000,2,3,1,40,0,0,0,0,0,0,14896,0,0,0,0,0,0,0,0,0,0,5704,0
23131,100000,2,1,2,28,1,2,0,0,0,0,102122,96193,82342,81967,82177,78840,322,3600,3800,3000,3000,3023,0
23132,50000,2,3,1,34,0,0,0,0,0,0,24203,23708,23609,22675,21628,20576,1367,1741,1280,706,700,776,0
23133,30000,2,2,1,35,0,0,0,0,0,0,30471,30578,29846,28631,27359,21750,1472,2000,1064,1000,1223,0,0
23134,280000,2,2,1,37,0,0,0,0,0,0,252814,255974,110389,114874,118273,114204,10610,10018,10000,5038,5039,5010,1
23135,210000,2,3,1,41,0,0,0,0,0,0,59071,58830,364,-649,-649,-649,2000,17864,569,0,0,1000,0
23136,20000,2,3,0,35,0,0,2,2,0,0,3975,362,2182,1500,500,0,362,2000,0,500,0,0,0
23137,250000,2,5,1,33,0,0,0,0,0,0,211084,211577,202346,203132,201230,199820,6934,7000,8975,7043,8000,10000,0
23138,70000,2,2,1,34,0,0,0,0,0,0,43662,44733,45775,46911,48128,51182,1800,1764,1900,2000,4000,2000,1
23139,120000,2,1,2,34,0,0,0,0,0,0,8113,8796,12210,3095,0,2873,2000,5312,3095,0,2873,0,0
23140,300000,2,1,2,36,0,0,0,0,0,0,230,469,899,0,0,0,469,899,0,0,0,1051,0
23141,310000,2,2,1,39,0,0,0,0,0,0,360,360,360,360,360,360,360,360,360,360,360,360,0
23142,20000,2,3,2,34,0,0,0,0,0,0,0,0,0,0,0,0,0,0,0,0,0,0,1
23143,50000,2,2,2,37,0,0,0,2,0,0,16090,38710,43085,42093,44393,45682,38710,5000,0,3000,2000,5000,0
23144,100000,2,2,1,32,0,0,0,0,0,0,98908,60868,60652,58338,56849,45744,2749,4800,2000,2000,2000,2000,0
23145,280000,2,2,1,44,0,0,0,0,0,0,9713,264,252,2632,5410,5834,264,252,2656,5410,5834,0,0
23146,210000,2,2,1,37,0,0,0,0,0,0,2978,1798,379,768,2308,1026,1798,379,768,2308,1026,1208,0
23147,290000,2,3,2,47,0,0,0,0,0,0,1163,6619,0,28974,7524,0,6650,0,28974,0,0,0,0
23148,160000,2,1,1,36,0,0,0,0,0,0,25386,2542,2916,4257,629,6267,2549,2916,4321,700,6267,1727,0
23149,100000,2,2,1,41,2,0,0,0,0,0,155351,159591,163665,170257,57747,16998,105200,6035,9410,1000,2000,3093,1
23150,280000,2,2,2,37,0,0,0,0,0,0,1876,2716,1876,1876,1876,1870,2716,1876,1876,1876,1870,10267,0
23151,200000,2,2,1,32,0,0,0,0,0,0,899,-1,-1,228,1374,380,0,0,229,1380,381,3880,0
23152,180000,2,2,2,33,0,0,0,0,0,0,3316,3385,6186,6695,7173,5094,3446,6186,6695,4000,955,2401,0
23153,240000,2,1,2,34,1,0,0,0,0,0,-25,-25,2062,-1,311,2005,0,2087,0,312,2015,224,0
23154,180000,2,2,2,35,0,0,0,0,0,0,174068,160979,165896,145300,152877,156074,10000,10092,10000,10000,10000,5000,0
23155,180000,2,2,1,36,0,0,0,0,0,0,0,0,0,0,0,0,0,0,0,0,0,0,0
23156,50000,2,2,2,35,1,2,2,2,0,0,18544,17954,21678,21032,21465,24103,0,4351,0,784,3000,0,0
23157,30000,2,3,2,38,2,0,0,2,0,0,24524,25546,28820,28538,28208,29326,1426,3700,718,1500,1500,3000,1
23158,180000,2,2,1,40,0,0,0,0,0,0,144481,1620,334,9379,1100,43505,1620,337,9379,1100,43505,0,0
23159,50000,2,1,1,38,2,3,2,0,0,0,64760,60747,54902,54280,18595,18838,2000,0,1200,15000,2000,1000,0
23160,230000,2,3,1,47,0,0,0,0,0,0,182787,173108,163937,90980,91180,90260,7000,5665,4154,3300,3418,3600,0
23161,60000,2,2,1,31,0,0,0,0,0,0,49581,35465,29732,29411,28859,28309,1500,1600,1394,1000,1000,1500,0
23162,50000,2,3,2,32,0,0,0,0,0,0,48237,49097,43763,37657,38530,39409,1755,1614,1627,1500,1500,1822,0
23163,280000,2,1,1,32,0,0,0,0,0,0,137630,116209,117118,116689,117757,118432,6000,6000,5000,5000,4012,4779,0
23164,170000,2,2,1,45,0,0,0,0,0,0,12847,9807,8101,6208,10460,11143,9807,5000,3749,6711,4432,0,0
23165,110000,2,2,1,36,0,0,0,0,0,0,2002,1056,4680,880,880,880,1056,4756,880,880,880,880,1
23166,70000,2,3,1,35,2,0,0,0,0,0,1183,41263,40206,42184,43182,42674,41263,2500,2468,1466,1328,1501,1
23167,90000,2,3,1,47,2,2,2,0,0,0,92454,94156,91710,79884,49810,51012,4100,0,3424,1790,2012,1814,1
23168,260000,2,1,1,36,0,0,0,0,0,0,10942,7045,246,7156,7164,3677,3000,246,7178,5164,1209,1209,0
23169,60000,2,2,1,33,0,0,0,0,0,0,57810,56189,58283,59385,57792,59010,2100,3000,2800,2000,2000,2200,0
23170,320000,2,2,1,37,2,2,2,2,2,2,289260,297888,304025,308421,315291,310339,14500,12001,10500,13000,1,120021,0
23171,160000,2,2,2,39,0,0,0,0,0,0,2828,1473,8404,8875,8509,4630,1473,8404,8875,8509,4630,2038,0
23172,230000,2,1,2,33,1,0,0,0,0,0,-3,4532,0,6264,6392,2538,4535,0,6264,128,0,407,0
23173,50000,2,2,2,48,0,0,0,0,0,0,1309,2158,1787,860,896,1087,1000,1787,860,900,1087,3123,0
23174,180000,2,2,2,36,0,0,0,0,0,0,25359,28432,1535,14470,14270,4529,28703,1535,15000,0,5793,36702,0
23175,390000,2,2,2,45,0,0,0,0,0,0,60082,58694,61735,63337,59693,62776,5000,5000,5000,4000,4000,4000,0
23176,290000,2,2,2,41,0,0,0,0,0,0,286391,140960,112394,113459,123967,131735,10000,5620,10000,20000,10000,10000,0
23177,290000,2,2,1,35,0,0,0,0,0,0,32485,21080,430,430,12715,16895,10000,430,430,12715,5000,15000,0
23178,30000,2,3,1,46,0,0,0,0,0,0,29003,28544,27177,28630,25087,25342,1500,2000,2390,1000,1000,2000,0
23179,100000,2,1,1,38,1,0,0,0,0,2,0,0,0,53,4009,316,0,0,53,4328,0,10401,0
23180,190000,2,2,1,34,1,0,0,0,0,0,-18,-18,-18,-18,-18,-18,0,0,0,0,0,0,0
23181,200000,2,1,2,35,0,0,0,0,0,0,441,0,3514,4042,8606,1870,0,3514,4042,8606,1870,10332,0
23182,180000,2,3,2,32,0,0,0,0,0,0,4480,7354,6930,6090,2435,2074,3000,3000,2018,1200,1500,3000,0
23183,250000,2,2,1,45,0,0,0,0,0,0,3233,13244,12462,8977,1503,96834,12716,12158,8777,1503,96834,2204,0
23184,80000,2,2,1,39,0,0,0,0,0,0,41753,42956,43850,38112,38876,39697,2200,2000,2000,1700,1600,1700,0
23185,140000,2,2,1,37,0,0,0,0,0,0,137545,136820,128445,125049,119402,123055,6206,6100,6330,4400,8700,0,0
23186,260000,2,2,1,40,0,0,0,0,0,0,35211,43944,46957,45114,26114,46750,40000,48058,46000,26000,48000,33000,0
23187,360000,2,1,2,39,0,0,0,0,0,0,1070,0,0,0,906,0,0,0,0,906,0,4341,1
23188,250000,2,2,1,45,0,0,0,0,0,0,2218,4912,412,6264,5880,0,4940,416,6303,5880,0,230,0
23189,320000,2,1,1,36,0,0,2,2,0,0,7225,9336,945,-37,-37,-37,9386,13,0,0,0,7445,0
23190,100000,2,2,1,42,0,0,0,0,0,0,63984,65917,67673,66292,67793,67182,3000,4000,3000,2500,3000,2500,0
23191,340000,2,1,1,36,0,0,0,0,0,0,183898,185268,326074,276519,251815,218706,60075,160444,10143,7190,6283,5208,0
23192,230000,2,2,2,41,0,0,0,0,0,0,24477,23722,4791,3516,7475,5352,23722,4791,3516,7475,5352,2120,0
23193,150000,2,3,1,43,0,0,0,0,0,0,18308,19973,21000,22013,22449,22922,1973,1353,1366,802,833,837,1
23194,60000,2,3,1,48,0,0,0,0,0,0,49890,51060,52236,54362,55458,56767,2000,2000,3000,2000,2200,2500,0
23195,500000,2,3,2,48,0,0,0,0,0,0,83948,25321,14364,123903,71463,54924,25325,14364,124081,71541,54924,47148,0
23196,10000,2,2,2,48,1,2,0,0,0,0,3133,1473,9196,8518,8690,7472,0,9196,1106,278,258,268,0
23197,140000,2,3,1,39,0,0,0,0,0,0,73166,66565,76412,70091,63279,56854,3112,20000,3043,2359,2187,1706,0
23198,90000,2,2,2,33,0,0,0,0,0,0,89129,89543,84447,78238,68234,69684,3308,3014,3203,3000,3000,3000,0
23199,390000,2,2,2,39,0,0,0,0,0,0,53386,52746,55535,57154,58774,62372,2000,5000,3000,3000,5000,3000,0
23200,150000,2,1,1,38,0,0,0,0,0,0,9474,0,0,0,0,0,0,0,0,0,0,0,0
23201,170000,2,2,2,48,0,0,0,0,0,0,24953,24334,25558,24580,24855,26123,2000,2000,1400,1000,2000,2000,0
23202,400000,2,2,1,34,0,0,0,0,0,0,41305,206028,21153,15631,14417,12228,206032,21153,15948,10000,10000,22934,0
23203,180000,2,2,1,38,0,0,0,0,0,0,151031,152510,151651,159019,123022,126075,7011,5657,10372,5000,5000,5000,0
23204,440000,2,2,1,44,0,0,0,0,0,0,70548,42651,0,27549,77349,10456,20000,0,27549,50000,18956,9307,0
23205,340000,2,1,2,36,0,0,0,0,0,0,3474,1974,2774,43824,11308,3540,1974,2774,43831,11308,0,824,0
23206,170000,2,2,1,45,1,2,2,0,0,0,110970,117076,113778,117989,118803,121434,9460,0,6100,4210,4500,4500,1
23207,280000,2,1,2,46,0,0,0,0,0,0,2475,1236,2726,10898,1050,812,1236,2726,10916,1056,812,9109,0
23208,320000,2,5,1,46,0,0,0,0,0,0,17849,5149,16615,2914,696,740,5149,16654,2914,696,740,6498,0
23209,190000,2,5,1,40,0,0,0,0,0,0,58783,59881,136994,118268,110476,111802,3100,80000,5000,4000,4100,5000,0
23210,210000,2,2,1,42,0,0,0,0,0,0,1708,2928,-2,-2,918,-164,2928,0,0,920,0,0,0
23211,110000,2,2,1,43,1,2,2,2,2,2,100987,101941,98364,103189,99578,104412,4600,0,8500,0,7700,3900,0
23212,90000,2,2,2,34,0,0,0,0,0,0,30026,29239,14027,13559,14331,14948,2000,1518,1500,1000,1000,1000,0
23213,500000,2,1,1,44,0,0,0,0,0,0,29178,26963,33166,48858,66050,43769,26963,33169,48858,66050,43769,37509,0
23214,50000,2,2,2,36,0,0,0,0,0,0,29647,30845,32821,34855,11776,12088,2000,2800,3732,750,500,1000,1
23215,210000,2,1,2,39,0,0,0,0,0,0,5119,20927,3702,3673,1883,384,20965,3702,3673,0,384,0,0
23216,80000,2,2,1,37,2,2,2,2,2,0,1662,3347,4140,3920,0,0,2427,1000,0,0,0,0,1
23217,320000,2,2,1,42,0,0,0,0,0,0,2862,18729,23405,16662,38459,2836,18729,23421,16683,38459,2836,1286,0
23218,50000,2,3,1,45,0,0,0,0,0,0,48169,48163,49302,16522,15175,16371,2400,2500,1318,700,1600,600,0
23219,270000,2,2,2,34,0,0,0,0,0,0,128620,2222,9076,5424,9577,8130,2222,9076,5424,9577,8130,20177,0
23220,30000,2,3,2,39,0,0,0,0,0,0,28467,22308,48376,26013,27089,28161,2000,3000,3000,1500,1500,2280,0
23221,150000,2,3,2,35,0,2,0,2,0,0,1877,709,2264,1143,163,2036,0,2264,0,163,2036,0,0
23222,140000,2,2,1,41,0,0,0,0,0,0,56379,51993,52678,53753,54821,56145,1855,1913,1952,1963,2208,2084,0
23223,120000,2,3,1,42,0,0,0,0,0,0,2386,780,2158,6968,2552,626,1000,2826,7026,2620,1000,26187,0
23224,300000,2,1,1,31,0,0,0,0,0,0,147277,149893,152529,152882,113347,114554,7000,7000,6000,4084,4056,4300,0
23225,480000,2,1,1,43,0,0,0,0,0,0,276681,282328,288120,294000,300000,3493,5647,5792,5880,6000,3493,21308,0
23226,460000,2,1,1,37,1,2,0,0,0,0,268775,262956,268463,273066,278594,284423,0,9737,9060,9200,9480,9627,1
23227,280000,2,2,1,39,0,0,0,0,0,0,269472,253792,276979,238527,239280,238926,8229,150062,50000,4786,4779,4876,0
23228,50000,2,3,1,31,0,0,0,0,0,0,44115,44619,38604,33570,0,0,1652,1906,1000,0,0,0,0
23229,350000,2,1,2,32,0,0,0,0,0,0,384,717,409,0,944,534,717,409,0,944,534,2281,0
23230,300000,2,2,2,32,0,0,0,0,0,0,114690,117682,120777,123835,127830,130931,4682,4777,4835,5830,4931,5079,0
23231,380000,2,1,2,33,0,0,0,0,0,0,11924,16615,3273,9833,6580,6080,16615,3273,9833,6580,6080,4697,0
23232,190000,2,1,2,33,0,0,0,0,0,0,211,4031,6036,4238,2907,3122,4031,6045,4247,2907,3122,12419,0
23233,230000,2,2,2,35,0,0,0,0,0,0,0,0,0,0,0,0,0,0,0,0,0,0,1
23234,390000,2,2,1,35,2,2,2,0,0,0,62474,62878,59601,60422,59094,59862,2757,0,2734,2254,2178,2174,0
23235,220000,2,0,1,35,0,0,0,0,0,0,0,319,10567,319,319,319,319,10567,319,319,319,2420,0
23236,120000,2,2,1,41,0,0,0,0,0,0,118131,116607,108720,92649,89533,89204,4211,3710,3184,3200,3200,3133,1
23237,300000,2,2,2,49,1,0,0,0,0,0,0,0,0,0,0,0,0,0,0,0,0,0,0
23238,210000,2,1,2,42,0,0,0,0,0,0,4131,24255,7838,7139,-320,-320,24255,7862,7146,0,0,32000,0
23239,50000,2,2,1,37,0,0,0,0,0,0,50664,49163,49811,49978,20062,20259,3000,2500,2000,1102,2000,2900,0
23240,330000,2,1,2,44,2,0,0,2,0,0,238795,243621,259517,253863,257535,262753,10300,21400,0,9400,9542,9766,1
23241,110000,2,3,1,42,0,0,0,0,0,0,110191,110736,63652,62738,50687,49850,3200,2450,2027,1710,1800,1700,0
23242,20000,2,1,2,37,1,0,0,0,0,0,0,0,0,1004,0,0,0,0,1004,0,0,0,0
23243,150000,2,2,1,40,0,0,0,0,0,0,6369,5215,4090,51893,52033,51188,5215,4090,51893,2000,3000,2202,0
23244,140000,2,3,1,39,0,0,0,0,0,0,127896,131764,134654,138303,119845,122457,7500,6500,7500,5000,4700,5228,0
23245,160000,2,1,1,40,0,0,0,0,0,0,661,2881,362,20680,7429,527,2881,362,20680,7429,527,0,0
23246,260000,2,3,1,38,0,0,0,0,0,0,1973,1973,1973,6746,1973,1973,1973,1973,6746,1973,1973,3733,0
23247,150000,2,3,1,45,1,0,0,0,0,0,0,0,0,0,0,10640,0,0,0,0,10640,0,0
23248,50000,2,2,1,33,0,0,0,0,0,0,34065,35422,32612,31842,27438,26127,3000,2011,1402,3089,3482,5000,0
23249,80000,2,3,1,36,0,0,0,0,0,0,65205,72922,74943,75399,53373,55554,20000,5000,3000,5000,3000,3000,0
23250,270000,2,2,1,37,0,0,0,0,0,0,304,-22,-348,326,326,304,0,0,1000,326,304,0,0
23251,60000,2,2,1,40,0,0,0,0,0,0,58127,59345,58196,47007,32834,29116,2800,2200,1500,1200,1100,1200,0
23252,50000,2,2,1,45,0,0,0,0,0,0,15240,16252,17678,18658,18784,18779,1574,2000,1290,806,824,697,0
23253,290000,2,1,1,33,2,0,0,2,2,2,88176,21956,24815,24120,25218,24855,1354,3213,0,1616,0,724,1
23254,180000,2,2,2,39,0,0,0,0,0,0,671,671,671,671,671,671,671,671,671,671,671,671,1
23255,360000,2,1,1,43,0,0,0,0,0,0,17412,18455,19245,18370,0,0,1328,1637,5000,0,0,0,0
23256,260000,2,3,2,40,0,0,0,0,0,0,260,3000,0,0,0,0,3000,0,0,0,0,0,0
23257,200000,2,2,2,46,0,0,0,0,0,0,430,430,430,5241,430,59415,430,430,5241,439,59415,1999,0
23258,290000,2,2,2,38,0,0,0,0,0,0,0,130,0,24756,25147,25685,130,0,24756,899,942,927,0
23259,50000,2,2,1,36,1,3,3,2,0,0,17292,18705,18125,17530,18251,19965,2000,0,0,1000,2002,0,0
23260,10000,2,2,1,37,0,0,0,0,0,0,5050,3704,6222,974,8834,6010,5011,6222,984,8834,0,6481,0
23261,180000,2,1,1,39,2,0,0,0,0,0,1343,437,2297,4428,985,4028,438,2308,4446,987,4040,600,1
23262,150000,2,2,2,39,0,0,2,2,0,0,22724,21019,19890,19271,19037,20448,3221,1602,0,1000,1709,0,0
23263,250000,2,1,2,44,0,0,0,0,0,0,891,-33,-33,-33,267,144,0,0,0,300,144,0,0
23264,130000,2,2,2,37,2,2,2,2,0,0,82640,85505,87587,85428,86251,88094,5000,4200,0,3000,3100,3100,1
23265,540000,2,1,2,37,0,0,0,0,0,0,4696,6579,1464,-2800,13916,12517,2033,1485,16,20016,2016,2019,0
23266,320000,2,1,1,42,0,0,0,0,0,0,212883,197352,201913,103278,62891,64948,9000,9000,6000,3000,3000,3000,0
23267,440000,2,2,1,39,0,0,0,0,0,0,58639,66698,43399,44534,25341,20000,30000,2000,24534,5000,20000,20839,0
23268,80000,2,2,2,40,0,0,0,0,0,0,79390,79835,81229,82456,82854,80868,3200,4300,3340,3500,2999,3300,0
23269,120000,2,2,1,36,1,0,0,0,0,0,0,0,1100,0,0,0,0,1100,0,0,0,0,1
23270,230000,2,2,1,35,0,0,0,0,0,0,68755,35137,34305,22752,5123,0,1607,4305,1000,5123,0,2810,0
23271,60000,2,3,2,37,0,0,0,0,0,0,53867,54971,57284,58562,29121,27003,2000,3200,3300,1000,1100,1000,0
23272,290000,2,4,1,49,0,0,0,0,0,0,3950,0,0,1085,445,145,0,0,1085,447,145,247,0
23273,130000,2,2,1,49,1,0,0,0,0,0,0,-390,390,0,-390,390,0,1560,0,0,1170,1170,0
23274,180000,2,2,2,46,0,0,0,0,0,0,1905,2453,6997,3064,2158,9331,2453,6997,3064,2158,9331,0,0
23275,140000,2,3,1,42,0,0,0,0,0,0,138391,135476,135956,137143,137195,136300,6300,6500,6265,5000,5006,5000,1
23276,500000,2,1,2,44,0,0,0,0,0,0,120452,190135,212134,201014,222520,208271,100000,50000,10012,50000,10000,10000,0
23277,300000,2,2,1,42,0,0,0,0,0,0,168796,165430,147077,127270,129397,132142,7010,6000,5006,5000,5000,6000,0
23278,210000,2,2,1,42,0,0,0,0,0,0,0,0,0,0,0,0,0,0,0,0,0,0,0
23279,150000,2,2,1,49,0,0,0,0,0,0,575,25622,4992,1578,1216,4475,25622,4992,1578,1216,4475,15964,0
23280,360000,2,2,1,37,0,0,0,0,0,0,10072,7728,2344,9536,9043,0,7728,2344,9536,9043,0,2909,0
23281,250000,2,2,1,36,0,0,0,0,0,0,107476,87000,48162,48803,41207,34792,5143,10025,10074,10049,10076,10012,0
23282,30000,2,3,2,44,0,0,3,2,2,2,21007,27506,26784,28123,27994,27029,7200,0,2100,1000,0,3000,0
23283,200000,2,1,1,42,0,0,2,0,0,0,796,770,770,5259,1329,3609,770,0,5269,1329,2280,0,0
23284,130000,2,2,1,35,0,0,0,0,0,0,128649,100902,127102,65517,66925,68344,5500,7328,5000,2500,2500,3000,0
23285,290000,2,3,1,49,0,0,0,0,0,0,52894,0,0,44777,26201,2780,21560,0,44777,0,5560,6420,0
23286,100000,2,3,1,35,0,0,0,0,0,0,50327,51326,52403,53410,54030,55157,1835,1902,1878,1446,1500,30000,0
23287,40000,2,3,1,43,0,0,0,2,0,0,780,177,1583,1020,630,240,177,1583,0,0,0,1080,0
23288,130000,2,3,1,39,0,0,2,0,0,0,91982,99328,96898,97990,100160,102190,8900,0,3600,3800,3800,5000,1
23289,160000,2,3,1,34,0,0,0,0,0,0,717,594,1217,697,650,691,597,1223,700,653,691,17,0
23290,150000,2,1,2,35,0,0,0,0,0,0,0,26660,858,0,3600,0,26660,858,0,3600,0,458,0
23291,130000,2,2,2,45,0,0,0,0,0,0,131221,128161,128884,124514,67739,69614,10006,5069,3634,2476,3019,2394,0
23292,180000,2,2,1,39,0,0,0,0,0,0,0,0,0,0,0,0,0,0,0,0,0,289,1
23293,150000,2,2,2,30,0,0,0,2,2,2,61785,63150,68125,66432,73312,72015,3000,6000,0,8023,0,5700,0
23294,100000,2,2,2,31,0,0,0,0,0,0,4576,1872,2511,3333,2765,900,1872,2517,3339,2765,900,2575,1
23295,30000,2,2,2,31,0,0,0,0,0,0,26830,30900,0,0,0,0,5000,0,0,0,0,0,0
23296,160000,2,1,2,25,0,0,0,0,0,0,6087,1934,11376,2199,10856,0,1000,11426,2199,10000,0,9867,0
23297,50000,2,2,2,28,0,3,2,0,0,0,1876,1690,429,4836,1170,780,0,0,4836,0,0,0,1
23298,130000,2,2,1,29,0,0,0,0,0,0,67260,69269,72276,74347,77259,78403,4000,5000,4347,5000,3038,2135,0
23299,140000,2,3,2,31,0,0,0,0,0,0,137254,92636,94641,96667,98883,79972,3320,3500,3600,3900,3000,3000,0
23300,340000,2,3,1,32,0,0,0,0,0,0,11049,57301,59375,60216,59842,46882,57301,3000,2600,1000,1817,11022,0
23301,340000,2,2,1,33,0,0,0,0,0,0,1632,3121,44092,31292,17391,21678,2027,39774,43325,5000,10000,10079,0
23302,90000,2,2,2,35,2,2,2,2,2,2,89282,91247,68552,67324,39573,28610,6201,0,25000,0,2235,0,0
23303,300000,2,2,1,42,0,0,0,0,0,0,281000,291482,297425,296884,241037,247383,15000,12039,13000,9000,10059,10000,0
23304,50000,2,2,2,25,0,0,0,0,0,0,37034,37698,37252,38254,38445,39273,1586,1624,1626,1377,1448,1399,0
23305,50000,2,2,1,37,0,0,0,0,0,0,48890,49083,48102,91452,9551,9746,1787,2247,1900,382,195,199,0
23306,100000,2,2,1,42,0,0,0,0,0,0,0,0,3168,0,0,550,0,3168,0,0,550,0,0
23307,20000,2,3,2,40,3,3,2,0,0,0,18244,17670,17105,18335,10415,8526,0,0,2001,3000,3000,3000,0
23308,160000,2,1,2,30,0,0,0,0,0,0,86454,61510,62921,64274,66198,68126,3000,3000,3000,3000,3000,3000,1
23309,390000,2,2,1,32,0,0,0,0,0,0,2075,0,682,10943,9942,11168,0,682,11130,9942,6600,1000,0
23310,30000,2,3,1,39,0,2,0,0,0,0,1937,640,1751,0,0,0,0,1751,0,0,0,0,1
23311,20000,2,2,1,46,1,2,0,0,0,0,3098,2901,3800,0,0,0,0,1000,0,0,0,0,1
23312,210000,2,2,2,31,0,0,0,0,0,0,168161,133113,130769,95962,49839,46824,5000,5032,3783,2021,3000,0,0
23313,300000,2,4,1,31,0,0,0,0,0,0,0,0,0,0,0,0,0,0,0,0,0,0,0
23314,220000,2,1,2,31,0,0,0,0,0,0,232,0,0,0,0,500,0,0,0,0,500,0,0
23315,270000,2,1,2,33,0,0,0,0,0,0,68589,58751,53401,51401,36177,29209,6000,2028,5010,5000,5000,3000,0
23316,90000,2,2,1,40,2,2,2,2,2,0,4918,4694,6547,7481,7212,7595,0,2100,1200,0,500,1000,1
23317,360000,2,2,2,27,0,0,0,0,0,0,214711,179651,139310,143215,168839,171153,10440,13360,6123,28002,6116,10056,0
23318,300000,2,1,2,29,1,0,0,0,0,0,0,0,0,0,0,0,0,0,0,0,0,0,0
23319,310000,2,2,2,31,0,0,0,0,0,0,313956,314859,307371,299501,217763,217659,11000,12500,11000,6600,7000,7493,1
23320,130000,2,2,2,31,0,0,0,0,0,0,95292,97544,99208,102946,103750,105818,4600,4000,5300,3700,3600,3700,0
23321,80000,2,1,1,29,0,0,0,0,0,0,2175,358,1872,746,746,4424,358,1872,746,0,4424,0,0
23322,280000,2,2,1,34,0,0,0,0,0,0,6398,8321,12798,3581,10310,11717,8331,12805,3587,10361,11734,8800,0
23323,80000,2,3,2,44,0,0,0,2,0,0,45412,32091,36633,35749,36353,37115,1900,5400,0,1500,1500,1600,1
23324,130000,2,3,2,39,1,2,2,2,0,0,4867,3189,4634,2946,1473,780,0,2946,0,0,780,0,0
23325,270000,2,1,1,42,0,0,0,0,0,0,1870,0,8091,8350,8350,0,0,8091,1000,0,0,0,0
23326,20000,2,2,1,41,0,0,0,0,0,0,958,1546,1156,9646,6510,2514,1546,1156,9646,130,50,0,0
23327,260000,2,1,1,36,0,0,0,0,0,0,122825,88273,91908,90857,-81334,142645,5000,6000,5020,81569,331788,10002,0
23328,170000,2,2,2,47,0,0,0,0,0,0,62927,36885,34289,31518,31338,31838,1566,1606,1325,1015,10000,1111,0
23329,160000,2,1,2,35,0,0,0,0,0,0,19082,2815,27380,10028,2824,9940,2815,27380,10050,3000,9940,12498,0
23330,240000,2,1,2,35,0,0,0,0,0,0,5757,2904,24671,2249,4505,11859,3242,24685,3535,4505,11859,12000,0
23331,170000,2,2,2,36,0,0,0,0,0,0,2848,1941,0,0,0,0,1941,0,0,0,0,0,0
23332,500000,2,2,1,40,0,0,0,0,0,0,215508,214460,220047,217920,159393,149626,10004,10025,10294,6046,5076,5000,0
23333,260000,2,1,1,38,0,0,0,0,0,0,629,622,3074,0,688,2605,625,3084,691,0,2613,378,1
23334,150000,2,1,2,36,0,0,0,0,0,0,43544,47751,49096,49848,52007,54161,5000,5000,3000,3000,3000,3500,0
23335,500000,2,1,1,36,0,0,0,0,0,0,8561,682,15714,5390,43386,0,1364,15714,5390,43386,0,0,1
23336,320000,2,2,2,34,0,0,0,0,0,0,1800,0,312,311,311,8571,0,312,311,311,8571,4204,0
23337,90000,2,2,1,34,0,0,0,0,0,0,18358,14764,8374,29525,28333,27879,1300,1300,22000,1000,1012,1400,0
23338,300000,2,2,2,43,0,0,0,0,0,0,2936,1669,743,3040,1927,14713,1676,743,3047,1927,14713,159,0
23339,200000,2,2,2,36,1,2,2,2,2,2,73459,76308,78669,75995,79781,81533,4500,4000,0,5500,3000,0,0
23340,160000,2,3,1,44,2,2,0,0,0,0,1500,0,0,0,0,0,0,0,0,0,0,0,1
23341,120000,2,1,2,29,0,0,0,0,0,0,0,0,0,0,0,0,0,0,0,0,0,0,0
23342,120000,2,1,2,30,2,0,0,0,0,0,416,416,416,416,0,832,416,416,416,0,832,416,1
23343,90000,2,2,2,30,1,2,0,0,0,2,88093,85730,54727,55506,58529,57157,0,1984,2004,4251,0,2083,1
23344,170000,2,2,1,31,0,0,0,0,0,0,6015,7810,2760,3474,7680,7860,7820,26058,3474,7680,7860,9333,1
23345,170000,2,1,2,33,0,0,0,2,0,0,144031,147135,158528,138030,139444,148093,5500,14000,0,5200,11100,0,0
23346,500000,2,1,1,33,0,0,0,0,0,0,10486,32539,10644,7780,19099,4281,32648,11000,7823,19215,4281,8190,0
23347,240000,2,1,2,33,0,0,0,0,0,0,239278,237018,238641,230758,196830,201112,9582,9963,8013,6658,7059,6609,0
23348,230000,2,2,1,30,0,0,0,0,0,0,4942,2554,1249,2959,7079,1880,2554,1000,2959,5000,1000,0,0
23349,210000,2,2,1,32,0,0,0,0,0,0,0,0,0,0,0,0,0,0,0,0,0,0,0
23350,400000,2,1,1,33,0,0,0,2,0,0,10858,15892,18182,12205,941,6346,16000,2600,24,1000,7053,5000,0
23351,150000,2,3,1,41,0,0,0,0,0,0,88818,90585,92485,94373,96245,98263,3241,3358,3427,3443,3567,3585,1
23352,50000,2,1,2,27,0,0,0,0,0,0,6018,0,0,6085,6085,5605,0,0,6085,0,0,6690,0
23353,150000,2,2,1,28,0,0,0,0,0,0,12780,850,850,430,840,430,850,850,430,840,430,860,1
23354,230000,2,2,2,28,0,0,0,0,0,0,0,0,0,0,0,0,0,0,0,0,0,0,1
23355,470000,2,1,1,28,0,0,0,0,0,0,178262,177644,171997,165014,158839,148035,6100,6000,7100,5100,5200,4900,0
23356,30000,2,2,2,28,3,2,2,5,5,4,1200,1200,1200,1200,1200,600,0,0,0,0,0,0,1
23357,100000,2,3,1,29,1,0,0,0,0,0,0,0,0,338,9448,1183,0,0,4838,9448,4183,1485,0
23358,30000,2,3,1,34,0,0,0,2,0,0,8090,0,3398,2855,2115,521,0,6253,0,2115,0,2000,1
23359,110000,2,2,2,40,0,0,0,0,0,0,96950,93571,86595,81077,77747,78913,3255,3056,2802,2813,4000,3500,0
23360,300000,2,3,1,39,2,0,0,2,2,2,36656,37672,40743,41226,40263,42788,1929,4000,1446,0,3179,0,0
23361,240000,2,3,0,37,0,0,0,0,0,0,374,1823,1788,6229,15829,20785,1823,1788,6229,10000,10000,5640,0
23362,350000,2,2,2,28,1,2,0,0,0,0,358895,346575,345088,341811,265953,93300,0,14579,13557,12000,5000,11000,1
23363,220000,2,1,2,28,0,0,0,0,0,0,2956,2968,3054,4701,2869,3654,2968,3054,4701,2869,3654,2754,0
23364,400000,2,1,2,35,0,0,0,0,0,0,26930,11187,16593,18569,16947,28590,11187,16596,18572,16947,28590,159259,0
23365,500000,2,2,1,40,0,0,0,0,0,0,26102,33012,56116,31924,33255,27668,33009,50018,30023,30013,18019,40018,0
23366,280000,2,3,2,48,0,0,0,0,0,0,166473,167864,140466,142417,126321,117613,7750,5195,5098,4319,4209,4127,0
23367,30000,2,2,1,37,0,0,0,0,0,0,108,709,11726,2628,2659,4483,709,11726,2713,2659,4483,3676,0
23368,20000,2,1,2,49,0,0,0,0,0,0,16715,16719,34196,18760,19132,19533,1271,1300,2612,684,709,875,0
23369,270000,2,4,2,29,1,0,0,0,0,0,-9,3265,6125,0,0,29961,3274,6129,0,0,29961,6216,0
23370,270000,2,1,2,34,0,0,0,0,0,0,126642,127741,132405,131241,127080,122213,4500,7028,4728,5037,4530,5000,0
23371,400000,2,2,1,34,0,0,0,0,0,0,45514,42620,28584,40673,38068,24418,4854,5005,14218,1722,1438,3381,0
23372,320000,2,1,2,39,0,0,0,0,0,0,91224,93025,99433,107659,110567,99935,10000,10000,10000,10000,5000,5000,0
23373,430000,2,1,2,30,0,0,0,0,0,0,62774,68284,74806,82241,80298,53289,10284,10806,12241,1606,1119,52319,0
23374,140000,2,2,2,31,1,0,0,0,0,0,0,0,0,76,76,76,0,0,76,0,0,0,1
23375,70000,2,2,1,31,0,0,0,0,0,0,9319,3652,5284,5950,5296,5713,3652,2284,3000,5296,2000,2625,0
23376,110000,2,2,2,31,0,0,0,0,0,0,7398,2009,1651,1823,1208,0,1500,1177,1000,550,0,790,0
23377,30000,2,5,1,31,0,0,0,0,0,0,28731,27927,27601,26921,15525,0,1656,1545,1300,825,0,0,0
23378,550000,2,2,1,32,2,0,0,0,0,0,548551,546741,535509,548020,530672,155083,21094,22863,167622,14000,4300,158064,1
23379,310000,2,1,1,47,0,0,0,0,0,0,2257,5202,6495,5781,7754,12315,3000,3000,1000,4000,5000,5000,0
23380,130000,2,1,2,32,0,0,0,0,0,0,126164,126080,129104,130745,127344,127809,6500,7000,8000,5000,4500,4500,0
23381,130000,2,2,1,32,0,0,0,0,0,0,119720,120066,121587,119784,117605,120307,6000,5000,4531,5000,4596,10000,0
23382,220000,2,2,1,34,0,0,0,0,0,0,154029,153012,154508,152829,152842,152747,5700,6000,6814,5500,5800,5700,0
23383,300000,2,1,1,35,0,0,0,0,0,0,0,0,0,0,0,0,0,0,0,0,0,0,0
23384,110000,2,2,1,35,0,0,0,0,0,0,1245,1245,1490,2490,1245,2675,1245,1490,2245,0,2675,0,0
23385,50000,2,2,1,44,1,2,2,2,2,2,24622,26999,28071,27326,28769,28170,3100,1800,0,2200,0,2700,1
23386,300000,2,1,2,40,0,3,2,2,2,2,5130,4903,4679,6596,6344,9067,0,0,2000,0,3000,0,1
23387,200000,2,2,1,36,0,0,0,0,0,0,3131,207,3578,0,0,0,207,3599,0,0,0,3832,0
23388,360000,2,3,2,38,0,0,0,0,0,0,6904,-507,751,15369,7845,6786,0,1502,15369,200,0,0,1
23389,500000,2,1,2,34,0,0,0,0,0,0,80630,80112,81726,74297,66132,67695,3000,3006,2600,3000,2600,2800,0
23390,290000,2,2,1,42,0,0,0,0,0,0,19281,21654,20073,25966,22347,12572,6654,1476,10002,447,251,16338,0
23391,430000,2,1,1,37,0,0,0,0,0,0,1013,0,2320,0,4139,0,0,2320,0,4139,1015,0,1
23392,180000,2,3,2,34,1,0,0,0,0,0,3700,4696,3763,-3,3667,1598,4696,3763,3,3670,1799,0,0
23393,90000,2,3,1,35,0,0,0,0,0,0,35872,35687,35538,34780,34468,30520,1578,1583,1773,1294,1248,1276,0
23394,280000,2,2,1,43,0,0,0,0,0,0,14633,5600,13397,20004,10571,8430,5600,13397,20004,10571,8430,13561,0
23395,230000,2,2,2,37,0,0,2,0,0,0,29087,30589,20958,21637,19846,12770,2100,1000,1252,500,1000,1000,0
23396,70000,2,2,1,39,0,0,0,0,0,0,54801,52714,18596,9760,0,0,5336,1268,1052,0,0,0,0
23397,110000,2,2,1,38,0,0,0,0,0,0,4976,2532,3102,1979,690,1042,2532,3102,1979,690,1042,8420,0
23398,70000,2,3,1,32,0,0,0,0,0,0,70122,69080,68530,69753,70111,70212,2431,3112,3000,2438,2500,2554,0
23399,180000,2,2,1,32,0,2,0,0,0,0,3305,1649,1473,1473,2705,1473,0,1473,1473,2705,1473,1473,0
23400,240000,2,3,2,35,0,0,0,0,0,0,0,0,0,0,0,0,0,0,0,0,0,0,1
23401,210000,2,1,1,40,0,0,0,0,0,0,0,0,0,0,0,0,0,0,0,0,0,0,0
23402,20000,2,2,2,46,0,0,0,0,0,0,390,0,780,0,0,0,0,780,0,0,0,0,1
23403,80000,2,3,1,48,0,0,0,0,0,0,3188,6239,7304,5050,5357,5466,6239,1185,1000,307,109,112,0
23404,50000,2,1,2,33,0,0,0,0,0,0,13452,14524,15586,16622,17344,17864,1300,1300,1300,1000,800,1000,0
23405,80000,2,3,2,33,0,0,0,0,0,0,6607,6205,-1573,12481,4104,2052,6205,675,14956,0,0,3274,0
23406,80000,2,1,2,34,0,0,0,2,0,0,34827,27881,16801,12532,12059,1242,27881,12532,1,0,0,717,0
23407,60000,2,2,3,34,1,0,0,0,0,0,0,60559,56317,0,0,567,60559,1126,0,0,567,1222,0
23408,360000,2,2,2,35,1,0,0,0,0,0,0,0,22190,21416,6854,357,0,22190,21416,1545,357,357,0
23409,50000,2,2,2,48,1,4,3,2,2,2,10024,9723,9427,9075,10037,12503,0,0,0,1000,0,264,0
23410,200000,2,6,1,43,0,0,0,0,0,0,198595,194734,190447,187224,183641,178239,7003,7000,7000,6510,6550,6001,0
23411,140000,2,2,1,42,1,0,0,0,0,0,0,0,1497,1039,1139,0,0,1497,1039,1139,0,5023,0
23412,180000,2,2,2,30,0,0,0,0,0,0,174104,171889,172288,175557,178010,178976,7000,8000,8000,7001,6600,7000,0
23413,160000,2,2,1,32,0,0,0,0,0,0,18400,18699,26919,29801,40433,51329,10000,10018,15021,15000,20000,20000,0
23414,200000,2,2,1,34,0,0,0,0,0,0,0,0,0,0,0,0,0,0,0,0,0,0,1
23415,600000,2,2,1,38,1,2,2,2,0,0,51072,49889,39635,35130,33229,32171,0,4000,0,1500,2000,3000,0
23416,20000,2,2,1,46,4,3,2,3,2,0,15833,15286,17021,16461,15901,16294,0,2277,0,0,800,1400,1
23417,220000,2,1,1,44,0,0,0,0,0,0,215191,215969,216849,214030,213678,190469,10000,10000,7000,6568,6000,5000,0
23418,140000,2,1,1,40,2,2,0,0,0,2,34359,33521,34685,35399,36616,36893,0,2000,1583,1800,1000,3000,1
23419,240000,2,2,2,38,1,0,0,0,0,0,0,0,0,0,0,0,0,0,0,0,0,0,1
23420,150000,2,2,1,32,1,0,0,0,0,0,-1474,137049,145900,146168,149712,-288,140916,10000,3119,3744,0,57916,0
23421,20000,2,1,2,32,0,0,0,0,0,0,2095,7733,0,0,4076,1911,7733,0,0,4076,1911,0,1
23422,310000,2,2,1,32,0,0,0,0,0,0,69886,70950,71403,69478,53786,52791,2177,2216,1879,1563,2000,1539,0
23423,230000,2,3,1,39,1,2,0,2,0,0,6499,4791,4858,316,316,316,0,4858,0,632,0,2468,0
23424,130000,2,1,2,34,0,0,0,0,0,0,0,0,388,0,418,0,0,388,0,418,0,238,0
23425,300000,2,1,2,31,0,0,0,0,0,0,16612,19099,17865,9215,154926,126482,19099,17865,9243,154975,0,29390,0
23426,300000,2,2,1,34,0,0,0,0,0,0,37505,57210,36667,34252,25583,28676,57210,36679,34263,25583,28676,37173,0
23427,20000,2,2,1,29,2,2,2,0,0,0,19098,19953,18756,19968,15333,10056,1474,0,2403,0,6000,0,0
23428,200000,2,3,2,33,1,2,0,0,0,0,18021,17374,15463,17314,14245,0,0,3027,6223,0,0,0,0
23429,200000,2,2,1,40,0,0,0,0,0,0,531,0,2358,2477,958,11312,0,2358,2477,958,11312,0,0
23430,500000,2,1,2,28,0,0,0,0,0,0,4428,-31,-31,3963,3418,858,0,0,3994,3435,860,0,0
23431,80000,2,2,1,37,0,0,0,0,0,0,10559,11991,14286,1554,6554,2615,1621,5000,1554,5000,2615,5308,0
23432,360000,2,1,2,29,0,0,0,0,0,0,0,0,0,0,0,0,0,0,0,0,0,0,1
23433,30000,2,2,1,33,0,0,0,0,0,0,28938,30246,30485,30274,29967,23477,1800,1574,1300,886,1000,686,0
23434,190000,2,2,2,44,0,0,0,0,0,0,162051,168517,169675,171908,153857,153988,17917,7601,7602,6010,6010,6001,0
23435,350000,2,1,1,36,0,0,0,0,0,0,1133,0,1342,2195,0,37800,0,1342,2195,0,37800,1000,0
23436,260000,2,2,1,31,0,0,0,0,0,0,2224,1996,1497,-3,2138,900,2007,1501,0,2141,902,197,0
23437,190000,2,2,1,37,0,0,2,2,2,2,105679,115049,117856,119570,116284,123528,11000,6000,5000,0,9000,4000,0
23438,230000,2,2,1,34,0,0,0,0,0,0,0,0,615,0,0,0,0,615,0,0,0,0,0
23439,650000,2,3,2,39,0,0,0,0,0,0,5865,0,1904,-61,-261,13050,0,1904,0,0,13311,64731,0
23440,250000,2,1,2,32,0,0,0,0,0,0,10495,2150,46975,10880,8974,36805,2150,46975,10890,8974,30000,65325,0
23441,700000,2,2,2,34,0,0,0,0,0,0,1878,4343,804,778,1913,200,4354,804,778,1916,200,628,0
23442,270000,2,1,1,40,0,0,0,0,0,0,9658,8714,6425,10116,15953,19556,8781,6425,6000,8000,6000,6000,0
23443,100000,2,2,1,43,0,0,0,0,0,0,94713,97503,100138,99000,0,0,4366,5100,2000,0,0,0,0
23444,260000,2,2,1,38,0,0,0,0,0,0,163550,166795,171803,175248,175157,178850,5966,7692,7788,6267,6513,10000,0
23445,410000,2,2,2,33,0,0,0,0,0,0,4720,25488,7022,3321,2745,500,25488,7022,3326,2745,500,1543,0
23446,520000,2,2,1,47,0,0,0,0,0,0,76762,107039,19046,7359,16336,20040,107124,19058,7387,16475,20040,98205,0
23447,80000,2,2,1,39,0,0,0,0,0,0,77020,76246,49428,34024,46073,47038,3179,1699,1712,22965,1706,1727,1
23448,450000,2,3,1,36,0,0,0,0,0,0,0,0,0,0,0,0,0,0,0,0,0,0,0
23449,30000,2,6,2,45,0,0,0,0,0,0,25298,26866,27662,28474,28494,0,2000,2000,1500,1000,0,0,0
23450,600000,2,3,2,44,0,0,0,0,0,0,140179,112498,82803,380337,368527,390197,5000,8340,380478,12625,60000,7000,0
23451,200000,2,1,2,34,0,0,0,0,0,0,692,-6,890,14137,18067,24306,0,896,14337,7022,12000,16045,0
23452,60000,2,2,2,34,2,0,0,0,0,0,60707,59675,59690,59513,28494,29149,2102,2922,1586,570,31110,1212,0
23453,280000,2,2,1,34,0,0,0,0,0,0,9103,6419,11966,5844,8994,14631,6439,12042,5844,4672,14724,4429,0
23454,230000,2,1,1,36,0,0,0,0,0,0,1240,2078,380,2100,530,2282,2078,380,2100,530,2282,1390,0
23455,210000,2,2,2,31,0,0,0,0,0,0,1154,1368,1080,1567,788,0,1368,1080,1567,788,0,1638,1
23456,60000,2,1,2,33,1,0,0,0,0,0,1242,0,4028,59334,54526,58575,0,4028,56626,2100,5000,2000,0
23457,270000,2,1,2,37,0,0,0,0,0,0,7842,6380,16098,1350,558,0,6380,16098,1350,558,0,128934,0
23458,80000,2,3,1,41,0,0,0,0,0,0,3526,10129,6100,6420,606,7228,10129,6100,6434,606,7228,14387,0
23459,80000,2,2,1,44,0,0,0,0,4,3,0,0,0,600,600,300,0,0,600,0,0,0,0
23460,360000,2,2,1,40,0,0,0,0,0,0,4343,725,4268,2085,26896,18455,725,4268,2085,13448,7455,4759,0
23461,300000,2,1,2,38,0,0,2,0,0,0,15001,12751,2318,3792,11977,29127,2318,0,3792,11977,29127,16600,1
23462,270000,2,1,1,44,0,0,0,0,0,0,-106,2894,25417,3839,1794,2459,3000,25500,4000,2000,2459,10000,0
23463,200000,2,1,2,46,0,0,0,0,0,0,2263,3441,2124,6041,2975,3441,3448,2124,6063,2975,3441,1841,0
23464,20000,2,2,2,46,0,0,0,0,0,0,189,2249,3551,6180,0,0,2249,3551,5000,0,0,0,1
23465,20000,2,2,1,32,0,0,0,2,2,2,8217,9910,12146,11954,14750,14371,2000,2400,600,3000,0,600,1
23466,30000,2,2,1,33,2,2,0,0,0,0,29498,28718,29761,30203,29803,29803,1,2000,1400,0,0,67,1
23467,50000,2,1,1,35,0,0,0,0,0,0,45822,47173,48592,-22108,45709,39188,2413,2832,39,91983,1570,1445,0
23468,230000,2,4,2,30,0,0,0,0,0,0,168708,161074,151884,146113,147650,43703,10699,5080,10000,3560,45000,86000,0
23469,50000,2,2,1,39,1,2,2,2,2,2,16983,16413,21128,20492,30079,29460,0,5000,0,10000,0,10000,1
23470,70000,2,3,1,31,0,0,0,2,2,0,9633,11462,14259,15525,14772,15380,2000,3000,2000,0,1000,1000,0
23471,100000,2,1,2,31,1,2,0,0,0,0,9311,5107,1647,3348,1458,1458,0,1647,3348,1458,1458,1677,0
23472,100000,2,3,1,30,1,2,2,0,0,0,46809,47121,45239,44712,43654,44678,2000,0,1900,1600,3200,0,0
23473,210000,2,1,2,31,0,0,0,0,0,0,12618,6313,16488,12900,20108,18378,6344,16560,13024,12541,7091,11414,0
23474,450000,2,1,2,31,0,0,0,0,0,0,2609,0,0,0,17855,3430,0,0,0,17855,0,2500,0
23475,300000,2,3,2,31,0,0,0,0,0,0,92235,67283,65059,147613,236687,237105,4505,6039,100000,100000,8600,8500,0
23476,140000,2,1,2,31,0,0,0,0,0,0,1399,1519,1404,540,0,0,1519,1404,540,0,0,0,0
23477,480000,2,1,2,32,0,0,0,0,0,0,11872,38933,23479,52177,54005,53853,40000,23479,52209,54005,54500,42321,0
23478,100000,2,2,2,30,1,2,0,0,2,2,31708,30904,31953,34308,34951,34261,0,1850,3200,1500,0,1500,1
23479,110000,2,1,2,32,0,0,0,0,0,0,3610,15427,19563,21994,21994,8391,12000,5000,3000,3000,2000,1000,0
23480,100000,2,2,2,31,0,0,0,0,0,0,91344,92309,94421,97486,97604,97241,3309,4421,5486,3400,3541,3894,1
23481,200000,2,1,2,31,0,0,0,0,0,0,0,950,0,1782,669,0,950,0,2422,669,0,0,0
23482,100000,2,1,2,30,0,0,2,2,2,2,7384,10253,9945,14269,13743,16011,3000,0,4500,0,2500,0,0
23483,50000,2,2,1,30,0,0,0,0,0,0,1500,0,0,0,0,0,0,0,0,0,0,0,1
23484,20000,2,2,1,31,0,0,0,0,0,0,13080,10911,18890,11026,5863,3273,1500,2000,2000,1000,1000,0,0
23485,490000,2,2,1,31,0,0,0,0,0,0,470579,482733,492718,282450,287363,272578,19469,20000,12000,11000,10000,10000,0
23486,90000,2,1,2,32,0,0,0,0,0,0,7563,-12,-12,3230,387,1642,0,0,3242,387,1642,0,0
23487,310000,2,1,1,32,0,0,0,0,0,0,141203,84594,66624,48213,144758,601,7000,5500,4000,100000,601,360,0
23488,240000,2,1,2,33,0,0,0,0,0,0,5000,0,5000,0,254,9366,0,5000,0,254,9366,1150,0
23489,390000,2,1,2,32,0,0,0,0,0,0,16566,20213,15204,13529,14139,14496,9076,8000,1500,1500,519,7000,0
23490,140000,2,2,2,33,0,0,0,0,0,2,59097,59655,60992,62253,69594,68262,2137,2300,2278,9300,0,3000,0
23491,120000,2,1,2,33,0,0,0,0,0,2,332,332,538,3160,2928,2596,332,538,3160,100,0,2959,1
23492,30000,2,3,1,33,0,0,0,0,0,0,29666,29033,29345,29125,29859,29016,1763,1676,1456,1190,1056,1592,0
23493,230000,2,2,1,32,0,0,0,0,0,0,399,1560,1766,2720,3720,0,1560,1046,1000,1000,0,0,0
23494,320000,2,1,2,32,0,0,0,0,0,0,13720,20219,18087,5639,-41,5613,8015,1140,5639,0,5654,0,0
23495,110000,2,1,2,32,0,0,0,0,0,0,60558,30900,0,0,0,0,1900,0,0,0,0,0,0
23496,60000,2,2,2,31,0,0,0,2,2,2,36434,39925,43350,42057,26877,26493,4100,4073,0,1600,0,1100,1
23497,180000,2,1,2,32,0,0,0,0,0,0,-30,2200,5643,2285,1498,3092,2230,5643,2298,1502,3101,2959,0
23498,430000,2,1,2,33,0,0,0,0,0,0,345053,336467,321019,272838,206081,163130,13206,36000,30000,30000,30000,104000,0
23499,230000,2,1,2,33,0,0,0,0,0,0,7990,13450,56729,-1310,6734,87161,13450,56729,0,8044,87161,5000,0
23500,140000,2,2,1,33,1,0,0,0,0,0,-23,5742,0,1920,1180,0,5765,0,1920,1180,0,60000,0
23501,180000,2,1,2,31,0,0,0,0,0,0,766,243,243,243,4889,243,243,243,243,4889,243,13868,0
23502,60000,2,2,2,31,1,2,0,0,0,2,20544,19921,20993,21736,23172,22661,0,1700,1400,1800,0,1800,0
23503,310000,2,2,2,31,0,0,0,2,2,0,86082,78328,78380,77102,66828,58520,3550,6000,2559,45,3033,3000,0
23504,320000,2,2,1,33,0,0,0,0,0,0,324160,295866,226752,222278,224190,226836,10067,11000,5000,4519,2646,21457,0
23505,100000,2,1,2,33,0,0,0,0,0,0,3417,7366,12146,752,5931,7855,7400,12146,752,5931,7855,3966,0
23506,120000,2,2,2,33,1,2,2,2,2,2,68493,70275,68592,72525,73741,72440,3500,0,5700,3000,0,3000,1
23507,260000,2,1,2,33,0,0,0,0,0,0,18480,3958,-86,-86,17315,14961,3978,0,0,17401,15036,18207,1
23508,170000,2,1,2,32,0,0,0,0,0,0,13880,6367,9351,22222,20437,8744,6593,9361,22222,20437,8744,3620,0
23509,200000,2,1,2,31,0,2,2,0,0,0,450,450,0,0,0,0,0,0,0,0,0,0,0
23510,110000,2,1,1,31,1,2,5,4,4,4,76817,89765,87486,90126,94687,97585,15200,0,5000,7000,5000,5000,0
23511,50000,2,1,2,32,0,0,0,0,0,0,5458,5175,12950,11188,12167,14873,1500,7956,3188,2200,7000,2810,0
23512,350000,2,2,2,32,0,0,0,0,0,0,10362,42541,10723,1310,7796,5225,42541,10723,1310,7796,0,0,0
23513,110000,2,1,2,31,0,0,0,0,0,0,14268,2491,0,0,0,0,2491,0,0,0,0,0,0
23514,240000,2,1,1,30,0,0,0,0,0,0,236823,241067,240998,244836,233036,237938,10279,10500,10581,8000,8500,9400,0
23515,120000,2,2,1,30,2,0,3,2,0,0,1248,1701,1551,1410,479,3158,1701,0,9,0,3158,0,0
23516,150000,2,1,2,32,0,0,0,0,0,0,18519,19926,18600,13551,20759,21200,3000,4003,2551,15579,11200,3575,0
23517,180000,2,2,1,34,0,0,0,0,0,0,10485,274,9333,26656,274,1624,274,9333,26656,274,1624,274,1
23518,200000,2,2,2,34,0,0,0,0,0,0,13112,13011,12000,0,0,0,13011,12000,0,0,0,107918,0
23519,250000,2,1,2,33,0,0,0,0,0,0,16317,0,0,188841,194321,198156,0,0,188841,8500,8000,7080,0
23520,350000,2,1,1,36,0,0,0,2,0,0,326,326,652,326,3817,2802,326,652,0,3817,2802,0,0
23521,200000,2,2,1,36,0,0,0,0,0,0,0,0,0,0,0,0,0,0,0,0,0,0,0
23522,30000,2,2,1,35,0,0,0,0,0,0,25239,26847,26319,26868,25345,26781,3000,3000,2000,3304,2000,3000,0
23523,150000,2,2,1,45,0,0,0,0,0,0,141292,131970,136267,138934,140315,139258,4719,6419,6436,5113,5210,5549,0
23524,380000,2,3,1,46,1,0,0,0,0,0,0,0,224,4034,0,2062,0,224,4034,0,2062,0,0
23525,180000,2,2,1,47,0,0,0,0,0,0,176424,164745,168208,171667,175219,173597,5896,6117,6268,6445,6379,6300,0
23526,20000,2,2,1,35,1,2,2,2,0,0,16335,15780,18411,17809,18009,16595,0,3200,0,765,700,774,1
23527,100000,2,1,1,49,1,2,0,0,0,2,103307,97590,99560,95952,98744,97896,0,4700,4400,6000,2000,4000,1
23528,300000,2,2,2,36,0,0,0,0,0,0,8310,2592,77000,78718,80908,90495,2592,77000,3000,3500,11100,0,0
23529,450000,2,1,2,36,1,0,0,0,0,0,5909,964,613,1797,679,10643,968,615,1834,682,10697,30451,0
23530,220000,2,2,1,35,2,2,2,2,0,0,29202,30420,32222,32983,34031,36321,2000,2600,1600,1600,3000,0,1
23531,500000,2,2,1,37,0,0,0,0,0,0,58448,60182,67153,64079,64120,61295,5000,10000,5169,2322,5174,0,0
23532,200000,2,3,2,45,0,0,0,0,0,0,0,10221,1356,0,984,134,10221,1356,0,984,134,81,0
23533,80000,2,2,1,35,1,2,2,2,0,0,78959,76699,81477,79035,28503,29711,0,6800,0,1000,2000,1500,1
23534,430000,2,1,1,46,0,0,0,0,0,0,9270,43717,4153,4196,447,0,43717,4153,4196,447,0,3566,0
23535,200000,2,2,1,40,0,0,0,0,0,0,1521,-5,-5,-5,-5,1028,0,0,0,0,1033,12857,0
23536,90000,2,1,1,36,0,0,0,0,0,0,3860,1770,2135,316,3491,1716,1826,2150,316,3491,1716,2706,0
23537,200000,2,1,1,38,0,0,0,0,0,0,4891,28258,14712,5216,6317,6207,28258,14712,5229,6317,6207,5464,0
23538,60000,2,2,1,47,0,0,0,0,0,0,9253,56120,57614,58699,57302,51812,50000,3000,2700,3000,3000,3000,0
23539,250000,2,1,2,36,0,0,0,0,0,0,2200,0,0,124832,7984,1500,0,0,124832,7984,1500,12674,0
23540,200000,2,1,1,40,0,0,0,0,0,0,9141,9046,9635,10197,10118,10535,1138,1157,1149,500,1000,1000,0
23541,360000,2,2,2,45,0,0,2,2,0,0,0,2500,2500,0,0,0,2500,0,0,0,0,0,0
23542,200000,2,1,2,33,0,0,0,0,0,0,196304,195766,195191,182027,139901,135720,9000,8939,8099,5000,5000,5000,0
23543,500000,2,2,2,41,0,0,0,0,0,0,6305,5692,1556,2080,4403,3405,6332,1742,2080,4409,3405,0,0
23544,200000,2,1,1,38,0,0,0,0,0,0,185155,180069,179899,170716,164553,165326,6500,8000,7520,6000,6100,7500,0
23545,230000,2,1,2,44,0,0,0,0,0,0,230101,224517,223544,147971,61570,80279,10125,12966,5506,1623,80000,105451,0
23546,50000,2,3,1,37,0,0,0,0,0,0,389,25352,25998,26579,26710,26871,25742,1435,1406,927,952,966,0
23547,260000,2,1,1,38,0,0,0,0,0,0,16995,12947,31394,26254,6522,0,3087,33000,2000,6522,0,5320,0
23548,140000,2,1,1,39,0,0,0,0,0,0,27942,29472,30579,31227,34898,35528,2000,1600,2000,5000,2000,30000,0
23549,320000,2,2,2,35,0,0,0,0,0,0,125567,125782,118294,119014,120567,128642,6831,12000,6700,5000,10000,0,0
23550,50000,2,2,1,39,0,0,0,0,0,0,48651,48939,49204,46415,28453,29094,2200,1739,9500,1500,1210,1000,0
23551,150000,2,2,1,35,0,0,0,0,0,0,-10,8846,6731,0,1800,0,8856,6731,0,1800,0,0,1
23552,160000,2,1,1,36,0,0,0,0,0,0,1714,2845,3342,171,1770,837,2845,1000,171,1770,837,299,0
23553,500000,2,2,1,43,0,0,0,0,0,0,374802,355323,352868,353297,377371,365278,14000,14500,13000,13000,15000,15000,0
23554,350000,2,1,1,44,0,0,0,0,0,0,8544,0,0,0,8631,277,0,0,0,8631,277,7545,0
23555,230000,2,3,2,48,0,0,0,0,0,0,3096,518,4988,3528,3642,14073,518,5003,3528,3642,14073,1485,1
23556,200000,2,2,1,39,0,0,0,0,0,0,2485,3788,5512,1986,2504,13484,3798,5512,1996,2504,13484,10075,0
23557,500000,2,2,2,39,0,0,0,0,0,0,229332,161360,117606,18343,15737,203291,7400,6000,1889,3781,208122,6084,0
23558,130000,2,1,2,34,0,0,0,0,0,0,76589,77387,78995,80190,79920,80972,3400,4200,4500,3000,3200,3000,0
23559,290000,2,2,2,34,0,0,0,0,0,0,25530,37737,29636,24104,33814,32530,15035,1539,1290,10000,5000,3000,0
23560,210000,2,2,2,34,0,0,0,0,0,0,73415,76188,78276,81246,78971,80359,4002,4000,4323,3501,3000,2700,0
23561,240000,2,1,2,36,0,0,0,0,0,0,330,3152,5400,3799,574,4899,3152,5416,3799,577,4899,1450,0
23562,80000,2,2,1,36,0,0,0,0,0,0,6746,556,556,2904,556,4226,556,556,2904,556,4226,3683,0
23563,150000,2,1,2,36,0,0,0,0,0,2,127204,247984,125502,129589,133145,139322,5900,5000,6163,7200,10500,4900,1
23564,200000,2,5,1,39,0,0,0,0,0,0,500,0,0,0,0,0,0,0,0,0,0,0,0
23565,110000,2,2,2,36,2,2,0,0,0,0,112900,0,0,0,0,0,0,0,0,0,0,0,1
23566,320000,2,3,1,33,0,0,0,0,0,2,71047,19161,19829,17692,15648,15255,2000,1300,1600,2500,0,1000,0
23567,340000,2,1,2,37,0,0,0,0,0,0,20624,20651,16308,21065,20581,15936,8641,16400,15000,15000,10000,10000,0
23568,380000,2,2,1,43,1,0,0,0,0,0,0,0,0,2039,0,4481,0,0,2039,0,4481,312,0
23569,150000,2,1,1,43,0,0,0,0,0,0,6940,6200,6962,9301,9266,6441,6200,6962,9301,9266,6441,6706,0
23570,500000,2,1,2,37,0,0,0,0,0,0,747,0,0,989,0,0,0,0,989,0,0,880,0
23571,500000,2,2,1,49,0,0,0,0,0,0,12871,5177,4199,7507,4696,58292,5177,4199,7507,4696,58292,36000,0
23572,370000,2,2,1,44,0,0,0,0,0,0,0,1742,0,0,0,0,1742,0,0,0,0,0,0
23573,360000,2,2,1,40,0,0,0,0,0,0,8736,969,6083,9852,27210,1765,974,6120,9901,27352,1768,2111,0
23574,300000,2,2,1,39,0,0,0,0,0,0,2022,537,142,656,620,502,537,142,656,620,502,142,0
23575,150000,2,2,2,37,0,0,0,0,0,0,0,0,596,22131,0,1596,0,596,22131,1980,1596,4617,0
23576,210000,2,1,1,38,0,0,0,0,0,0,-81,-81,-81,-81,-81,-81,0,0,0,0,0,0,0
23577,280000,2,1,1,39,0,0,0,0,0,0,1397,0,136,0,0,350,0,136,0,0,350,297,0
23578,230000,2,2,1,44,0,0,0,0,0,0,14029,9035,11979,6667,11972,8654,9140,12039,6700,11988,22,8910,0
23579,360000,2,2,2,37,0,0,0,0,0,0,292725,296679,301181,303398,289602,289457,10638,11115,10700,9820,9902,9910,0
23580,230000,2,2,1,40,0,0,0,0,0,0,1215,225,5703,6560,11560,0,525,5703,1000,5000,0,7790,0
23581,450000,2,2,1,44,0,0,0,0,0,0,8521,15934,7266,8331,8188,10455,16080,7299,8364,8266,10505,7268,0
23582,240000,2,1,2,34,2,0,0,0,0,0,5488,1788,2840,3750,4750,-10,1700,1090,1000,1000,0,0,1
23583,300000,2,1,2,41,0,0,0,0,0,0,5770,0,0,0,0,0,0,0,0,0,0,0,0
23584,240000,2,2,1,38,0,0,0,0,0,0,197231,185901,189190,193018,188593,179309,6702,7000,7000,6500,6600,6230,0
23585,230000,2,2,1,37,0,0,0,0,0,0,1054,2869,5567,2622,5550,7446,2000,3000,2000,3000,2000,3000,1
23586,230000,2,1,2,41,0,0,0,0,0,0,12731,6684,10834,28540,56660,46213,7000,15000,29000,30000,0,5000,0
23587,240000,2,2,1,40,0,0,0,0,0,0,3204,4888,0,1197,46834,0,4888,0,1197,46834,0,5252,1
23588,160000,2,1,2,39,0,0,0,0,0,0,0,300,0,0,821,0,300,0,0,821,0,0,0
23589,360000,2,5,1,39,0,0,0,0,0,0,3102,552,31029,7731,1154,799,552,31051,7731,0,799,3238,0
23590,160000,2,1,1,41,0,0,0,0,0,0,169867,126973,88072,88783,79684,78656,3360,92532,2859,2638,3000,2584,0
23591,10000,2,2,1,42,0,0,0,0,0,0,8710,9601,8810,7637,6307,4877,1200,1172,1000,500,400,3000,0
23592,430000,2,1,2,38,0,0,0,0,0,0,590,590,590,590,590,590,590,590,590,590,590,590,0
23593,80000,2,1,1,39,1,2,2,2,0,0,21340,22389,23017,22349,22791,23331,1700,1280,0,814,905,30331,0
23594,310000,2,1,1,39,0,0,0,0,0,0,3803,678,3050,9080,4990,4940,681,3072,9100,23,4964,1676,0
23595,150000,2,3,1,41,0,0,0,0,0,0,20934,21364,21196,21715,0,0,1500,1500,1000,0,0,0,0
23596,200000,2,2,1,43,0,0,0,0,0,0,2893,0,230,2059,0,0,0,230,2059,0,0,0,0
23597,210000,2,1,1,44,0,0,0,0,0,0,360,360,1234,722,1326,360,360,1234,722,1326,0,2388,0
23598,400000,2,2,2,43,0,0,0,0,0,0,15000,18400,15000,492,14926,7626,18400,15000,492,15000,7725,3000,0
23599,80000,2,2,1,40,0,0,0,0,0,0,2667,2035,32194,1729,590,9628,2035,32194,1729,590,9628,16059,0
23600,160000,2,2,1,42,0,0,0,0,0,0,34186,35186,36512,36382,37105,38034,1569,1895,1606,1329,1528,1600,0
23601,170000,2,2,1,40,0,0,0,0,0,0,17914,1253,4427,1459,24511,1163,1253,4427,1459,24511,1163,2821,0
23602,240000,2,2,1,41,0,0,0,0,0,0,5366,-34,6911,611,2631,4583,0,6945,614,2634,4606,6242,0
23603,300000,2,2,1,33,2,2,0,0,0,0,279065,273067,278910,283920,253113,246560,0,10638,10569,8809,8883,9960,1
23604,90000,2,2,1,44,2,2,0,0,0,0,1654,827,827,2040,1279,1292,0,827,2040,1279,1292,1378,0
23605,180000,2,2,1,35,0,0,0,0,0,0,11285,11781,13613,8401,1859,429,11798,13694,8401,1859,429,946,0
23606,210000,2,2,1,48,0,0,0,0,0,0,1417,-3,355,12816,0,102,0,358,12816,0,102,210,0
23607,300000,2,1,1,42,1,0,0,0,0,3,-694,-694,0,0,694,394,0,694,0,694,0,0,0
23608,240000,2,1,2,37,3,2,2,2,2,2,164691,167489,170329,173033,175678,179707,7000,7000,7000,7000,7000,7000,1
23609,170000,2,1,1,44,0,0,0,0,0,0,0,0,0,0,0,0,0,0,0,0,0,0,0
23610,50000,2,1,2,37,0,0,0,0,0,0,43886,50411,9688,857,3810,4741,2500,7026,1000,3000,1000,1000,0
23611,50000,2,2,1,39,0,0,0,0,0,0,45989,47302,48330,47763,48578,49015,2081,2109,2049,1864,1923,1882,0
23612,230000,2,1,2,39,0,0,0,0,0,0,900,1945,0,0,0,0,1945,0,0,0,0,1720,0
23613,310000,2,1,1,34,0,0,0,0,0,0,270776,263983,215686,186680,82775,107595,11080,8054,7037,2010,50186,2011,0
23614,150000,2,3,2,35,1,0,0,0,0,0,0,200,708,1201,0,0,200,708,1201,0,0,0,0
23615,200000,2,1,2,35,0,0,0,0,0,0,0,185,1916,0,150,1348,185,1916,0,150,1348,1000,0
23616,80000,2,2,2,39,2,2,2,0,0,0,129966,123747,106582,94318,113474,57324,9685,0,3659,13500,2078,2152,1
23617,500000,2,1,1,37,0,0,0,0,0,0,6757,9505,12171,11345,28731,67206,9505,12176,11564,29321,67206,8602,0
23618,20000,2,2,1,42,0,0,2,2,2,2,15379,17802,19212,18608,19604,19155,3000,2000,0,1600,0,1600,1
23619,20000,2,3,1,46,0,0,2,2,2,2,11691,14179,13662,15518,14972,16925,3000,0,2088,0,2200,0,1
23620,150000,2,1,2,34,0,0,0,0,0,0,0,0,0,0,0,0,0,0,0,0,0,0,1
23621,100000,2,5,2,34,0,0,0,0,0,0,91674,91348,87244,23181,7721,3219,5004,3811,3002,4000,3219,1864,0
23622,210000,2,3,1,44,0,0,0,0,0,0,11771,13462,17706,0,5646,14793,13462,17706,0,5646,14793,7376,1
23623,300000,2,2,1,40,1,0,0,0,0,0,0,0,0,0,0,0,0,0,0,0,0,0,0
23624,80000,2,2,2,32,1,2,0,2,2,2,7604,7320,150,150,800,650,0,150,0,650,0,500,1
23625,410000,2,1,2,31,0,0,0,0,0,0,134072,133604,133882,135954,134250,129971,15003,15877,30000,14250,9971,27380,0
23626,90000,2,3,1,36,0,0,0,0,0,0,79642,79001,18318,18982,19371,19608,1580,19789,1295,1000,849,1000,0
23627,270000,2,2,1,43,0,0,0,0,0,0,135068,102743,100360,97583,91849,94824,5000,7000,4049,1000,5003,0,0
23628,360000,2,2,1,41,0,0,0,0,0,0,270553,255348,262153,260025,169474,130705,10900,12500,12500,7000,5000,5200,0
23629,230000,2,3,1,38,0,0,0,0,0,0,67810,61602,48294,49242,48831,51125,1980,1823,1771,1896,3232,2026,0
23630,150000,2,2,2,42,0,0,0,0,0,0,97066,95040,0,0,0,217,2000,0,0,0,217,2972,0
23631,150000,2,2,2,44,2,2,0,0,0,0,168179,159008,157164,155109,153033,156636,0,5684,5538,5410,11000,0,1
23632,350000,2,2,1,43,0,0,0,0,0,0,2124,3027,2448,4590,0,430,3048,2460,4616,0,430,430,0
23633,210000,2,3,2,43,0,0,0,0,0,0,7605,1170,0,0,0,0,1170,0,0,0,0,3015,0
23634,130000,2,3,1,44,0,0,0,0,0,0,40331,43929,45816,47018,48550,49737,5000,3390,3000,3000,1955,3000,0
23635,500000,2,1,1,49,0,0,0,0,0,0,27936,2305,9073,5714,31868,3663,2305,9083,6105,31868,3663,8110,0
23636,280000,2,2,1,48,2,0,0,0,0,0,9511,35852,36875,75016,38304,27383,35852,1467,1200,1792,15137,0,1
23637,450000,2,1,1,39,0,0,0,0,0,0,8494,24178,5307,118852,11489,26518,25128,5318,118877,11489,26518,3575,0
23638,200000,2,2,2,46,0,0,0,0,0,0,120343,121198,123834,136629,139504,142269,4342,4593,14955,5143,5166,5349,0
23639,290000,2,2,1,34,0,0,0,0,0,0,53437,44037,5441,7371,38832,41955,1274,1200,2033,38832,3900,188423,0
23640,170000,2,2,1,35,1,0,0,0,0,0,0,0,0,0,0,0,0,0,0,0,0,0,0
23641,380000,2,2,1,39,0,0,0,0,0,0,307388,280090,249018,252496,253331,238051,12936,9190,9000,8100,8100,8000,0
23642,180000,2,1,2,35,1,0,0,0,0,0,-18,-18,-18,-18,-18,-18,0,0,0,0,0,0,1
23643,280000,2,1,2,35,0,0,0,0,0,0,6494,28723,9432,3472,3472,10237,28723,9432,3472,3472,10237,12129,0
23644,200000,2,2,1,31,0,0,0,0,0,0,2167,9003,1301,7066,3486,12191,9003,1301,7070,3688,12191,4760,0
23645,220000,2,2,1,40,1,0,0,0,0,0,8359,14447,6791,6495,5093,5503,14518,6835,6535,5118,5529,10026,0
23646,240000,2,1,1,38,2,2,2,2,2,2,107425,109678,111948,112626,113988,116315,5500,5500,4000,4700,4300,4500,1
23647,470000,2,2,2,43,0,0,0,0,0,0,5631,404,-3,-3,352,0,404,0,0,355,0,2090,0
23648,280000,2,1,2,35,0,0,0,0,0,0,10089,38936,7444,4858,2309,8925,40000,8069,5005,2400,9000,7678,0
23649,200000,2,1,2,43,0,0,0,0,0,0,-109,-109,-109,-109,-109,-109,0,0,0,0,0,0,1
23650,20000,2,3,1,46,1,2,2,0,0,2,8131,9042,8753,9916,10793,10400,1200,0,1316,1193,0,0,0
23651,20000,2,2,2,34,0,0,0,0,0,0,18649,19727,20330,20199,19609,19957,1700,2000,1200,0,348,0,0
23652,290000,2,1,2,34,0,0,0,0,0,0,1915,6136,0,28642,4098,19024,6151,0,28642,0,19426,0,0
23653,20000,2,1,1,37,1,0,0,2,2,0,-113,-113,10887,10413,-245,-245,1575,11000,0,0,0,5100,1
23654,150000,2,1,1,38,0,0,0,0,0,0,1544,463,1481,21640,2636,4346,463,1481,21643,2636,4346,0,0
23655,160000,2,2,1,36,0,0,0,0,0,0,-20,-20,3640,2935,1603,14129,0,3660,3135,1650,14200,1500,1
23656,360000,2,1,1,36,0,0,0,0,0,0,0,0,0,0,0,0,0,0,0,0,0,0,1
23657,160000,2,2,1,41,1,2,0,0,0,0,99496,97013,98427,102250,102734,104901,0,3879,5459,3675,3821,8256,0
23658,400000,2,1,1,37,0,0,0,0,0,0,229714,222726,162828,131433,126929,122492,11477,8000,4553,3600,3546,3864,0
23659,180000,2,2,2,36,0,0,0,2,2,0,14222,14701,17322,13137,0,2293,1300,2902,3047,0,2293,2000,0
23660,120000,2,2,1,32,0,0,0,0,0,0,111441,113869,116110,111978,112822,114969,5596,5498,5500,4000,4300,5012,0
23661,200000,2,2,2,33,0,0,0,0,0,0,1502,3806,0,4573,1242,0,3836,0,4573,1242,0,3239,0
23662,210000,2,1,1,39,0,0,0,0,0,0,5907,2615,1220,5357,4160,0,2637,1220,5357,4160,0,0,0
23663,70000,2,3,1,48,2,2,2,2,2,2,62775,64139,65516,65945,66267,68549,3000,3000,2100,2000,3500,800,1
23664,110000,2,2,1,38,0,0,0,0,0,0,195437,176420,63142,39854,9293,-1288,5000,10000,5048,2000,39958,52000,1
23665,30000,2,3,2,47,2,2,2,0,0,2,11652,12461,11970,12981,14077,14367,1300,0,1214,1310,660,0,1
23666,40000,2,3,1,46,0,0,2,0,0,0,50,1850,1056,1875,299,0,1800,0,1000,299,0,0,0
23667,310000,2,1,1,41,0,2,0,0,0,0,3640,1094,9445,5202,14589,11673,0,9453,5206,14589,0,16563,0
23668,200000,2,2,1,41,0,0,0,0,0,0,5592,0,1306,1623,620,849,0,1306,1679,620,849,1264,0
23669,230000,2,2,1,39,0,0,0,0,0,0,24510,0,0,0,0,0,0,0,0,0,0,0,0
23670,450000,2,1,1,33,0,0,0,0,0,0,3485,2989,2278,4714,768,1069,3004,2289,4737,771,1074,370,0
23671,80000,2,2,2,34,0,0,0,2,0,0,40570,41873,88361,43671,44541,47421,1983,4100,0,1596,3600,0,0
23672,210000,2,2,2,43,0,0,0,0,0,0,209781,180962,181870,159975,138349,112371,6500,6601,5085,4087,4220,27704,0
23673,130000,2,2,3,48,0,0,0,2,0,0,1778,0,109,109,109,0,0,109,0,0,0,0,0
23674,500000,2,1,1,49,0,0,0,0,0,0,1088,4007,9933,14557,53328,58052,4031,10021,14576,53850,58332,37616,0
23675,180000,2,2,1,38,0,2,2,0,0,0,7098,4089,0,8941,5181,5181,0,0,8941,0,0,0,1
23676,340000,2,1,1,36,1,0,0,0,0,0,0,544,4881,717,3785,10911,544,4881,717,3785,10911,10226,0
23677,450000,2,1,2,37,0,0,0,0,0,0,37070,17596,24965,0,1649,5212,17596,24965,0,1649,5212,535,0
23678,80000,2,3,1,49,0,0,0,0,0,0,61267,61300,61001,58759,58212,56534,2179,2226,2004,2132,2030,2057,0
23679,150000,2,3,2,47,0,0,0,0,0,0,2934,2843,1445,2130,796,2470,2843,1445,2288,938,2470,1073,0
23680,210000,2,1,1,43,1,0,0,0,0,0,0,0,0,0,0,0,0,0,0,0,0,0,0
23681,380000,2,2,2,38,0,0,0,0,0,0,250755,212839,173199,165476,122496,117726,8339,7032,7986,4170,4205,9335,0
23682,400000,2,2,1,46,0,0,0,0,0,0,43405,39802,37115,39907,35061,35969,15000,15000,10000,15000,20000,20000,0
23683,80000,2,3,1,52,0,0,0,0,0,0,210,-2,926,-1,401,0,0,928,0,402,0,0,0
23684,240000,2,1,1,44,0,0,0,0,0,0,2771,4756,3496,4708,1522,2407,4756,3496,4708,1522,2407,1576,0
23685,120000,2,2,1,50,0,0,0,0,0,0,118492,119637,102228,75558,47536,44749,6141,4474,2647,1367,1322,1500,0
23686,60000,2,3,1,63,0,0,0,0,0,0,59471,59021,49580,38140,29843,27719,2400,1940,1477,1025,1006,1261,0
23687,360000,2,1,2,54,0,0,0,0,0,0,132387,11590,70460,67357,71713,27399,11606,70579,10022,20000,27399,71429,0
23688,50000,2,2,1,50,2,2,2,2,2,2,27525,28669,28569,30097,29858,31229,1900,650,2300,550,2000,0,1
23689,360000,2,3,1,50,0,0,0,0,0,0,846,1831,2776,0,44110,0,1831,2776,0,44110,0,2103,1
23690,30000,2,3,1,51,0,0,2,2,2,0,22373,25363,23582,21422,18302,16527,3400,1400,1000,700,1000,488,0
23691,500000,2,1,1,53,0,0,0,0,0,0,1200,0,3609,4053,0,4487,0,3609,4053,0,4487,638,0
23692,20000,2,2,1,54,3,2,3,2,2,2,6329,8488,8212,7931,8797,8514,2415,0,0,1000,0,500,1
23693,90000,2,2,1,56,0,0,0,0,0,0,1160,4701,13878,6556,2947,4808,4701,13882,6556,2947,4808,3131,0
23694,80000,2,3,1,55,0,0,0,0,0,0,59838,63860,59515,48444,44372,45412,10000,5000,4000,4851,3000,2200,0
23695,100000,2,3,2,54,1,2,2,2,0,0,66212,64021,66362,61417,57893,58212,0,6700,60,2200,2500,2300,0
23696,120000,2,1,1,51,0,0,0,0,0,0,82865,82741,62914,60584,61412,55572,3652,1258,60584,1228,0,0,0
23697,100000,2,3,3,51,1,0,0,0,0,0,0,0,0,0,0,0,0,0,0,0,0,0,1
23698,150000,2,2,1,51,0,0,0,0,0,0,146018,147598,148393,149709,107862,108623,7000,7600,6000,4000,4100,4300,0
23699,10000,2,2,1,51,1,2,0,0,0,0,9151,8855,9828,8637,8808,8995,0,1133,1144,315,329,363,0
23700,50000,2,3,1,52,1,0,0,0,0,0,0,0,0,831,138,658,0,0,831,138,658,0,0
23701,490000,2,1,1,53,0,0,0,0,0,0,1700,8913,0,400,4186,6205,8913,0,400,4186,6205,2025,0
23702,50000,2,3,2,52,0,0,0,0,0,0,47670,48447,49493,48497,18930,19329,1954,2000,20567,1000,664,1000,0
23703,340000,2,2,1,57,0,0,0,0,0,0,16729,8942,10301,20793,14817,4614,8942,10321,20793,14817,4614,7005,0
23704,240000,2,3,1,51,0,0,0,0,0,0,225614,232072,204121,171051,175416,179754,10473,8000,30000,6000,6000,20000,0
23705,50000,2,3,1,53,2,2,2,2,2,2,40926,43236,45250,46003,44193,44838,3000,3000,1800,0,1500,2300,1
23706,500000,2,2,1,50,0,0,0,2,0,0,290301,296479,306661,306438,298068,293489,11000,15000,10000,10003,10000,11000,0
23707,410000,2,2,1,50,0,0,0,0,0,0,249152,246659,248934,246011,240845,213767,9000,11000,10000,7500,8000,8000,0
23708,280000,2,2,1,64,0,0,2,0,0,0,22715,37818,35497,30164,7164,7164,15506,17,3364,0,0,0,0
23709,240000,2,2,2,59,0,0,0,0,0,0,230026,239796,231230,196471,190004,161867,20000,12000,7000,8000,6000,6205,0
23710,20000,2,1,2,54,0,0,0,0,0,0,17016,17909,18298,18761,17781,10674,1568,1737,1200,0,0,0,0
23711,100000,2,2,1,55,2,2,2,2,2,2,44400,47439,48385,49285,50176,51228,4100,2000,2000,2000,2000,0,1
23712,290000,2,2,1,52,0,0,0,0,0,0,276377,282814,288983,203517,208435,212674,12880,13000,8000,8600,9000,4000,0
23713,100000,2,3,2,50,0,0,0,2,0,0,82397,84027,88734,86369,89994,89681,3004,7500,0,5001,3390,4000,0
23714,270000,2,2,1,65,0,0,0,0,0,0,157,0,2521,5145,8422,6374,0,2521,5184,8422,6374,0,0
23715,80000,2,3,2,57,0,0,0,0,0,0,78312,77359,76081,76526,27571,28783,3459,3500,1959,982,2000,1482,0
23716,280000,2,1,1,47,4,3,2,2,2,2,127928,127530,130168,131222,132758,135654,3000,6000,4500,5000,5000,5000,1
23717,30000,2,3,1,52,1,0,0,0,0,0,-190,-760,-760,-760,760,760,0,0,0,1520,0,0,0
23718,90000,2,3,1,53,0,0,0,0,0,0,88363,87235,88338,78994,50095,48987,3200,4000,2602,2000,3000,2000,1
23719,600000,2,1,1,53,0,0,0,0,0,0,84300,27446,0,0,6677,83034,27446,0,0,6677,83034,0,0
23720,70000,2,3,1,54,0,0,0,0,0,0,37717,38744,40538,39489,11590,11835,1655,2449,2400,414,431,500,0
23721,270000,2,3,1,58,0,0,0,0,0,0,936,1188,2078,795,828,1251,1188,2078,795,828,1251,2267,0
23722,260000,2,3,1,59,0,0,0,0,0,0,258885,261183,262546,238614,195149,195771,10000,11000,13067,10003,8000,11488,0
23723,50000,2,3,1,59,0,0,0,0,0,0,25775,0,0,0,0,0,0,0,0,0,0,0,0
23724,50000,2,3,1,53,0,0,0,0,0,0,48549,49180,48521,8731,8777,9261,2277,2290,1500,1000,1000,2000,1
23725,70000,2,3,2,52,0,0,0,0,0,0,103570,105991,67243,67533,28653,29253,3500,2777,1751,969,1004,938,0
23726,210000,2,3,1,55,0,0,0,0,0,0,3857,0,0,95438,96317,98400,0,0,95438,3393,3580,3998,0
23727,330000,2,3,1,50,0,0,0,0,0,0,2064,0,0,0,0,324,0,0,0,0,324,0,0
23728,200000,2,2,1,51,0,0,0,0,0,0,288015,148160,98651,251331,255017,54705,4470,9746,155858,5869,1964,1938,0
23729,220000,2,1,1,51,0,0,0,0,0,0,3315,2625,4863,1917,809,709,2625,4863,1917,809,709,1195,0
23730,50000,2,3,1,52,0,0,0,0,0,0,11463,12763,14149,15162,15463,15788,1500,1600,1252,553,574,747,0
23731,20000,2,2,1,53,0,0,0,0,0,0,19594,19502,19431,20290,20293,19665,2000,1700,1500,700,750,1000,0
23732,30000,2,2,2,53,0,0,0,0,0,0,356,15666,16863,7380,8580,10000,15700,2000,2000,1200,2200,0,1
23733,280000,2,2,1,56,2,0,0,0,0,0,284128,284204,284041,283396,213294,213384,9970,10261,17003,7657,7750,7861,1
23734,60000,2,3,1,60,0,0,0,0,0,0,57974,57637,56594,57097,56854,58325,2810,2648,2050,2084,2437,1968,0
23735,200000,2,3,1,50,0,0,0,0,0,0,8413,8611,15818,21813,20890,29890,5000,8000,10000,10000,10000,4686,0
23736,230000,2,2,2,51,0,0,0,0,0,0,213457,226037,213682,219016,172407,163690,17000,10000,10000,10000,10000,10000,0
23737,230000,2,1,1,51,0,0,0,0,0,0,0,0,0,0,0,496,0,0,0,0,496,496,1
23738,100000,2,3,1,49,0,0,0,0,0,0,62049,58158,57952,58627,46055,43176,2247,2900,2408,1689,1820,2040,0
23739,80000,2,2,1,49,0,0,0,0,0,0,83888,83503,82265,81974,81253,78343,3900,3000,3500,3200,3800,3300,0
23740,80000,2,2,2,51,0,0,0,0,0,0,80106,43289,21017,12883,-217,45966,1400,1500,1000,0,46700,1700,1
23741,70000,2,2,1,57,0,0,0,0,0,0,18379,19571,22729,24346,24940,25539,1500,3500,2000,1000,1000,1500,0
23742,200000,2,1,1,54,0,0,0,0,0,0,0,0,0,0,0,0,0,0,0,0,0,0,1
23743,20000,2,2,1,51,2,2,2,2,0,0,17612,18820,19717,18701,18726,18501,1800,1500,0,1000,1000,1000,0
23744,200000,2,2,1,50,0,0,0,0,0,0,3414,6640,7428,10234,5380,7532,6640,1025,10249,5380,5000,2261,0
23745,50000,2,2,1,55,0,0,0,0,0,0,23605,27856,16386,15511,15664,19761,5856,3386,5411,5664,5761,3866,0
23746,360000,2,2,1,52,1,0,0,0,0,0,0,0,0,0,0,0,0,0,0,0,0,207,0
23747,200000,2,3,2,49,0,0,0,0,0,0,1801,181,4095,5711,21420,6719,181,4126,5711,21520,6719,150,0
23748,90000,2,2,1,55,2,2,2,0,0,0,83040,81998,83674,80890,31565,33049,900,4003,3000,3000,3000,2000,1
23749,50000,2,3,2,59,0,0,0,0,2,2,50761,50185,59509,31495,30552,29556,2500,2600,6000,1300,0,1300,0
23750,400000,2,2,1,48,0,0,0,0,0,0,352730,335226,317661,319004,316611,314106,12370,15012,13000,12055,13368,12000,0
23751,110000,2,3,1,51,0,0,0,0,0,0,105476,109153,109501,105290,78812,78503,5436,5007,5290,8812,8503,8200,0
23752,50000,2,3,1,58,1,2,2,2,0,0,24135,23454,26755,26026,27310,29729,0,4000,0,2000,3000,0,1
23753,500000,2,1,1,58,1,0,0,0,0,0,-1,33982,37844,9441,12700,19267,35436,37311,9442,5001,10001,95478,1
23754,150000,2,3,1,65,0,0,0,0,0,0,0,0,500,0,0,0,0,500,0,0,0,0,0
23755,300000,2,4,1,54,1,0,0,0,0,0,0,0,1702,0,0,0,0,1702,0,0,0,0,0
23756,50000,2,2,1,56,0,0,0,0,0,0,48703,48836,48049,47060,19171,18624,2000,2000,2000,1000,1000,1000,0
23757,300000,2,1,1,59,0,0,0,0,0,0,12982,10114,10195,34010,20854,64741,11138,10217,34039,20854,64741,39441,0
23758,290000,2,2,1,49,0,0,0,0,0,0,282538,281749,238490,86202,83155,84927,10711,12915,2962,2863,2996,3257,1
23759,500000,2,2,1,52,0,0,0,0,0,0,588000,277559,288835,281810,273700,269552,17559,36500,20000,36000,20000,80013,0
23760,140000,2,3,1,50,0,2,0,0,0,0,845,845,1690,0,1690,0,0,1690,0,1690,0,845,1
23761,350000,2,5,1,49,1,0,0,0,0,0,0,36011,8978,11925,8574,5417,36011,8978,11975,8574,5417,1828,0
23762,180000,2,2,2,49,0,0,0,0,0,0,56677,35062,32721,32627,28272,26984,1600,1600,1500,1000,968,1000,0
23763,390000,2,1,1,48,1,0,0,0,0,0,0,5660,3730,9526,0,2680,5660,3730,9526,0,2680,200,0
23764,50000,2,1,2,52,0,0,0,0,0,0,28594,33080,29233,23340,-300,31031,5000,3000,1000,0,31331,0,0
23765,50000,2,1,2,51,0,0,0,0,0,0,43273,44652,46331,47896,47266,48002,2800,2795,2750,1130,1314,1159,0
23766,150000,2,1,2,52,0,0,0,0,0,0,126810,58955,29332,36796,19912,23126,5000,13003,15000,11000,10000,3000,0
23767,200000,2,1,1,49,0,0,0,0,0,0,413,0,103,0,0,0,0,103,0,0,0,225,0
23768,180000,2,1,2,53,0,0,0,0,0,0,-1580,-1580,-1580,-1580,-1580,-1580,0,0,0,0,0,0,0
23769,50000,2,2,1,50,0,0,0,2,0,0,12699,13734,17634,17053,17394,18563,1247,4147,0,624,1451,0,0
23770,110000,2,1,1,51,0,0,0,0,0,0,103701,102318,92724,94573,65034,66241,3771,3656,3687,2476,2406,2427,0
23771,310000,2,2,1,62,0,0,0,0,0,0,113529,116101,119953,119583,120837,99114,5000,6000,5005,5000,4000,3000,0
23772,80000,2,3,2,60,0,0,0,0,0,0,37298,19025,12720,14169,13828,1664,3000,3000,2030,3000,1000,839,0
23773,80000,2,3,1,54,0,0,0,0,0,0,55498,56368,42486,24500,28900,29400,2000,2000,1600,5000,1000,600,0
23774,240000,2,1,1,53,0,0,0,0,0,0,0,0,2007,-40,-40,8091,0,2007,40,0,8131,0,0
23775,210000,2,2,1,54,0,0,0,0,0,0,0,0,0,225,760,0,0,0,225,760,0,0,0
23776,30000,2,2,2,50,0,0,0,0,0,0,25416,26260,24084,23631,29863,29369,1389,1602,1563,8500,1100,500,0
23777,80000,2,1,1,52,0,0,0,0,0,0,34243,35240,36275,37290,38030,38838,1570,1605,1620,1360,1420,1500,0
23778,70000,2,3,1,49,2,2,2,2,2,2,19954,21024,21790,21142,23772,24930,1700,1400,0,3000,1700,1340,1
23779,50000,2,3,2,50,1,0,0,0,0,0,0,0,0,0,0,0,0,0,0,0,0,0,1
23780,180000,2,3,1,64,0,0,0,0,0,0,18084,1703,3681,21325,2228,856,1703,3697,21330,2228,1531,16934,0
23781,160000,2,2,1,60,0,0,0,0,0,0,16060,1605,4200,2461,0,0,1605,4200,2461,0,0,230,0
23782,20000,2,3,1,50,2,0,0,0,0,0,15887,16895,18379,19020,18620,19000,1275,1759,1400,0,380,0,1
23783,180000,2,1,1,53,1,0,0,0,0,0,0,0,0,0,0,0,0,0,0,0,0,0,0
23784,30000,2,2,3,54,0,0,0,0,0,0,26302,26873,28138,27074,13275,12500,2000,1719,1613,271,2250,0,0
23785,210000,2,2,1,56,0,0,0,0,0,0,25487,6655,6355,18543,6022,1334,6655,6359,18543,6022,1334,3864,0
23786,120000,2,3,1,55,1,0,0,2,0,0,-150,-150,7342,7029,7172,7338,0,7492,0,143,166,16000,0
23787,20000,2,3,1,51,1,2,0,0,0,0,15399,14859,15913,17033,17466,19635,0,1600,1700,1000,2600,0,1
23788,30000,2,2,1,49,1,2,0,0,0,2,10440,9972,16073,6342,8073,1731,0,16101,6342,1731,0,5517,0
23789,50000,2,3,1,53,1,2,0,0,0,0,51254,49852,28379,15988,16718,17446,0,6200,2000,1000,1000,1000,0
23790,20000,2,3,1,51,1,0,0,0,0,0,0,780,340,-50,-830,-1660,780,340,0,0,0,0,0
23791,120000,2,2,1,57,0,0,0,0,0,0,0,644,377,0,0,0,644,377,0,0,0,0,0
23792,70000,2,2,1,62,2,2,2,0,0,0,70457,73562,71818,70579,33946,34701,6454,0,3075,1214,1301,1626,1
23793,50000,2,2,1,58,0,0,0,0,0,0,50182,41207,19129,18538,17494,17833,1500,1700,1500,700,1000,1000,0
23794,20000,2,2,1,49,1,2,0,0,0,0,19127,16943,18359,19000,19600,19600,0,2000,1400,1000,0,0,0
23795,310000,2,3,1,53,0,0,0,0,0,0,1126,2603,-6,1184,7883,193,2635,0,1190,7909,193,3189,0
23796,120000,2,2,1,40,0,0,0,0,0,0,123270,122736,123394,123123,121499,121296,6000,6500,6500,5000,5000,5000,0
23797,360000,2,3,1,47,0,0,0,0,0,0,366484,365469,364081,365927,363629,303097,14463,15861,13600,12057,9340,9515,0
23798,240000,2,3,2,49,0,0,0,0,2,0,1271,4241,7164,10041,9731,13540,3000,3000,3000,0,4000,3000,0
23799,500000,2,3,2,53,0,0,0,0,0,0,0,0,0,0,0,1150,0,0,0,0,1150,0,1
23800,500000,2,2,1,53,0,0,0,0,0,0,10789,7855,17481,12021,132906,122256,7919,17512,12021,132906,0,37380,0
23801,240000,2,1,1,55,0,0,0,0,0,0,80199,82300,0,0,0,21585,3900,0,0,0,21585,0,0
23802,200000,2,2,1,56,0,0,0,0,0,0,2155,0,1750,4990,1200,676,0,1750,4990,1369,676,2158,0
23803,30000,2,3,1,67,2,2,0,0,0,0,26590,25869,26947,27529,24909,24576,0,1800,1370,1264,2078,836,1
23804,130000,2,3,1,49,0,0,0,0,0,0,108711,107996,87817,47175,48126,49234,6000,4542,2200,2000,2000,2000,0
23805,80000,2,3,1,50,0,0,0,0,0,0,55070,57863,54382,773,-5857,57071,5012,7450,5000,1630,69794,15000,0
23806,150000,2,2,1,51,0,0,0,0,0,0,71776,72909,74722,77865,78819,80607,2046,2413,3776,2224,2448,2500,0
23807,530000,2,1,1,54,0,0,0,0,0,0,6458,5598,36532,3288,1415,448,5600,36532,3293,1415,448,1687,0
23808,210000,2,1,1,53,0,0,0,0,0,0,180227,186423,169614,172297,177427,182399,11000,8000,7000,8000,8000,9000,0
23809,30000,2,2,3,54,1,0,0,0,0,0,0,0,0,0,20363,20819,0,0,0,20363,784,4000,0
23810,410000,2,2,1,50,0,0,0,0,0,0,358896,361330,360396,367893,375268,383121,13000,13100,13500,13500,13900,15000,0
23811,240000,2,2,1,50,0,0,0,0,0,0,664,1086,7041,12208,790,2009,1086,7041,12208,1109,2009,1077,0
23812,50000,2,1,2,61,3,2,0,0,0,0,60458,54438,53605,0,0,0,0,1100,0,0,0,0,1
23813,200000,2,3,1,67,0,0,0,0,0,0,187610,188072,166668,159513,150852,151996,10000,17014,15019,15000,15000,10000,0
23814,70000,2,2,2,55,0,0,0,0,0,0,57867,53214,54571,42413,42946,43843,1920,2230,2004,1537,1589,1598,0
23815,140000,2,3,2,53,0,0,0,0,0,0,68889,68662,65581,56271,54586,54247,3075,3014,2606,2005,2404,2629,0
23816,320000,2,3,2,54,0,0,0,0,0,0,54661,183429,303849,299996,307016,308110,183429,203849,22080,10000,10000,0,0
23817,50000,2,3,1,53,0,0,0,0,0,0,46138,47164,47602,37280,18678,18602,2182,2400,1000,18678,600,500,0
23818,500000,2,2,2,50,0,0,0,0,0,0,588,2393,5306,5453,3221,1269,2393,5308,1000,0,0,1557,1
23819,300000,2,2,1,51,0,0,0,0,0,0,0,0,0,0,0,0,0,0,0,0,0,0,1
23820,400000,2,1,1,51,1,0,0,0,0,0,-9,1084,3884,0,27703,0,1093,3884,0,27703,0,56677,0
23821,170000,2,2,2,51,0,0,0,0,0,0,1606,1420,1420,1420,1420,3464,1420,1420,1420,1420,3464,1420,0
23822,60000,2,3,1,50,2,0,0,0,0,0,61349,61600,61952,60661,29095,17636,2900,3300,2000,900,889,21500,1
23823,120000,2,1,1,47,0,0,3,2,0,0,632,948,948,632,632,316,948,0,0,316,0,466,1
23824,210000,2,1,2,50,0,0,0,0,0,0,1561,0,0,806,1945,0,0,0,806,1945,0,1315,0
23825,50000,2,3,1,51,0,0,0,0,0,0,45096,28907,29691,29104,28968,29440,1500,1508,1502,1100,1032,4500,0
23826,30000,2,2,2,51,0,0,2,2,2,2,22473,25293,24602,27964,27232,29800,3200,1,3801,0,3001,0,0
23827,130000,2,2,1,51,0,0,0,0,0,0,124619,128845,131045,94390,91111,93112,6301,6000,5000,4000,3500,4000,0
23828,280000,2,2,1,50,2,2,2,2,0,0,106341,108711,111510,108253,109065,111447,5600,6000,0,4100,4300,4300,1
23829,240000,2,1,1,51,0,0,0,0,0,0,4302,542,3934,6630,6817,7658,546,3953,6646,6865,7673,4208,0
23830,240000,2,3,1,50,0,0,0,0,0,0,242152,237635,242191,212879,185490,188850,8000,8000,7000,6000,6000,7000,0
23831,270000,2,2,1,51,0,0,0,0,0,0,7582,10392,11088,6045,750,4003,10392,11586,6013,750,4003,5000,0
23832,500000,2,1,1,52,0,0,0,0,0,0,9534,9164,9285,20348,10893,9697,9267,9961,20390,10925,9718,13021,0
23833,170000,2,3,2,53,0,0,0,0,0,0,161858,162402,159863,159700,77043,77047,5800,6500,5000,3000,3000,2500,0
23834,80000,2,3,1,50,2,3,2,2,2,0,2684,2502,2321,4247,3914,3242,0,0,2001,4,1073,23076,0
23835,280000,2,3,1,53,0,0,0,2,0,0,4866,4405,7322,7043,8932,9654,1200,3000,0,2000,1000,2000,0
23836,110000,2,1,1,52,0,0,0,0,0,0,1865,0,0,1930,-170,-170,0,0,1930,0,0,0,0
23837,250000,2,1,1,54,0,0,0,0,0,0,390,1090,390,2855,390,2950,1090,390,2855,0,2950,0,0
23838,360000,2,2,2,54,0,0,0,0,0,0,217936,202845,177252,165622,167824,156851,8880,7992,5627,5554,5456,5445,0
23839,50000,2,3,3,53,0,0,0,0,0,0,49326,50302,50036,48816,19587,18406,1803,2100,1500,1000,700,600,1
23840,280000,2,2,1,57,0,0,0,0,0,0,7640,9369,12261,12610,3160,9380,9369,12277,12610,0,9380,2098,0
23841,500000,2,2,1,54,0,0,0,0,0,0,455977,397418,392278,375931,364134,354019,13455,13691,12692,11883,11922,10032,0
23842,260000,2,3,1,65,0,0,0,0,0,0,225028,188891,174617,178214,182251,186144,8165,6500,6500,7000,7000,7500,0
23843,250000,2,2,1,52,0,0,0,0,0,0,1376,4038,313,316,657,993,4038,313,316,657,993,3039,1
23844,140000,2,3,1,56,0,0,0,0,0,0,141342,137996,139888,126590,111187,111414,5025,5962,4878,4100,4200,4003,0
23845,180000,2,1,1,55,1,0,0,0,0,0,0,0,0,0,0,0,0,0,0,0,0,0,0
23846,190000,2,2,1,52,0,0,0,0,0,0,175,1547,6101,4803,5039,0,1547,6101,4803,5039,0,0,0
23847,290000,2,1,1,52,0,0,0,2,2,2,85532,69025,85735,79698,71981,63168,12000,20000,0,5500,0,10000,0
23848,230000,2,1,2,53,0,0,0,0,0,0,0,742,0,0,596,4870,742,0,0,596,4870,0,0
23849,220000,2,2,1,54,0,0,0,0,0,0,265,4786,2367,2873,11768,7484,4786,2367,2888,11768,7484,13062,0
23850,30000,2,2,1,60,1,0,0,0,0,0,0,0,0,0,0,0,0,0,0,0,0,0,0
23851,300000,2,2,2,57,0,0,0,2,0,0,2890,390,1380,390,1170,390,390,1380,0,1170,0,0,0
23852,260000,2,3,1,57,0,2,0,2,0,0,1148,123,1668,446,123,35722,0,1668,0,490,35722,0,0
23853,140000,2,2,1,58,2,2,2,2,2,2,68859,70428,71902,72924,72335,75508,3300,3200,2800,1200,4500,3000,1
23854,350000,2,1,1,57,0,0,0,0,0,0,7617,2554,44293,66525,7502,15268,2558,44538,67211,7502,15268,228300,0
23855,70000,1,2,1,40,0,0,0,0,0,0,30346,27040,23756,18897,10873,10707,1681,1635,1463,525,535,570,0
23856,200000,1,2,2,30,0,0,0,0,0,0,183464,184391,169311,165686,162639,165627,7197,7035,7032,6008,7002,6523,0
23857,90000,1,1,2,31,2,0,0,0,0,0,90226,90378,27831,28790,29087,28941,2500,1500,1443,1100,1042,2000,1
23858,30000,1,2,2,49,1,2,2,0,0,0,24597,26852,23117,24800,29410,23905,3000,0,3000,5000,23905,23771,0
23859,80000,1,1,2,25,0,0,0,0,0,0,67751,68484,54926,55241,56560,57881,2500,3000,2000,2000,2000,3000,0
23860,150000,1,1,2,26,0,0,0,0,0,0,29997,31171,30356,30545,31257,33762,2000,2000,2000,1200,3000,2000,0
23861,360000,1,1,2,29,1,0,0,0,0,0,-4316,60054,187734,17328,10658,77898,65000,188000,17384,20000,78000,46677,0
23862,400000,1,2,1,30,0,0,0,0,0,0,11633,12294,13038,13751,5765,21784,1200,1287,1000,5819,26957,507,0
23863,300000,1,1,2,30,0,0,2,0,0,0,121,2175,774,2774,2774,14190,3204,0,2000,0,15000,2043,0
23864,50000,1,2,2,30,2,2,2,2,2,2,21839,22771,23700,24016,23332,24849,1600,1600,1000,0,1896,0,1
23865,20000,1,1,2,27,1,2,2,2,0,0,15678,15129,17973,31269,11401,8311,0,3100,0,2000,1000,2000,0
23866,90000,1,2,2,28,2,2,0,0,2,0,82671,78750,66605,63795,61061,54646,0,3324,5380,0,2000,1800,1
23867,180000,1,2,1,28,0,0,0,0,2,0,148735,150771,156334,165696,165582,168952,6000,8000,13500,4110,6200,13600,0
23868,230000,1,2,2,29,0,0,0,0,0,0,566,5477,7996,6406,6040,6446,5480,4001,3000,3000,2000,5000,0
23869,160000,1,2,1,28,1,0,0,0,0,0,0,0,0,0,0,1300,0,0,0,0,1300,1244,0
23870,200000,1,2,2,25,1,2,0,0,0,0,124652,109401,63518,14607,16399,18026,6,5000,2000,2000,2000,20000,0
23871,300000,1,2,2,27,0,0,0,0,0,0,1726,-9,1974,17648,36732,1000,2800,1983,17652,36183,1002,0,0
23872,360000,1,1,2,29,0,0,0,0,0,0,0,0,0,0,0,0,0,0,0,0,0,0,0
23873,230000,1,2,2,30,0,0,0,0,0,0,9125,7795,191795,192255,187755,187740,4000,191795,10000,8000,8000,8000,0
23874,80000,1,1,2,27,0,0,0,0,0,0,74413,76817,74554,43727,16307,1755,7000,3000,1400,326,1755,0,0
23875,90000,1,2,2,27,2,0,0,0,0,0,2542,3556,4490,0,0,0,1066,1000,0,0,0,0,1
23876,80000,1,1,2,25,0,0,0,0,0,0,37325,38503,39429,24600,10000,0,2100,2000,1000,700,0,0,0
23877,160000,1,1,2,29,1,0,0,0,0,0,0,6285,0,0,0,0,6285,0,0,0,0,0,0
23878,200000,1,1,2,30,0,0,0,0,0,0,0,0,0,0,0,0,0,0,0,0,0,0,0
23879,60000,1,2,2,25,0,0,0,0,0,0,15614,16231,17074,17684,20003,21040,1267,1500,1291,3000,2000,390,0
23880,360000,1,1,2,27,0,0,0,0,0,0,2807,894,5939,1390,-5,-5,898,5970,1396,0,0,0,0
23881,360000,1,3,2,30,0,0,0,0,0,0,0,0,0,0,0,0,0,0,0,0,0,0,0
23882,220000,1,1,2,28,0,0,0,0,0,0,184,1709,919,47545,2398,3338,1709,919,47545,2398,5178,12448,0
23883,120000,1,1,2,27,0,0,0,0,0,0,21812,20874,21930,22165,20502,19030,1700,1700,1500,700,1000,1000,0
23884,50000,1,2,2,23,0,0,2,0,0,0,45708,48316,44070,45021,45145,46470,6000,0,2000,2000,3000,3600,0
23885,300000,1,2,2,29,0,0,0,0,0,0,0,0,0,0,0,0,0,0,0,0,0,0,1
23886,400000,1,1,2,36,0,0,0,0,0,0,0,0,0,0,0,0,0,0,0,0,0,0,1
23887,260000,1,3,2,35,0,0,0,0,0,0,33078,42056,43986,45879,54264,59872,10000,10000,10390,10009,10000,10000,0
23888,80000,1,2,1,27,0,0,0,0,2,0,58777,60201,61633,69160,26000,25000,3000,3000,9160,0,0,0,0
23889,50000,1,1,2,30,0,0,0,0,0,0,50457,51400,0,3794,0,0,2400,0,3794,0,0,9551,0
23890,20000,1,2,2,27,0,0,0,0,0,0,1200,0,0,0,0,0,0,0,0,0,0,0,0
23891,50000,1,2,1,29,0,0,0,0,0,0,47555,47531,46604,47982,29667,30449,1932,2005,2383,1068,1266,1045,0
23892,20000,1,3,2,23,1,2,0,0,0,0,19901,19105,572,19206,18595,19135,0,572,20502,1000,840,705,0
23893,150000,1,1,2,30,0,0,0,0,0,0,84777,81530,78940,73785,70787,59526,2881,3073,2584,1260,1357,1736,0
23894,620000,1,2,2,29,0,0,0,0,0,0,524191,524555,445543,443199,451040,431316,19306,15669,16011,16000,15500,17002,0
23895,270000,1,3,2,36,0,0,0,0,0,0,276192,271773,262623,268735,273709,273139,11000,11100,12000,11000,10200,10500,0
23896,130000,1,2,2,29,1,2,2,2,2,2,88766,91466,93182,90851,96576,98452,5000,4000,0,7200,3500,3600,1
23897,150000,1,2,2,22,0,0,0,0,0,0,82791,82533,77002,45340,36352,36499,3187,2381,1579,1265,1584,597,0
23898,50000,1,2,1,26,0,0,0,0,0,0,38189,28440,23228,21482,18029,18705,3000,1436,1162,2184,871,500,0
23899,50000,1,2,1,26,1,4,3,2,2,3,13294,12799,12311,11816,14014,13506,0,0,0,2394,0,0,1
23900,20000,1,2,2,23,2,0,0,2,2,0,15021,17452,19853,19437,0,0,6000,3000,295,0,0,0,1
23901,50000,1,2,2,22,0,0,0,0,0,0,2454,0,0,0,0,0,0,0,0,0,0,0,0
23902,170000,1,1,2,25,0,0,0,0,0,0,112367,106345,91409,90720,83208,83956,5451,4456,2992,3000,3200,3200,0
23903,50000,1,2,2,29,0,0,0,0,0,0,51232,50732,50962,49908,32361,21138,1900,2300,1500,1500,900,900,0
23904,20000,1,3,2,22,0,0,0,0,0,2,18306,18977,19328,19035,19262,12308,1287,1462,1522,1165,0,1000,0
23905,20000,1,2,2,22,1,2,2,2,0,0,14542,14011,16899,16335,16509,17590,0,3132,0,742,1501,0,1
23906,20000,1,2,2,21,0,0,0,0,0,0,23675,20297,17054,2333,1300,0,1800,1240,2333,0,0,0,0
23907,20000,1,2,2,21,0,0,0,0,0,0,18671,18497,19633,18347,9347,0,1614,1750,1000,1000,0,0,0
23908,20000,1,1,2,22,0,0,0,0,0,0,19231,20235,21579,22231,22301,21687,1331,1675,1327,800,783,777,1
23909,90000,1,2,2,25,0,0,0,0,0,0,79938,67857,66929,67797,47739,48163,3000,3000,3000,3000,2000,2000,0
23910,80000,1,2,1,26,0,3,2,0,2,2,495,330,165,481,316,151,0,0,481,0,0,0,0
23911,50000,1,1,2,22,0,0,0,0,0,0,28725,28424,30965,28612,25498,24866,2000,5000,1500,1000,2000,5000,1
23912,60000,1,1,2,23,0,0,0,0,0,0,31348,50778,53407,19443,16597,18423,20109,5000,2000,1000,2000,1000,0
23913,50000,1,2,2,22,0,0,0,0,0,2,49718,50362,49904,50405,29795,28383,1786,2000,1500,2200,0,1100,0
23914,20000,1,1,2,22,0,0,2,0,0,0,17875,20524,17478,18224,18926,19627,3300,0,1500,1000,1000,1000,0
23915,20000,1,3,2,23,0,0,0,0,0,0,19812,20388,19145,20124,20127,20150,1300,1330,1309,702,719,1000,0
23916,50000,1,2,2,24,0,0,0,0,0,0,90,6560,7029,1734,916,18864,7396,1459,1000,18,18784,1000,0
23917,80000,1,1,2,24,0,0,0,0,0,0,50781,29297,78589,78806,50663,50214,4400,50000,3034,1800,1817,1750,0
23918,50000,1,1,2,22,0,0,0,0,0,0,38251,34489,32252,6182,17118,8922,4000,1500,1500,2500,500,400,0
23919,20000,1,2,2,22,1,4,3,2,0,0,17456,16896,16345,15785,17018,18736,0,0,0,1500,2000,2000,1
23920,20000,1,2,2,22,2,3,2,2,2,0,15662,16004,17046,16676,16704,16984,900,1600,200,600,700,2100,0
23921,50000,1,3,1,22,0,0,0,0,0,0,45458,46450,47599,48456,44546,43256,2051,2200,2016,2009,2092,1020,1
23922,50000,1,3,2,23,0,0,0,0,0,0,4332,0,0,0,0,0,0,0,0,0,0,0,0
23923,50000,1,2,2,23,0,0,0,0,0,0,35176,30250,12625,0,0,0,2007,5000,0,0,0,0,0
23924,20000,1,2,2,23,1,2,0,0,0,0,16830,14566,10100,9238,6902,5813,50,5000,1200,500,500,1000,0
23925,420000,1,2,1,24,0,0,0,0,0,0,392639,397332,376317,214062,164003,162836,16117,20516,7092,6019,4636,5570,0
23926,50000,1,2,2,25,0,0,0,2,0,0,17826,18620,19722,19305,19409,20221,1400,2200,806,1000,2000,1000,0
23927,110000,1,2,2,26,1,2,2,3,2,2,83796,86713,93436,91075,88714,94316,5200,9000,0,0,7062,3424,0
23928,20000,1,6,2,21,0,0,0,0,0,0,13203,4443,3259,2969,0,0,1036,1132,2000,0,0,0,0
23929,20000,1,2,2,22,0,0,0,0,0,0,16439,17140,18269,38082,19923,6825,1279,1408,1180,1000,500,500,0
23930,50000,1,3,2,23,0,0,0,0,0,0,9168,10178,11200,12214,12608,12718,1166,1188,1202,596,461,462,0
23931,180000,1,2,2,23,0,0,0,0,0,0,96709,99673,100951,104625,106498,115632,4485,3682,5253,5000,11000,10000,0
23932,20000,1,2,2,22,0,0,2,2,2,2,18690,12289,5560,6310,7204,6943,3500,1000,1000,1000,0,1000,0
23933,20000,1,2,2,21,0,0,0,0,0,0,22291,15999,12874,8350,7500,8500,1700,1174,4000,150,1000,0,0
23934,20000,1,2,2,21,0,0,0,0,0,0,20070,19278,3346,-780,780,2130,1072,1000,0,1560,2130,3680,0
23935,20000,1,2,2,22,2,3,2,2,3,2,18292,17710,17137,19830,19240,18419,0,0,3000,0,0,2000,1
23936,50000,1,2,2,22,0,0,0,0,0,0,38311,52702,50639,53052,47335,32489,20052,16216,8734,1018,9421,10055,0
23937,50000,1,3,2,26,2,0,0,0,0,0,31708,32439,28302,13881,14376,15261,1700,2000,1500,1100,1500,2000,0
23938,150000,1,4,3,27,0,0,0,0,0,0,3462,1147,7002,0,0,0,1147,6000,0,0,0,0,0
23939,70000,1,2,2,27,2,2,2,2,2,2,29193,30214,31130,31622,32102,32742,1800,1700,1300,1300,1300,1300,1
23940,50000,1,2,2,27,1,2,0,0,0,0,47568,46482,44546,40745,19910,17786,0,2000,1241,633,616,2500,1
23941,150000,1,1,1,32,0,0,0,0,0,0,15000,0,0,1662,0,0,0,0,1662,0,0,0,0
23942,100000,1,2,2,26,0,0,0,0,2,0,44053,2206,1953,3053,853,48280,2206,1953,3100,0,48280,0,0
23943,20000,1,2,2,24,0,0,0,0,0,0,15730,16776,35036,14694,16914,14074,1313,2110,4000,6000,4000,174,0
23944,20000,1,2,2,24,0,0,2,3,2,2,14068,16706,18342,17755,17967,17538,3200,2200,0,800,0,1401,0
23945,20000,1,3,2,24,0,0,0,0,0,0,3724,5646,6808,14046,13924,16924,2000,1262,7500,278,3000,0,0
23946,20000,1,2,2,22,0,0,0,0,0,0,20813,19666,20076,19875,19659,19310,1000,20700,2000,800,465,1000,0
23947,100000,1,3,2,25,0,0,0,0,0,0,76068,69334,54883,55383,36095,31322,2895,2088,1511,1124,1053,1009,0
23948,190000,1,2,2,29,0,0,0,0,0,0,185222,163336,157158,149423,115038,97756,5836,6358,5487,4038,3803,3042,0
23949,50000,1,2,2,22,0,0,0,0,0,0,47871,44546,28628,19502,1971,7538,1546,1519,1035,296,20300,1000,0
23950,20000,1,3,2,24,1,3,2,0,0,3,14665,14146,13634,14401,16257,15713,0,0,1300,2101,0,0,1
23951,70000,1,2,1,26,1,2,0,0,0,0,8587,9386,9456,9528,7481,7794,1100,1178,1250,300,400,250,0
23952,50000,1,2,2,24,0,0,0,0,0,0,52359,51158,3957,52522,31921,29265,2064,1053,53874,1009,934,719,0
23953,20000,1,2,2,25,1,2,0,0,0,0,20873,20240,20365,19565,9928,12758,4,1378,1203,15460,3000,2000,1
23954,20000,1,1,2,24,0,0,0,0,0,0,720,100,1192,7804,6200,3982,100,1192,7807,124,3982,1156,1
23955,20000,1,2,2,24,0,0,0,0,0,0,10768,12087,13115,14190,14328,14629,1502,1530,1600,670,680,686,0
23956,50000,1,2,2,24,0,0,0,0,2,0,48846,48136,72898,36103,29384,29356,1904,3700,5396,6,1003,1449,0
23957,20000,1,1,2,23,0,0,0,0,0,0,10242,18778,19065,18025,17414,17068,10000,1300,1300,609,700,1809,0
23958,50000,1,2,2,23,1,0,0,0,0,0,0,0,0,1000,0,0,0,0,1000,0,0,0,0
23959,50000,1,2,2,24,1,2,0,0,0,0,5784,3392,2182,0,2092,-2272,0,1000,0,2092,0,0,0
23960,20000,1,1,2,24,1,0,0,0,0,0,255,541,275,329,544,190,541,275,329,544,190,241,0
23961,20000,1,2,2,25,1,2,0,0,0,0,12589,716,243,19853,20157,20182,0,1000,20000,1000,720,1800,0
23962,50000,1,2,2,25,0,0,0,0,0,0,46980,47809,49040,29662,28360,28831,1910,2141,1763,1161,1077,1167,1
23963,70000,1,1,2,25,0,0,0,0,0,0,23799,9000,11818,12889,9043,26713,9000,7000,5000,4043,5000,0,0
23964,20000,1,2,2,27,0,0,0,0,0,0,12546,13830,14599,15650,15964,17204,1500,1300,1300,574,1500,0,1
23965,20000,1,2,1,24,1,4,3,2,2,2,17611,18038,17473,16900,17690,18255,1000,0,0,1376,1000,649,0
23966,20000,1,2,2,23,0,0,0,0,0,0,20432,16941,18066,19259,20071,19800,1280,1405,1598,1410,1021,0,0
23967,20000,1,2,2,25,0,0,0,0,0,0,17286,18199,18559,19068,19053,16500,1594,1344,1243,618,579,778,1
23968,220000,1,1,2,26,0,0,0,0,0,0,44432,128967,96750,71616,65415,57914,100000,18720,37800,7096,12000,25000,0
23969,120000,1,2,2,25,1,2,2,2,2,0,63119,61304,54675,52206,10325,8992,2200,1828,500,0,500,1000,1
23970,140000,1,1,2,26,0,0,0,0,0,0,17376,4879,6266,4379,420,0,4907,6284,4392,420,0,245,0
23971,50000,1,1,2,27,0,0,2,0,0,2,48215,44175,83132,42079,44781,45619,4007,0,1706,3408,1700,0,0
23972,50000,1,2,2,25,0,0,0,0,0,0,47034,48442,49173,49290,48910,48910,2500,2200,1700,1000,0,0,0
23973,10000,1,2,2,26,1,0,0,0,0,0,7140,8489,9488,9129,9479,9523,11153,1152,1150,500,345,387,0
23974,50000,1,1,2,25,0,0,0,0,0,0,18164,19456,20486,21241,21788,23281,1900,1645,1400,900,2000,0,0
23975,50000,1,2,2,26,0,0,0,0,0,0,25126,26697,28222,27180,27979,28926,2000,2000,2000,1500,1500,1000,0
23976,20000,1,1,2,25,0,0,0,0,0,0,26694,10298,9768,8798,9404,6864,1200,2000,2000,1000,1000,1000,0
23977,200000,1,1,2,26,0,0,0,0,0,0,-4,909,6737,6012,5167,3132,913,6737,6031,5167,3132,2290,0
23978,40000,1,1,2,26,0,0,0,0,0,0,21651,19279,19076,15838,17616,11081,5009,5000,1560,7000,497,2000,0
23979,30000,1,2,2,23,0,0,2,2,0,0,14404,32852,17113,4818,4818,0,3196,2000,0,0,0,0,0
23980,20000,1,2,2,23,2,0,0,2,0,0,15789,16831,20404,19621,14051,0,1610,4183,0,281,0,0,1
23981,50000,1,2,2,23,0,0,0,0,0,0,51274,50474,49724,48437,18712,19129,4175,41000,51705,700,718,700,0
23982,20000,1,3,2,24,0,2,0,0,0,0,546,48,498,449,1651,1114,0,948,449,1700,1114,0,0
23983,130000,1,2,2,25,0,0,0,0,0,2,72850,74937,75900,74982,79701,81282,3300,2800,3000,6000,3000,0,0
23984,160000,1,2,2,25,0,0,0,0,0,0,4071,4554,4770,5494,4586,4686,1060,1276,1000,92,100,1000,0
23985,110000,1,2,2,25,0,0,0,0,0,0,54165,88490,99595,99055,30328,24564,88490,30000,40000,30328,24564,42000,0
23986,50000,1,2,2,37,0,0,0,0,0,0,16029,17039,18064,19076,19453,19862,1281,1306,1318,695,721,1018,1
23987,50000,1,2,2,25,0,0,4,3,2,2,29206,53086,51981,50805,51518,50713,25000,0,0,1800,108,2400,0
23988,240000,1,2,2,26,0,0,0,0,0,0,27967,28707,27970,187880,169261,148519,10016,2081,169267,5062,4608,5096,0
23989,20000,1,2,2,27,0,0,0,0,0,0,2003,2948,3372,0,0,0,1086,1000,0,0,0,0,0
23990,500000,1,3,2,30,0,0,0,0,0,0,1092,5227,5453,5540,6263,1831,4303,1096,1020,6315,1833,9649,0
23991,60000,1,2,2,26,0,0,0,0,0,0,59487,59199,59326,58938,30101,29735,2113,2500,3000,2500,1500,1100,0
23992,50000,1,3,2,25,0,0,0,0,2,2,47727,45926,47095,49485,49083,45187,2100,2200,3500,2000,0,5151,0
23993,50000,1,2,2,24,0,0,0,0,0,0,46521,47597,48799,41286,16764,16960,2150,2352,1239,717,585,589,0
23994,20000,1,2,2,25,0,0,0,0,0,0,390,390,390,390,390,780,390,390,390,390,390,0,0
23995,30000,1,2,2,25,0,0,0,0,0,0,30274,30517,30485,30533,29148,29782,1932,3900,1700,1200,1180,2500,0
23996,80000,1,2,1,25,1,2,2,0,0,0,80906,82789,80903,80215,63296,49854,3800,6,3636,2646,2000,1830,0
23997,20000,1,2,1,25,0,0,0,0,0,0,14447,15455,17562,17322,17119,17350,1552,2659,1419,606,500,1000,0
23998,10000,1,2,2,26,0,0,0,0,0,0,8882,9933,9825,17506,16608,9176,1300,2200,1300,320,1820,1000,0
23999,20000,1,5,2,26,0,0,0,0,0,0,20564,20284,19394,39950,0,0,3055,1467,1096,1000,0,0,0
24000,100000,1,1,2,26,0,0,0,0,0,0,1544,1049,2067,1944,389,1221,1100,1200,1000,500,1000,1000,1
24001,50000,1,2,2,23,2,2,0,0,0,0,51246,49758,48456,44116,21247,20066,8,2401,2254,2004,704,707,0
24002,60000,1,2,2,26,0,0,0,0,0,0,58072,59040,57416,55736,26958,28847,2282,2324,2049,2000,3000,1120,1
24003,400000,1,2,2,27,0,0,0,0,0,0,15330,8626,11470,10745,20737,9545,2501,10009,1437,1105,510,959,0
24004,20000,1,5,2,27,5,4,3,2,2,2,21673,21051,20440,19709,20113,19840,0,0,0,900,0,0,0
24005,50000,1,3,2,27,0,0,0,0,0,0,32590,-100,0,0,70,120,0,100,0,70,200,100,0
24006,110000,1,2,2,27,0,0,0,0,0,0,102551,103550,105089,107164,105988,108617,5500,6000,6000,4000,5000,4000,0
24007,30000,1,3,2,23,0,0,0,0,0,0,4443,370,380,590,7704,20204,430,400,601,7504,15005,5674,0
24008,230000,1,2,2,27,0,0,0,0,0,0,34592,23689,27652,8430,9811,9865,1816,5105,1293,2000,528,3000,0
24009,20000,1,3,3,23,0,0,0,0,0,0,18455,19990,20215,19298,19807,12294,2000,20000,1612,1121,702,1000,0
24010,30000,1,1,2,24,0,0,0,2,0,0,6003,4912,6214,3311,4430,906,1440,2259,0,1500,425,895,0
24011,90000,1,2,2,25,0,0,0,0,0,0,91151,88937,91097,52285,46430,47404,3453,3868,1960,1658,1718,2200,0
24012,30000,1,2,2,25,2,0,0,0,0,0,24279,25281,26568,29872,23504,25724,1713,2000,4000,0,3000,1000,1
24013,20000,1,3,2,24,4,3,2,0,0,0,20569,19927,16371,17291,18001,18706,0,0,1500,1000,1000,836,1
24014,20000,1,2,2,24,2,2,2,0,0,0,17996,19102,19117,19664,10000,4060,2100,1000,1000,1100,4060,0,1
24015,50000,1,2,2,24,0,0,0,0,0,0,12236,13324,14403,15460,15804,16549,1300,1300,1300,600,1000,602,0
24016,80000,1,2,2,25,0,0,0,0,0,0,416,416,416,416,416,416,416,416,416,416,416,416,0
24017,120000,1,1,2,28,0,0,0,0,0,0,231,6665,880,0,4440,4440,6673,880,0,4440,4440,4440,0
24018,50000,1,2,2,25,0,0,0,0,0,0,5814,-73,11427,191,7391,6554,0,11500,191,7200,2000,7000,0
24019,200000,1,1,2,26,0,0,0,0,0,0,50124,51122,52533,52772,53441,22246,1830,2235,1447,1069,445,9332,0
24020,150000,1,2,2,25,0,0,0,0,0,0,140662,144334,148016,150128,94834,97487,6000,6000,5176,5000,4002,3628,0
24021,360000,1,1,2,24,2,0,0,0,0,0,1188,1803,777,-3,-3,-3,1003,783,0,0,0,0,1
24022,60000,1,1,2,25,0,0,2,2,2,0,56918,61210,52757,29209,26403,26969,5914,17,3106,0,1104,1134,0
24023,80000,1,2,2,25,3,2,0,0,0,0,79977,78091,80288,82150,319,85,0,3456,3750,319,85,322,0
24024,320000,1,1,2,25,0,0,0,0,0,0,146183,148703,169920,174315,173032,176016,6206,25006,10025,6506,7006,8006,0
24025,140000,1,2,2,25,2,0,0,0,0,0,142697,137269,133767,120287,117183,119575,5010,6377,5604,4160,8239,0,1
24026,20000,1,2,1,26,3,2,2,3,3,3,1050,1050,1050,1050,1050,1050,0,0,0,0,0,0,1
24027,110000,1,2,2,26,0,0,0,2,0,0,60808,196,3290,3089,3601,3396,196,3290,0,563,296,200,0
24028,190000,1,2,2,26,0,0,0,2,2,2,45694,52361,43563,40909,50758,36922,9000,8000,0,12000,3000,0,0
24029,130000,1,2,2,25,0,0,0,2,2,2,113290,112561,119435,105382,49643,46812,5650,12421,0,7000,0,2000,0
24030,160000,1,1,2,26,0,0,0,0,0,0,138825,135233,130038,79027,6666,6666,6800,5600,3715,6666,6666,6666,1
24031,260000,1,1,2,26,0,0,0,0,0,0,250303,198350,189510,178738,182973,187233,7065,7054,6500,7000,7001,10000,0
24032,80000,1,1,2,26,0,0,0,0,0,0,7412,945,1096,162,6600,1780,945,1096,163,6600,1780,0,0
24033,50000,1,2,2,25,0,0,2,2,4,3,28651,41897,43032,47242,46212,45205,14200,2100,5215,0,0,0,1
24034,100000,1,1,2,26,0,0,0,0,0,0,91189,93383,96301,90858,92724,96030,3500,4300,4400,4000,4700,5000,0
24035,20000,1,2,2,27,1,2,0,0,2,2,7326,7060,8240,9582,9279,9971,0,1296,1638,0,844,0,1
24036,210000,1,2,2,27,1,0,2,0,0,0,0,628,232,1067,-27,-27,628,0,1000,0,0,0,0
24037,160000,1,2,2,28,0,0,0,0,0,0,84879,59607,38512,19129,15525,11146,2593,2000,1604,2000,11146,2006,0
24038,340000,1,1,2,26,0,0,0,0,0,0,241720,221836,206485,196137,196447,195114,8000,10000,10000,8032,8000,8500,0
24039,70000,1,3,2,27,2,2,2,3,3,2,58009,56479,63633,64500,62867,64210,0,8100,2500,0,2500,2455,1
24040,50000,1,1,2,27,2,2,0,0,0,0,51042,48878,47884,29506,3672,8346,0,2354,1410,1500,4900,700,1
24041,60000,1,1,2,26,0,0,0,0,0,0,1870,32603,32432,27976,25862,24571,32607,2119,3008,1006,1042,1001,0
24042,20000,1,3,2,27,3,2,2,5,5,4,1200,1200,1200,1200,1200,600,0,0,0,0,0,0,1
24043,50000,1,1,2,27,0,0,0,2,2,0,35215,36227,37876,39984,39041,40110,1600,2234,3042,0,1700,2000,0
24044,240000,1,1,2,26,0,0,0,0,0,0,5010,1188,3513,11380,1777,190,1188,3513,11794,1785,190,0,0
24045,20000,1,2,2,23,0,0,0,0,0,0,9550,10867,11585,12899,13087,13327,1480,1198,1512,700,600,2700,0
24046,50000,1,2,2,25,0,0,0,0,0,0,29827,30863,31897,29652,20483,19909,1536,1570,1316,1680,722,822,0
24047,130000,1,2,2,25,0,0,0,0,0,0,39074,39767,38680,5654,1938,522,1766,1521,3100,0,10,0,0
24048,50000,1,2,2,25,0,0,0,0,0,0,49899,35200,29447,19980,10400,0,1679,2438,1700,1000,0,0,0
24049,130000,1,2,2,27,0,0,0,0,0,0,6136,9258,3397,2435,1570,1467,9272,3397,2435,1570,1467,550,0
24050,20000,1,1,2,27,0,0,0,0,0,0,19483,18956,18742,19738,15627,15753,1258,1404,1400,399,604,2500,0
24051,370000,1,6,1,28,0,0,0,0,0,0,64268,2868,3788,9424,2468,2468,2868,100332,9456,2468,2468,2468,0
24052,110000,1,3,1,27,0,0,0,0,0,0,108435,109572,45907,5130,2889,78834,3509,1102,1014,2889,82718,3100,0
24053,200000,1,3,2,28,0,0,0,0,0,0,203357,201115,192220,180090,184603,189340,7064,7048,6000,6500,7430,0,0
24054,160000,1,3,2,26,0,0,0,0,0,0,58929,60950,61292,16623,33393,34220,3000,2000,15000,33000,3000,1100,0
24055,310000,1,2,2,26,0,0,0,0,0,0,304091,309627,315544,309272,240119,235799,12805,13567,13203,8765,9643,9035,0
24056,90000,1,1,2,27,1,0,0,0,0,0,0,0,0,0,0,0,0,0,0,0,0,0,0
24057,20000,1,2,2,22,4,3,2,0,0,2,16226,15682,15146,15856,17090,16677,0,0,1266,1500,0,1915,1
24058,30000,1,5,2,23,0,0,0,0,0,0,30830,0,0,0,0,0,0,0,0,0,0,0,0
24059,90000,1,4,2,24,0,0,0,0,0,0,35865,32764,25348,9580,0,0,1546,1176,1000,0,0,0,0
24060,240000,1,2,2,28,0,0,0,0,0,0,44996,-4,-4,-4,801,192850,0,0,0,805,192869,7012,0
24061,260000,1,2,2,32,0,0,0,0,0,0,60587,-83,-83,458,-7941,156600,0,0,541,4538,166000,6000,0
24062,120000,1,2,2,27,0,0,0,0,0,0,29344,33474,29029,26523,20554,19348,5053,1789,2037,659,802,640,0
24063,80000,1,2,2,27,1,2,0,0,0,0,83062,81150,82150,0,0,0,0,3800,0,0,0,0,0
24064,160000,1,1,2,27,0,0,0,0,0,0,5574,3327,5958,55914,23285,29170,3353,7916,56116,23302,11580,9976,0
24065,130000,1,2,2,27,0,0,0,0,0,0,7100,4007,4900,1235,3946,2817,1100,1000,1235,3011,1008,966,0
24066,20000,1,1,2,23,0,0,0,0,0,0,14697,11983,4098,14899,10170,7151,12483,4098,14899,10170,427,0,0
24067,170000,1,2,1,26,0,0,0,0,0,0,30779,30751,23602,16633,0,51269,1675,1500,1007,0,51269,1865,0
24068,110000,1,3,2,27,0,0,0,0,0,0,45443,55567,65753,65379,65467,64596,15567,15753,5379,5467,4596,3405,0
24069,50000,1,2,1,25,0,0,0,0,0,0,26339,27699,28513,29341,29928,29533,1800,1565,1393,980,994,1024,0
24070,70000,1,2,2,26,0,0,0,0,0,2,65329,64584,63600,60540,26890,18923,3000,4000,2000,4030,0,1000,0
24071,80000,1,2,2,25,0,0,0,0,0,0,77901,79605,79207,0,0,0,3600,2407,0,0,0,0,0
24072,50000,1,1,2,25,0,0,0,0,0,0,13886,14958,15726,1148,0,0,3000,5000,1148,0,0,0,0
24073,60000,1,1,2,27,0,0,0,0,0,0,20567,11937,1536,59038,54586,56375,4000,1536,59038,1300,3000,2000,0
24074,100000,1,2,1,28,0,0,0,0,0,0,74269,59948,56323,48985,23894,23402,2812,2081,2077,1003,1015,1000,0
24075,50000,1,1,2,27,0,0,0,2,2,2,17468,48675,36287,30691,29901,49293,32400,4000,1200,0,20000,2000,0
24076,180000,1,1,1,28,2,3,2,0,0,0,187205,182435,131327,131288,100116,86644,5,0,7326,4124,8693,0,0
24077,250000,1,1,2,27,0,0,0,0,0,0,73,2244,3119,1860,10094,4896,2265,3119,1943,10094,2896,5074,0
24078,140000,1,2,2,27,0,0,0,0,0,0,24048,1999,109104,110336,67197,67910,2014,110330,5012,5000,3000,5000,0
24079,200000,1,1,2,28,0,0,0,0,0,0,6905,8674,6449,14392,14792,8016,4628,6454,14392,600,164,0,0
24080,70000,1,1,2,29,0,0,0,2,0,0,32938,33635,35287,36002,37096,37999,1548,2200,1600,2000,1500,3000,0
24081,160000,1,2,2,28,0,0,0,0,0,0,7169,581,0,972,-1,-1,581,0,972,1,0,0,0
24082,50000,1,1,2,28,1,0,0,0,0,0,0,0,16248,17105,16842,21842,0,16248,1600,337,5000,5000,0
24083,30000,1,2,2,28,1,2,2,0,0,0,26026,27300,26577,28120,29659,30394,2000,0,2000,2000,1200,1000,0
24084,110000,1,1,2,28,0,0,0,0,0,0,102282,104196,105922,108820,66883,68083,5200,5000,5000,2100,2000,2000,0
24085,180000,1,1,2,27,0,0,0,0,0,0,20793,18795,23194,44070,39003,26424,10053,12057,30035,863,72,37,0
24086,150000,1,1,2,28,0,0,0,0,0,0,24942,83333,75249,61949,67280,64374,80284,6254,6119,33333,4374,6814,0
24087,110000,1,2,2,28,0,0,0,0,0,0,111425,95724,97712,99687,100937,103138,4300,4422,4493,3800,3975,3773,0
24088,90000,1,1,2,27,0,0,0,2,0,0,84404,86109,92140,88296,88357,85506,3100,8100,0,3200,3000,3500,0
24089,110000,1,1,2,28,0,0,0,0,0,0,107800,105820,104780,98139,72176,74011,4000,4000,4100,3000,3000,3000,0
24090,40000,1,2,2,28,0,0,0,0,0,0,3333,-167,-5187,-187,-187,113,167,4982,5000,0,3335,27000,0
24091,130000,1,6,1,37,0,0,0,0,0,0,1390,2196,7533,4656,840,390,2196,7533,4689,840,390,390,0
24092,40000,1,1,2,28,0,0,0,0,0,0,38941,39039,24501,15143,15731,9728,2002,1607,1580,2500,1500,33000,0
24093,180000,1,1,2,27,2,0,0,2,0,0,10070,11392,14688,14040,13440,13440,1500,3500,0,0,0,0,0
24094,210000,1,2,2,28,2,0,0,0,0,0,209479,211302,-4244,205759,151849,150221,10000,2572,213509,6022,5817,4048,1
24095,200000,1,4,2,28,0,0,0,0,0,0,1707,1106,2628,7502,38584,16990,1109,2807,26316,50108,85,1746,0
24096,260000,1,2,2,28,0,0,0,0,0,0,251829,234867,237497,215343,205576,207688,10000,10500,9150,7500,8000,7500,0
24097,20000,1,2,2,25,0,0,0,0,0,0,769,1011,628,2198,365,-34,1500,700,2500,0,0,2000,0
24098,150000,1,2,1,29,0,0,0,0,0,0,14075,0,0,0,0,0,0,0,0,0,0,0,0
24099,250000,1,2,2,26,0,0,0,0,0,0,123148,135439,42090,61558,80894,93938,15447,12004,21558,20894,15000,20000,0
24100,80000,1,1,2,27,0,0,0,0,0,0,74640,72565,63342,51529,41484,34097,20024,10000,4000,2000,3000,2500,0
24101,30000,1,2,2,24,0,0,0,2,0,0,14597,15614,18246,17660,17768,18151,1568,3200,0,700,670,1500,1
24102,20000,1,3,1,27,0,0,0,0,0,0,-2000,780,0,-1000,0,1222,2780,2000,1000,1000,1222,1800,0
24103,50000,1,2,1,29,1,2,0,0,0,2,23451,22781,24108,25203,26681,26117,0,2000,1800,2200,0,2250,1
24104,460000,1,1,2,29,0,0,0,0,0,0,428369,436349,449078,457587,240651,245605,16833,21000,20000,8000,8000,8100,0
24105,340000,1,2,1,30,0,0,0,0,0,0,326,7132,16684,25749,30085,30406,7132,10000,10000,5000,1007,6000,0
24106,10000,1,2,2,23,0,0,0,0,0,0,4304,5324,6509,7313,6469,6988,1100,1279,1083,500,1000,1000,0
24107,50000,1,2,2,24,0,0,0,0,2,0,11772,13014,11199,12693,10764,10031,1469,1600,2000,0,350,509,0
24108,110000,1,2,2,24,0,0,0,0,0,0,74349,70338,71796,73253,74138,75691,3101,3187,3244,2700,2748,3331,0
24109,50000,1,2,2,22,2,2,2,0,0,0,45614,50781,45429,28927,19896,19475,5991,41,1617,816,1003,1004,0
24110,100000,1,1,2,27,0,0,0,2,0,0,194,678,1032,516,998,482,1000,1032,0,998,0,800,1
24111,80000,1,1,2,27,0,0,0,0,0,0,400,600,600,100,900,2934,600,600,100,900,2934,0,0
24112,500000,1,2,2,28,0,0,0,0,0,0,33758,33048,45422,46483,39598,40622,1626,13000,2100,37000,1234,3512,0
24113,360000,1,1,2,28,0,0,0,0,0,0,0,0,0,0,0,0,0,0,0,0,0,0,0
24114,280000,1,2,1,29,0,0,0,2,2,0,-650,-650,2057,650,3072,3330,0,2707,3,3072,3330,499,0
24115,300000,1,2,1,29,0,0,0,0,0,0,8857,8102,12214,27299,0,0,3000,5000,21312,0,0,0,0
24116,20000,1,3,2,27,0,0,0,0,0,0,390,0,780,0,0,0,0,780,0,0,0,0,0
24117,460000,1,4,2,28,0,0,0,0,0,0,1358,55022,50394,3917,1695,22231,55071,1263,3934,1702,22238,513,0
24118,500000,1,1,2,28,0,0,0,0,0,0,92442,96905,111219,251573,300336,269964,7036,20042,150122,75182,11486,11162,0
24119,500000,1,1,2,27,0,0,0,0,0,0,252881,224633,486367,616836,250600,296217,30032,271636,30876,60044,50539,100562,0
24120,360000,1,1,2,28,0,0,0,0,0,0,9179,10977,14190,16328,17383,17194,10977,8500,4000,1700,371,1150,0
24121,50000,1,2,2,27,0,0,0,0,0,0,3043,2432,3754,11985,19332,0,2446,3754,12053,19332,0,0,0
24122,30000,1,1,2,29,0,0,0,0,0,0,27720,0,0,22015,22649,24583,0,0,22015,1000,2300,1200,0
24123,140000,1,1,2,29,1,0,0,0,0,0,0,0,0,0,0,0,0,0,0,0,0,0,0
24124,50000,1,1,2,29,0,0,0,0,0,0,759,360,360,360,360,360,360,360,360,360,360,360,0
24125,20000,1,1,2,29,0,0,0,0,0,0,22819,19296,20183,20036,19965,20061,1700,2000,1600,1000,1500,1000,0
24126,20000,1,3,1,29,0,0,0,0,0,0,14171,11136,20649,-1001,-1,-1,2000,10000,0,1000,0,0,0
24127,80000,1,2,2,27,2,2,0,0,0,0,58324,56789,58276,60102,61423,72197,0,2400,3000,2500,11576,39,1
24128,230000,1,2,1,28,0,0,0,0,0,0,231357,233543,99033,237008,184695,185116,10000,7000,237008,6488,6605,6800,0
24129,110000,1,2,2,27,0,0,0,0,0,0,107339,109029,106974,97327,60454,59062,3873,5051,3645,1984,3000,2356,0
24130,90000,1,2,2,27,0,0,0,0,0,0,64497,49929,41498,36492,24636,5298,2297,2406,1400,493,106,0,0
24131,200000,1,1,2,28,2,0,3,2,0,0,833,932,662,311,355,1266,932,0,0,355,1200,0,0
24132,60000,1,1,2,25,0,0,0,0,0,0,55656,58740,59257,56229,46624,36594,4041,2227,14682,1634,2024,978,0
24133,50000,1,2,2,29,1,2,2,2,2,2,38916,37990,42382,43190,42198,46572,0,5000,1800,0,5232,1800,1
24134,130000,1,1,2,29,0,0,0,0,0,0,78337,81029,83032,83362,84592,86027,4000,4200,2912,2500,2300,2500,0
24135,260000,1,2,1,29,0,0,0,0,0,0,30903,1520,1593,149,1959,1255,1200,1758,152,1960,1255,4460,0
24136,180000,2,4,2,29,0,0,0,0,0,0,0,0,0,0,0,2150,0,0,0,0,2150,0,1
24137,240000,1,2,2,29,0,0,0,0,0,0,90440,92433,94548,96375,98453,100549,3500,3600,3500,3500,3500,3500,0
24138,150000,1,0,2,28,0,0,0,0,0,0,15855,27241,20818,9864,3957,2205,18056,4065,1058,3976,2216,0,0
24139,260000,1,1,2,28,0,0,0,0,0,0,825,650,825,644,819,1294,650,1000,644,1000,1300,825,0
24140,100000,1,1,2,29,0,0,0,0,0,0,711,1141,210,780,390,930,1000,780,1930,0,930,0,1
24141,50000,1,2,2,29,0,0,2,0,0,0,13778,15837,16285,17009,18223,18778,2600,1000,1300,1500,1000,1000,0
24142,150000,1,1,2,27,0,0,0,0,0,0,149340,152460,141196,105802,106478,107096,10000,6040,5750,3000,5000,35000,0
24143,40000,1,1,2,27,0,0,0,0,0,0,33077,34055,32644,29645,22930,0,1554,3071,1384,1047,0,0,0
24144,20000,1,2,2,24,0,0,0,0,0,0,17172,18179,19061,20182,19982,19482,1597,1479,1600,400,0,298,0
24145,30000,1,1,2,28,0,0,0,0,0,0,29234,29383,29851,29978,29378,29230,2000,2000,2000,1200,1500,3000,0
24146,280000,1,1,2,28,0,0,0,0,0,0,10296,1820,0,5970,8628,2036,3543,1195,5970,8628,2306,768,0
24147,430000,1,1,2,29,0,0,0,0,0,0,402396,384100,375827,330644,353036,355121,14000,13400,30696,53036,12752,15980,0
24148,70000,1,2,2,29,0,0,0,0,0,2,17103,18312,19516,20685,22142,23340,1500,1500,1500,1800,1700,0,1
24149,30000,1,3,2,29,0,0,0,0,0,0,27904,28547,29398,29864,30115,15818,1500,1700,1500,1010,1000,1000,0
24150,30000,1,2,2,27,0,0,0,0,0,0,7956,10529,28870,29391,29724,30400,5000,28872,1500,1000,1078,1000,0
24151,80000,1,1,2,29,0,0,0,0,0,0,2170,17562,17709,15631,13402,13197,17568,3015,2008,1009,2005,507,0
24152,50000,1,1,2,27,0,0,0,0,0,0,47189,48182,49479,49704,19380,18653,1778,2075,1300,700,677,691,0
24153,230000,1,1,2,27,0,0,0,0,0,0,24874,19500,11717,7540,9941,6113,2000,2000,3540,5000,3113,90417,0
24154,230000,1,1,2,29,0,0,2,2,0,0,41154,44121,43286,39215,39814,40437,4000,2500,0,3000,3000,5000,0
24155,110000,1,2,2,29,2,2,2,2,0,0,55700,58362,56598,51908,48647,47862,5000,2500,0,2000,2000,1854,1
24156,200000,1,2,2,29,3,2,2,4,4,4,2500,2500,2500,2500,2500,2500,0,0,0,0,0,0,1
24157,50000,1,1,2,28,0,0,0,0,0,0,44619,44645,44841,44950,44577,44816,2150,2300,2250,1700,2000,1700,0
24158,60000,1,1,2,28,0,0,0,2,2,2,30567,31274,34455,35094,34233,36521,1519,3700,1500,0,3000,0,0
24159,20000,1,5,2,28,0,0,0,0,0,0,780,1180,0,410,0,-2000,1180,0,410,1000,2000,2000,0
24160,320000,1,2,2,29,2,0,0,0,0,0,172655,168256,165530,161152,158468,145399,10000,10000,10000,10000,20000,0,0
24161,220000,1,1,2,28,0,0,0,0,0,0,150544,155328,156136,158416,161212,156790,12000,6000,6000,6000,6000,12000,0
24162,470000,1,1,2,29,0,0,0,0,0,0,215666,209106,207970,212373,193628,184908,7395,8037,9048,10000,6115,5750,0
24163,60000,1,1,2,29,0,0,0,0,0,0,11976,13462,15231,16966,17878,19085,2000,2000,2000,1500,1500,1500,0
24164,330000,1,2,1,29,0,0,0,0,0,0,25131,16610,17586,12580,16254,8213,1200,1157,1331,4005,299,701,0
24165,110000,1,2,2,28,2,2,2,2,2,0,109241,111541,113676,114223,110876,107710,5600,5400,4000,0,4000,3700,1
24166,80000,1,2,1,29,4,3,2,2,2,2,12237,11756,11281,12785,12283,13184,0,0,2000,0,1100,0,1
24167,290000,1,1,2,30,0,0,0,0,0,0,243992,241283,243722,235297,243312,242827,11091,12000,9000,12000,11000,10050,0
24168,20000,1,2,2,22,3,2,2,7,7,7,2400,2400,2400,2400,2400,2400,0,0,0,0,0,0,1
24169,30000,1,1,2,28,2,2,2,2,0,0,9799,10056,9815,7576,5746,3900,2350,2000,0,144,128,39,0
24170,80000,1,3,2,27,0,0,0,0,0,0,58323,60741,62813,65151,66568,70168,4000,3662,4000,2500,4509,2309,0
24171,50000,1,2,1,28,0,0,0,0,0,0,28249,19304,5742,0,-30481,58,1196,2000,8,0,40058,49163,1
24172,150000,1,2,2,28,0,0,0,0,0,0,88609,4635,2160,-2,-2,-2,4660,2166,0,0,0,901,0
24173,20000,1,3,2,28,1,2,2,2,0,0,18534,17944,20199,19492,19888,14087,0,2860,0,549,441,502,0
24174,140000,1,2,2,24,0,0,0,0,0,0,103884,105697,101636,97298,77081,72592,4000,4000,3800,3000,3300,2300,0
24175,260000,1,1,2,30,0,0,0,0,0,0,182329,181133,177351,175130,182154,188264,10000,10000,10000,10000,10000,17000,0
24176,120000,1,2,2,30,0,0,0,0,0,0,2494,1991,1497,998,697,-103,1997,1506,1001,699,0,897,0
24177,110000,1,2,1,30,0,0,0,0,2,2,35283,26000,9000,63853,59308,60576,1500,1500,63853,1500,2062,0,0
24178,140000,1,1,2,30,0,0,0,0,0,0,132970,136435,138696,139673,141573,140474,6334,6600,5500,4821,5188,5600,0
24179,100000,1,1,2,27,1,2,0,0,0,0,108762,101941,99264,90972,100306,100536,25,4902,4118,30018,5060,3663,0
24180,360000,1,1,2,30,0,0,0,0,0,0,9939,14212,44803,118712,34244,21269,14226,46012,129567,685,425,4137,0
24181,70000,1,2,1,30,0,0,0,0,0,0,68671,60808,62648,46342,46904,48558,2500,3182,1800,1300,2000,2000,0
24182,210000,1,1,1,30,0,0,0,0,0,0,129890,135229,106382,79423,78981,81884,12112,4513,3400,5000,5000,10000,0
24183,200000,1,2,2,30,0,0,0,0,0,0,15140,18028,16456,15370,14966,16230,18044,16474,15392,14972,16240,14960,0
24184,200000,1,2,2,28,0,0,0,0,0,0,162439,92626,73816,79033,79539,80584,4000,3000,6500,3013,5000,3000,0
24185,160000,1,1,2,28,0,0,0,0,0,0,157921,144659,154012,151403,115731,113635,6000,25409,30000,5000,5000,4500,0
24186,120000,1,1,2,31,1,0,0,0,0,0,-190,-620,-1050,-1910,240,1010,0,0,0,2150,1200,551,1
24187,180000,1,2,2,32,1,2,0,0,0,0,173179,168499,170856,177544,172432,173940,0,7326,10000,7000,8000,10000,0
24188,240000,1,2,2,29,0,0,0,0,0,0,210522,224877,208870,107964,227939,232618,20000,8403,4978,220000,8638,8584,0
24189,120000,1,2,2,27,0,0,0,0,0,0,113556,114844,117777,119086,70013,102991,4200,4773,3776,3200,1882,4000,1
24190,200000,1,2,2,28,0,0,0,0,0,0,99216,100142,34162,712,712,862,5300,3000,8712,712,862,704,0
24191,280000,1,1,1,30,0,0,0,0,0,0,166037,166291,162992,134154,161057,167490,12126,39102,5000,30000,10000,10000,0
24192,20000,1,3,1,30,0,0,0,0,0,0,16925,12216,1179,1536,-301,-301,1000,1179,1536,0,0,0,1
24193,20000,1,2,1,30,1,2,2,2,2,2,17005,15451,18067,17469,19905,19763,0,2874,0,2712,1566,818,1
24194,260000,1,2,2,29,0,2,2,0,0,2,8832,1528,0,0,5987,5837,15,0,0,5987,0,27887,1
24195,220000,1,2,2,29,0,0,0,0,0,0,326,326,326,326,326,322,326,326,326,326,322,646,0
24196,30000,1,2,1,30,0,0,0,0,0,0,5678,20762,2462,13019,4679,0,20774,2476,13263,4793,0,0,0
24197,80000,1,2,1,29,0,0,0,0,0,0,80832,40283,317,401,34985,37004,2000,450,500,35000,3000,2000,0
24198,80000,1,2,2,30,2,2,2,2,2,2,66995,67794,69607,70864,71902,73407,2500,3500,3000,2800,2800,0,1
24199,140000,1,1,2,30,0,0,0,2,2,0,1800,1885,4158,2021,-372,628,1885,4158,0,0,2000,0,0
24200,220000,1,3,1,30,2,0,0,0,0,0,780,390,0,780,0,780,390,0,780,0,780,390,1
24201,110000,1,1,2,30,0,0,0,0,0,0,57040,51123,47251,46630,52889,53907,5000,4000,4000,10000,5000,5000,0
24202,240000,1,2,1,31,0,0,0,0,0,0,168376,172809,176012,179175,180809,184383,7648,7900,8000,6500,6900,7000,0
24203,170000,1,1,2,28,0,0,0,0,0,0,145584,125746,127407,146833,64268,58970,6500,5609,70000,2700,2200,2200,0
24204,210000,1,1,1,31,0,0,0,0,0,0,140994,140224,141553,143811,144587,146802,5100,5201,5160,5200,5300,6150,0
24205,300000,1,1,2,29,0,0,0,0,0,0,1898,2570,4576,3567,2180,644,2572,4599,3585,2180,644,1,1
24206,190000,1,3,2,26,0,0,0,2,0,0,124896,100078,102801,98753,98727,99484,4633,8858,12,3588,3543,3700,0
24207,200000,1,3,2,27,0,0,0,0,0,0,4484,192047,191248,191678,182676,181568,195316,7019,7493,5275,5786,20031,0
24208,150000,1,2,2,25,0,0,0,0,0,0,141242,71740,146608,148658,135768,138681,4000,77000,6000,5000,5100,5100,0
24209,50000,1,2,2,23,0,0,0,0,0,2,16252,17275,18392,19170,20555,20102,1600,1700,1400,1689,0,900,0
24210,10000,1,1,2,24,0,0,0,0,0,0,-2,-391,-781,9211,9422,8853,0,0,10500,500,500,1000,0
24211,70000,1,1,2,31,0,0,0,0,0,0,25856,13737,7716,25732,46671,26516,13737,7716,25740,46684,26516,56017,0
24212,470000,1,1,2,30,0,0,0,0,0,0,9884,3285,5103,9258,4305,10001,3301,5127,9304,4326,10051,7661,0
24213,250000,1,1,2,28,0,0,0,0,0,0,4003,2527,1652,7734,3337,7866,2549,1715,8042,4023,9167,3036,0
24214,70000,1,3,2,28,0,0,0,0,0,0,71199,49042,47087,28596,4465,3204,2507,3024,2122,0,0,48459,0
24215,80000,1,1,2,28,1,0,0,0,0,0,0,47,207,0,0,0,47,207,0,0,0,0,0
24216,270000,1,1,2,29,0,0,0,0,0,0,1576,199973,192008,166364,141918,141984,199973,8000,7800,5000,5500,5000,0
24217,180000,1,3,0,27,0,0,0,0,0,0,349,1257,1097,243,323,155,1260,1104,243,323,155,209,1
24218,230000,1,1,2,29,2,0,0,0,0,0,481,12381,0,0,0,376,12381,0,0,0,376,0,0
24219,80000,1,3,2,30,2,0,0,0,0,0,79629,78010,5976,5812,4788,3758,1691,1106,1060,154,147,127,1
24220,290000,1,2,2,30,0,0,3,2,0,0,792,264,264,264,260,4738,264,0,0,260,4746,53902,0
24221,230000,1,1,2,30,0,0,0,0,0,0,33400,36348,36163,32653,30821,29827,36348,3010,20000,1200,2000,1000,0
24222,130000,1,2,1,31,0,0,0,0,0,0,132242,117873,120889,118293,121312,121162,5000,5000,5000,5000,5000,5000,0
24223,500000,1,2,2,32,0,0,0,0,0,0,331751,254846,162969,142735,76989,106476,10558,7410,3068,94,106476,152,0
24224,580000,1,1,2,32,0,0,0,0,0,0,49193,46367,38111,33497,26800,22202,11686,8348,6593,7197,10097,133081,0
24225,180000,1,2,2,30,0,0,0,0,0,0,42198,43192,47493,48401,50096,51238,2000,5000,2000,2500,2100,1623,0
24226,460000,1,1,2,31,0,0,2,0,0,0,4533,9023,8317,12338,12744,12397,5002,1,5002,1001,3,733,0
24227,70000,1,2,1,30,1,2,0,0,0,0,72576,70775,68184,67172,50596,48876,0,3047,2849,1800,2000,1944,1
24228,310000,1,1,2,32,0,0,0,0,0,0,217464,217951,222465,142935,147857,150442,8500,9100,5200,7300,7000,3939,0
24229,50000,1,1,2,30,1,2,0,0,2,0,49233,48146,50029,50921,48809,49639,0,3000,5000,0,1815,2000,1
24230,200000,1,2,2,32,2,2,2,2,2,2,88808,86484,92504,90120,93629,96980,0,7421,0,5000,5000,5000,1
24231,300000,1,1,2,31,0,0,0,0,0,0,4370,0,0,0,0,0,0,0,0,0,0,0,0
24232,110000,1,1,2,31,0,0,0,0,0,0,7300,593,11801,11312,11312,11312,593,11801,11312,0,0,0,0
24233,50000,1,1,2,27,1,0,2,0,0,0,-45,559,163,267,-129,325,1000,0,500,0,1000,500,1
24234,360000,1,3,1,31,0,0,0,0,0,0,0,392,827,136198,138722,141629,392,827,137101,5000,5119,5376,0
24235,220000,1,2,2,31,0,0,0,0,0,0,38386,40726,38597,0,0,0,3000,1000,0,0,0,0,0
24236,190000,1,1,2,31,0,0,0,2,2,0,104503,106773,114791,106414,96980,90700,4000,9844,3283,24,3297,3325,0
24237,20000,1,3,2,23,2,0,0,0,0,0,18337,19317,19645,19935,0,0,1602,1710,1000,0,0,0,1
24238,80000,1,1,2,31,0,0,0,0,0,0,6887,171,1125,1613,0,4811,171,1125,1613,0,4811,0,0
24239,50000,1,1,2,29,0,0,0,0,0,0,51234,51227,50936,49823,50990,50998,2300,2100,2000,2000,2100,3000,0
24240,50000,1,2,2,30,1,1,0,2,2,0,13745,-4338,46881,47832,46783,47890,125,52000,2000,0,2000,3700,0
24241,360000,1,2,2,31,0,0,0,0,0,0,34831,29791,19013,17929,20759,3436,5059,1383,2000,3030,2009,2018,0
24242,90000,1,1,2,30,0,0,0,0,0,0,40768,41789,42913,44388,45348,48454,2000,2100,2500,2000,4000,0,0
24243,200000,1,3,2,30,0,0,0,0,0,0,0,680,1100,1500,1402,0,680,1100,1500,1402,0,0,0
24244,410000,1,2,2,30,0,0,0,0,0,0,7011,9173,7259,8430,5130,5064,9222,8036,8542,5155,5089,18270,0
24245,330000,1,1,2,31,0,0,0,0,0,0,165042,163406,137664,3381,40635,40490,9000,7558,5000,42054,3000,2000,0
24246,100000,1,1,2,30,0,0,0,0,0,0,96846,98364,21255,0,0,0,5055,1049,0,0,0,0,0
24247,200000,1,2,1,31,0,0,0,0,0,0,6961,3848,4581,610,0,0,3853,4581,612,0,0,0,0
24248,110000,1,2,1,30,0,0,0,0,0,0,47755,15484,-41,0,67942,53947,1525,0,41,109332,2400,2000,0
24249,90000,1,1,2,31,1,2,2,0,0,0,33868,34614,33776,34767,35504,36249,1600,0,1563,1300,1300,1438,1
24250,320000,1,2,2,30,0,0,0,0,0,0,26310,28236,29368,160578,129187,124967,2728,2240,160578,4600,5000,4500,0
24251,70000,1,1,2,30,0,2,0,2,0,0,832,416,832,416,416,1132,0,832,0,416,1132,0,0
24252,220000,1,2,2,30,0,0,0,0,0,0,91210,91093,76832,66879,55495,43369,4000,3000,2271,2009,1469,2000,0
24253,180000,1,1,2,32,2,2,0,0,0,0,220901,207382,201883,196524,192243,186537,0,7820,7000,7000,5000,6000,1
24254,180000,1,1,2,31,0,0,0,0,0,0,12805,11784,13589,15301,3169,5106,2000,2000,2000,1000,2000,1000,0
24255,240000,1,2,2,31,0,0,0,0,0,0,231467,231619,234261,231597,42209,26348,8500,9358,5104,864,527,0,1
24256,140000,1,2,2,30,0,0,0,0,0,0,70568,58294,59571,60793,62797,64298,2100,2200,2200,3000,2500,2800,1
24257,280000,1,2,2,30,2,2,2,2,2,2,106907,110550,113877,115223,116930,112607,6900,6600,4700,5100,0,4200,0
24258,30000,1,1,1,31,1,2,2,2,2,2,14107,14779,14252,16205,15647,17091,1200,0,2200,0,1700,0,1
24259,20000,1,2,2,31,0,0,0,2,0,0,5380,0,184,184,5932,7725,0,184,0,5924,2000,2451,0
24260,80000,1,1,2,29,0,0,0,0,0,0,58246,61650,0,0,0,0,5000,0,0,0,0,0,0
24261,230000,1,2,2,30,0,0,0,0,0,0,171861,157389,161622,162501,163329,161560,10000,10000,8000,10000,7000,7000,0
24262,200000,1,2,1,30,0,0,0,0,0,0,143266,113676,116355,117802,116296,60792,6000,6000,5000,6000,3000,1611,1
24263,520000,1,1,2,29,0,0,0,0,0,0,464541,388685,280101,184081,108330,89199,15521,10423,7215,4012,3017,3028,0
24264,400000,1,2,2,29,0,0,0,0,0,0,237425,242225,246475,252429,257510,262931,8600,8000,9000,8200,8500,8500,1
24265,30000,1,2,2,25,0,0,0,0,0,0,836,836,836,390,390,390,836,836,390,390,390,0,0
24266,370000,1,1,2,31,0,0,0,0,0,0,35605,39837,41576,44178,47838,54341,5000,3000,5000,5000,8000,10000,0
24267,150000,1,2,1,31,0,0,0,0,0,0,500,15338,0,0,650,1430,15338,0,0,650,1430,1200,0
24268,80000,1,2,2,26,1,2,0,0,0,0,27897,24833,23331,21964,19664,2544,0,1527,1500,540,2544,2789,1
24269,430000,1,3,2,26,0,0,0,0,0,0,438795,438691,437284,435832,345499,228818,18000,18000,16570,11803,10563,10000,0
24270,20000,1,2,2,24,0,0,0,0,0,0,19498,13056,14092,10474,11198,12198,2000,1254,1000,724,1000,1000,1
24271,50000,1,2,2,27,0,0,0,0,0,0,49321,47912,39421,40165,41198,43766,1700,2000,1700,1700,3400,1000,0
24272,60000,1,2,2,24,2,2,2,0,0,0,48945,52362,51255,52119,52866,53969,4549,0,2313,2044,2110,2500,1
24273,360000,1,1,2,28,0,0,0,0,0,0,2988,2766,2766,2766,3373,5042,2766,2766,2766,3373,5042,1000,0
24274,280000,1,1,2,31,0,0,0,0,0,0,-1,-1,-1,-1,-1,219,0,0,82150,0,220,1124,0
24275,360000,1,2,1,29,0,0,0,0,0,0,18454,16419,12932,91329,82929,70047,6028,6032,99578,2507,5376,2000,0
24276,420000,1,1,1,32,0,0,0,0,0,0,60825,45060,25056,24751,24984,24983,1407,1407,1332,963,877,1000,0
24277,320000,1,1,2,31,0,0,0,0,0,0,4445,4959,4000,3992,1590,-10,4984,4121,4012,1598,0,0,0
24278,90000,1,2,1,31,0,0,0,0,0,0,5287,7525,10360,0,0,0,2500,3000,0,0,0,0,0
24279,360000,1,1,2,33,0,0,0,0,0,0,5484,4307,12004,21810,13807,2960,4317,12006,21810,0,2960,1810,1
24280,70000,1,2,2,30,0,0,0,0,0,0,68668,65750,67879,69161,68264,61757,2347,3182,3144,2600,2360,1300,0
24281,50000,1,2,2,26,0,0,0,0,0,0,46008,3756,195,4226,8956,9361,1007,1000,4226,5000,700,600,0
24282,200000,1,3,1,30,0,0,0,0,0,0,141785,144933,148103,148137,151505,154728,7000,7000,4000,4000,4000,4000,0
24283,250000,1,1,2,31,0,0,0,0,0,0,0,0,7066,0,0,0,0,7066,145,0,0,2758,0
24284,150000,1,1,2,33,0,0,0,0,0,0,1340,1805,4290,-10,1999,10559,1815,4354,0,2009,10610,9855,0
24285,350000,1,2,1,33,0,0,0,0,0,0,694,10436,10857,12688,6344,5376,10524,10916,12745,6344,22,7186,0
24286,30000,1,2,1,32,0,0,0,0,0,0,28729,28305,16084,4432,24621,25073,2000,2000,2000,26100,1000,1100,0
24287,200000,1,1,2,30,2,4,4,4,4,4,173639,176605,179754,182763,184570,184091,7310,7459,7468,6275,3000,0,0
24288,200000,1,1,2,32,0,0,0,0,0,0,78284,10532,0,0,0,0,5005,0,0,0,0,2842,0
24289,150000,1,2,2,29,0,0,0,0,0,0,102802,112174,6263,6824,10824,14631,12186,6263,6824,10000,10000,10000,0
24290,190000,1,1,2,30,0,0,0,0,0,0,138429,141192,144484,148760,48776,49853,4555,5058,6489,1602,1716,2286,0
24291,340000,1,2,2,30,0,0,0,0,0,0,20865,2611,3255,57920,23207,22659,2000,3255,57920,22659,2000,1000,0
24292,360000,1,1,2,31,1,0,0,0,0,0,0,951,3760,752,0,0,951,3760,752,0,0,0,0
24293,280000,1,1,2,30,0,0,0,0,0,0,17913,380,5118,380,380,380,380,5118,380,380,380,380,0
24294,30000,1,2,2,47,0,0,0,0,0,0,29119,29827,29583,29166,29066,29008,1500,2019,1400,600,580,0,0
24295,300000,1,3,1,35,0,0,0,0,0,0,0,0,0,0,0,0,0,0,0,0,0,0,0
24296,220000,1,5,2,37,2,0,0,0,0,0,217638,213843,211233,194579,96213,27540,7506,23007,7991,4191,719,409,0
24297,80000,1,3,1,41,0,0,0,0,0,0,81070,63610,58099,52599,52519,46945,2385,5028,21595,5541,1507,3062,0
24298,30000,1,2,1,40,2,2,2,0,0,0,20801,23534,22875,24155,23739,22124,3400,0,2000,1500,900,1038,1
24299,40000,1,2,1,37,0,0,2,0,0,0,9608,12127,11647,13138,14903,17664,3000,0,2000,2000,3000,2000,0
24300,200000,1,2,2,29,0,0,2,2,2,2,145090,151564,115836,122359,122588,119266,12000,0,10000,5000,0,6000,0
24301,200000,1,2,2,30,0,0,0,0,0,2,83149,94976,106808,115702,122236,134013,13550,13590,12356,12500,14013,4900,0
24302,110000,1,1,2,29,0,0,0,0,0,0,750,71015,72517,72537,55600,72442,71022,5000,5000,5000,22000,5000,0
24303,100000,1,1,2,31,2,2,2,2,2,2,93975,95030,96611,97947,95602,77323,3500,4000,4005,600,2400,2900,1
24304,20000,1,2,1,34,2,0,0,0,0,0,390,18864,19499,19780,780,0,18864,1329,1000,0,0,0,1
24305,120000,1,3,1,46,0,0,0,0,0,0,104153,98955,96298,90570,89442,92756,4500,4400,4040,3100,6600,3500,0
24306,280000,1,2,1,37,0,0,0,0,0,0,85029,71353,67680,65173,62564,59638,2625,2497,2914,1921,2001,1270,0
24307,280000,1,2,2,30,0,0,0,0,0,0,29161,14908,237367,233819,198890,189064,1282,233836,6935,5931,19157,5905,0
24308,300000,1,2,2,42,1,0,0,2,2,0,0,159,803,486,-712,-1037,159,803,8,387,0,0,0
24309,420000,1,1,1,43,0,0,0,0,0,0,3542,2967,2977,2987,3624,3165,3010,3035,3029,3637,3222,3025,0
24310,80000,1,1,1,41,0,0,0,0,0,0,11688,8739,10926,3355,6127,25675,8739,10926,3362,6127,25675,7606,0
24311,360000,1,1,1,49,0,0,0,0,0,0,1050,390,390,750,930,540,390,390,750,930,150,540,1
24312,260000,1,5,1,37,0,0,0,0,0,0,9801,11115,11930,12954,14246,15733,1485,1300,1229,1521,1728,1610,0
24313,260000,1,2,1,32,0,0,0,0,0,0,5227,10100,14909,19623,20012,20466,5000,5000,5000,716,776,5000,0
24314,110000,1,2,2,32,0,0,0,0,0,0,64651,65920,67290,68652,69552,71008,2941,3026,3076,2638,2728,2742,0
24315,400000,1,2,1,32,0,0,0,0,0,0,271974,337765,138235,136102,33340,63684,100000,10007,3601,22000,35802,2013,0
24316,20000,1,3,1,32,1,3,2,2,0,0,15598,15055,16511,15953,16190,16777,0,2000,0,800,1000,1000,1
24317,170000,1,1,1,35,0,0,0,0,0,2,136460,139216,143695,145550,154113,151786,4800,6500,5500,10774,0,5500,0
24318,70000,1,3,1,35,0,0,2,2,2,2,27915,31009,31914,32394,31574,34053,3577,1700,1300,0,3000,1385,0
24319,210000,1,1,1,39,0,0,0,0,0,0,840,1665,610,0,0,0,1665,610,0,0,0,3514,0
24320,10000,1,2,1,38,0,0,2,0,0,2,6798,8055,7803,8623,9527,9780,1500,0,1100,1000,504,0,1
24321,780000,1,1,1,48,0,0,0,0,0,0,171459,178587,190663,195124,184872,191090,10000,15004,10000,8000,10028,7003,0
24322,420000,1,1,2,35,0,0,0,0,0,0,413076,414013,417086,348345,287150,261219,15048,16078,12638,50700,20014,10127,0
24323,280000,1,3,1,44,0,0,0,0,0,0,295786,305529,311081,313242,151292,152318,15000,10472,11334,10010,6000,200000,0
24324,50000,1,3,2,46,0,0,0,2,0,0,390,170,780,390,780,40418,170,1000,0,780,40418,3170,0
24325,50000,1,3,1,49,1,2,2,2,2,2,49206,51097,50011,53469,50337,46903,3000,0,5000,2005,0,4000,1
24326,60000,1,2,2,33,0,0,0,0,0,0,32961,31379,31328,30905,30237,28461,1799,3000,1420,2000,1164,2000,0
24327,20000,1,2,2,33,0,0,0,0,0,0,18330,17797,18731,19610,18980,38766,1291,1324,1302,672,701,788,0
24328,170000,1,2,1,35,2,2,2,2,2,2,148655,150727,154850,150893,165924,163176,6000,8000,0,19172,0,12210,1
24329,330000,1,2,1,48,0,0,0,0,0,0,6051,8346,8952,2732,2732,2732,8387,8996,2745,2745,2745,2734,0
24330,30000,1,1,1,37,1,2,2,0,0,2,20829,22689,22043,23367,24983,25437,2500,0,2000,2000,1000,0,1
24331,350000,1,1,1,42,2,0,0,0,0,0,671,671,671,671,671,30727,671,671,671,671,30727,821,1
24332,290000,1,2,1,49,0,0,0,0,0,0,193650,127336,125088,123694,123518,124246,4126,4304,4000,5000,4100,4500,0
24333,50000,1,2,1,49,2,2,0,0,0,0,49943,47585,47582,21391,21867,19774,0,2500,1300,2000,700,1000,1
24334,20000,1,3,2,45,1,0,0,0,0,0,0,390,0,780,0,0,780,0,780,0,0,0,0
24335,30000,1,2,1,38,0,0,0,0,0,0,18526,12529,5937,5880,1680,0,1500,5937,5888,1680,0,0,1
24336,50000,1,2,3,37,0,0,0,0,0,0,50239,49642,48381,44113,8522,17948,1799,2060,1014,170,17948,188,0
24337,70000,1,3,2,39,0,0,0,0,0,0,63330,62711,57774,47326,50910,55059,5024,5043,5000,5000,5000,5000,0
24338,310000,1,1,1,33,1,2,0,0,0,0,232244,157098,84865,70995,45838,36252,40,3959,2807,2000,3000,2000,0
24339,220000,1,2,1,48,0,0,0,0,0,2,2858,1929,10417,9363,7898,5758,1000,10417,1061,525,0,313,0
24340,360000,1,3,2,34,0,0,0,0,0,0,686,3821,1937,944,1219,2216,3821,1937,944,1219,2216,2000,0
24341,140000,1,1,1,38,0,0,0,0,0,0,1110,24629,22984,4456,3351,9038,24633,10066,4457,3353,9038,0,0
24342,200000,1,2,1,38,2,2,2,2,0,0,102272,104978,105924,102663,97090,98045,5000,4500,0,3500,3500,9000,1
24343,20000,1,2,1,42,0,0,0,0,2,2,14310,15665,16706,18214,18626,18196,1600,1600,2100,1000,0,1500,1
24344,290000,1,2,1,36,0,0,0,0,0,0,154923,159186,323836,112929,62375,63637,6507,6400,4490,2000,2306,2912,0
24345,300000,1,2,1,36,0,0,0,0,0,0,76382,166051,167541,167905,167974,170428,115718,7905,6509,5874,6116,6300,0
24346,200000,1,2,1,45,3,2,2,2,2,2,2500,2500,2500,2500,2500,2500,0,0,0,0,0,0,1
24347,150000,1,1,2,32,0,0,0,0,0,0,76215,72149,58228,38495,35807,24871,22365,10000,3993,15838,10000,7780,0
24348,240000,1,2,2,39,0,0,0,0,0,0,177795,167091,161691,165177,132478,138979,8576,8200,9009,5000,10500,0,0
24349,450000,1,2,2,32,0,0,0,0,0,0,166295,147549,234421,240020,240016,223545,5771,90000,10517,8801,8265,9000,0
24350,20000,1,2,2,32,0,0,0,0,0,0,15121,15424,15468,11082,11303,10768,1700,1488,1172,393,415,616,0
24351,50000,1,3,1,45,4,3,2,0,0,0,50419,49331,48268,49075,49475,48575,0,0,2000,1000,1000,2000,1
24352,190000,1,2,1,33,0,0,0,0,0,0,98814,102174,105230,17907,-93,-483,5000,5361,1000,0,0,0,1
24353,390000,1,1,1,41,0,0,0,0,0,0,250490,248886,204333,201825,199355,197036,9506,8000,7500,7500,7500,7100,0
24354,90000,1,1,2,36,0,0,0,0,0,0,91111,81784,97541,90102,78285,70224,9400,27000,3000,2680,52930,3400,0
24355,120000,1,2,1,39,0,0,0,2,2,2,93673,95590,101562,94307,89867,81617,4375,8485,524,6004,5,3073,0
24356,210000,1,1,2,33,0,0,0,0,0,0,396,396,396,396,1911,396,396,396,396,1911,396,396,0
24357,500000,1,2,1,41,0,0,0,0,0,0,478623,466444,239921,184874,47774,34617,14000,12800,4300,3063,3600,3100,0
24358,320000,1,1,1,40,0,0,0,0,0,0,22155,10853,33968,86024,232017,15622,10908,34151,86466,232242,3199,7500,0
24359,210000,1,1,2,39,0,0,0,0,0,0,22861,6437,61813,59024,63483,58991,6536,72037,5015,12000,5000,5000,0
24360,90000,1,2,2,38,2,0,0,0,0,0,89094,83036,86181,86311,66572,68119,3000,4500,3500,2500,3500,3000,1
24361,100000,1,2,2,34,1,0,0,0,0,0,-342,-342,-342,-342,1158,2485,0,0,0,1500,1500,0,0
24362,360000,1,2,1,37,1,0,0,0,0,0,0,0,0,0,0,0,0,0,0,0,0,0,0
24363,40000,1,2,3,37,0,0,0,0,2,0,20774,21778,22807,24993,24292,24800,1355,1384,2570,0,899,2006,0
24364,80000,1,1,1,41,1,0,0,0,0,0,0,0,0,0,0,0,0,0,0,0,0,0,0
24365,300000,1,1,2,34,1,0,0,0,0,0,2915,1813,3397,4024,5363,3572,1813,3555,4024,5363,0,500,0
24366,130000,1,3,1,43,0,0,0,0,0,0,1261,1705,0,1261,13161,390,1705,817,1261,13161,390,390,0
24367,480000,1,1,1,41,1,0,0,0,0,0,0,0,0,0,0,0,0,0,0,0,0,0,0
24368,320000,1,2,1,39,0,0,0,0,0,0,310243,0,189018,131916,258800,96900,0,189018,132846,130400,193800,45313,0
24369,330000,1,3,1,37,0,0,0,0,0,0,0,0,0,0,0,0,0,0,0,0,0,0,0
24370,70000,2,1,2,38,0,0,0,0,0,0,63455,54722,56062,82305,42308,40507,2057,2322,1631,2942,1783,1723,0
24371,240000,1,2,2,46,0,0,0,0,0,0,262206,257969,256740,246364,127177,33622,9200,12000,5700,3200,1200,1000,1
24372,210000,1,3,2,32,0,0,0,0,0,0,204157,211065,206043,181945,52712,3574,10059,10120,8256,5000,4036,153904,0
24373,50000,1,2,1,47,0,0,0,2,0,0,390,390,780,780,390,390,390,780,390,0,390,0,0
24374,50000,1,1,1,39,0,0,0,0,0,0,8086,20993,16653,9346,3424,13176,21012,16653,9354,3424,13176,10868,0
24375,30000,1,2,1,38,0,0,0,0,0,0,17085,19702,22978,23078,24994,25330,5000,5200,3078,5000,3000,5000,0
24376,310000,1,2,1,38,0,0,0,0,0,0,23285,1058,0,1312,4836,11795,1058,142,1312,4836,11795,0,0
24377,230000,1,5,2,40,2,2,2,0,0,0,119730,120912,111819,93007,92122,61583,5000,0,3700,3986,2900,1057,0
24378,170000,1,2,1,39,0,0,0,0,0,0,91289,74457,64374,63936,60750,54248,2486,2430,2224,1957,1917,3000,0
24379,180000,1,2,1,39,1,0,0,0,0,0,0,0,0,0,0,0,0,0,0,0,0,0,0
24380,330000,1,1,1,49,0,0,0,0,0,0,5813,65,3775,1590,0,2130,65,3775,1590,0,2130,7700,0
24381,170000,1,1,1,34,0,0,0,0,0,0,53145,52131,45987,35377,29141,21955,2005,2000,1514,1006,1000,220,0
24382,160000,1,1,2,33,2,2,2,2,2,2,101430,103870,106719,107485,108326,110635,5000,6000,4000,4100,4200,4200,0
24383,50000,1,2,2,32,0,0,3,2,2,2,15276,19797,19205,18600,19697,20243,4800,0,0,1700,1000,0,1
24384,60000,1,2,2,33,0,0,0,0,0,0,56221,58271,58446,53368,-632,15368,3000,3000,3000,0,16000,1000,0
24385,500000,1,3,1,49,0,0,0,0,0,0,12536,27882,35031,42145,7347,152769,28023,35477,42360,7387,153532,15603,0
24386,230000,1,1,1,44,1,0,0,0,0,0,-213,2302,22049,20756,8035,10766,5000,22068,2014,9000,10766,7721,0
24387,180000,1,1,1,38,1,0,0,0,0,0,-47,-47,470,0,0,800,0,517,0,0,800,0,0
24388,320000,1,1,1,40,0,0,0,0,0,0,8240,8240,8240,8240,15273,16106,8240,8240,8240,15273,16106,9690,0
24389,490000,1,1,1,39,0,0,0,0,0,0,189460,16769,2310,48409,296319,181627,16405,2324,25053,280695,17398,160111,0
24390,210000,1,5,1,43,0,0,0,0,0,0,197743,201949,208690,211925,48724,49743,7500,10000,9085,1744,1804,1816,0
24391,50000,1,2,1,33,0,0,0,0,0,0,22384,13538,9199,6879,6753,5440,1320,2000,1284,264,109,390,1
24392,160000,1,3,1,33,0,0,0,0,0,0,25058,20624,16280,0,0,0,1344,1000,0,0,0,0,0
24393,80000,1,6,1,41,0,0,0,0,0,0,165578,153033,133017,19164,3272,11766,4351,3520,1000,3272,11766,1740,1
24394,220000,1,1,1,49,0,0,0,0,0,0,1410,580,1386,-14,6160,1307,580,1386,0,6174,1307,1341,0
24395,20000,1,2,1,46,0,2,0,0,0,0,7544,7277,8215,9200,10280,16130,0,1215,1200,1280,6000,0,1
24396,200000,1,1,1,49,2,0,0,0,0,0,416,416,416,0,832,416,416,416,0,1248,0,416,0
24397,300000,1,3,1,31,1,0,0,0,0,0,0,0,0,0,0,0,0,0,0,0,0,0,1
24398,20000,1,3,1,36,3,2,2,3,3,3,1050,1050,1050,1050,1050,1050,0,0,0,0,0,0,1
24399,180000,1,1,2,32,1,0,0,0,0,0,0,144,-35,-35,-335,-335,144,0,0,0,0,0,0
24400,200000,1,3,2,33,0,0,0,0,0,0,2810,7114,1981,3959,5382,0,7149,2059,3978,5403,0,0,0
24401,140000,1,2,1,38,2,2,2,2,2,2,53797,55007,56128,56713,55796,56251,2700,2600,2100,600,1500,4545,1
24402,150000,1,1,2,36,0,0,0,0,0,0,5856,2629,99,45,2928,519,4914,99,45,2982,0,993,0
24403,160000,1,4,1,40,0,0,0,0,0,0,19978,27563,28350,25186,36100,21707,10000,5002,5000,14400,10000,4000,0
24404,160000,1,2,2,32,0,0,0,0,0,0,163695,153009,115096,76037,152837,156042,7000,5400,4082,163107,5668,5958,0
24405,200000,1,1,1,34,0,0,0,0,0,0,466,1242,4006,941,2357,2945,1242,4034,945,2366,2947,1143,0
24406,20000,1,3,2,49,1,2,2,0,0,0,19481,18756,-3744,17105,17250,0,0,0,21200,345,0,0,1
24407,260000,1,2,2,32,1,0,0,0,0,0,3581,-9,-9,1935,999,0,0,0,1944,999,0,0,0
24408,260000,1,2,2,32,0,0,0,0,0,0,1198,1198,1198,1198,1198,1198,1198,1198,1198,1198,1198,1198,1
24409,620000,1,2,1,42,0,0,0,0,0,0,75509,65572,59306,60479,61467,63159,3500,2500,2500,2300,3000,2500,0
24410,50000,1,1,1,37,0,0,0,0,0,0,37603,38672,39949,40225,25517,20655,2000,2200,1400,1000,1000,1000,1
24411,20000,1,2,1,32,0,0,0,0,0,0,390,390,390,0,780,0,390,390,0,780,0,0,0
24412,190000,1,2,2,32,0,0,0,2,0,0,6415,8169,10060,10633,11197,11907,2000,2000,1000,1000,1000,1000,0
24413,30000,1,2,1,38,1,2,0,0,0,2,24305,23621,24346,25359,26987,26416,0,1410,1423,2051,0,2000,1
24414,160000,1,3,1,38,0,0,0,0,0,0,6763,1651,3107,4187,2474,192,1651,3107,4187,0,192,5510,0
24415,360000,1,2,1,40,0,0,0,0,0,0,12663,0,0,2455,6447,0,0,0,2455,6447,0,0,0
24416,20000,1,2,2,44,0,0,0,0,0,0,19157,20011,18768,1261,390,390,1500,1768,1261,390,390,390,0
24417,150000,1,3,2,42,0,0,0,0,0,0,49728,47784,47449,47987,48051,48410,5000,6000,3000,1700,2000,2000,0
24418,400000,1,1,1,38,0,0,0,0,0,0,1751,7046,2026,8686,8526,4041,7046,2026,8686,8526,4041,9511,0
24419,80000,1,3,1,43,1,0,0,0,0,0,0,0,0,0,0,2060,0,0,0,0,2060,0,0
24420,260000,1,1,1,34,0,0,0,0,0,0,-40,-40,-40,8117,-8,-8,0,0,8157,0,0,1673,0
24421,500000,1,2,1,38,0,0,0,0,0,0,6178,825,2122,34159,3340,24752,829,2133,34313,17,24875,839,0
24422,240000,1,2,1,34,0,0,0,0,0,0,242805,237854,240535,242770,191520,173461,10000,11000,9248,8005,8000,8000,0
24423,50000,1,2,1,37,2,0,0,0,0,0,49444,50621,49326,29584,19665,19799,2306,2155,1086,19001,906,1500,0
24424,10000,1,2,1,36,2,0,0,0,0,0,9075,8593,9582,8986,9691,9889,2000,1300,1200,1000,1000,569,0
24425,50000,1,1,1,47,1,0,0,0,0,0,0,0,1708,0,0,0,0,1708,0,0,0,0,0
24426,150000,1,2,1,41,0,0,0,0,0,0,140172,141528,141411,143748,147159,151185,5507,4007,5001,5003,6001,5000,0
24427,150000,1,1,1,40,0,0,0,0,0,0,0,1003,1003,35206,36003,16854,1003,1003,35206,2000,18158,189000,0
24428,130000,1,3,2,30,0,0,0,0,0,0,29344,3268,6186,700,1680,0,1107,3025,707,1680,0,0,0
24429,120000,1,2,2,37,1,2,0,0,0,0,21786,22126,23763,25059,25641,26228,1000,2000,2000,1000,1000,1000,0
24430,50000,1,3,2,39,0,0,0,0,0,0,39753,40701,41342,41424,41182,41187,2000,2000,2000,1600,2000,2000,1
24431,160000,1,1,1,41,1,2,0,0,0,0,63446,63501,65439,66761,67628,68983,1699,2960,3007,2573,2600,3008,0
24432,70000,1,2,2,39,0,0,0,0,0,0,120766,55164,41549,31966,31071,30476,4000,2000,1500,1200,1500,1500,1
24433,380000,1,1,2,40,0,0,0,0,0,0,245069,251731,257028,266487,269786,265312,12000,10600,15000,9800,10000,10000,0
24434,280000,1,1,2,47,0,0,0,0,0,0,2180,251,4250,1000,5507,5348,251,4250,1000,5507,5348,433,0
24435,50000,1,3,1,39,0,0,0,0,0,0,51400,0,0,0,0,0,0,0,0,0,0,0,1
24436,30000,1,2,1,35,0,0,0,2,0,0,8348,9678,12702,12206,12701,13839,1476,3500,0,1000,1500,0,1
24437,260000,1,1,2,37,0,0,0,0,0,0,256,188,188,198,217,1825,188,188,198,217,1825,198,0
24438,210000,1,2,2,35,0,0,0,0,0,0,131956,134755,139089,140488,143649,146834,5000,6507,5200,5500,5500,5510,0
24439,320000,1,1,2,32,0,0,0,0,0,0,1043,0,20012,34438,1082,8807,0,20012,15000,1082,8807,787,0
24440,480000,1,1,1,41,0,0,0,0,0,0,76750,103618,127402,7302,5155,10492,30000,30000,9398,5155,4101,14254,0
24441,80000,1,1,1,42,1,2,2,2,2,2,45619,46567,47522,48373,47442,50501,2000,2000,2000,0,4000,0,0
24442,100000,1,2,2,43,0,0,0,2,0,0,42529,43526,46628,45578,46486,47457,1703,3805,0,1663,1719,1728,0
24443,70000,1,1,2,31,0,0,0,0,0,0,47873,52440,55961,63341,64694,67905,6000,5000,10000,3000,5000,3000,0
24444,300000,1,1,0,37,0,0,0,0,0,0,298,750,179,1576,497,-3,752,179,1579,1,0,1246,0
24445,150000,1,1,2,48,0,0,0,0,0,0,104320,82478,73465,10000,10000,10000,2433,1786,10000,10000,10000,0,0
24446,140000,1,1,3,41,0,0,0,0,0,0,130138,132726,135494,136679,130812,67349,4756,4912,3781,2500,3000,2700,1
24447,360000,1,1,1,39,0,0,0,0,0,0,30956,30814,42791,31830,30693,596,30818,42887,31839,30693,3,30899,0
24448,500000,1,3,1,47,0,0,0,0,0,0,18033,8783,13202,16546,12585,14287,8783,13357,16600,12585,14287,25793,0
24449,320000,1,2,2,36,2,0,0,2,0,0,283743,289508,302561,283356,275361,268871,12013,21041,1514,9122,9518,9209,1
24450,190000,1,1,1,44,0,0,2,2,0,0,231,3421,3190,0,0,0,3190,0,0,0,0,0,0
24451,50000,1,3,1,49,0,0,0,0,0,0,18139,9198,10000,0,0,0,1198,1000,0,0,0,0,1
24452,50000,1,2,2,38,0,0,0,0,0,0,52711,47302,48540,48355,18184,18591,1769,2007,1822,651,700,1000,1
24453,290000,1,1,2,31,0,0,0,0,0,0,124626,115239,113494,100847,80295,82085,3900,4864,5000,2792,3000,2642,0
24454,110000,1,5,1,36,0,0,0,0,0,0,58949,60131,61329,62402,63112,64325,3000,3000,3000,2500,3000,2500,0
24455,210000,1,2,2,31,0,0,0,0,0,0,189650,127111,93208,88223,84175,80305,5000,4200,3100,3000,3100,3000,0
24456,20000,1,3,2,32,1,2,0,0,0,0,20450,17861,18967,19633,18187,18568,0,1700,1300,651,674,756,1
24457,90000,1,3,1,35,0,0,0,0,0,0,86821,71263,73515,74100,23500,23500,4000,4000,3000,0,0,0,0
24458,120000,1,2,2,36,0,0,2,2,0,0,66,584,259,-66,-391,-716,843,0,66,325,325,325,0
24459,20000,1,2,1,46,3,2,2,2,0,0,7283,7021,11208,8818,6704,7364,0,4500,0,1000,2000,3000,1
24460,270000,1,2,2,31,0,0,2,2,2,2,21129,16616,16911,14692,13907,10660,1697,2500,0,1000,0,2000,0
24461,190000,1,2,2,41,0,0,0,0,0,0,33798,34931,36064,37160,38237,39464,2000,2000,2000,2000,2000,2000,0
24462,200000,1,3,2,33,0,0,0,0,0,0,655,270,880,0,0,0,270,880,0,0,0,0,0
24463,340000,1,2,1,35,0,0,0,0,0,0,38214,39229,40747,41930,43397,44710,1500,2000,2000,2000,2000,2000,0
24464,310000,1,1,2,33,0,0,0,0,0,0,10878,12910,990,0,1715,11936,12910,990,0,1715,11936,277,0
24465,180000,1,3,1,30,0,0,0,0,0,0,56951,57941,58994,60047,61389,63048,2100,2150,2200,2500,3000,1000,0
24466,80000,1,2,2,32,0,0,0,0,0,0,78239,80426,81767,78340,36895,39079,4500,5009,5000,2000,4000,1500,1
24467,510000,1,3,2,31,1,0,0,0,0,0,0,14370,17023,9706,7271,9551,14370,3500,2500,1380,2380,3000,1
24468,200000,1,1,1,44,0,0,0,0,0,0,75811,77554,79418,80608,81297,83602,4001,3501,3501,3001,4001,4001,0
24469,100000,1,1,2,36,0,0,0,0,0,2,15585,12430,8186,1127,10880,10143,5000,5000,1127,10143,0,7000,0
24470,150000,1,2,2,35,0,0,0,0,0,0,4301,8246,12865,817,1095,1393,4000,5064,821,1100,1393,3796,1
24471,400000,1,2,1,35,0,0,0,0,0,0,212647,148816,129580,50790,49106,40591,6000,9353,10000,49106,2000,2000,0
24472,130000,1,2,1,44,1,2,2,2,2,2,5230,4998,7898,7021,46431,45891,0,3000,0,40200,0,780,1
24473,420000,1,2,1,35,0,0,0,0,0,0,9288,16880,28690,13310,3539,2926,17095,28824,13367,3547,2936,9580,0
24474,340000,1,1,2,49,0,0,0,0,0,0,1190,2988,390,1489,2140,1190,2988,390,1489,2140,1190,1190,0
24475,200000,1,1,1,36,0,0,0,0,0,0,1990,1186,4078,3000,3849,4479,1186,4092,3000,3849,4479,8120,0
24476,420000,1,2,1,32,0,0,2,2,0,0,203843,21400,800,0,0,0,3200,0,0,0,0,0,0
24477,50000,1,1,2,34,0,0,0,0,0,0,27465,24125,47444,43028,43719,0,24125,60003,5000,30000,34000,0,0
24478,280000,1,1,2,31,0,0,0,0,0,0,148186,150724,153762,155242,143679,145615,5000,5006,4408,4117,4600,4600,0
24479,280000,1,1,2,31,2,0,0,0,0,0,278510,279845,0,189841,193313,192742,6996,0,189841,6022,6078,5300,1
24480,60000,1,3,1,46,0,0,0,0,0,0,56869,57976,54398,46937,19085,19506,2110,2131,2010,1000,1000,1000,0
24481,360000,1,1,1,33,0,0,0,0,0,0,2040,894,1228,746,2153,307,897,1234,749,2163,308,298,0
24482,220000,1,2,2,31,1,2,0,0,0,0,224244,210290,179645,166753,82058,20650,0,6800,6640,4100,1100,0,1
24483,20000,1,2,2,38,0,0,0,0,0,0,16465,18470,18877,19604,19800,0,3000,1473,1200,396,0,0,0
24484,160000,1,1,1,41,1,0,0,0,0,0,0,0,0,0,0,0,0,0,0,0,0,0,1
24485,20000,1,3,2,48,0,0,0,0,0,0,170,-220,-610,390,0,19993,0,0,1390,0,20773,400,0
24486,180000,1,2,1,33,0,0,0,0,0,0,3187,3198,264,7352,1385,7880,3198,264,7373,1385,7880,0,0
24487,500000,1,1,2,33,0,0,0,0,0,0,28498,26117,29717,36485,6174,7148,5000,5000,8006,2,2021,7726,0
24488,20000,1,2,1,34,0,0,0,0,0,2,9662,10673,11998,13010,13750,13389,1180,1505,1517,1257,0,900,1
24489,20000,1,2,2,34,0,0,0,0,0,0,2216,2199,1530,750,2280,1500,2199,1530,750,1140,3000,780,0
24490,250000,1,3,2,45,0,0,0,0,0,0,98015,100706,35960,26244,26690,31222,4541,1820,1500,1000,5000,3000,0
24491,320000,1,2,1,38,0,0,0,0,0,0,208207,9222,10244,11255,11478,11720,1154,1176,1187,410,426,428,0
24492,470000,1,2,2,32,0,0,0,0,0,0,19419,11006,15171,27319,31029,19211,11070,15202,27329,30203,33,16506,0
24493,180000,1,3,2,39,0,0,0,0,0,0,51496,51588,51869,52999,52096,52704,1838,2000,2468,1850,1909,1902,0
24494,170000,1,2,2,32,1,0,0,2,2,0,-1000,-1000,1000,1000,0,0,0,2000,0,0,0,0,0
24495,20000,1,3,1,45,0,0,2,0,0,2,8541,5577,5346,9984,19089,18356,5577,0,5000,10089,0,2000,0
24496,280000,1,2,1,48,0,0,0,0,0,0,127636,128334,116879,117912,118998,116067,4300,5000,4300,3729,3800,4500,0
24497,290000,1,2,1,36,0,0,0,0,0,0,42512,23991,22416,17016,12567,17199,3000,2010,3000,3000,5000,5000,0
24498,60000,1,1,2,36,0,2,2,0,0,0,780,390,-2750,360,-30,-420,0,0,5500,0,0,0,1
24499,130000,1,1,2,27,0,0,0,0,0,0,2881,670,1919,3671,13861,21782,670,1919,3671,13861,10000,5235,0
24500,100000,1,3,1,42,7,6,5,4,3,2,33816,33024,32308,31399,30448,29933,0,60,0,0,0,118,0
24501,60000,1,1,2,36,1,2,0,0,2,0,104492,53348,52817,57954,56556,55220,5200,3000,8500,0,4000,7000,0
24502,100000,1,2,2,32,0,2,0,0,0,0,4080,2271,4100,7980,0,9487,0,4107,7980,0,9487,8333,0
24503,50000,1,1,2,34,1,2,2,2,2,2,48212,49207,49914,48382,50693,50364,2500,2200,0,3800,1000,1500,0
24504,550000,1,1,1,44,0,0,0,0,0,0,21788,0,1091,2291,1000,150,0,1091,2309,1000,150,750,0
24505,100000,1,2,1,46,1,2,2,0,0,0,22648,23978,23312,24617,25109,25654,2000,0,2000,1200,1100,1200,1
24506,280000,1,2,1,38,0,0,0,0,0,0,3300,0,0,0,0,0,0,0,0,0,0,0,0
24507,30000,1,2,2,32,0,2,2,2,2,2,17578,17988,20374,20738,22253,24748,1000,3000,1000,2170,3000,0,0
24508,230000,1,1,2,45,0,0,0,0,0,0,50500,22771,2652,12097,30096,8961,22771,2652,12097,30096,8961,38591,0
24509,80000,1,2,1,44,0,0,0,0,0,0,1798,2302,1604,3612,2608,1604,2310,1100,3612,600,600,1631,0
24510,80000,1,1,2,33,0,0,0,0,0,0,59991,63371,65616,36159,36712,38194,5000,4000,2500,2500,2000,1000,0
24511,50000,1,2,2,31,0,0,0,0,0,0,50275,45673,48833,31769,9713,9521,2000,5000,2500,500,317,1000,0
24512,50000,1,2,1,46,0,0,0,0,0,0,1853,3656,4400,0,1704,3715,2000,1000,0,1704,2011,0,0
24513,280000,1,1,2,36,0,0,0,0,0,0,198,1979,500,55176,5950,289,1979,500,55176,5950,289,6757,0
24514,290000,1,1,1,40,0,0,0,0,0,0,97193,98441,95169,93718,89712,82809,6000,4000,4250,5000,3241,3500,0
24515,50000,1,3,2,47,0,0,0,0,0,0,44681,45736,46658,44441,18559,17781,2100,2009,2013,700,1000,1000,0
24516,140000,1,2,2,41,0,0,0,0,0,0,-10,-10,1066,0,0,0,0,1076,0,0,0,0,0
24517,80000,1,2,1,43,0,0,0,0,0,0,435,4495,5333,7136,7599,7554,4495,1500,2500,1000,500,1000,0
24518,280000,1,1,2,32,0,0,0,0,0,0,4524,2625,4401,5039,6913,7350,2000,3000,3000,3000,3000,3000,0
24519,20000,1,3,2,46,0,0,0,2,3,5,7790,9985,12001,13978,15932,17572,2500,2500,2500,2500,2500,2500,0
24520,470000,1,2,1,40,0,0,0,0,0,0,20614,37791,29581,25482,-2764,-11049,37978,29734,25630,297,28,29942,0
24521,350000,1,2,2,33,0,0,0,2,0,0,25507,26580,31802,30895,27158,27927,1800,6000,0,1000,1000,668,0
24522,170000,1,2,1,34,0,0,0,0,0,0,35923,37323,38420,40468,41793,43952,2000,2000,3000,2000,3000,2000,0
24523,200000,1,1,1,31,0,0,0,0,0,0,990,1000,6855,1500,9181,7443,1010,6855,1500,9181,7443,2009,0
24524,360000,1,3,1,35,1,0,0,0,0,0,0,4359,328,3721,3150,150,4359,328,3721,3150,150,999,0
24525,140000,1,2,2,41,0,0,0,0,0,0,144904,143827,141805,26141,7373,81185,10000,10000,5000,6000,76000,3000,1
24526,240000,1,2,1,41,0,0,0,0,0,0,238902,241717,240041,231036,194520,195392,8135,8685,10252,7016,7033,7019,1
24527,500000,1,1,1,32,0,0,0,0,0,0,305575,231984,228765,185694,179853,178763,9824,10910,7239,5576,6717,6128,0
24528,190000,1,1,2,34,2,2,2,2,0,0,154258,166118,170001,165797,167654,178044,14500,8000,0,6100,13100,0,1
24529,200000,1,2,1,32,0,0,0,0,0,0,74150,66378,60722,53769,45928,38238,3000,5000,3000,2000,2000,3000,0
24530,210000,1,1,2,41,0,0,0,0,0,0,326,326,326,326,326,326,326,326,326,326,326,326,1
24531,30000,1,1,2,36,0,0,0,0,0,0,1772,9619,-6,-6,-6,-6,9647,0,0,0,0,2011,0
24532,50000,1,2,1,36,0,0,0,0,0,0,47599,48542,49691,49172,9957,10044,2000,2200,1148,500,500,376,1
24533,360000,1,1,1,47,0,0,0,0,0,0,229,4240,2500,0,0,0,4261,2500,0,0,0,0,0
24534,280000,1,2,1,43,0,0,0,0,0,0,149803,131171,132165,133948,133070,135089,6150,6256,6275,5012,5363,4000,0
24535,360000,1,1,1,38,0,0,0,0,0,0,0,0,0,0,0,0,0,0,0,0,0,0,1
24536,50000,1,2,2,39,0,0,0,0,0,2,47990,43288,44569,47291,50398,23675,1997,2278,4000,4000,0,0,0
24537,270000,1,3,1,47,0,0,0,0,0,0,161999,165303,168837,172281,175705,179582,6000,6200,6254,6290,6710,8250,0
24538,20000,1,2,1,37,0,0,0,0,0,0,17622,19996,15467,15863,0,0,3000,2000,1000,0,0,0,0
24539,200000,1,2,1,37,0,0,0,0,0,0,4757,6170,7408,8250,9250,9750,1500,1500,1000,1000,500,1500,0
24540,320000,1,2,1,39,0,0,0,0,0,0,103918,93768,91523,91579,91193,92837,9203,3317,3506,4218,5000,6080,0
24541,230000,1,2,1,37,0,0,0,0,0,0,21374,23695,25996,28240,30450,31798,3000,3000,3000,3000,2000,3000,0
24542,350000,1,3,1,35,0,0,0,0,0,0,218605,166310,166106,100151,50340,51400,6222,7174,4200,2400,2400,2500,0
24543,220000,1,1,2,33,0,0,0,0,0,0,1172,2917,170,5758,792,2538,2917,170,5789,792,2538,4031,1
24544,50000,1,2,1,35,0,0,0,0,0,0,22188,20501,22161,24784,26750,29632,2000,2000,3000,2700,3500,1000,0
24545,20000,1,3,2,48,0,0,2,2,0,0,13543,16434,17452,16879,17059,17263,3132,1577,0,757,628,700,1
24546,390000,1,1,2,32,0,0,0,0,0,0,35745,12935,20868,14411,18969,8637,13000,20971,14487,19020,43,14753,0
24547,120000,1,2,1,39,0,0,0,0,0,0,30000,0,10780,0,12000,0,0,10780,0,12000,0,1000,0
24548,490000,1,1,1,41,0,0,0,0,0,0,79712,81707,85703,87725,88727,91483,3000,5000,4000,3000,4000,5000,0
24549,190000,1,2,2,37,0,0,0,2,2,2,79838,81523,83530,87126,84165,89017,4000,5000,6000,0,6500,574,0
24550,150000,1,5,1,40,0,0,0,0,0,0,291,291,291,432,441,882,291,291,432,300,882,0,0
24551,150000,1,5,1,42,2,0,0,0,0,0,143947,147394,142991,146745,149526,147034,4742,4847,4997,4120,4133,3993,0
24552,270000,1,1,1,37,0,0,0,0,0,0,174532,167536,171865,176167,105523,45258,6900,7900,8800,4700,2100,60000,1
24553,150000,1,2,1,34,0,0,2,2,2,2,122375,132631,129099,136717,133030,141193,12300,0,11300,0,10500,5200,0
24554,600000,1,1,1,36,0,0,0,0,0,0,372396,416438,459749,455910,463611,466570,50000,50000,15000,20000,15000,7000,0
24555,240000,1,1,2,30,0,0,0,0,0,0,213483,216856,220514,217068,5886,11841,8008,10038,10029,1038,7000,0,0
24556,100000,1,1,1,31,0,0,0,0,0,0,91176,95664,99226,99838,21435,0,6000,6000,4000,5000,0,0,0
24557,260000,1,1,2,31,0,0,0,0,0,0,500,0,832,0,284,463,0,832,0,284,463,0,1
24558,80000,1,3,1,42,0,0,0,0,0,0,6959,3959,-41,-41,1759,4703,3000,0,0,1800,3000,3000,0
24559,20000,1,3,2,46,2,3,2,2,2,2,9417,9119,10015,9705,10540,10825,0,1200,0,1000,600,0,1
24560,260000,1,2,1,42,0,0,0,0,0,0,225844,219261,206742,255079,208755,196701,10030,10000,65500,10000,8000,10000,0
24561,370000,1,1,1,41,1,0,0,0,0,0,0,0,0,0,0,0,0,0,0,0,0,0,0
24562,70000,1,2,2,31,0,0,0,0,0,0,101284,71451,66937,38521,34149,38819,2864,2501,1417,1500,5050,1279,0
24563,270000,1,3,2,31,0,0,0,0,0,0,188929,191179,171057,163865,167289,167928,10089,7009,7506,10007,6007,6504,0
24564,250000,1,2,2,44,0,0,0,0,0,0,175070,175494,175711,153130,153859,103593,8000,6018,6887,6000,4001,12000,0
24565,70000,1,3,2,39,0,0,0,0,0,0,18219,19606,20980,22320,22650,23136,2000,2000,2000,1000,1000,2100,0
24566,160000,1,2,1,42,1,0,0,0,0,0,0,0,0,0,0,0,0,0,0,0,0,2535,0
24567,300000,1,1,2,35,0,0,0,0,0,0,17975,14032,13145,11890,12695,13763,1510,1519,2000,1005,2068,0,0
24568,280000,1,3,1,39,0,0,0,0,0,0,1466,1466,25482,24942,23944,23068,1473,25489,1348,816,934,20007,0
24569,210000,1,1,1,34,0,0,0,2,0,0,330,330,660,330,660,330,330,660,0,660,0,330,0
24570,200000,1,1,2,33,2,2,0,0,0,0,234069,8206,1892,8484,4602,67037,16412,1892,8484,4602,67037,9541,0
24571,50000,1,1,2,31,3,2,2,3,3,3,1050,1050,1050,1050,1050,1050,0,0,0,0,0,0,1
24572,60000,1,2,1,45,0,0,0,0,0,0,6471,7487,9356,10392,11214,12028,1131,2000,1200,1000,1000,1000,0
24573,50000,1,2,2,36,0,0,0,0,0,0,52045,49714,50908,49756,27702,27429,2000,2005,1432,1008,3007,2003,0
24574,50000,1,2,1,35,1,2,0,0,0,0,48047,46593,46945,21260,70,29575,0,2052,1800,0,29935,1200,1
24575,140000,1,2,1,39,0,0,0,0,0,0,92861,87249,87188,86973,85854,85839,3992,4100,4000,3162,3500,3210,0
24576,150000,1,1,1,31,0,0,0,0,0,0,15000,0,0,0,0,11694,0,0,0,0,11694,30000,0
24577,230000,1,1,2,33,0,0,0,0,0,0,56754,57171,56150,57074,50670,50652,3000,2100,2300,2000,2000,2000,0
24578,310000,1,1,1,40,0,0,0,0,0,0,-150,-150,-150,-150,-150,-150,0,0,0,0,0,0,0
24579,500000,1,1,1,47,1,0,0,0,0,0,0,1200,163,1131,150,165,1200,163,1142,150,165,8530,0
24580,170000,1,1,2,36,0,0,0,0,0,0,5470,1701,18406,-979,-1304,2371,2000,19000,0,0,4000,15000,0
24581,230000,1,1,1,41,1,0,0,0,0,0,0,1482,2140,2360,2620,0,1482,2140,2560,2620,0,0,1
24582,50000,1,2,2,47,0,0,0,0,0,0,19949,19356,19849,20301,17951,17254,2000,2000,2000,1000,1000,1000,0
24583,170000,1,2,1,33,0,2,2,0,0,0,917,917,0,2038,0,0,0,0,2038,0,0,0,0
24584,340000,1,2,1,34,0,0,0,0,0,0,335002,319219,271435,267100,263741,267488,12510,12101,10045,10010,10000,9800,1
24585,220000,1,2,2,35,0,0,0,0,0,0,237976,232993,229896,226036,222487,210628,8300,8500,8000,7900,7800,8000,0
24586,60000,1,2,1,45,0,0,0,0,0,0,25513,13941,13265,13645,14538,14923,1300,1600,1300,1500,1000,2000,0
24587,200000,1,1,2,33,0,0,0,0,0,0,1201,0,973,0,161,1174,0,973,0,161,1174,598,0
24588,350000,1,2,2,34,0,0,0,0,0,0,38021,29493,31838,32369,33478,83304,3000,3000,3000,1500,52000,3000,0
24589,60000,1,2,2,42,0,0,0,0,0,0,99114,97895,94204,95986,13529,16099,3700,3000,4000,1500,3250,1000,0
24590,100000,1,2,2,28,0,0,0,0,0,0,0,0,0,0,60,210,0,0,0,60,300,3700,0
24591,70000,1,1,2,32,1,2,2,2,2,2,67065,68358,69670,70918,72165,70755,3000,3000,3000,3000,0,8300,1
24592,360000,1,1,1,35,0,0,0,0,0,0,3738,2019,4979,0,4974,4974,2019,4979,0,4974,0,72322,0
24593,100000,1,2,1,29,0,0,0,0,0,0,1200,2100,0,0,0,0,2100,0,0,0,0,4332,1
24594,290000,1,1,2,47,0,0,0,0,0,0,822,836,12,-824,-3830,-4220,850,12,0,2170,0,5000,0
24595,380000,1,2,1,47,1,0,0,0,0,0,0,0,0,0,0,0,0,0,0,0,0,0,1
24596,380000,1,1,2,33,0,0,0,0,0,0,77994,79099,80828,82583,84687,84832,3000,3000,3100,3500,3500,3200,0
24597,60000,1,2,1,45,0,0,0,0,0,0,60035,60776,49802,50965,19275,17976,2380,2262,3000,1500,1000,1500,1
24598,320000,1,3,2,28,0,0,0,0,0,0,67264,67207,0,2615,221073,225361,3231,0,2615,228975,8176,8226,0
24599,80000,1,2,1,45,2,2,2,2,2,0,35169,39069,38166,40642,39689,41043,4500,0,3427,0,2000,3000,1
24600,280000,1,1,1,37,0,0,0,0,0,0,33687,21575,23926,23102,22734,29434,5000,3000,10000,10000,16934,10234,0
24601,110000,1,2,1,38,2,2,2,2,0,0,103202,69917,68917,69141,135478,71875,2500,2494,2477,2500,3003,3000,1
24602,310000,1,2,2,46,2,0,0,0,0,0,102064,104072,105063,107113,109263,120347,5030,4000,3633,3671,12600,0,1
24603,230000,1,1,2,28,0,0,0,0,0,0,28534,27104,24415,29002,12415,10607,15222,10016,10083,5030,5003,5043,0
24604,200000,1,3,2,28,1,0,0,0,0,0,0,1500,0,0,1000,1000,1500,0,0,1000,1000,0,1
24605,70000,1,2,2,29,0,0,0,0,0,0,58305,61710,64114,66775,161,5746,5000,4000,5000,161,5800,1500,0
24606,210000,1,2,1,35,0,0,0,0,0,0,62809,64781,65847,46992,47073,47283,3018,2824,1757,1674,1717,1741,0
24607,290000,1,3,1,41,0,0,0,0,0,0,7488,5795,9562,21312,16875,13881,5807,9569,21336,5020,3013,12278,0
24608,460000,1,1,1,37,2,0,0,0,0,0,7121,7953,8642,9151,9702,9752,1273,1288,1123,1000,502,3000,0
24609,360000,1,1,1,39,0,0,2,0,0,0,264,1139,264,2193,528,264,1139,0,2193,528,0,264,0
24610,200000,1,1,2,32,0,0,0,0,0,0,1100,740,4908,740,5221,740,740,4908,740,5221,740,890,0
24611,230000,1,1,1,37,0,0,0,0,0,0,30769,30792,30140,31067,31091,28223,1500,1600,1500,1000,1000,1200,0
24612,80000,1,2,2,32,0,0,0,0,0,0,2976,13384,2255,1830,2647,11083,13424,2267,1835,2655,11116,4020,0
24613,80000,1,3,1,36,0,0,0,0,0,0,81066,80873,81244,80391,75589,77373,3000,2929,3000,5522,3000,6200,0
24614,150000,1,1,2,33,0,0,0,0,0,0,27221,27897,25304,21894,18452,28191,5000,1715,1200,625,10000,1000,0
24615,290000,1,2,1,36,0,0,0,0,0,0,72774,67311,66183,61332,62445,59213,3500,3000,3000,3000,3000,3000,0
24616,90000,1,3,1,31,0,0,0,0,0,0,67776,68476,68485,67000,45837,49959,4023,4017,4000,4000,5000,4000,0
24617,360000,1,2,1,40,0,0,0,0,0,0,250,1088,3189,3093,4019,2407,1088,3215,3104,2026,2414,8089,1
24618,190000,1,1,2,36,1,2,2,2,2,2,105418,107689,109678,110887,111871,114223,5500,5200,4500,4300,4300,4400,1
24619,20000,1,2,1,41,0,0,0,0,0,0,7472,9304,9369,5873,5990,6231,2000,2002,3098,215,338,2164,0
24620,150000,1,3,1,47,0,0,0,0,0,0,250475,123543,52598,3218,0,0,5772,2424,3218,0,0,0,0
24621,50000,1,2,1,32,0,0,0,0,0,0,11030,12048,13145,14160,14441,14743,1203,1300,1235,516,534,537,0
24622,310000,1,1,2,38,0,0,0,0,0,0,995,988,993,993,1495,995,993,1005,1000,1502,1000,1000,0
24623,260000,1,1,1,38,0,0,0,0,0,0,94152,91774,89485,85906,83619,81260,4150,4153,2913,3012,3088,3033,0
24624,190000,1,2,1,42,0,0,0,0,0,0,31323,28890,26793,27304,25845,22796,1500,1500,2000,1500,898,1000,0
24625,30000,1,1,2,31,0,0,0,0,0,0,6456,4390,3016,4504,5755,3560,4398,3000,3009,5767,3566,26444,1
24626,280000,1,1,2,32,0,0,0,0,0,0,19668,1000,3186,44932,2100,0,1000,3186,45028,2100,0,0,0
24627,60000,1,2,2,40,0,0,0,0,0,0,58123,53604,54851,55742,27333,27615,2000,2500,2500,1000,1100,1100,1
24628,20000,1,2,2,32,2,0,0,0,0,0,18996,19316,20330,20515,20424,19996,1325,1339,1609,823,723,1705,0
24629,140000,1,2,2,29,0,0,0,0,0,0,132629,55185,56000,0,0,0,5000,2000,0,0,0,0,0
24630,80000,1,1,1,47,0,0,0,0,0,0,2001,2338,5655,1670,3096,4590,2338,5655,1676,3096,4590,5598,1
24631,200000,1,3,1,43,0,0,0,0,0,0,1243,1435,1270,3783,2522,1261,1453,1270,4000,0,0,1436,0
24632,170000,1,1,1,42,0,0,0,0,0,0,610,995,2429,2202,598,1801,995,2429,2202,598,1801,1157,0
24633,210000,1,2,2,48,0,0,0,0,0,0,2776,2776,2776,526,4880,1315,2776,2776,526,4880,0,1315,0
24634,500000,1,2,1,46,0,0,0,0,0,0,157046,82603,37528,83629,20894,27217,1652,37550,83642,20894,24038,59021,0
24635,60000,1,2,2,36,0,0,0,0,2,0,39212,45987,42778,25163,7784,12332,45994,20052,20007,7,12332,500,0
24636,410000,1,1,2,32,0,0,0,0,2,2,35868,18762,18557,31003,30065,52726,3762,1557,13000,0,24897,0,1
24637,220000,1,2,1,35,0,0,0,0,0,0,210200,213208,219611,204740,97722,89971,8000,10098,5828,3000,3000,5000,1
24638,420000,1,2,2,30,0,0,0,0,0,0,122418,113122,89586,83713,55375,54291,4816,4128,3147,2018,3130,3006,0
24639,250000,1,2,2,28,0,0,0,2,2,0,149678,152704,163101,164953,160805,164411,7000,14400,6000,0,6200,6200,0
24640,80000,1,1,2,26,0,0,0,0,0,0,84488,83593,72883,67337,60807,59088,2871,2727,3170,1940,2200,1700,0
24641,80000,1,2,2,27,0,0,0,0,0,0,40612,41934,43261,44537,45794,47893,2000,2000,2000,2000,3000,4000,0
24642,20000,1,1,2,28,0,0,0,0,0,0,3608,7032,14244,14065,16161,11106,5000,12500,3000,4000,2000,2000,0
24643,300000,1,2,2,30,0,0,0,0,0,0,18468,60489,63982,124493,16367,41338,61200,45153,102749,186,45079,40000,0
24644,50000,1,1,2,44,0,0,0,0,0,0,54332,51671,50272,49293,47154,50069,3000,1928,1595,1526,13000,1569,1
24645,360000,1,3,1,46,0,0,0,0,0,0,0,0,0,0,0,0,0,0,0,0,0,0,0
24646,140000,1,1,1,36,0,0,0,0,0,0,127496,128675,131640,134183,91772,94290,5000,5041,5000,4000,4000,4000,0
24647,70000,1,2,1,31,0,0,0,0,0,0,61177,62076,63806,126005,66451,20200,5300,3500,2154,7800,555,1000,1
24648,70000,1,2,2,34,0,0,0,0,0,0,69368,69259,71488,64601,32099,26626,4000,4000,2013,1500,1000,4000,0
24649,430000,1,1,1,39,0,0,0,0,0,0,41428,32303,20739,12925,17566,14067,17800,15023,12925,17566,11000,10349,0
24650,170000,1,2,1,39,0,0,0,0,0,0,0,582,0,582,291,90,582,0,582,291,90,750,0
24651,210000,1,2,1,44,1,0,0,0,0,0,0,0,0,0,0,0,0,0,0,0,0,0,0
24652,150000,1,1,1,36,0,0,0,0,0,0,2750,2424,27498,1213,26636,2547,2424,27498,1213,26636,2704,1800,0
24653,260000,1,2,1,42,0,0,0,0,0,0,252107,222195,209496,215317,220727,218750,12004,15000,15000,12000,10000,10000,0
24654,500000,1,2,1,40,0,0,0,0,0,0,22520,1110,79243,0,4580,0,1110,79243,0,4580,0,1380,0
24655,160000,1,1,1,39,0,0,0,0,0,0,4138,0,0,0,2920,0,35,0,0,2920,0,12140,0
24656,210000,1,2,1,45,0,0,0,0,0,0,56024,57148,58338,59529,60720,61980,1836,1897,1936,1952,2013,9062,1
24657,230000,1,2,1,33,1,2,2,0,0,0,203218,208414,203466,150365,119512,87434,10000,0,8000,5000,5000,4243,0
24658,180000,1,2,1,43,0,0,0,0,0,0,2745,3873,3275,2347,3020,2193,3884,3284,2354,3029,2199,12553,0
24659,20000,1,2,2,37,0,0,0,0,0,0,7440,15960,0,-1953,5985,6893,10050,0,18047,7985,1000,2000,0
24660,310000,1,1,1,41,0,0,0,0,0,0,247202,233712,197450,194834,185943,183624,8213,8668,8247,6729,6639,6764,0
24661,180000,1,1,2,39,0,0,0,0,0,0,0,444,182,0,0,0,444,182,0,0,0,540,0
24662,80000,1,1,1,46,0,0,0,0,0,0,48967,49850,50767,45721,49006,56275,2000,1771,1715,4000,8697,0,0
24663,230000,1,1,1,47,0,0,0,0,0,0,143083,130011,83545,82638,26332,25425,6500,4579,4500,3000,1000,3000,0
24664,210000,1,2,2,41,0,0,0,2,0,0,114953,88428,96993,94537,97968,100387,5000,10000,0,5000,4000,5000,1
24665,90000,1,2,1,37,1,2,2,0,0,0,61584,62983,61107,61976,326,476,3000,0,3000,326,476,476,1
24666,30000,1,1,1,45,1,2,2,2,3,2,25829,25121,27988,30515,29738,29126,0,3600,3300,0,0,1100,0
24667,430000,1,1,1,34,2,2,0,0,0,0,435,-183,-525,-868,-1211,-1840,183,0,0,0,290,2512,0
24668,200000,1,1,1,41,0,0,0,0,0,0,10799,1208,1585,1470,1273,1000,1213,1585,1470,1273,1000,1555,0
24669,220000,1,1,2,34,0,0,0,0,0,0,416,416,416,416,416,416,416,832,416,416,416,416,1
24670,480000,1,1,1,37,1,0,0,0,0,0,6071,7994,8313,25714,25710,20110,8023,8351,25753,14012,10021,12462,0
24671,360000,1,2,1,36,0,0,0,0,0,0,33051,13614,-5386,250214,255296,261401,1000,2544,261000,9000,10000,10000,0
24672,390000,1,2,1,34,0,0,0,0,0,0,-702,-808,-1141,-1247,-1353,-1459,0,0,0,0,0,0,0
24673,20000,1,2,2,43,0,0,2,0,0,0,13817,15398,15852,16862,17197,17558,1815,1000,1279,614,637,2350,1
24674,200000,1,3,1,37,0,0,0,0,0,0,65927,59688,53084,46363,39843,33004,2700,2200,1700,1489,1200,1100,0
24675,30000,1,2,2,35,2,2,0,0,0,0,3462,-334,-1170,-1560,-1950,-1620,0,0,0,0,1620,900,1
24676,410000,1,1,1,40,0,0,0,2,0,0,34405,18612,19975,8906,10491,9347,18612,8944,7,10491,9347,9727,0
24677,40000,1,1,1,47,2,0,0,0,0,2,38741,36840,37868,36139,39114,38429,2000,1942,1600,3500,0,2818,0
24678,50000,2,3,1,47,1,2,0,0,0,0,50574,48968,50151,50496,2759,-442,0,2463,2300,55,0,37459,1
24679,230000,2,1,2,28,0,0,0,0,0,0,48144,51966,44477,39998,23278,27775,12000,2353,5000,0,8000,643,0
24680,130000,2,1,2,33,2,2,0,0,0,0,1022,0,0,0,0,0,0,0,0,0,0,0,1
24681,100000,2,2,1,33,0,0,0,0,0,0,7067,-418,7064,15229,9689,2669,0,7482,15315,9705,0,4600,0
24682,400000,1,1,2,34,0,0,0,0,0,0,26912,24967,13810,18230,25050,10209,10016,6000,10000,10000,5000,4000,0
24683,330000,1,1,2,42,0,0,0,0,0,0,73214,76599,78274,80102,60729,56411,10000,4000,8000,10000,15000,8000,0
24684,590000,1,1,1,41,0,0,0,0,0,0,617,1304,35498,0,0,0,1304,35552,0,0,0,0,0
24685,50000,1,1,2,34,2,0,0,0,0,0,13731,13974,7891,4600,5554,5481,1530,2004,1000,1008,1400,600,1
24686,140000,1,2,2,36,0,0,0,0,0,0,58165,59693,61732,62411,64372,70015,2500,3000,2300,3000,6700,0,1
24687,730000,1,2,1,37,0,0,0,0,0,0,70309,61991,49082,26873,514114,499100,20000,14023,9035,528897,22005,15000,0
24688,110000,1,2,2,34,0,0,0,0,0,2,107430,109660,111387,111631,111657,109756,5500,5000,4300,12700,0,4500,1
24689,500000,1,3,1,46,0,0,0,0,0,0,4031,3684,7544,14459,9736,9123,3709,7594,14484,9762,9142,17241,0
24690,200000,1,3,2,40,0,0,0,0,0,0,6154,6000,5762,0,0,3117,6000,5762,0,0,3117,2000,0
24691,180000,1,3,2,41,0,0,0,0,0,0,183047,182506,183363,183013,142048,142570,6704,6973,7023,7000,6000,5357,0
24692,70000,1,2,1,45,0,0,0,0,0,0,67062,68622,28236,30750,35205,37466,3000,1500,3000,5000,3000,5000,0
24693,170000,1,1,1,45,0,0,0,2,0,2,2610,0,1565,965,6265,2445,0,1565,0,6500,0,3115,0
24694,420000,1,2,2,44,0,0,0,0,0,0,13620,13002,9180,13965,10245,20199,2000,5000,5000,5000,10000,10000,0
24695,60000,1,2,1,29,0,0,0,0,0,0,58634,59541,58604,59427,38472,39528,3000,31404,3000,2000,2000,2000,0
24696,280000,1,2,1,31,0,0,0,0,0,0,266511,269245,268332,271904,157565,150665,9557,10001,8585,4761,5082,5008,0
24697,30000,1,2,2,40,0,0,0,0,0,0,21617,24133,25239,26314,27074,28723,3200,1800,1800,1500,2250,600,0
24698,90000,1,1,1,38,2,0,0,0,0,0,88937,87866,87343,89786,67803,69324,3103,3500,4200,2426,2613,3000,1
24699,200000,1,1,1,36,0,0,0,0,0,0,239,2925,3421,301,9585,8374,2925,3421,301,10217,0,0,0
24700,220000,1,3,2,33,0,0,0,0,0,0,62770,86968,57675,75892,49548,35530,40000,25000,25000,10000,10000,10000,0
24701,280000,1,2,2,47,0,0,0,0,0,0,92288,77428,78544,63106,63465,64031,4004,3504,3204,2304,2504,2304,0
24702,280000,1,1,2,38,0,0,0,0,0,0,138984,140300,145127,145571,115765,118190,4900,6918,7100,4388,4500,4300,0
24703,430000,1,1,2,40,0,0,0,0,0,0,2099,8256,4353,471,5779,4468,8297,4391,473,5808,4489,3934,0
24704,180000,1,1,1,37,1,0,0,0,0,0,0,0,0,0,2201,2201,0,0,0,2201,0,0,0
24705,50000,1,1,1,49,1,2,0,0,0,0,27231,26500,27533,28569,28901,31095,0,1764,3400,1100,2660,0,1
24706,500000,1,1,1,46,0,0,0,0,0,0,18664,67646,-214,-214,42772,45282,68013,0,0,42986,45508,9055,0
24707,50000,1,3,2,35,0,0,0,0,0,0,38536,39891,41945,44064,45182,47408,2000,2381,2500,1500,3000,0,0
24708,200000,1,1,1,43,0,0,0,0,0,0,3005,4709,7544,9409,57023,2770,4709,7574,9497,57023,2770,1904,0
24709,100000,1,1,1,42,2,0,0,0,0,0,95926,98437,98480,63372,39138,39857,5000,3100,2000,1600,1500,2000,0
24710,60000,1,2,1,31,0,0,2,0,0,0,55831,60430,58906,59210,44521,31497,8660,0,2150,800,1000,1781,0
24711,30000,1,3,2,33,0,0,0,0,0,0,30384,30134,30646,29657,30232,28415,3010,3000,3000,3000,1083,0,1
24712,180000,1,3,1,41,2,0,0,0,2,0,111786,115921,117428,104153,100148,98165,6000,5000,9000,0,5000,7130,0
24713,20000,1,2,1,40,1,2,0,0,0,2,8201,8912,10110,10817,11637,11307,1000,1500,1180,1000,0,1000,1
24714,350000,1,2,1,39,0,0,0,0,0,0,179189,173622,171127,173283,169815,163058,6695,6958,6669,5596,5676,5487,0
24715,20000,1,2,2,43,0,0,2,2,2,2,5909,8134,7859,9518,9216,10067,2500,0,1800,0,1000,0,0
24716,100000,1,2,1,38,0,0,0,0,0,0,100600,94367,96504,22850,91081,92986,4090,4385,1850,103300,3370,3670,0
24717,20000,1,2,1,43,2,0,0,2,0,0,11573,12372,14946,14409,16659,17887,1300,2787,0,2500,1500,0,1
24718,30000,1,3,2,29,0,0,0,0,2,2,10305,11327,12354,13840,13320,14501,1500,1514,2000,0,1400,0,0
24719,30000,1,2,2,31,0,0,0,0,0,0,7130,2639,1429,2652,12235,8184,2654,1437,2853,12247,119,0,0
24720,180000,1,5,1,40,0,0,0,0,0,0,78170,80559,82947,84379,85789,94088,4000,4000,3100,3100,10000,6000,0
24721,300000,1,2,2,29,0,0,0,0,0,0,49917,49833,49831,51818,50244,49484,5000,5000,5000,5000,5000,5000,0
24722,360000,1,2,0,38,0,0,0,0,0,0,176,252,0,0,0,0,252,0,0,0,0,0,0
24723,210000,1,1,2,36,0,0,2,0,0,0,931,2562,736,270,-466,1798,2570,0,270,0,3000,0,0
24724,30000,1,1,1,35,1,2,2,2,0,0,18829,19223,20599,15642,23789,20562,1000,2014,6,25700,800,1989,1
24725,150000,1,2,1,31,0,0,0,0,0,0,146805,148293,146245,141593,133721,138524,5300,7000,6600,4700,13500,0,0
24726,150000,1,2,2,31,0,0,0,0,0,0,0,648,0,1448,0,0,648,0,1448,0,0,3632,0
24727,150000,1,3,2,42,0,0,0,0,0,0,0,0,0,0,0,0,0,0,0,0,0,0,1
24728,470000,1,1,1,40,1,2,0,0,0,0,276880,241153,204223,151253,138087,109094,5014,10000,5214,4500,5000,4200,0
24729,200000,1,2,1,38,0,0,0,0,0,0,105729,106296,110031,112410,128894,131588,3806,5449,5694,20000,4774,5101,0
24730,80000,1,3,1,49,0,0,0,0,0,0,77985,80886,82150,0,0,0,4200,3800,0,0,0,0,0
24731,250000,1,1,1,37,1,2,0,0,0,0,206430,210029,214868,218593,159789,163454,8300,9500,9000,5500,6000,13000,0
24732,500000,1,1,2,30,0,0,0,0,0,0,24349,9543,53947,84388,26154,175790,9605,54218,84839,26283,175857,4914,0
24733,200000,1,1,1,36,1,2,0,0,0,0,14460,12825,13810,14815,16347,17531,0,1502,2000,2000,1513,1504,0
24734,90000,1,1,1,34,0,0,0,0,0,0,106339,90500,0,0,0,0,20585,0,0,0,0,0,0
24735,400000,1,1,1,47,0,0,0,0,0,0,105610,107495,111150,112444,97523,84858,3904,5646,5000,3000,5000,5000,0
24736,180000,1,2,2,38,0,0,0,0,0,0,9409,10395,5382,3155,1877,4673,10423,5393,3159,1881,4678,1353,0
24737,160000,1,2,1,47,0,0,0,0,0,0,988,779,637,2667,16746,23591,779,638,2670,16746,7069,7000,0
24738,130000,1,2,1,38,0,0,0,0,0,0,123044,122981,102151,90917,92729,93359,4949,4000,3250,3231,3324,3242,0
24739,60000,1,2,1,45,0,0,0,0,0,0,67719,69501,58536,56705,18352,18195,3000,12423,2000,2000,1000,1000,0
24740,240000,1,2,1,39,0,0,0,0,0,0,215013,220938,213460,217816,222214,227174,9600,7800,7907,8021,8610,8084,0
24741,160000,1,2,1,33,0,0,2,2,0,0,82535,84300,86091,83839,85552,88028,4000,4000,0,4000,4000,4000,1
24742,50000,1,2,1,43,0,0,0,0,0,0,48919,48775,48731,48934,29116,28999,1800,2200,1400,582,580,30000,0
24743,280000,1,1,2,34,0,0,0,0,0,0,251267,258944,262562,164059,131807,180524,15000,10565,20253,20518,155067,11007,0
24744,30000,1,2,1,40,0,0,0,0,0,0,25328,22520,21554,22280,18330,780,2000,2000,2000,1000,0,0,0
24745,130000,1,2,1,46,0,0,0,0,0,0,46849,44861,46405,44342,45641,40945,1802,3005,1603,3022,1005,3308,0
24746,160000,1,1,1,43,0,0,0,0,0,2,238,0,237,-300,300,150,0,237,0,600,0,234,0
24747,420000,1,4,2,36,1,0,0,0,0,0,944,1819,1133,10415,7792,-3,1819,1143,10429,194,556,0,0
24748,210000,1,2,1,37,1,0,0,0,0,0,0,650,325,325,325,325,650,325,325,325,325,325,1
24749,70000,1,1,1,39,0,0,0,0,0,0,60412,67474,68750,59186,48178,46197,8137,3100,7172,10000,1662,3000,0
24750,50000,1,2,2,44,0,0,0,2,0,0,47674,45472,51447,49895,20317,19460,1764,6739,29,700,704,705,0
24751,50000,1,3,1,38,2,0,0,2,2,0,37501,34942,37502,34653,31352,29605,2000,3455,1007,8,2002,2029,1
24752,330000,1,1,1,38,0,0,0,0,0,0,1051,671,291,1051,1011,1051,671,291,1051,1011,1051,821,0
24753,70000,1,2,2,40,2,2,2,0,0,0,69164,70938,69248,69366,48998,27863,3500,0,2109,1500,3769,0,1
24754,170000,1,2,2,36,0,0,0,0,0,0,600,1598,0,1340,0,0,1598,0,1340,0,0,3200,0
24755,50000,1,2,3,41,0,0,0,0,0,0,51449,52260,40893,81308,41463,40045,1700,1679,1640,1449,1454,1466,1
24756,250000,1,1,1,39,0,0,0,0,0,0,1852,0,0,2576,20552,0,0,0,2576,20739,0,2231,0
24757,200000,1,3,1,49,0,0,0,0,0,0,51437,52580,53732,54837,56025,59511,2000,2000,2000,2100,4400,0,0
24758,460000,1,2,1,37,0,0,0,0,0,0,66935,76719,74537,70481,85204,93194,13039,5036,5015,20005,10007,28004,0
24759,100000,1,3,1,40,2,0,0,2,2,0,77617,80324,86016,87715,85411,87870,4000,7000,4000,0,4000,4000,0
24760,220000,1,1,2,35,1,2,0,0,2,2,190105,185836,187220,199542,202036,200956,0,6600,15200,7000,2000,15000,1
24761,30000,1,2,2,35,0,2,2,0,0,0,780,390,0,780,0,0,0,0,780,0,0,0,1
24762,80000,1,2,2,34,0,0,0,0,0,0,73414,66122,92131,47655,43182,44332,3558,2600,4300,2000,2000,2000,0
24763,320000,1,2,1,34,0,0,0,0,0,0,117983,111695,112030,152291,138731,132197,10009,15000,50551,10000,10000,8000,0
24764,110000,1,5,1,36,0,0,0,0,0,0,3385,31169,50526,51816,34262,23366,28000,20000,3000,3000,3000,3000,0
24765,20000,1,2,2,35,0,0,0,0,0,0,17809,18325,-1675,-1675,16554,17359,1000,0,0,18359,1000,1000,0
24766,50000,1,2,1,44,2,2,0,0,3,2,127510,123969,128267,139912,136604,134705,0,6300,15300,0,0,9500,1
24767,430000,1,2,1,38,0,0,0,0,0,0,18517,23565,34028,28407,33608,52015,23565,34028,28418,33651,52015,21000,0
24768,80000,1,2,1,39,2,0,0,0,0,0,59999,61205,62620,63870,64114,65932,2800,3000,2901,2500,3000,5202,1
24769,40000,1,1,2,35,1,2,2,2,2,3,11074,10600,20406,20774,22132,21497,0,10000,1000,2000,0,0,1
24770,150000,1,2,1,42,0,0,0,0,0,0,98965,100714,100645,103006,52251,46581,3360,3630,4337,1894,1522,1521,0
24771,330000,1,4,1,33,0,0,0,0,0,0,26586,23818,24164,25042,25665,24059,1700,1522,1400,1000,820,770,0
24772,20000,1,2,2,40,0,0,0,2,0,0,29035,16391,18920,18180,19000,20000,4000,3500,0,2000,1000,0,0
24773,20000,1,2,2,45,0,0,0,2,0,0,17369,28513,27836,23480,19469,16310,15000,3273,0,389,326,813,0
24774,500000,1,1,1,40,0,0,0,0,0,0,18110,0,0,0,0,0,0,0,0,0,0,0,0
24775,200000,1,1,2,42,0,0,0,0,0,0,161514,163340,168701,172074,173907,184067,6000,8000,8000,6500,13500,0,1
24776,20000,1,2,2,46,0,0,0,0,2,0,11027,12038,13064,14888,14352,14652,1199,1225,2049,0,531,537,0
24777,210000,1,1,1,44,0,0,0,0,0,0,126113,107216,88039,83304,77605,70260,5002,5030,10008,10017,10000,10000,0
24778,500000,1,2,1,41,1,2,0,0,0,0,169117,163094,161768,164438,162050,163456,0,7400,10000,6000,5907,6000,0
24779,300000,1,1,2,42,0,0,0,0,0,0,161772,111664,123854,0,0,0,114402,127180,0,0,0,0,0
24780,110000,1,2,1,35,0,0,0,0,0,0,103750,102437,97005,83998,79376,79816,3759,3409,2905,2778,2862,3500,0
24781,500000,1,1,1,39,0,0,0,0,0,0,74213,74890,74767,74383,74251,61124,4006,4002,3002,3018,3352,3018,0
24782,120000,1,1,1,44,1,2,2,2,2,2,75294,76465,74675,79629,77748,82497,3000,0,6200,0,6000,0,1
24783,360000,1,2,1,44,0,0,0,0,0,0,1824,1740,0,0,1499,4001,1740,0,0,1499,4001,203,0
24784,350000,1,3,2,36,0,0,0,0,0,0,9189,6080,12622,18103,13547,38868,6088,12635,18119,13547,38868,4650,0
24785,80000,1,1,2,35,1,0,2,0,0,0,0,4117,3370,5018,950,-3827,4117,0,5018,0,0,7654,1
24786,320000,1,1,1,46,0,0,0,0,0,0,2790,3266,12186,1403,24305,7463,3349,12253,3290,11465,7537,1966,0
24787,230000,1,1,1,38,0,0,0,0,0,0,1088,2444,2905,4868,2870,3085,2451,2911,4882,2878,3085,950,0
24788,110000,1,2,1,44,0,0,0,0,0,0,82503,84214,90877,92986,49901,49649,3083,9563,4000,1800,2000,2000,0
24789,60000,1,2,1,32,0,0,0,0,0,0,22357,23663,24779,25322,19248,18061,1684,1800,1287,813,700,681,0
24790,20000,1,1,2,34,0,0,0,0,0,0,15415,16423,17594,18552,18522,18900,1271,1442,1400,370,378,0,0
24791,320000,1,2,1,35,0,0,0,0,0,0,10125,11475,12549,10853,11755,7559,1526,1600,1098,1000,272,300,0
24792,90000,1,1,1,41,0,0,0,0,0,0,88805,86939,86360,67145,30834,50585,3500,4000,3000,2500,42200,1900,0
24793,200000,1,2,1,49,0,0,0,0,0,0,390,390,390,390,386,1376,390,390,390,386,1380,5186,0
24794,240000,1,1,2,46,1,2,0,0,0,0,102318,94453,5411,8513,4626,5329,468,5784,8548,4630,5334,27898,1
24795,240000,1,1,1,43,0,0,0,0,0,0,223151,226688,230690,213633,176135,179027,7766,8300,7200,6200,6550,6107,1
24796,120000,1,2,1,48,0,0,0,0,0,0,13544,2671,14940,41990,1493,36186,3000,15928,43000,1493,36200,27277,0
24797,70000,1,3,1,46,0,0,0,0,2,2,24345,25349,26694,28935,28174,30061,1414,1759,3000,0,2500,0,0
24798,20000,1,2,1,33,1,2,0,0,2,2,4481,4261,5272,6685,6429,7225,0,1087,1500,0,900,0,0
24799,140000,1,2,1,35,1,2,2,0,0,0,147946,150934,136222,124871,118141,111716,7000,10,6015,4000,4000,5000,0
24800,240000,1,3,1,41,1,2,2,2,2,0,101060,104498,106628,102650,0,0,6000,4650,0,0,0,0,0
24801,50000,1,3,2,44,0,0,0,0,0,0,48322,49057,48059,48097,8107,6934,3000,3000,3000,3000,3600,4800,0
24802,100000,1,2,2,26,2,2,2,2,2,0,89799,87459,94009,95577,93145,95489,0,8000,4000,0,4000,4000,0
24803,140000,1,2,2,26,0,0,0,0,0,0,21513,23147,24766,25782,27348,30820,2000,2000,1434,2000,4100,0,0
24804,260000,1,2,1,31,0,2,0,0,0,0,7559,4860,1350,4645,4625,12209,0,1350,4645,4625,12209,4365,0
24805,230000,1,1,2,35,0,0,0,0,0,0,0,13371,9420,16639,600,0,13371,9420,16688,606,0,0,0
24806,20000,1,3,2,36,0,0,0,0,0,0,416,0,832,0,832,1486,0,832,0,832,1486,0,0
24807,110000,1,2,2,38,0,0,0,0,0,0,106113,57228,10018,0,0,0,1635,1000,0,0,0,0,0
24808,460000,1,1,1,40,0,0,0,0,0,0,235388,213905,217909,195811,199712,203895,8000,7500,7100,7100,7342,8000,0
24809,120000,1,2,2,36,0,0,2,0,0,2,26490,23333,16721,17400,26087,19577,3246,0,7313,15000,0,7000,0
24810,60000,1,2,1,31,0,0,0,0,0,0,22219,140,0,0,0,0,140,0,0,0,0,0,1
24811,50000,1,3,1,31,0,0,0,0,0,0,1473,390,390,390,0,780,390,390,390,0,780,0,1
24812,50000,1,3,2,41,0,0,0,0,0,0,48619,48647,49859,50700,46174,47430,2100,2300,2025,1800,2000,2100,0
24813,30000,1,3,1,42,0,0,0,0,0,0,1946,1473,390,390,390,0,1000,390,390,390,0,780,0
24814,20000,1,3,2,45,0,0,0,0,0,0,18011,18083,18500,19014,19019,17484,1500,1400,1243,638,2000,480,0
24815,20000,1,2,2,47,0,0,0,0,0,0,17059,36219,15431,16260,15770,15880,1500,4000,1600,500,500,400,0
24816,350000,1,2,2,32,0,0,0,0,0,0,262576,237656,222586,205845,174438,157061,10013,10029,10009,5609,6000,10000,0
24817,240000,1,2,1,36,0,0,0,0,0,0,239003,227962,231284,239410,184094,101776,9700,8500,12036,8300,5000,5000,0
24818,120000,1,2,1,37,2,2,0,0,0,0,45902,44868,45943,46976,47891,51036,0,2100,2100,2000,4100,3000,1
24819,200000,1,3,1,47,0,0,0,0,0,0,0,9661,0,23648,575,847,9661,218,23648,575,847,249,0
24820,150000,1,1,2,31,0,0,0,0,0,0,3056,834,5487,2003,-222,-222,834,5487,2020,51,0,6000,0
24821,180000,1,2,1,37,0,0,0,0,0,0,0,0,621,3762,0,0,0,621,3762,0,0,0,0
24822,260000,1,1,1,30,0,0,0,0,0,0,232,91,85,105,80,95,91,85,105,80,95,80,0
24823,180000,1,1,2,31,0,0,0,0,0,0,3580,0,0,0,7108,1300,0,0,0,7108,1300,0,0
24824,130000,1,1,1,31,0,0,0,0,0,0,26528,22567,23167,0,0,0,1400,1000,0,0,0,0,0
24825,250000,1,1,2,34,0,0,0,0,0,0,119310,132243,140069,292404,175050,181766,15000,10000,10000,60000,15000,6000,0
24826,460000,1,4,1,35,0,0,0,0,0,0,0,737,4856,6696,1327,0,737,4872,6696,1327,0,1782,0
24827,40000,1,1,1,35,0,0,0,0,0,0,30927,18228,19256,20429,32279,32940,1300,1327,1500,12279,1350,2000,0
24828,20000,1,2,1,36,2,2,2,0,0,0,9735,12564,12077,12779,13033,13308,3000,0,1212,466,485,900,1
24829,310000,1,2,1,41,0,0,0,0,0,0,34682,23594,-26,5333,-56,-56,23712,0,5359,0,0,0,0
24830,90000,1,2,1,40,0,0,0,0,0,0,87190,86135,87247,88943,90961,44522,3068,3335,3319,3590,1368,1121,0
24831,20000,1,3,2,43,0,0,0,0,0,0,12648,14126,15162,17891,18590,19286,2000,1271,3000,1000,1000,1000,0
24832,270000,1,2,1,39,0,0,0,0,0,0,18205,15984,17723,18634,19997,18948,1500,2000,1145,1508,900,2000,0
24833,170000,1,3,1,45,0,0,0,0,0,0,114625,117364,119552,111404,113635,98411,6305,6000,6000,3854,5000,8000,0
24834,300000,1,2,1,41,0,0,0,0,0,0,66132,67445,68856,69392,70798,72252,2412,2496,1678,1702,1746,1772,0
24835,350000,1,1,2,30,2,2,0,2,0,0,832,0,1844,1248,832,416,0,1844,0,0,0,832,1
24836,360000,1,1,1,39,0,0,0,0,0,0,396,396,396,396,396,846,396,396,396,396,846,396,0
24837,260000,1,2,1,37,0,0,0,0,0,0,131472,134283,130398,134075,130448,134477,5036,5000,5035,5000,5097,5008,0
24838,100000,1,1,2,28,0,0,0,0,0,0,12332,12832,8564,7241,7364,7542,1296,1123,1000,223,1500,0,0
24839,200000,1,1,2,28,0,0,0,0,0,2,42215,44597,51023,56627,60693,59596,3092,7518,7122,5627,0,2741,0
24840,30000,1,2,2,38,0,0,0,0,0,0,21697,22834,24459,25361,27011,27655,1500,2000,1350,2000,1000,1500,0
24841,160000,1,1,2,46,0,0,0,0,0,0,1338,711,1941,1052,2004,931,711,1945,1052,2004,931,1499,0
24842,370000,1,2,2,36,0,0,0,0,2,0,47269,43531,59801,53925,30534,23618,2000,20000,8000,0,1000,0,0
24843,380000,1,2,1,43,0,0,0,0,0,0,112118,96297,243301,259176,47494,129274,96778,243301,21066,2137,110000,50110,0
24844,210000,1,3,2,37,0,0,0,0,0,0,53748,98002,10347,20198,2960,976,99737,11188,20564,3486,976,1060,0
24845,90000,1,2,2,44,1,2,2,2,2,0,36835,35949,40567,41604,40637,41824,0,5539,2000,0,2000,3000,0
24846,210000,1,2,1,42,0,0,0,0,0,0,3096,5260,3298,2972,975,3441,5260,3298,2972,975,3441,1666,0
24847,120000,1,1,2,30,1,0,0,0,0,0,0,0,0,0,0,0,0,0,0,0,0,0,1
24848,500000,1,1,1,46,0,0,0,0,0,0,46178,56570,117102,159284,112078,136341,57498,120899,101500,30418,80668,50384,0
24849,390000,1,2,1,48,0,0,0,0,0,0,32708,34849,34370,4968,5595,5318,3000,1500,1000,1004,2003,5407,0
24850,310000,1,1,2,32,0,0,0,0,0,0,8242,32447,17314,8639,12862,4553,32617,17417,8702,12926,4575,1990,0
24851,280000,1,1,1,32,0,0,0,0,0,0,284556,265099,270705,278771,283434,259699,9500,10750,12500,11000,9600,9200,0
24852,200000,1,1,1,41,0,0,0,2,0,0,1980,1802,5647,3604,1802,1802,1802,5647,0,0,1802,3829,0
24853,50000,1,2,1,38,0,0,2,0,0,2,32669,35917,35063,36176,38269,37521,3800,0,2000,3000,0,3200,0
24854,500000,1,2,1,42,0,0,0,0,0,0,17360,13170,10697,19757,5158,43859,13222,10758,19883,5180,44064,41450,0
24855,30000,1,2,2,49,0,0,0,0,0,0,29893,28289,24572,23448,21919,20756,1697,1505,1305,1000,1000,819,0
24856,50000,1,2,2,35,0,0,0,0,0,0,49986,46720,48166,49167,26032,26235,23800,2200,2150,1000,1000,1000,1
24857,210000,1,2,2,47,0,0,0,0,0,0,-163,-163,-163,-65167,-168,2999,0,0,5530,84332,21500,30000,1
24858,150000,1,1,1,41,0,0,0,2,0,0,0,0,6785,6572,1800,0,0,6785,0,1808,0,0,0
24859,230000,1,2,1,36,0,0,0,0,0,0,218205,217665,201440,192978,110055,100857,7859,7750,6246,2500,2600,1300,0
24860,200000,1,1,2,38,0,0,0,0,0,0,1488,4242,8235,0,0,0,4246,8511,0,0,0,2401,0
24861,200000,1,1,2,38,0,0,0,0,0,2,3810,3056,8519,776,5335,4536,3063,8568,776,5335,0,664,0
24862,330000,1,2,1,38,0,0,0,0,0,0,179935,177959,175259,153562,157072,158516,8000,6000,5600,6000,6000,6000,1
24863,70000,1,2,1,37,0,0,0,0,0,0,68144,69548,70985,64905,48542,48525,2538,2607,2137,1714,1751,2153,0
24864,100000,1,2,1,41,0,0,0,0,0,0,91,949,3079,6427,6558,0,957,3079,6427,131,0,0,1
24865,130000,1,2,1,34,0,0,0,0,0,0,129998,132880,128615,130553,100976,96560,6543,6700,6050,4040,3700,3562,0
24866,90000,1,2,2,35,0,0,3,2,0,0,941,3008,1882,941,266,-675,3008,200,0,266,0,3264,1
24867,150000,1,1,1,36,1,0,0,0,0,0,0,-316,-632,-1264,316,782,0,0,0,1580,782,638,0
24868,230000,1,2,1,35,0,0,0,0,0,0,22472,20911,24408,8747,-1231,4771,1330,5000,3060,91,6002,0,0
24869,80000,1,1,2,38,0,0,0,0,0,0,21788,32562,23346,18361,10434,7387,16445,1482,1011,8,111,3509,0
24870,100000,1,2,1,36,0,0,0,0,0,0,66470,36825,76561,39434,48351,20800,2000,3000,4200,22000,1200,0,0
24871,170000,1,1,1,37,0,0,0,0,0,0,187146,175347,181490,169608,163255,168395,6500,9000,7000,3500,7000,5000,1
24872,310000,1,1,1,43,0,2,0,0,0,0,2432,261,2745,-626,110,-154,0,4000,0,1000,0,0,0
24873,160000,1,2,2,36,0,0,0,0,0,0,735,735,735,735,735,735,735,735,735,735,735,735,0
24874,70000,1,2,1,36,2,2,2,2,2,2,30809,30015,32928,32100,34557,35357,0,3400,0,3000,1500,1500,1
24875,500000,1,1,1,37,0,0,0,0,0,0,62053,46888,50783,53204,56946,58394,75840,5000,5012,10000,5000,10000,0
24876,50000,1,2,1,46,0,0,0,0,0,0,51400,0,0,0,50108,50765,0,0,0,50108,2363,390,0
24877,410000,1,2,1,46,2,2,2,2,2,0,71532,73643,72083,76603,74964,76370,3700,0,6147,0,2577,2747,1
24878,120000,1,1,2,32,0,0,0,0,2,0,120792,87675,122177,120667,47880,49629,20137,50053,29377,0,30000,984,0
24879,20000,1,1,2,30,0,0,3,2,0,0,323,24910,22469,21780,20363,20199,26703,0,0,1000,800,1000,1
24880,310000,1,2,1,40,0,0,0,0,0,0,12295,13440,30944,31594,30454,29246,2000,20000,2000,2000,2000,210759,0
24881,90000,1,2,1,36,0,0,0,0,0,0,24489,23303,12957,4755,9176,10376,1527,12957,4755,9296,1200,0,0
24882,200000,1,1,1,43,0,0,0,0,0,0,145901,144678,140804,136437,135253,134629,5216,5090,5014,5009,4844,5002,0
24883,360000,1,1,2,30,0,0,0,0,0,0,10821,5559,3272,13756,12852,20893,5586,3364,13132,10034,16104,14348,0
24884,350000,1,1,2,29,0,0,0,0,0,0,16476,21256,25750,0,0,0,5000,5000,0,0,0,0,0
24885,20000,1,2,1,34,0,0,2,3,2,0,14950,16446,19844,19162,18704,19226,2065,3398,0,0,780,18010,0
24886,260000,1,1,1,37,0,0,0,0,0,0,5275,-200,-200,2515,0,20532,0,0,2715,0,20532,0,0
24887,110000,1,2,1,42,0,0,0,0,0,0,108227,107529,108483,73177,51043,60581,4200,4306,1662,1170,60604,5000,1
24888,140000,1,1,2,32,0,0,0,0,2,0,90590,97047,102468,114718,111387,116399,8000,7000,15500,0,7000,7000,0
24889,310000,1,3,2,34,0,0,0,0,0,0,263685,190484,178753,166942,140659,145379,8000,6650,6000,6000,7000,6000,0
24890,170000,1,2,1,40,0,0,0,2,2,2,148211,149659,155442,162471,158294,166836,5400,8200,11400,0,10800,0,0
24891,80000,1,1,2,30,0,0,2,2,2,2,76539,21644,17427,67659,63815,48670,3510,41,65007,53,3228,0,0
24892,410000,1,2,1,46,0,0,0,0,0,0,5135,2916,13379,5165,5034,3089,2916,13379,5180,5851,3089,6271,0
24893,130000,1,2,2,38,0,0,0,0,2,0,16657,17874,18776,20858,20225,21396,1500,1500,2400,0,1500,1500,0
24894,260000,1,1,1,39,0,0,0,0,0,0,5992,7000,8024,9185,9384,9426,1116,1140,1301,500,341,343,0
24895,500000,1,1,2,40,0,0,0,0,0,0,2594,1184,17740,36657,2631,26231,1190,17840,36639,2644,26363,35908,0
24896,160000,1,2,1,43,0,0,0,0,0,0,390,780,0,780,390,930,780,0,780,390,930,0,0
24897,180000,1,2,1,33,0,0,0,0,0,0,37565,36877,36862,34337,33524,35223,3006,3007,3002,3000,3000,2003,0
24898,70000,1,3,2,34,0,0,0,0,0,0,53972,23149,23968,25559,26134,26715,1700,1500,2000,1000,1000,2000,0
24899,50000,1,2,2,35,0,0,0,0,0,0,1000,14300,17820,3800,2241,12241,14300,17820,3800,2241,12500,0,0
24900,90000,1,1,2,32,2,0,0,0,0,0,63632,131132,66940,68332,70169,66709,3000,2431,2506,3000,2950,4000,1
24901,210000,1,2,2,32,0,0,0,0,0,0,137264,102545,94692,70484,36308,33201,3664,3900,2868,3000,2000,2000,1
24902,210000,1,5,1,31,2,0,0,0,0,0,195615,199825,124788,126946,93925,-285,9234,5185,4900,4526,21787,152951,0
24903,360000,1,2,1,32,0,0,0,0,0,0,942,3670,33148,33829,16555,7090,3678,33148,1287,413,7127,1193,0
24904,280000,1,1,2,30,0,0,0,0,0,0,100740,104055,106380,112596,114235,117232,5000,4000,8000,5000,5000,18000,0
24905,160000,1,1,2,31,0,0,0,0,0,0,108179,110217,107420,111123,111795,114136,3866,3899,5489,4005,4145,4161,0
24906,200000,1,2,1,32,0,0,0,0,0,0,3254,1988,2780,3107,6687,24524,1998,2795,3117,6700,24538,2797,0
24907,50000,1,2,2,32,5,4,3,2,0,0,46750,45734,44741,43562,44039,45008,0,0,0,1262,1358,1275,0
24908,400000,1,3,1,33,0,0,2,0,0,0,2487,4708,2192,11111,5675,5071,4009,6,10248,4721,4114,1855,1
24909,210000,1,1,2,32,0,0,0,0,0,0,918,1144,3977,5365,789,1086,1146,3988,5381,791,1088,948,0
24910,440000,1,1,2,33,0,0,0,0,0,0,2380,1750,4697,7502,2249,4532,1750,4697,7502,2249,4532,101750,0
24911,380000,1,3,1,34,0,0,0,0,0,0,4539,4119,4686,2363,2416,4718,4131,4700,2382,2423,4732,2353,0
24912,120000,1,1,2,33,0,0,0,0,0,0,8578,6492,8268,6672,11724,4642,5502,7921,5700,10834,4000,3500,0
24913,110000,1,1,1,33,0,0,0,0,0,0,47460,51200,-200,-200,-200,-200,5000,0,0,0,0,1000,1
24914,110000,1,2,1,34,1,2,3,2,0,0,53524,58646,57156,54984,57437,59204,6600,0,0,4000,3500,2200,1
24915,360000,1,1,1,34,0,0,0,0,0,0,6878,49190,38497,14342,17098,4546,49190,38610,14350,17098,4546,6229,0
24916,200000,1,1,3,47,0,0,0,0,0,0,202967,203188,198576,186981,137486,140473,7208,7282,5835,5000,5500,4954,1
24917,200000,1,2,2,36,0,0,0,0,0,0,175353,150969,153856,156401,159300,160571,25001,5701,5576,6009,5811,6156,1
24918,50000,1,2,2,35,0,0,0,0,0,0,50471,48538,49484,46077,23536,24045,3000,1755,1500,842,888,1914,0
24919,400000,1,1,1,38,0,0,0,0,0,0,23052,7754,13052,12639,12315,7831,8025,13972,13046,13040,7923,14533,0
24920,150000,1,1,2,41,0,2,0,0,0,0,1980,990,990,990,990,1980,0,990,990,990,1980,0,0
24921,430000,1,1,1,39,0,0,0,0,0,0,43970,46127,336073,325463,38290,21800,50942,325470,20003,39068,21800,351282,0
24922,170000,1,1,1,35,0,0,0,0,0,0,-21,-21,-21,-21,-21,-21,0,0,0,0,0,0,0
24923,300000,1,1,1,42,0,0,0,0,0,0,23742,29184,27048,24113,21683,12680,10000,1976,1200,12689,0,11223,0
24924,500000,1,1,2,36,0,0,0,0,0,0,34639,41481,25747,5749,10370,14161,10010,8078,2000,5000,6000,15000,0
24925,230000,1,2,1,34,0,0,0,0,0,0,165090,135706,122232,82007,80811,81914,6500,6000,3400,2500,2000,1800,0
24926,50000,1,2,1,47,0,0,0,0,0,0,50593,50420,49695,47862,18371,18601,1798,2198,1296,805,676,695,0
24927,50000,1,2,2,44,1,2,0,0,0,0,15323,14780,15889,16650,18535,18924,0,1354,1115,2000,520,600,1
24928,220000,1,1,2,35,1,0,0,0,0,0,0,0,0,0,0,0,0,0,0,0,0,0,0
24929,500000,1,2,1,39,0,0,0,0,0,0,2082,800,1440,600,8170,600,803,1440,600,8170,600,1389,0
24930,350000,1,2,1,38,1,2,0,0,2,0,70845,69318,71301,75129,71313,68046,0,3500,5500,0,2500,2000,0
24931,200000,1,1,1,44,0,0,0,0,0,0,3983,4884,3165,0,0,0,4884,3165,0,0,0,0,0
24932,30000,1,3,2,35,0,0,0,0,0,0,27224,28359,27458,26539,28556,28621,2001,5101,2002,3031,3095,2175,0
24933,180000,1,3,1,36,0,0,0,0,0,0,1321,590,584,1196,3040,8009,590,584,1202,3049,8009,7820,0
24934,50000,1,2,1,42,2,2,2,0,0,0,8971,9287,9600,10537,11008,11472,1000,1000,1500,1000,1000,1000,0
24935,80000,1,1,1,44,0,0,0,0,0,0,1049,0,152,9587,692,706,0,152,9587,6,706,697,0
24936,270000,1,1,1,39,0,0,0,0,0,0,18221,5973,6511,49873,44658,40703,3005,3027,49935,5021,2004,5008,0
24937,310000,1,1,1,39,0,0,0,0,0,0,16577,1361,2716,824,757,842,1361,3146,824,757,842,13436,0
24938,450000,1,1,1,37,1,2,0,0,0,0,387192,379442,387398,395655,403568,418182,0,14062,14700,14500,21077,12575,1
24939,210000,1,1,1,40,2,2,2,2,2,0,151258,141669,134301,124218,110114,101559,5000,7000,4200,0,4000,6500,1
24940,300000,1,2,1,39,0,0,0,0,0,0,127237,114506,115420,118149,110223,110449,4100,4600,7384,3500,3900,4500,0
24941,60000,1,2,1,38,0,0,2,0,0,0,72930,71123,67405,63559,60048,56458,5000,3000,3000,3000,2000,3000,0
24942,360000,1,1,2,36,0,0,0,0,0,0,415,-350,325,765,24851,414,0,1000,765,24851,414,30664,0
24943,280000,1,1,1,34,1,0,0,0,0,0,0,0,0,17535,9119,18960,0,0,17535,9119,18960,1200,0
24944,150000,1,1,1,40,0,0,0,0,0,0,133013,123548,94995,52874,64269,73351,4159,4221,3094,30454,100049,5098,1
24945,260000,1,2,1,42,0,0,0,0,0,0,246,246,246,246,246,246,246,246,246,246,246,246,0
24946,150000,1,1,2,39,0,0,0,0,0,0,8766,5890,1000,0,0,0,5950,1010,0,0,0,0,0
24947,180000,1,2,2,37,0,0,0,0,0,0,62140,65729,68709,70465,72335,74807,5311,4657,3500,3650,3800,3500,0
24948,120000,1,1,1,43,0,0,0,0,0,0,165,0,788,0,0,495,0,788,0,0,495,0,0
24949,200000,1,1,1,42,0,0,2,0,0,0,125722,134514,130952,132290,159160,162928,12400,0,5000,29160,6500,15044,0
24950,130000,1,1,2,43,0,0,0,0,0,0,121816,124223,62318,64214,44840,45969,6000,6000,3000,2000,2000,2000,0
24951,50000,1,2,1,35,1,2,0,0,2,0,45442,44411,45596,48089,46790,46982,0,1900,3300,0,1558,1833,0
24952,430000,1,1,1,35,0,0,0,0,0,0,0,0,0,0,0,2178,0,0,0,0,2178,2125,0
24953,30000,1,2,2,30,0,0,0,0,0,0,30210,27826,28672,29622,30271,24536,28000,1600,1500,1000,1000,1000,1
24954,60000,1,2,2,30,0,0,0,0,0,0,4419,5683,6733,7662,8529,9884,1500,1300,1200,1000,1500,800,1
24955,180000,1,1,2,29,0,0,0,0,0,0,1430,1785,435,2145,3090,4165,1785,435,2145,3090,4165,16828,0
24956,360000,1,3,2,31,1,0,2,0,0,0,0,238,238,3730,3930,3930,238,0,3730,200,0,0,0
24957,60000,1,2,2,31,0,0,0,0,0,0,53954,57469,37861,60993,2343,6707,5000,5000,25500,3000,6000,5000,0
24958,100000,1,1,2,31,0,0,0,0,0,0,3746,11973,13139,7170,386,1617,12077,13210,7192,386,1621,4366,0
24959,80000,1,2,2,48,0,0,0,0,0,0,74349,75524,77448,48108,39104,39526,3400,4000,2000,2000,1423,2200,0
24960,240000,1,1,2,34,0,0,2,0,0,0,30851,40286,38008,9497,9124,7128,10000,14,9497,9124,2000,1200,0
24961,40000,1,1,2,35,0,0,0,0,0,0,0,2277,1521,0,2483,1396,2277,1521,0,2483,1396,1350,0
24962,80000,1,2,2,35,0,0,0,0,0,0,77298,71051,71239,75710,63977,43385,2515,3000,6000,3008,2000,0,0
24963,120000,1,1,1,48,2,0,0,0,0,0,360,360,360,360,150,870,360,360,360,150,870,510,1
24964,280000,1,4,1,42,0,0,0,0,0,0,11847,10232,13454,5549,1260,26271,10252,13488,5572,1263,26398,5823,0
24965,210000,1,1,1,41,0,0,0,0,0,0,2361,652,401,63,684,0,652,401,63,684,0,0,0
24966,70000,1,2,2,38,0,0,0,0,0,0,48421,49620,49976,20882,16401,16903,2006,1362,1268,587,766,1000,0
24967,160000,1,1,2,37,2,2,2,2,0,0,63043,67460,68554,66841,74763,87692,6079,3064,0,10000,15000,0,1
24968,260000,1,5,1,47,0,0,0,0,0,0,3469,1579,879,697,396,3635,1579,879,697,396,3635,5964,0
24969,100000,1,1,2,37,2,2,0,0,2,2,38604,37688,38780,43592,44117,45165,0,2000,5800,1540,1900,1700,1
24970,80000,1,2,2,36,2,2,2,0,0,0,48751,49853,48781,50170,51237,52360,2200,0,2500,2500,2100,2000,1
24971,140000,1,2,1,44,1,0,0,0,0,0,0,1384,-12,1900,664,1085,1384,0,1912,0,1085,0,0
24972,100000,1,2,2,40,0,0,0,0,0,0,8853,-1000,389,10049,1049,1049,0,10389,10051,1051,1051,1051,0
24973,50000,1,1,1,37,0,0,0,0,0,0,29294,30400,0,0,0,0,2000,500,0,0,0,0,0
24974,20000,1,2,2,35,2,2,3,2,0,0,15087,16133,17174,16605,17029,17305,1600,1600,0,1000,700,1000,0
24975,240000,1,1,1,35,0,0,0,0,0,0,188964,183744,168683,155064,148969,148619,8000,6017,6900,5250,5400,6200,0
24976,90000,1,2,1,44,0,0,0,0,0,0,16420,17441,18467,19554,20028,20704,1300,1313,1400,800,1000,800,0
24977,420000,1,2,1,38,0,0,0,0,0,0,293402,297672,304702,311889,182087,185152,10433,12000,13302,7002,6500,7000,0
24978,500000,1,2,2,33,0,0,0,0,0,0,134558,134503,114682,124240,131006,137911,5185,20031,20029,20058,20127,10000,0
24979,350000,1,1,2,33,0,0,0,0,0,0,6015,8751,686,430667,161089,119339,8797,691,238241,1009,596,10356,0
24980,50000,1,2,1,43,0,0,0,0,0,0,39722,40759,43096,44151,3361,3593,1700,3000,2350,1000,286,1000,0
24981,80000,1,1,2,40,0,0,0,0,0,0,1068,37102,38112,40079,41040,42994,37200,2000,3000,2000,3000,2000,0
24982,200000,1,1,1,42,1,0,0,0,0,0,0,0,0,0,0,0,0,0,0,0,0,0,0
24983,240000,1,1,1,43,0,0,0,0,0,2,67120,68473,69899,71946,75425,74377,2200,2263,2930,5000,0,3000,0
24984,30000,1,2,2,44,1,0,0,0,0,0,0,0,0,0,0,0,0,0,0,0,0,0,0
24985,50000,1,3,0,39,0,0,0,0,0,0,31514,32346,26223,25791,19476,19066,1710,1787,1295,825,684,784,0
24986,290000,1,2,1,46,0,0,0,0,0,0,31824,20578,13505,13386,12536,5850,1529,13505,6000,5000,6000,0,0
24987,20000,1,3,1,38,0,0,0,0,0,0,17860,11627,19648,18459,18824,19220,1400,19648,1307,672,698,718,0
24988,330000,1,2,1,45,0,0,0,0,0,0,86916,87548,89421,91115,92935,91584,3135,3285,3221,3247,3317,3555,0
24989,10000,1,1,2,36,1,2,3,2,0,0,8803,10926,10425,9919,9825,10581,2620,0,0,400,1100,0,1
24990,370000,1,1,1,45,0,0,0,0,0,0,123485,129885,134782,141002,145637,149281,10000,7000,10000,7000,6000,6000,0
24991,80000,1,1,2,43,0,0,0,0,0,0,84437,85065,77727,73713,74328,75649,3093,8000,3000,3000,3000,4000,0
24992,340000,1,2,1,40,0,0,0,0,0,0,147943,144543,146603,149519,151697,154499,5169,5333,5366,5550,7000,915,0
24993,500000,1,1,1,31,1,0,0,0,0,0,0,0,0,0,881,881,0,0,0,881,0,0,1
24994,460000,1,1,1,49,0,0,0,0,0,0,293429,295998,295807,291616,289529,289449,13200,14000,11500,10500,10500,10000,0
24995,50000,1,2,2,43,0,0,0,0,0,0,46594,47585,48887,49097,17203,17562,1768,2070,1280,616,636,640,1
24996,160000,1,6,1,44,0,0,0,0,0,0,151394,153702,156778,148292,115841,116972,5500,7054,6511,4500,4500,4500,0
24997,80000,1,2,1,47,2,2,2,0,0,2,68250,73424,71691,72507,76841,74336,6325,0,2612,5520,0,2998,1
24998,210000,1,3,2,48,0,0,0,0,0,0,200822,206893,94347,-342,658,1758,11477,3658,0,1000,1800,14015,0
24999,30000,1,3,1,35,0,0,0,0,0,0,28486,28182,26168,23119,23268,29327,2000,3000,5000,3000,7000,1156,0
25000,30000,1,2,2,37,0,0,0,0,0,0,31404,32302,27951,28475,29085,26810,1500,1476,1000,31000,1000,995,1
25001,410000,1,1,1,38,0,0,0,0,0,0,499,0,35509,0,0,0,0,35509,0,0,0,0,0
25002,260000,1,2,2,35,0,0,0,0,0,0,493411,400108,297313,276948,2378,-2709,12325,6633,6889,1025,2047,194102,1
25003,50000,1,2,1,40,0,0,0,0,0,0,50536,9853,11353,12143,11753,11922,1200,4000,2000,2000,1000,1000,0
25004,360000,1,3,1,37,0,0,0,0,0,0,1090,303,0,0,0,0,303,0,0,0,0,860,0
25005,50000,1,3,1,49,0,0,0,0,0,0,48584,49070,50076,48995,19780,15102,2000,5000,2305,3000,559,3000,0
25006,220000,1,1,1,40,0,2,0,0,2,0,1208,534,212,2886,3794,4673,0,538,3089,1630,2000,2000,0
25007,30000,1,3,2,50,2,2,0,0,0,0,53237,46868,42397,38569,33570,19895,0,1800,2200,1400,2000,30000,1
25008,230000,1,2,2,50,1,2,0,0,0,0,23674,23027,24185,25238,29803,34312,0,2000,1435,5000,5000,6000,1
25009,20000,1,3,1,50,1,5,4,5,4,3,18378,17797,19225,18644,18063,17491,0,2000,0,0,0,0,0
25010,500000,1,2,1,45,0,0,0,0,0,0,102690,15518,18909,31449,8253,25707,15599,19001,31603,8289,25832,2357,0
25011,50000,1,1,2,34,0,0,2,0,0,2,33499,36742,35875,36501,21764,1723,3800,0,1500,300,0,150,0
25012,440000,1,2,1,49,0,0,0,0,0,0,942,2002,2942,2948,0,942,2002,2942,2948,0,942,1000,0
25013,140000,1,1,1,50,0,0,0,0,0,0,83957,87160,89365,91005,94651,97132,5000,4000,3618,5481,5000,5000,0
25014,480000,1,1,1,49,0,0,0,0,0,0,63701,-220,38929,339176,33146,37337,0,39149,344261,33312,37511,31383,0
25015,20000,1,2,2,53,0,0,0,0,0,0,17053,18952,15732,17330,17150,18150,2219,2000,2000,1000,1000,0,1
25016,170000,1,2,1,52,3,2,2,0,0,0,2184,1990,0,0,3955,1278,0,0,0,3955,1278,1316,0
25017,260000,1,2,1,54,0,0,0,0,0,0,212197,212185,212584,213851,215362,214879,7534,8201,7633,7436,7879,8727,0
25018,140000,1,1,2,50,0,2,0,0,0,0,780,780,390,0,780,390,0,390,0,780,390,0,1
25019,100000,1,3,1,49,0,0,0,0,0,0,33333,0,0,0,0,0,0,0,0,0,0,0,0
25020,220000,1,3,1,65,0,0,0,0,0,0,1193,1525,3067,1771,2326,390,1525,3470,1771,2333,390,2361,0
25021,160000,1,3,1,61,0,0,0,0,0,0,390,390,390,780,390,390,390,390,780,0,390,390,0
25022,20000,1,2,1,50,0,0,0,0,0,0,17020,13161,3851,6061,7058,5680,1000,3851,6061,7058,2840,6380,0
25023,210000,1,3,1,50,0,0,0,0,0,0,4137,390,390,4962,0,780,390,390,4962,0,780,6668,1
25024,60000,1,3,1,50,0,0,0,0,0,0,1400,373,1299,1170,600,510,373,1299,1172,600,510,600,0
25025,190000,1,1,1,50,2,2,2,2,2,2,36137,37143,38051,38827,39488,40208,1900,1800,1700,1600,1500,1600,1
25026,500000,1,1,2,51,0,0,0,0,0,0,79461,75952,77726,79494,83150,85805,3000,3000,4000,5000,4000,4000,0
25027,20000,1,2,2,50,0,0,2,0,0,0,8639,10483,11016,12027,12030,12535,2000,1000,1500,500,700,700,0
25028,460000,1,1,1,51,1,2,0,0,0,0,179442,158458,145081,130967,118659,15322,4,7506,5024,2572,2005,21559,0
25029,460000,1,3,1,61,0,0,0,0,0,0,10643,1547,1670,6425,4897,8401,1600,1800,6500,5000,5000,4500,0
25030,300000,1,3,1,56,0,0,0,0,0,0,282506,281606,261216,156521,120769,110093,20024,20035,6610,20000,4000,4200,0
25031,490000,1,2,1,57,0,0,0,0,0,0,59056,60236,62268,63264,62928,66334,2153,3000,2112,2124,6004,3024,0
25032,90000,1,2,1,58,0,0,0,0,0,0,93737,85818,88988,50780,50929,48735,3600,5100,2200,2200,1944,2200,0
25033,70000,1,3,1,55,2,2,2,2,2,2,20205,22856,22202,24326,23636,25350,3000,0,2500,0,2100,1100,1
25034,20000,1,2,1,55,0,0,0,0,0,0,16734,17748,18384,18976,18955,18983,1300,1314,1296,665,710,693,1
25035,20000,1,2,1,61,0,2,0,0,0,0,1480,390,780,0,390,390,0,780,0,2000,1170,1320,0
25036,10000,1,3,2,61,0,0,0,0,0,0,7700,8595,9273,9774,9973,9638,1293,1235,1000,199,193,197,1
25037,420000,1,1,1,53,0,0,0,0,0,0,1936,3473,12230,13682,1695,712,3489,12290,13749,1706,714,584,0
25038,200000,1,2,1,54,0,0,0,0,0,0,10755,9981,7843,6335,4616,7956,10120,7852,6336,4622,7956,5499,0
25039,500000,1,1,2,58,0,0,0,0,0,0,201013,197982,137786,129575,135483,118851,8366,12063,8031,16114,10091,15123,0
25040,150000,1,1,1,55,0,0,0,0,0,0,142904,144527,149386,149031,78284,76500,5200,7200,4800,2730,2750,2800,0
25041,50000,1,3,2,58,0,0,0,0,0,0,46190,44450,50266,19729,20149,19593,2000,20266,1300,700,700,700,0
25042,180000,1,2,1,63,0,0,0,0,0,0,47932,48922,50035,50749,51903,52991,2087,2200,1846,2000,1923,2000,0
25043,20000,1,2,2,52,0,0,0,2,2,0,13874,14488,16029,15470,0,0,1238,2559,0,0,0,0,0
25044,150000,1,2,1,52,2,2,2,2,2,0,131953,136386,140830,146050,142241,145559,8100,8100,9000,0,5578,5304,1
25045,50000,1,3,1,60,1,2,0,0,0,0,52198,50062,50284,50740,30175,30407,0,2310,1766,1201,1232,1199,0
25046,130000,1,2,1,54,0,0,0,0,0,0,129049,63099,57700,53308,48722,48831,3000,2100,2500,2100,2100,1500,0
25047,370000,1,1,2,52,0,0,0,0,0,0,242132,130404,65225,41922,37565,28830,5600,3000,2000,3000,500,4019,0
25048,360000,1,2,1,58,0,0,0,0,0,0,30155,10508,7575,3026,1133,3408,10541,7600,3049,1138,3414,24952,1
25049,100000,1,3,1,54,0,0,0,0,5,4,37082,46041,59526,72823,71105,69424,10000,15000,15000,0,0,0,1
25050,50000,1,3,2,54,0,0,0,0,0,0,75804,76799,78692,79543,19738,19759,2785,3068,2309,694,716,808,0
25051,200000,1,3,2,61,0,0,0,0,0,0,3030,7277,6655,3455,0,1930,7007,6655,3455,0,1930,5450,1
25052,400000,1,3,1,53,0,0,0,0,0,0,15090,17934,21264,29811,58472,101092,4004,5002,10004,70001,84003,20000,0
25053,20000,1,2,1,56,0,0,0,0,0,0,17768,18378,19077,19467,19155,19098,1600,1689,1469,547,500,547,0
25054,500000,1,1,1,55,3,2,2,2,2,2,4957,4957,4957,4957,4957,4957,0,0,0,0,0,0,1
25055,20000,1,2,2,49,0,0,0,0,0,0,18260,19080,18871,17700,390,1320,1621,1292,1166,390,1320,0,1
25056,240000,1,5,1,50,0,0,0,0,0,0,236470,242059,235353,240001,190904,193710,9560,9000,8790,8013,8125,8000,0
25057,210000,1,2,2,52,0,0,0,0,0,0,5649,5398,435,18950,6804,59999,5425,437,19053,6838,59999,214,0
25058,130000,1,2,2,54,0,0,0,0,0,0,89913,90555,93576,95121,64712,66016,3300,5000,4500,2400,2600,2600,0
25059,130000,1,3,2,49,0,0,0,0,0,0,20678,18956,16172,16898,11236,6944,1610,1808,7014,27,7011,4408,0
25060,360000,1,1,1,49,0,0,0,0,0,2,4698,-200,-200,0,5084,2500,0,0,200,5084,0,0,1
25061,50000,1,1,2,55,0,0,0,0,0,0,11045,3115,7161,5351,791,47774,3115,7161,5351,791,46983,2025,0
25062,500000,1,1,1,54,0,0,2,0,0,0,10287,15123,9957,2253,4402,10340,5084,49,2270,4422,10360,3912,0
25063,130000,1,3,2,54,2,0,0,0,0,0,98285,94075,92857,95351,95525,96980,4300,4300,7400,3600,4000,4000,0
25064,20000,1,3,2,55,0,0,0,0,0,0,19978,18910,18962,19886,18978,17124,1594,1476,1400,380,342,672,1
25065,480000,1,1,1,50,0,0,0,0,0,0,0,8389,6375,1114,0,0,8389,6375,1114,0,0,0,0
25066,240000,1,3,1,50,0,0,0,0,0,0,140233,134223,130372,128921,120048,121292,4754,4873,5033,4204,4509,5009,0
25067,60000,1,2,1,51,0,0,0,0,0,0,60114,54902,46956,40671,38188,38652,1902,1650,3200,1500,1500,1500,0
25068,450000,1,1,1,61,0,0,0,0,0,0,156875,154853,152936,150996,149094,147297,11000,11000,11000,11000,11000,11000,1
25069,350000,1,3,1,65,0,0,0,0,0,0,188,188,187,698,188,183,188,187,700,188,183,1305,0
25070,130000,1,2,1,48,2,0,0,0,0,0,121409,123106,125614,125451,84103,84436,6000,6592,4000,3000,3062,4000,1
25071,240000,1,1,1,48,0,0,0,0,0,0,234984,234559,240896,135900,135853,127777,9500,11217,4855,4000,3200,3000,0
25072,50000,1,2,2,54,2,0,0,0,0,0,46431,47028,48063,48667,17875,17699,1756,2181,2175,773,638,694,0
25073,60000,1,2,2,53,0,0,0,0,0,0,62038,34845,33598,20904,18705,19345,1579,1998,1304,771,1045,433,0
25074,20000,1,1,2,50,0,0,0,0,0,0,17820,18626,18980,7674,5708,4899,1435,1179,1000,114,98,1874,0
25075,30000,1,2,1,48,0,0,0,0,0,0,26846,27879,28870,27806,25142,25667,1783,1774,1710,1046,1079,1089,0
25076,400000,1,1,1,48,0,0,0,0,0,0,3173,4265,8403,9096,28896,52196,4265,8427,9096,28896,52196,396,0
25077,400000,1,1,1,50,0,0,0,0,0,0,16241,14697,12762,13043,10137,8249,1217,1302,1052,510,305,512,0
25078,200000,1,1,1,48,0,0,0,0,0,0,419,419,392,423,404,415,419,392,450,400,430,430,0
25079,260000,1,2,1,50,0,0,0,0,0,0,133208,122199,113462,98146,86452,58846,6400,5744,3756,2600,2500,2000,0
25080,30000,1,1,1,59,0,0,0,0,0,0,390,390,390,1389,3684,2744,390,390,1389,3684,0,4794,0
25081,30000,1,1,1,52,0,0,0,0,0,0,14476,15297,8531,8020,-620,-620,1129,1152,1081,0,0,0,1
25082,270000,1,1,1,54,0,0,0,0,0,0,931,31838,11013,1188,14989,2609,31838,11013,1196,14989,2609,1269,0
25083,260000,1,3,1,48,0,0,0,0,0,0,154927,158848,160654,155059,141570,134143,8000,6000,7100,5300,5000,5000,0
25084,210000,1,2,1,47,1,0,0,0,0,0,0,296,-204,-204,-204,-204,296,0,0,0,0,0,0
25085,500000,1,1,1,51,1,2,2,0,0,0,231300,235865,230713,235401,238828,243477,9838,0,10018,8845,8800,9000,0
25086,50000,1,2,1,49,0,0,0,0,0,0,48321,48890,30272,31080,15315,15238,1839,1640,1901,526,537,577,1
25087,160000,1,1,1,53,0,0,0,0,0,0,205134,46181,47242,48355,49552,50655,1800,1800,1900,2000,1900,2000,0
25088,550000,1,1,1,53,0,0,0,0,0,0,201417,205430,209720,214030,218096,210264,7110,7353,7534,7385,7253,15000,0
25089,330000,1,1,1,54,0,0,0,0,0,0,0,41219,374,0,15900,8601,41219,374,0,15900,8601,38000,0
25090,280000,1,1,1,60,0,2,2,0,0,0,495,109,-780,-1170,1473,558,4,390,0,3033,558,1320,1
25091,400000,1,1,1,66,0,0,0,0,0,0,279579,258070,77910,61440,44590,12270,10700,47000,1500,0,0,0,0
25092,300000,1,1,1,55,0,0,0,0,0,0,127480,130168,134080,126996,127820,130325,4810,6164,6069,4425,4412,4123,0
25093,20000,1,2,1,56,0,0,0,0,0,0,20180,19798,53069,17025,18372,19696,1500,1300,2513,2000,2000,1000,0
25094,280000,1,1,1,39,0,0,0,0,0,0,1585,6416,16387,2967,1087,2644,6416,16387,2981,2644,2644,820,0
25095,400000,1,3,2,63,0,0,0,0,0,0,52332,42898,26096,396988,348029,173170,42898,26099,397092,7864,3785,0,0
25096,230000,1,3,1,58,0,0,0,0,0,0,-11,-11,2163,-40,-40,8083,0,2174,0,0,8123,4133,0
25097,20000,1,3,2,53,0,0,0,0,0,0,13561,13050,390,18280,2880,1600,1105,390,18280,2880,1600,0,1
25098,50000,1,3,1,55,0,0,0,0,0,0,30900,0,0,0,0,0,0,0,0,0,0,0,1
25099,480000,1,1,1,66,0,0,0,0,0,0,3820,4665,5367,21222,9083,84804,4665,5473,21284,9088,84804,6285,0
25100,360000,1,5,1,50,1,0,0,0,0,0,4767,-233,-233,-233,-233,-233,0,0,0,0,0,0,0
25101,110000,1,3,1,51,0,0,0,0,0,0,2132,1946,27162,26693,25243,23783,1946,27162,2000,812,799,933,0
25102,150000,1,1,1,51,0,0,0,0,0,0,149640,146178,133811,122606,107726,1200,6000,3857,12000,20000,0,14500,0
25103,50000,1,2,1,54,2,2,2,2,0,0,49264,50310,50782,49335,50133,51071,2500,1900,0,1937,2224,2148,1
25104,200000,1,1,1,54,0,0,0,0,0,0,205150,0,0,0,0,0,0,0,0,0,0,0,0
25105,110000,1,2,1,49,0,0,0,0,0,0,106264,107417,108803,82231,25687,27266,4400,3600,4138,1000,2000,2000,0
25106,100000,1,1,1,55,0,0,0,0,0,0,10712,18135,31498,17158,18758,17168,8000,2000,4000,2000,3000,0,0
25107,20000,1,1,2,50,0,0,0,0,0,0,11462,9804,1436,363,363,-417,1212,1000,400,0,0,2000,0
25108,30000,1,2,1,50,0,0,0,0,0,0,28796,25881,28654,29049,27256,27864,1609,5000,3000,3000,3198,2000,0
25109,230000,1,2,1,60,0,0,0,0,0,0,131550,132114,133281,123958,124474,120570,6057,4845,4291,4115,4274,4054,0
25110,50000,1,3,1,50,2,0,0,0,0,0,8917,10080,11106,12109,12206,13915,1468,1494,1497,594,2066,0,1
25111,30000,1,3,2,53,0,0,0,0,0,0,24181,16829,0,0,0,0,3000,0,0,0,0,0,0
25112,50000,1,3,1,55,0,0,0,0,0,0,1344,780,13032,14292,16698,15436,1200,13032,1500,3000,554,2000,0
25113,130000,1,3,1,51,0,0,0,0,0,0,124626,121645,125789,128159,123121,123323,4500,6100,6000,5000,4600,5000,0
25114,50000,1,2,1,57,0,0,0,0,0,0,46540,48520,47875,48110,18576,15339,2770,2100,1300,700,1000,1000,0
25115,360000,1,1,1,58,0,0,2,2,0,0,1,612,223,-166,-555,-944,1001,1,1,1,1,1,1
25116,50000,1,2,1,56,0,0,0,0,0,0,28358,25278,24713,22379,18943,15464,1416,1471,1147,531,464,451,0
25117,150000,1,1,1,54,0,0,0,0,0,0,4015,499,-948,-1580,316,316,501,632,0,1896,316,782,1
25118,240000,1,2,1,56,0,0,0,0,0,0,390,390,390,390,390,390,390,780,390,390,390,540,0
25119,500000,1,1,1,51,0,0,0,0,0,0,8030,13156,12724,12873,24010,27089,13156,12724,12873,24010,15000,20000,0
25120,170000,1,3,1,61,0,0,0,0,0,0,167535,166521,168824,164597,94094,92177,6000,7000,5000,4000,3500,3600,0
25121,350000,1,1,1,50,0,0,0,0,0,0,93676,91832,88719,87968,84596,82785,3240,5006,4014,3010,3043,5003,0
25122,160000,1,1,1,51,2,0,0,0,2,2,150,1380,1481,2623,2457,4912,1230,1331,2473,0,2500,0,1
25123,220000,1,2,1,50,0,0,0,2,2,0,0,200,200,200,11326,43100,200,0,0,11326,43100,4257,0
25124,500000,1,5,1,53,0,0,0,0,0,0,431243,415022,421996,426103,125218,126650,11000,12602,11000,4711,6000,11000,0
25125,460000,1,1,1,51,0,0,0,0,0,0,1637,-196,4594,1517,1517,1306,0,4790,1517,0,1306,0,0
25126,50000,1,1,1,50,0,2,0,0,0,0,780,390,390,390,390,780,0,390,390,390,780,0,0
25127,740000,1,1,1,50,0,0,0,0,0,0,321279,316083,317219,296560,285912,268257,13000,13200,11000,10000,10000,15000,0
25128,50000,1,3,1,50,0,0,0,0,0,0,7056,2840,1413,2890,4715,1262,2840,1413,2890,4715,1262,5483,0
25129,290000,1,1,1,51,0,0,0,0,0,0,225478,225603,216488,152892,150051,146287,10026,10006,7000,5000,5200,5500,0
25130,320000,1,1,2,57,0,0,0,0,0,0,234704,242324,241384,156047,153955,133407,11000,12000,7500,6200,4600,5000,0
25131,420000,1,1,1,52,0,0,0,0,0,0,11097,16106,10703,14534,20631,17641,16106,10703,14540,20631,17641,11748,0
25132,500000,1,3,1,50,0,0,0,0,0,0,339,2744,4402,339,339,339,2744,4402,339,339,339,0,0
25133,450000,1,1,1,52,0,0,0,0,0,0,388009,393535,403891,415193,145198,138389,15000,16701,20101,7000,5750,10000,0
25134,120000,1,1,1,54,0,0,0,0,0,0,0,0,0,7000,0,0,0,0,7000,0,0,0,0
25135,80000,1,2,1,56,0,0,0,0,0,0,65186,62938,54748,49857,46429,46247,2800,2340,2009,1793,1700,1812,0
25136,250000,1,3,1,56,0,0,0,0,0,0,6297,8636,17038,5169,12818,2328,8657,23744,5169,14008,2328,17285,0
25137,180000,1,1,1,75,1,0,0,0,0,0,0,0,0,0,0,0,0,0,0,0,0,0,1
25138,260000,1,3,2,52,1,0,0,0,0,0,0,0,0,0,0,0,0,0,0,0,0,4012,0
25139,20000,1,2,1,52,0,0,0,0,0,0,1912,2760,2430,850,2430,2530,2768,2430,850,2430,2530,1570,0
25140,220000,1,3,1,63,0,0,0,0,0,0,1293,494,1379,-1,272,1628,496,1385,0,273,1636,531,0
25141,90000,1,1,1,61,0,0,0,0,0,0,46441,46896,47463,45812,41367,40278,1762,1875,1500,1400,1500,1258,0
25142,210000,1,2,1,75,0,0,0,0,0,0,205601,203957,199882,203776,205901,210006,9700,8810,9000,7300,7500,7600,0
25143,300000,1,3,1,72,0,0,0,0,0,2,4984,752,3737,1433,5522,3233,756,3753,1433,5522,0,27232,0
25144,30000,1,3,1,56,1,7,6,5,4,3,30826,30384,29656,28914,28172,27444,0,0,0,0,0,0,1
25145,90000,1,2,1,55,0,0,0,0,0,0,15019,19740,25382,27132,31675,37900,5000,6000,5000,5000,8000,2000,0
25146,300000,1,3,1,56,0,0,0,0,0,0,0,0,0,0,0,0,0,0,0,0,0,0,1
25147,500000,1,1,1,54,2,2,2,0,0,0,518950,539418,519267,518741,516139,514975,39000,0,19000,19000,18000,15000,1
25148,170000,2,2,2,37,0,0,0,0,0,0,1499,53705,110465,110503,110776,111080,53705,60000,3908,4000,4010,5510,0
25149,150000,2,3,2,28,0,0,0,0,0,0,100623,101593,101886,101441,100829,101913,4700,4000,4032,3410,4000,3665,0
25150,360000,2,2,2,25,0,0,0,0,0,0,20952,12590,3479,3435,8870,2020,12590,3479,3446,8870,2020,27043,0
25151,70000,2,2,1,46,0,0,0,0,0,0,70349,70068,71318,59665,29510,26738,2600,3700,2600,1200,1200,1000,0
25152,350000,2,1,1,33,0,0,0,0,0,0,6016,4322,5568,9571,6370,9674,4348,5596,9632,6402,9722,24086,0
25153,50000,2,3,1,27,0,0,0,0,0,0,29875,30336,26635,20367,15640,12269,4506,2000,2066,611,500,370,0
25154,50000,2,2,1,27,1,2,2,2,2,2,20293,21657,23012,23338,23658,23139,2000,2000,1000,1000,0,1500,1
25155,70000,2,2,2,26,2,2,2,0,0,0,71862,73594,71851,68539,49027,48969,3500,0,3100,1900,2000,1865,1
25156,30000,2,2,1,24,1,2,2,2,2,2,29654,28570,31085,29945,30373,29476,0,3300,0,2158,0,1100,0
25157,30000,2,3,1,23,0,0,0,0,0,0,26117,27028,27510,27817,28130,27141,1737,1609,1306,1455,857,1087,0
25158,260000,2,2,1,37,1,0,0,0,0,0,0,312,920,37686,36523,574,312,920,37686,0,574,348,0
25159,30000,2,2,2,22,1,2,2,0,2,2,22623,3019,-341,1129,1470,339,10,0,1470,341,0,12324,1
25160,240000,2,2,1,34,0,0,0,0,0,0,0,2712,92496,95057,96974,98977,2712,90000,3346,2717,2796,2826,0
25161,80000,2,1,2,29,2,2,2,2,2,2,41355,40395,43231,42236,44924,44072,0,3800,0,3400,0,3816,1
25162,40000,2,1,2,27,0,0,0,0,0,0,9663,10696,11855,13424,14018,14493,1200,1337,1906,1500,475,0,0
25163,130000,2,1,2,30,2,3,2,2,0,0,9123,8830,9533,10220,10353,10636,0,1000,1000,600,600,400,1
25164,60000,2,3,2,41,0,0,0,0,0,0,56309,58369,59237,59851,32002,32388,3000,2400,1812,3200,2000,4000,0
25165,250000,2,2,2,28,0,0,0,0,0,0,500,3344,2255,3183,2324,1657,3344,2255,1000,2324,1657,1416,0
25166,60000,2,2,2,25,0,0,0,0,0,0,50791,49748,49735,36840,30119,32446,1832,2500,2000,3000,3000,1200,0
25167,390000,2,1,2,27,1,0,0,0,0,0,0,0,6757,0,3339,3339,0,6757,0,3339,0,0,0
25168,110000,2,3,2,29,1,2,0,0,0,0,23258,22591,23920,25217,25600,26036,0,2000,2000,1100,1000,3000,0
25169,30000,2,2,2,22,0,0,2,0,0,0,27219,28987,27849,27451,24358,21192,3600,0,1400,487,424,0,0
25170,50000,2,3,2,23,0,0,4,3,2,2,44027,52067,50977,49839,50546,49628,8800,0,0,1800,0,3800,0
25171,10000,2,2,2,21,0,0,2,0,0,0,8126,8830,8898,9517,8505,4557,1668,1000,1000,170,0,0,0
25172,50000,2,1,2,22,0,0,0,0,0,0,8000,6881,8127,8763,8956,4224,1118,1364,1000,193,89,54,0
25173,80000,2,2,2,22,1,0,0,0,0,0,0,2388,164,1369,830,132,2388,164,1369,830,132,428,0
25174,30000,2,2,1,21,0,0,0,0,0,0,28640,29133,30022,30068,28829,24935,1400,1819,1328,709,1101,1102,0
25175,30000,2,1,2,21,1,2,0,0,0,0,33300,30920,31889,30278,26220,29968,0,2326,11406,524,6284,598,1
25176,50000,2,2,1,22,1,1,2,2,2,2,44531,50863,49555,34644,28867,28983,7178,0,1656,944,967,1112,0
25177,50000,2,2,2,22,2,2,2,2,0,0,50583,50974,51688,50024,29381,28957,2300,3000,0,800,808,1200,0
25178,50000,2,3,1,22,1,4,3,2,0,0,20065,21044,20433,19799,19262,19124,1600,0,0,900,700,700,0
25179,10000,2,1,2,22,0,0,0,0,0,0,7302,7857,8827,5622,5877,7036,1330,1300,1250,500,1255,315,0
25180,50000,2,3,2,23,0,0,0,0,0,0,32789,7006,8880,15088,-574,27529,1500,2000,6700,5000,28103,1032,0
25181,50000,2,2,2,23,1,3,2,0,0,0,7181,6908,5187,4643,3385,1839,0,0,1022,237,100,50,0
25182,10000,2,2,2,22,0,0,0,0,0,0,7828,8507,511,7696,8696,7660,1009,511,7696,1000,0,0,0
25183,10000,2,2,2,21,2,0,0,0,0,0,9917,8660,9756,8560,780,0,1400,1800,1300,800,0,1900,1
25184,70000,2,2,2,22,0,0,0,0,0,0,66007,57354,58204,58171,47135,44585,2057,2168,2000,2007,2000,2000,0
25185,20000,2,2,2,22,0,0,0,0,0,0,17377,18439,19117,11983,11626,1970,1360,1286,1000,987,39,0,0
25186,30000,2,2,2,22,2,2,2,2,2,0,26243,25523,28609,28945,28181,29329,0,3500,1100,0,1600,2500,0
25187,30000,2,1,2,22,0,0,0,0,0,0,22271,23273,23268,23100,23286,24804,1379,1454,1276,1286,1804,2000,0
25188,50000,2,3,2,23,0,0,0,0,0,0,29496,30504,30785,29405,26594,26732,1503,1493,1393,912,940,1000,0
25189,100000,2,2,1,22,0,0,0,0,0,0,100192,93394,43004,50196,79217,78771,3000,3000,8000,30000,3000,4000,0
25190,30000,2,2,2,23,0,0,0,0,0,0,22756,27348,28285,14729,12935,13333,5000,2000,2000,500,500,0,0
25191,20000,2,2,2,22,0,0,2,2,2,2,4400,4883,2829,3920,1997,1317,4500,0,1700,0,100,0,1
25192,50000,2,1,2,23,2,2,2,2,2,2,44609,44579,46573,47510,48425,49502,1000,3000,2000,2000,2000,0,1
25193,30000,2,2,1,25,4,3,2,2,3,2,37695,35146,34637,34127,31641,31344,0,2000,2000,0,2000,0,0
25194,30000,2,2,2,23,2,0,0,0,0,0,27216,28420,27929,28920,27997,28378,3003,1482,1703,1001,1500,1845,1
25195,30000,2,2,2,23,0,0,0,0,0,0,23237,23874,26985,29497,29290,28693,10000,5000,3000,2000,3150,0,0
25196,20000,2,2,2,23,1,0,2,0,0,0,16674,19162,18534,18304,18473,0,22362,0,8200,369,0,0,0
25197,30000,2,2,2,23,2,2,2,2,2,2,12376,13475,12973,15144,14603,15767,1600,0,2700,0,1400,0,1
25198,50000,2,1,2,23,0,0,0,0,0,0,39787,28570,7545,8560,8730,8791,1600,1300,1300,460,350,480,0
25199,80000,2,2,1,23,0,0,0,0,0,0,54600,56379,55875,7552,0,0,3300,2640,1056,0,0,0,0
25200,30000,2,2,2,24,1,0,0,0,0,0,-5,565,-25,-25,4897,6685,570,25,0,4922,6788,0,0
25201,10000,2,2,2,22,2,0,0,0,0,0,7568,8580,8944,8985,9301,9365,1300,1300,1300,602,350,500,0
25202,30000,2,2,2,23,0,0,0,0,0,0,20059,21061,22092,23104,23420,24045,1641,1672,1684,1000,1000,1000,1
25203,20000,2,1,2,24,0,0,0,0,0,0,1908,1278,0,0,0,0,1405,0,0,0,0,0,0
25204,30000,2,2,1,22,0,0,0,0,0,0,3118,2411,1260,1179,-101,890,2414,1260,1181,101,991,579,0
25205,120000,2,1,2,23,0,0,0,0,0,0,117035,115624,117204,116835,77926,76993,6000,6000,4000,4000,3000,3500,0
25206,30000,2,1,1,23,0,0,0,0,0,0,20340,21400,22428,23747,24154,25808,1400,1374,1693,1100,2200,0,0
25207,110000,2,2,2,23,0,0,0,0,0,0,541,541,541,941,6993,37264,541,541,941,6993,31229,8426,0
25208,30000,2,2,2,23,0,0,0,0,0,2,11284,12294,13320,14031,15593,15201,1503,1529,1240,1802,0,707,0
25209,80000,2,2,2,23,0,0,0,0,0,0,51980,36668,39291,43476,46115,42129,6670,5000,5002,4003,3000,3002,0
25210,20000,2,1,2,23,0,0,0,0,0,0,17849,15356,17146,16319,15687,16948,2000,2080,2000,600,1500,1000,0
25211,170000,2,3,1,23,0,0,0,0,0,0,28615,26410,27654,25211,22682,21787,1446,1690,1208,462,1787,497,0
25212,120000,2,1,2,24,0,0,0,0,0,0,11245,12554,13325,14185,13329,10237,1500,1265,1125,1329,500,3020,0
25213,30000,2,2,2,23,0,0,2,0,0,0,1434,4925,390,15736,15525,0,6021,0,15736,1000,0,0,0
25214,50000,2,1,2,23,0,0,0,0,0,0,49711,50820,41981,2888,2640,2140,2019,2564,1000,0,500,6859,0
25215,200000,2,2,1,29,1,0,0,0,0,0,0,0,900,900,900,900,0,900,900,900,900,900,0
25216,30000,2,1,2,23,0,0,0,0,0,0,14544,15597,16641,17659,18066,18775,1300,1300,1300,700,1000,1000,1
25217,90000,2,2,2,23,0,0,0,0,0,0,11333,11944,7832,7204,6724,7965,4234,6000,3000,3010,5000,3000,0
25218,50000,2,2,2,24,0,0,0,0,0,0,53159,50465,50744,41232,14459,17225,2000,2097,2224,1000,3000,633,0
25219,50000,2,1,2,23,0,0,0,0,0,0,40111,41380,25865,26568,27249,27665,2252,1737,1440,1121,1004,1013,0
25220,150000,2,2,2,24,1,2,0,0,0,0,65542,28311,23978,17853,34527,28277,0,2145,10000,22000,3000,5093,0
25221,10000,2,1,2,24,1,2,0,0,2,2,6779,6524,7559,9564,9264,9862,0,1300,2300,0,900,500,0
25222,130000,2,3,2,24,0,0,0,0,0,0,114466,106911,106971,57434,58593,60504,4600,4500,2802,2050,2800,2300,1
25223,70000,2,2,2,23,0,0,0,0,0,0,312,1823,326,6598,6405,7248,1837,326,6598,227,1270,1296,0
25224,40000,2,1,2,23,0,2,2,2,2,2,14310,13788,16345,16531,16467,16061,0,3100,750,500,0,1500,0
25225,200000,2,2,2,24,0,0,0,0,0,0,52143,53186,55929,194441,146190,141550,1910,3600,141000,5100,5200,5100,0
25226,110000,2,2,2,25,1,2,0,0,0,0,113385,109924,111805,108207,75808,78490,3900,6000,4380,3000,5000,10000,0
25227,80000,2,2,2,25,0,0,2,2,2,2,26855,28789,31026,31401,31986,32468,2386,2998,1183,1400,1139,0,0
25228,90000,2,1,2,24,0,0,0,0,0,0,53173,19825,20840,21023,20776,21055,1324,1339,1638,890,763,769,0
25229,30000,2,2,2,24,0,0,0,0,0,0,27170,27448,27238,27012,26762,25900,2500,2000,2000,1916,1000,1100,0
25230,20000,2,3,2,22,0,0,0,0,0,0,16063,14928,14012,11965,11867,12850,1565,2006,2011,7000,2000,4000,0
25231,30000,2,1,2,24,0,0,0,0,0,0,21540,22236,23574,24583,24915,25280,1358,1696,1705,1037,915,929,0
25232,230000,2,2,2,24,0,0,0,0,0,0,1993,2360,0,0,4135,814,2360,0,0,4135,0,2294,1
25233,50000,2,2,2,24,0,0,0,0,0,0,1572,1572,1572,6561,5091,353,1572,1572,6561,102,353,27000,0
25234,80000,2,2,2,25,0,0,2,2,2,0,36841,39645,40713,41153,40036,40778,3900,2000,1575,0,1700,3700,1
25235,130000,2,2,2,25,0,0,0,0,0,0,128976,131763,128300,89007,90126,98665,7100,6000,4200,3500,10000,0,0
25236,150000,2,1,2,25,0,0,0,2,2,0,2784,0,594,594,0,0,0,594,0,0,0,0,1
25237,80000,2,3,1,25,0,0,0,0,0,0,3377,3377,3476,3377,3377,5062,3377,3476,3377,3377,5062,3387,0
25238,140000,2,2,2,26,0,0,0,0,0,2,131335,128760,118310,120719,126470,124342,5864,5756,5868,9275,0,4712,0
25239,150000,2,1,2,26,0,0,0,0,0,0,38580,38168,37775,36390,390,390,2000,3473,1000,390,390,390,0
25240,50000,2,2,2,24,0,0,0,0,0,0,50870,49831,47162,47696,36476,32654,1985,2316,1850,1500,1200,5196,0
25241,80000,2,1,2,26,0,0,0,0,0,0,62536,61478,55760,15029,13809,13597,3000,2000,5000,3000,1000,44000,0
25242,130000,2,2,2,25,0,0,2,0,0,0,45134,52180,49874,52000,53590,54606,9000,0,5000,4000,3000,3500,0
25243,40000,2,1,2,26,0,0,0,0,0,0,1216,776,4059,13522,16416,807,776,4385,10000,5000,807,657,0
25244,140000,2,2,2,24,2,2,2,0,0,0,38661,42699,41739,43730,45687,46796,5000,0,3000,3000,2000,4093,1
25245,30000,2,1,2,25,0,0,0,0,0,0,640,29013,27731,28177,20722,0,30013,2000,1232,1000,0,0,0
25246,500000,2,2,2,25,0,0,0,0,0,0,37797,35510,26463,23503,23918,23937,3050,1543,1215,3717,14014,12042,0
25247,270000,2,2,2,25,0,0,0,0,0,0,38525,39492,33898,35272,37201,31447,2000,2000,2000,2408,1500,2013,0
25248,60000,2,2,2,23,1,2,0,0,0,0,59866,58114,25127,21111,15892,16762,0,3761,1600,881,900,852,0
25249,120000,2,2,2,23,3,2,2,5,5,4,1250,1250,1250,1250,1250,650,0,0,0,0,0,0,0
25250,130000,2,2,2,24,0,0,0,0,0,0,35871,36873,37927,38993,39628,42136,1900,1950,2000,1580,3310,0,0
25251,30000,2,2,2,25,1,2,2,0,0,0,30937,32627,31827,32080,30890,990,2500,0,1200,0,990,8721,0
25252,290000,2,2,2,25,0,0,0,0,0,0,57445,57025,46484,36232,32149,24004,2000,1800,1400,1000,1000,1000,0
25253,30000,2,1,2,24,2,2,0,0,0,0,23905,23244,23578,25871,26143,26724,0,2000,3000,1000,1000,3500,1
25254,50000,2,2,2,26,0,0,0,0,0,0,50952,50836,50055,50641,40672,39960,2700,2000,2700,1700,1600,1800,0
25255,210000,2,3,2,25,0,0,0,0,0,0,118408,120176,118191,104908,95946,118796,8600,5000,4000,3000,29066,5000,1
25256,30000,2,1,2,23,2,0,0,0,0,0,25366,26554,27435,28270,28632,30193,2000,2000,2000,1500,2400,1100,1
25257,60000,2,2,2,23,0,0,0,2,0,0,22241,22719,25585,24053,17154,19316,2000,4000,0,2000,3000,0,0
25258,50000,2,3,1,23,2,0,0,0,0,0,32847,29705,15445,16782,16960,17208,1941,1263,1600,754,671,831,1
25259,80000,2,1,2,23,0,0,0,0,0,0,740,8956,836,836,836,836,9052,836,836,836,836,3590,0
25260,50000,2,2,2,24,2,2,2,2,2,2,41500,39938,41688,45625,45907,44662,0,2700,4960,1700,0,3000,1
25261,90000,2,2,2,23,1,3,2,0,0,0,39772,38836,36654,32747,33091,33291,0,15,1831,1175,1338,1216,0
25262,50000,2,1,2,23,1,0,2,0,0,0,-69,7721,3079,7095,7237,6446,7790,0,4095,245,234,266,1
25263,50000,2,1,2,23,2,0,0,0,0,0,49316,49061,47209,47471,21571,19005,4044,2138,1400,431,380,772,1
25264,20000,2,2,2,23,0,0,0,0,0,0,13291,14366,15430,16367,16794,17323,1600,1600,1500,700,800,1000,0
25265,150000,2,2,2,23,0,0,0,0,0,0,167317,166596,165990,161285,156749,151863,10000,10000,6000,6000,5500,5500,0
25266,110000,2,2,2,24,0,0,0,0,0,0,98843,92820,78232,69426,70987,75835,3200,3500,3000,3500,7000,3000,0
25267,140000,2,2,2,24,0,0,0,0,0,0,22732,6624,-514,-1334,2125,1606,6624,0,0,3731,0,0,0
25268,30000,2,2,2,25,0,0,0,0,0,0,30523,30554,30593,30619,29146,29823,2000,2000,1700,1200,1300,1300,0
25269,120000,2,2,1,25,0,0,0,0,0,0,52109,43007,33481,28563,24065,2802,1565,3194,1200,6206,0,310,0
25270,80000,2,2,2,25,0,0,0,0,0,0,77440,78418,78015,79571,80121,77304,3500,3000,3500,3000,3000,3000,0
25271,80000,2,2,2,26,0,0,0,0,0,0,42933,34555,35476,24657,12139,9038,1000,35476,1000,243,9038,250,0
25272,80000,2,2,2,25,0,0,0,0,0,0,80115,77427,77657,70105,39751,14765,75004,3096,1887,1081,2044,0,0
25273,50000,2,2,1,25,0,0,0,0,0,0,7444,326,326,15493,8210,8133,326,326,15493,284,371,652,0
25274,30000,2,2,2,22,0,0,0,0,0,0,29449,30308,26186,27698,28987,29568,1402,2000,2000,2000,2500,2000,0
25275,80000,2,3,2,22,0,0,0,0,0,0,23023,23480,0,780,23818,23917,2100,0,780,23818,1011,1000,0
25276,30000,2,2,2,23,0,0,0,0,0,0,28767,27567,28638,28818,29439,17685,1749,1820,1000,621,354,0,1
25277,50000,2,3,2,23,0,0,0,0,0,0,13385,11493,10236,7896,6211,23315,1200,1800,1000,1211,20000,3754,0
25278,170000,2,1,2,27,0,0,0,0,0,0,41977,38895,39698,38330,39602,39922,1650,4500,4000,4000,3000,3000,0
25279,80000,2,3,2,27,0,0,0,0,0,0,54184,24393,25924,16558,17280,17652,1500,2000,1300,1000,650,1000,1
25280,210000,2,2,2,26,0,0,0,0,0,0,15599,11684,2821,2935,1895,1078,1059,1069,1000,38,1078,1078,0
25281,160000,2,1,2,26,1,2,0,0,2,0,100364,97863,100535,104382,100535,101621,0,6497,8001,0,4000,3801,0
25282,150000,2,2,2,26,0,0,0,0,0,0,242,3180,4900,5207,5313,6340,3180,1747,1000,9119,1027,4,0
25283,70000,2,3,2,24,0,0,0,0,0,0,69039,68609,69217,69327,68582,68677,3000,4000,3200,3000,3000,3000,0
25284,60000,2,3,1,23,2,0,0,0,0,0,60406,57491,59137,59345,29399,29339,2055,2570,1620,1020,1050,1080,0
25285,50000,2,2,2,22,0,0,0,0,0,0,45417,45009,44639,52198,43181,31473,2000,2000,10052,2000,1136,2000,0
25286,140000,2,2,2,26,2,2,2,2,2,2,118425,120970,123141,124622,125865,128479,6000,5600,5000,4800,4800,4700,1
25287,80000,2,2,1,26,2,0,0,0,0,0,78768,79611,80770,53142,55064,28750,3500,4450,2249,1200,2400,1100,0
25288,80000,2,2,1,26,0,0,0,0,0,0,40216,10400,10935,2318,-711,-708,1400,10935,2324,707,3,45906,0
25289,60000,2,1,2,26,0,0,0,0,0,0,36604,35777,29836,30818,31314,30852,1765,1812,1794,1290,1268,1273,0
25290,200000,2,1,2,27,0,0,0,0,0,0,86192,67483,58112,23949,9270,4496,15186,10188,1074,209,112,2797,0
25291,100000,2,1,2,27,0,0,0,0,0,0,19164,23828,25138,26499,26799,1150,5000,2000,2000,500,1150,0,0
25292,100000,2,1,2,26,0,0,0,0,0,0,81463,83098,63848,64692,66114,67396,4000,3000,2500,2500,2500,2600,0
25293,80000,2,2,2,26,0,0,0,0,0,0,77760,79248,120697,60989,41023,42663,3100,4700,4800,1200,3260,2000,1
25294,70000,2,2,2,22,0,0,0,0,0,0,72473,72189,71867,64534,33683,32857,3500,3427,3100,1200,1700,1307,0
25295,80000,2,2,2,24,0,0,0,0,0,0,19167,10192,7241,3261,6264,891,3000,2005,3261,3003,891,2070,0
25296,60000,2,2,2,24,0,0,0,0,0,0,50840,49592,44412,45402,35704,36524,2100,1847,1837,1139,1254,1387,0
25297,80000,2,2,2,24,0,0,0,0,0,0,72383,73620,53728,31989,20058,196,3500,2354,2027,800,196,184,0
25298,50000,2,2,1,24,0,0,0,0,0,0,48700,47544,47612,48713,49295,49916,2401,2440,2396,1368,1401,1807,0
25299,80000,2,1,2,24,2,0,0,0,0,0,79434,80246,80167,60201,47850,48698,3100,2650,2065,1850,1756,2100,1
25300,30000,2,2,2,23,0,0,0,0,0,0,24607,24430,23881,24234,24853,7814,1700,1600,1287,1296,500,1550,0
25301,50000,2,1,2,25,0,0,0,0,0,0,9162,9818,7161,8377,8789,8813,1500,2000,1500,1000,500,500,0
25302,80000,2,3,2,25,0,0,0,0,0,0,88786,86391,84871,81813,45094,38121,3200,4000,3000,1500,1500,1300,0
25303,20000,2,2,1,21,0,0,0,2,0,0,14326,15334,18206,17482,34862,14860,1252,3124,0,349,297,0,0
25304,80000,2,2,1,25,0,0,0,0,0,0,79029,76009,74908,41646,29297,30057,4000,3200,2230,1300,1410,1000,0
25305,100000,2,1,2,25,0,0,0,0,0,0,90976,93443,94192,95535,97945,93412,4000,3503,4000,4003,3500,3400,0
25306,30000,2,1,2,25,1,3,2,0,0,0,14717,14190,12900,11006,5584,5268,0,0,2046,0,0,0,1
25307,200000,2,1,2,25,0,0,0,0,0,0,183516,179534,134572,61450,-200,-200,6700,7000,3000,0,0,0,0
25308,60000,2,2,2,25,0,0,0,0,0,0,34992,36106,37220,38253,39369,36592,2000,2000,2000,2000,1400,1400,1
25309,170000,2,2,0,24,0,0,0,0,0,0,44544,37432,38658,35458,30143,42215,2000,2165,2285,500,28500,2000,0
25310,20000,2,1,2,24,0,0,0,0,2,0,15451,16789,18203,19602,16121,15321,1600,2000,4000,0,1500,2000,1
25311,230000,2,1,2,25,0,0,0,0,0,0,35101,35695,11657,13258,12459,6886,5000,5000,3000,669,5000,19000,0
25312,50000,2,2,2,25,3,2,0,0,0,0,66881,65115,51010,50342,36025,36778,0,2092,1460,1167,1209,1645,0
25313,90000,2,2,2,25,0,0,0,2,0,0,103541,100190,99522,89674,10874,0,5000,8500,0,217,0,10610,1
25314,70000,2,1,2,25,0,0,0,0,0,0,5328,212,41069,-367,-367,-367,212,42000,0,0,0,0,0
25315,50000,2,1,2,25,0,0,0,0,0,0,44984,47217,47748,46987,47462,48104,3000,3000,2000,2000,1859,3000,0
25316,120000,2,2,2,26,0,0,0,0,0,0,34183,22431,12399,4199,3059,674,1700,1500,1000,682,0,0,0
25317,50000,2,3,2,26,2,2,2,2,2,2,33457,34504,35447,36061,36571,35850,1900,1800,1500,1400,0,3000,1
25318,380000,2,1,2,27,0,0,0,0,0,0,0,292,7352,3401,1042,4000,292,7352,3401,1042,4000,5000,0
25319,140000,2,1,2,27,1,0,0,0,0,0,0,2051,446,0,0,0,2051,446,0,0,0,1593,1
25320,200000,2,2,2,27,0,0,0,0,0,0,157768,108932,110405,90226,88789,92188,6000,5000,10000,5000,5000,5000,0
25321,60000,2,2,2,26,0,0,0,0,0,0,23911,25181,26513,7028,-1073,-1073,1668,2000,1500,0,0,22000,0
25322,80000,2,3,2,25,0,0,0,0,0,0,80804,81390,81700,79080,59873,60520,3000,3058,9013,2200,2200,2500,0
25323,270000,2,1,2,28,0,0,0,0,0,0,70587,70279,69339,67497,68446,69799,3015,3000,2500,2435,3000,4000,0
25324,150000,2,2,2,28,0,0,0,0,0,0,25639,16213,18075,19902,5331,9281,2000,2000,2000,1000,3950,0,0
25325,260000,2,3,2,27,0,0,0,0,0,0,106164,105133,100606,93022,61746,47819,3834,4523,3154,2025,1709,2011,0
25326,200000,2,5,1,27,0,0,0,0,0,0,185143,188678,191500,187835,139070,140171,7000,7512,7500,5100,5100,5500,0
25327,90000,2,1,2,27,0,0,0,0,0,0,61799,62561,63069,62643,59265,59046,2400,2518,2514,2100,2500,2500,0
25328,200000,2,2,1,29,1,2,0,0,0,2,57982,55005,54742,54401,42923,40365,0,2200,1671,3000,0,4600,0
25329,200000,2,3,2,29,0,0,0,0,0,0,326,326,326,326,326,326,326,326,326,326,326,326,0
25330,30000,2,2,2,25,0,0,2,2,2,2,23657,26568,27456,27915,27185,28806,3300,1600,1200,0,2200,0,1
25331,180000,2,1,2,27,0,0,0,0,0,0,101395,101607,98186,59451,49956,50133,5000,3371,6940,2800,2000,2000,0
25332,30000,2,2,1,28,0,0,0,0,0,0,8704,9698,11022,12032,12134,12439,1300,1488,1498,600,500,750,0
25333,520000,2,1,2,28,0,0,0,0,0,0,34167,53319,25689,146903,150656,132050,40054,8011,151509,50263,59491,48326,0
25334,80000,2,3,2,28,0,0,0,0,0,0,1646,4830,4655,15403,5849,2046,4830,4655,17663,5852,2254,1467,0
25335,120000,2,3,1,28,0,0,0,0,0,0,57863,59456,57868,60790,50091,51113,5000,3588,10000,5000,5000,3000,0
25336,360000,2,1,2,27,0,0,0,0,0,0,660,660,658,1095,4948,3861,663,661,1100,4953,19,1264,0
25337,50000,2,1,2,27,0,0,0,0,0,0,44402,44977,46546,46033,48656,41674,2000,3000,2400,3023,5000,0,0
25338,200000,2,2,2,27,0,0,0,0,0,0,108422,106437,109068,112286,77062,0,3900,4345,6000,3950,0,0,0
25339,30000,2,2,2,24,0,0,0,0,0,0,23729,27889,29500,29639,27546,6718,10000,2061,1200,551,0,0,1
25340,50000,2,2,2,24,0,0,2,0,0,0,16691,15412,12420,13156,28315,28908,3500,0,1329,29328,1049,1186,0
25341,80000,2,1,2,25,0,0,0,0,0,0,4932,2638,2940,2946,9606,2946,2638,2940,2946,9606,2946,3345,0
25342,50000,2,2,2,25,0,0,0,0,0,0,40114,22701,390,26898,26911,26926,1000,390,26898,1000,1000,1000,0
25343,120000,2,2,2,26,0,0,0,0,0,0,1682,1929,1682,1682,1682,1682,1929,1682,1682,1682,1682,1674,0
25344,210000,2,5,2,27,1,0,0,0,0,0,0,0,780,0,0,0,0,780,0,0,0,0,0
25345,80000,2,2,2,22,0,0,0,0,0,0,76405,77043,79524,75773,29126,8671,2780,3745,1628,596,173,2114,0
25346,50000,2,1,2,25,0,0,0,0,0,0,48408,47563,41319,25110,20478,20258,1774,2100,1609,1000,1000,1000,0
25347,300000,2,2,2,25,0,0,0,0,0,0,1800,1800,2148,1800,0,2635,1800,2148,1800,0,2635,750,0
25348,100000,2,1,2,26,0,0,0,0,0,2,2405,3420,4286,5302,6829,6574,1214,1080,1096,1623,0,394,0
25349,80000,2,2,2,26,0,0,0,0,0,0,390,390,390,0,780,0,390,390,0,780,0,0,1
25350,130000,2,1,2,26,0,0,0,0,0,0,1094,1271,1205,1798,299,1280,1293,1205,1798,299,1280,3368,0
25351,80000,2,2,2,27,0,0,0,0,0,0,20540,8985,8941,8564,6281,6965,1985,2287,2287,281,965,18000,0
25352,160000,2,1,2,27,1,0,0,0,0,0,0,11700,12829,10801,10351,3366,11700,12014,8000,5000,0,1263,1
25353,130000,2,1,2,27,0,0,0,0,0,0,128137,109868,108167,102584,91030,82634,4000,4019,4017,3100,4500,5380,0
25354,30000,2,1,1,23,0,0,3,2,0,0,6630,3842,3631,1950,1170,1170,3842,0,0,0,0,0,0
25355,50000,2,1,2,23,0,0,0,0,0,0,9861,6486,2636,4652,6390,8880,1000,2636,2500,2128,2880,390,0
25356,20000,2,2,2,22,0,0,0,0,0,0,19583,16810,17941,19327,19155,19422,1300,1409,1795,623,512,185,0
25357,140000,2,2,2,23,0,0,0,0,0,0,21001,16400,20729,15583,7218,7365,4000,5000,2000,0,147,1000,0
25358,180000,2,1,2,25,0,0,0,0,0,0,62798,51923,51935,47383,32876,28915,1867,2501,1271,926,876,3004,0
25359,400000,2,3,2,26,0,0,0,0,0,0,18256,18245,18447,13574,8805,10501,1300,1229,1120,292,2784,270,0
25360,260000,2,2,2,26,0,0,0,0,0,0,28,-288,-604,-920,-1236,-1552,288,1236,316,316,316,316,0
25361,260000,2,2,2,26,0,0,0,0,0,0,264249,264434,263847,262723,222464,222837,9800,9800,9413,7114,7532,8427,0
25362,180000,2,2,1,26,0,0,0,0,0,0,2406,2410,2057,2392,1483,2161,2410,2057,2392,1483,2161,2181,0
25363,160000,2,1,2,27,1,0,0,0,0,0,0,0,0,1900,0,2018,0,0,1900,0,2018,0,0
25364,20000,2,2,2,25,2,2,2,2,0,0,17496,16923,20319,19543,19534,19320,0,4000,0,391,386,249,0
25365,30000,2,2,1,25,0,0,0,0,0,0,28848,27932,27474,28351,26389,26992,2000,1524,1401,917,1000,2000,0
25366,250000,2,2,1,25,0,0,0,0,0,0,13358,19102,23681,20869,25490,31258,6000,5000,4000,5000,6000,5000,0
25367,80000,2,1,2,25,0,0,0,0,0,0,40764,41765,42251,46475,48156,50419,2000,1776,5000,3000,5000,2500,0
25368,90000,2,1,2,24,0,0,0,0,0,0,77860,76387,0,0,0,0,3292,0,0,0,0,0,0
25369,50000,2,1,2,28,0,0,0,0,0,0,0,0,0,0,0,-2000,0,0,0,0,0,2000,0
25370,210000,2,1,2,27,0,0,0,0,2,0,39397,38683,39210,38986,689,2040,2000,1985,1300,0,2040,4081,0
25371,200000,2,1,2,27,0,0,0,0,0,0,8666,9737,16013,28720,23607,24135,1224,6500,15000,3607,684,5000,0
25372,320000,2,2,2,28,0,0,0,0,0,0,10668,44197,36538,34603,31596,30155,44462,12000,2000,1000,1000,5098,0
25373,200000,2,1,1,32,0,0,0,0,0,0,14202,0,505,0,0,0,0,505,0,0,0,4950,0
25374,80000,2,2,1,27,1,2,2,2,2,0,3970,1603,3740,2000,0,2096,0,2191,0,0,2096,0,1
25375,140000,2,3,2,26,0,0,0,0,0,0,33236,32971,31206,31730,30535,28301,1785,2012,1536,837,989,782,0
25376,80000,2,1,2,27,0,0,0,0,0,0,78178,77637,73966,71447,66994,66813,3437,3300,3050,5000,2700,2300,0
25377,200000,2,1,2,29,0,0,0,0,0,0,11347,30478,7892,1961,1357,1357,25000,8082,2580,1357,0,0,0
25378,230000,2,2,2,30,0,2,0,0,0,0,2374,2165,2154,1966,1966,1966,0,2154,1966,1966,1966,177,1
25379,230000,2,1,2,28,0,0,0,0,0,0,231591,102650,0,0,0,915,4650,0,0,0,915,4306,0
25380,20000,2,3,1,26,0,0,0,0,0,0,13548,14919,17057,13450,7944,780,1605,3130,1275,159,0,0,0
25381,90000,2,2,1,27,0,0,0,0,0,0,91367,64482,32037,14589,10237,10066,2121,1357,1037,243,244,226,0
25382,130000,2,2,1,26,2,2,2,2,0,0,5169,6228,6065,3489,3489,1163,1300,1250,0,0,0,0,1
25383,320000,2,2,2,29,0,0,0,0,0,0,5118,3743,7997,3115,1852,1347,6783,8063,3115,1852,1347,5158,0
25384,30000,2,2,2,29,2,2,0,0,0,0,36328,35291,36775,36914,33305,33688,0,2206,1500,2000,6000,6000,0
25385,240000,2,1,2,29,2,0,0,2,0,0,32870,34015,38257,37607,40924,43546,2000,5000,0,4000,3000,10000,1
25386,360000,2,1,2,29,0,0,0,0,0,0,885,10553,1943,2640,1741,4120,10553,2000,2700,2000,4120,4118,0
25387,30000,2,1,2,28,0,0,0,0,0,0,13568,3166,821,0,0,0,3166,821,0,0,0,0,0
25388,240000,2,3,2,28,2,2,2,0,0,0,242837,246989,204769,62670,10408,10848,10000,0,2806,500,562,303,1
25389,320000,2,1,2,28,0,0,0,0,0,0,0,0,0,0,1999,1999,0,0,0,1999,1999,1999,0
25390,410000,2,1,2,28,0,0,0,0,0,0,210866,109320,11546,858,0,1117,2444,3056,968,0,1117,0,0
25391,220000,2,2,2,29,0,0,2,0,0,0,43596,45765,41308,39770,31840,33173,6000,2,3006,2000,2000,1500,0
25392,240000,2,1,2,26,0,0,0,0,0,0,0,0,343,315,6000,0,0,343,315,6000,0,188,0
25393,200000,2,1,2,26,0,0,0,0,0,0,2232,3967,1348,20836,1321,561,3967,1348,20836,1321,561,2905,0
25394,80000,2,5,2,25,0,0,0,0,0,0,72732,74120,74071,41008,32152,32748,3201,4016,2109,1151,1685,1342,0
25395,20000,2,1,2,25,0,0,0,0,0,0,17977,17776,18886,19551,18964,19676,2000,1700,1300,662,1000,747,0
25396,20000,2,1,2,24,0,0,0,0,0,0,4687,9060,5064,14745,6805,6805,15000,6004,14776,10000,0,7436,0
25397,300000,2,2,2,26,0,0,0,0,0,0,1121,699,3131,5180,1780,0,699,3152,5180,1780,0,6200,0
25398,340000,2,1,2,26,1,2,2,2,2,0,17211,19262,20012,19728,19042,11728,2637,1353,531,14,235,1400,0
25399,300000,2,2,2,27,0,0,0,0,0,0,15024,12128,9775,7347,4026,4851,1200,1164,1069,81,4851,3333,0
25400,350000,2,1,2,26,0,0,0,0,0,0,0,0,0,0,0,0,0,0,0,0,0,0,0
25401,20000,2,1,2,24,2,0,0,0,0,0,18466,15946,16327,17970,18819,16642,1500,1500,2000,1000,1000,1000,1
25402,90000,2,1,2,24,0,0,0,0,0,0,69542,64610,62725,57716,43970,36415,2366,4000,3000,2000,3480,15000,0
25403,80000,2,2,1,27,0,0,0,0,0,0,77039,78746,79757,40498,29212,29621,2984,2449,1612,798,1307,359,1
25404,20000,2,2,1,28,0,0,0,0,0,0,6064,7076,8169,8956,8956,0,1120,1213,1000,0,0,0,0
25405,240000,2,1,2,28,0,0,0,0,0,0,203850,203979,204712,205344,152992,140128,7500,8000,8400,6000,5200,5000,0
25406,150000,2,1,2,27,0,3,2,0,0,0,942,616,290,326,740,17481,0,0,362,740,17481,1000,1
25407,100000,2,1,2,27,0,0,0,0,0,0,40576,41876,42699,44020,44588,45521,1977,1800,2032,1600,1652,1734,1
25408,150000,2,2,1,24,1,0,0,0,0,0,-122,16711,8004,521,3776,165,16924,8004,521,3776,165,356,0
25409,50000,2,1,2,27,0,0,0,0,0,0,45190,45277,44941,0,0,0,5277,4941,0,0,0,0,0
25410,260000,2,1,2,27,0,0,0,0,0,0,109588,111132,112014,107404,46866,11950,5000,5000,3000,2000,433,1000,0
25411,140000,2,1,2,27,0,0,0,0,0,0,128656,126785,129752,132554,268084,137061,6000,6500,6500,5000,5000,5568,0
25412,30000,2,1,2,24,0,0,0,0,0,0,25616,27526,11458,7500,7000,5192,31348,1328,1000,7000,5192,0,0
25413,90000,2,2,2,23,0,0,0,0,0,0,11989,18746,19670,14039,14218,9427,7000,1326,1095,377,288,342,0
25414,50000,2,2,1,23,0,0,0,0,0,0,5215,6232,7251,8326,9184,10031,1106,1125,1200,1000,1000,1000,1
25415,230000,2,2,2,31,0,0,0,0,0,0,10190,49777,49159,43668,42352,43099,49777,3002,1388,1511,5000,1600,0
25416,70000,2,3,1,30,2,2,2,2,2,2,55352,56448,57550,58008,58957,60367,2600,2600,2000,2500,2500,2400,1
25417,300000,2,1,2,30,0,0,0,0,0,0,53377,54984,56738,57282,58575,59653,2500,2640,2080,2246,2174,3000,0
25418,300000,2,1,2,27,0,0,0,0,0,0,4850,42189,83754,120927,105303,82475,42198,83754,120927,0,716,25213,0
25419,110000,2,1,2,29,0,0,0,0,0,0,105102,107388,106805,107608,108643,109689,5289,3875,3830,4000,4000,5000,1
25420,30000,2,2,2,27,0,0,0,0,0,0,4512,6628,9222,6368,1000,3070,2205,2111,2376,0,2070,1683,0
25421,20000,2,2,2,27,2,2,0,0,0,0,17311,0,0,0,4599,4779,0,0,0,4599,700,0,1
25422,30000,2,1,2,22,0,0,0,0,0,0,846,3173,1972,182,0,0,3173,1972,183,0,0,440,0
25423,350000,2,1,2,31,0,0,0,0,0,0,49184,20738,47631,51451,35104,0,20738,27689,21451,2000,0,20602,0
25424,200000,2,1,2,30,0,0,0,0,0,0,10225,9468,30250,5215,90,5690,9468,30250,5215,90,6198,2440,0
25425,200000,2,1,2,31,0,0,0,0,0,0,10742,165,1295,0,0,0,165,1295,0,0,0,0,0
25426,50000,2,2,1,26,0,0,0,0,0,0,41891,33849,30220,30235,28979,23593,1781,2016,1450,1314,814,978,0
25427,100000,2,2,2,26,2,2,0,0,0,0,88728,86405,88636,83516,39871,39626,0,3639,2347,3901,1327,530,1
25428,140000,2,2,2,26,0,0,0,0,0,0,22844,8178,3776,3776,3776,4173,1119,1000,3776,3776,4173,1000,0
25429,50000,2,3,2,22,0,0,0,2,2,0,46476,47703,51922,51563,50677,48556,2000,5000,1200,0,1853,0,0
25430,50000,2,1,2,22,0,0,0,0,0,0,38393,36240,31675,31849,31323,32620,2000,2000,2000,1500,3023,0,0
25431,160000,2,1,2,27,0,0,0,2,2,0,97375,112373,119017,104417,62975,53299,20000,10000,3017,0,3000,2000,0
25432,170000,2,2,2,28,0,0,0,0,0,0,30860,167941,171459,173310,240738,135722,304815,8000,8127,4810,5000,5400,0
25433,160000,2,1,2,28,0,0,0,0,0,0,40854,41849,42889,43904,44777,45866,1676,1716,1731,1604,1812,1667,0
25434,100000,2,3,2,28,3,2,2,5,5,4,1250,1250,1250,1250,1250,650,0,0,0,0,0,0,0
25435,100000,2,1,2,29,0,0,0,0,0,0,94378,95809,93076,91241,62242,9565,6000,5000,4000,4000,1000,1000,0
25436,200000,2,2,2,23,0,0,0,0,0,0,61650,0,0,0,0,0,0,0,0,0,0,0,1
25437,360000,2,1,2,27,0,0,0,0,0,0,297275,307394,314534,289355,274484,247998,20000,15000,19355,10000,10000,10000,0
25438,160000,2,1,2,27,0,0,0,0,0,0,159460,148691,118082,112802,61178,98960,10000,10000,5022,8000,99822,5000,0
25439,500000,2,1,2,30,0,0,0,0,0,0,137243,129722,128006,125294,92276,96112,5000,5116,5000,5000,5000,5000,0
25440,50000,2,1,2,30,0,0,0,0,0,0,45977,45931,45344,36789,28918,23095,1823,1818,1312,879,781,800,0
25441,90000,2,2,2,25,0,0,2,0,0,0,86830,94016,88477,87820,88444,91198,9000,0,4100,3000,4000,4500,0
25442,300000,2,2,2,25,0,0,0,0,0,0,780,390,334,780,2590,1490,390,334,780,2590,1490,11813,0
25443,120000,2,1,2,28,0,0,0,0,0,0,50477,52632,55282,56878,57948,59179,3500,4000,3500,2500,2200,2200,1
25444,300000,2,1,2,28,0,0,0,0,0,0,14033,6500,1477,0,0,1346,6520,1477,0,0,1346,0,1
25445,500000,2,1,2,28,0,0,0,0,0,0,19543,21788,19323,33146,39741,53516,5110,19623,15000,7000,14122,20000,0
25446,50000,2,2,1,28,0,0,0,0,0,0,15314,16327,17366,18325,17365,17964,1269,1308,1267,605,862,1000,0
25447,20000,2,2,1,26,0,0,0,0,0,0,18141,17718,18058,18623,15692,15215,1600,1700,1509,1000,670,740,0
25448,240000,2,1,2,27,0,0,0,0,0,0,118175,0,0,0,0,0,0,0,0,0,0,0,0
25449,210000,2,2,2,27,0,0,0,0,0,0,46066,38952,29735,15381,12475,10535,1951,3034,3000,3000,3000,92,0
25450,50000,2,3,1,24,1,0,0,0,0,0,-1037,-1037,49024,49806,30212,30419,0,52806,1872,1200,1100,1250,0
25451,50000,2,2,2,25,0,0,0,0,0,0,42684,40407,31811,13898,0,0,2000,1814,1000,0,0,0,0
25452,60000,2,1,2,25,0,0,0,0,0,0,1507,0,11305,0,0,300,0,11305,0,0,300,0,0
25453,310000,2,2,2,28,0,0,0,0,0,0,311380,314131,301646,292673,253269,256259,11264,10979,10950,9281,9304,9885,0
25454,140000,2,1,2,28,0,0,3,2,2,0,47547,55621,54174,54599,53124,54393,9532,0,1900,0,2124,2427,1
25455,320000,2,2,1,27,0,0,0,0,0,0,1175,0,0,0,5210,0,0,0,0,5210,0,0,0
25456,90000,2,2,1,27,0,0,0,0,0,0,20461,21465,22495,23504,23815,24311,1649,1679,1688,999,1029,1040,0
25457,280000,2,2,1,27,0,0,0,0,0,0,280913,283222,273160,257689,193231,191143,11052,9563,15017,5374,5420,6021,0
25458,80000,2,3,1,25,0,0,0,0,0,0,3525,1504,0,2332,4320,0,1654,0,2332,4320,0,0,1
25459,170000,2,1,2,25,0,0,0,0,0,0,170950,166243,165816,166023,96415,127480,6014,7103,5451,6000,80000,4000,0
25460,240000,2,2,1,30,1,0,0,2,0,0,0,0,7124,6860,2959,6000,0,7124,21,2959,6000,0,1
25461,30000,2,1,1,23,2,0,0,0,0,0,25665,26669,28080,28836,28812,29400,1433,1844,1600,576,588,600,1
25462,120000,2,2,2,24,0,0,0,0,0,0,69725,66918,65838,61527,59620,60767,3008,2319,2151,2200,2300,2100,0
25463,50000,2,2,2,23,0,0,0,0,0,0,48424,45300,-100,-100,-100,650,1500,100,0,0,750,247,0
25464,10000,2,2,2,23,0,0,0,0,0,0,6969,7992,9106,9719,9917,0,1300,1400,1000,198,0,0,0
25465,80000,2,1,2,24,0,0,0,0,0,0,56222,52268,29402,20983,21096,22252,2000,1800,1700,759,1500,1100,0
25466,170000,2,1,2,28,0,0,0,0,0,2,42062,43170,44283,46352,51384,50568,2000,2000,3000,6000,0,2000,0
25467,360000,2,2,2,28,0,0,0,0,0,0,-307,-307,-307,-307,-307,-307,0,0,0,0,307,0,1
25468,110000,2,1,1,33,2,2,2,2,2,2,24178,25270,24669,26738,27201,26723,1700,0,2700,1100,0,875,1
25469,210000,2,2,1,34,0,0,0,0,0,0,14724,16465,17694,18892,20566,23226,2000,1500,1500,2000,3000,2000,0
25470,150000,2,5,1,34,0,0,0,0,0,0,83000,88000,93000,98000,100000,0,5000,5000,5000,2000,0,0,0
25471,200000,2,2,1,34,0,0,0,0,0,0,17822,19741,18718,15033,12785,8426,19855,18914,15112,12849,8468,27378,0
25472,140000,2,2,2,26,0,0,0,0,0,2,271896,141057,144306,141949,141345,136379,14000,7200,19000,10400,0,4931,1
25473,80000,2,2,2,27,0,0,0,0,0,0,45198,45572,40910,40969,41275,41637,2000,2000,1600,1500,1550,1600,1
25474,240000,2,3,1,24,0,0,0,0,0,0,136760,193321,189572,194799,52599,51487,90000,7170,9000,3000,3000,2367,0
25475,50000,2,2,1,29,0,0,0,0,0,0,48529,42955,50543,49032,19830,18299,3000,9000,2000,2000,700,4000,0
25476,80000,2,1,2,28,0,0,0,0,0,0,39663,40664,42742,43730,44721,45764,1664,2742,2000,1720,1764,1762,0
25477,70000,2,4,1,24,0,0,0,0,0,0,47663,47470,0,0,0,0,1000,0,0,0,0,0,0
25478,50000,2,1,2,24,0,0,0,0,0,0,3258,-37,18356,1851,8362,810,0,9252,1859,8362,810,1469,0
25479,180000,2,1,2,28,0,0,0,0,0,0,6396,12595,18704,24410,29184,7325,7000,7000,7000,7000,5000,326,0
25480,110000,2,1,2,29,0,0,0,2,0,0,107336,107195,109443,106637,106665,92417,5320,7845,4000,4000,3500,9500,0
25481,300000,2,2,1,29,0,0,0,0,0,0,321155,317259,313600,309670,305660,301693,11369,11380,11216,11069,11090,10028,1
25482,210000,2,5,2,29,0,0,0,0,0,0,43933,45197,46468,47394,48604,49669,2000,2000,2000,2000,2000,2000,0
25483,200000,2,1,2,29,0,0,0,0,0,0,7298,1467,439,2257,43720,43968,1000,439,2000,42000,1700,2000,0
25484,100000,2,2,1,28,1,0,0,0,0,0,0,0,0,0,0,0,0,0,0,0,0,0,1
25485,70000,2,3,2,31,2,0,0,0,0,0,68174,68973,69835,66216,30000,30096,3200,3013,2141,1200,1300,1300,1
25486,250000,2,1,2,31,0,0,0,0,0,0,67492,67875,67448,68165,68787,70111,3500,2658,3000,4000,3000,2500,0
25487,600000,2,1,2,31,0,0,0,0,0,0,-84,115,349,-9,-9,-9,700,349,9,0,0,0,0
25488,320000,2,2,1,31,0,0,0,0,0,0,2437,3490,4529,5548,6450,7342,1100,1100,1100,1000,1000,8000,0
25489,180000,2,2,2,31,0,0,0,0,0,0,180754,85936,88542,92055,94038,95849,3085,4000,5000,3514,3478,3517,0
25490,110000,2,1,2,27,0,0,0,0,0,0,69970,66423,61951,59428,53678,52254,4009,5083,5002,4000,3000,5050,0
25491,20000,2,1,2,22,1,2,0,0,0,0,18761,18167,19202,20178,20281,20293,0,1634,1610,710,717,722,0
25492,60000,2,3,2,22,0,0,0,0,0,0,4049,1808,3496,11548,14519,5861,1815,3496,11548,3500,200,1100,0
25493,320000,2,2,2,30,0,0,0,0,0,0,3690,3720,4206,15610,10556,11863,3720,4206,15610,10556,8000,5600,0
25494,320000,2,1,2,29,0,0,0,0,0,0,42596,43548,33674,34259,62546,106857,1955,2020,1605,30039,65000,5000,0
25495,110000,2,2,2,29,0,0,0,0,0,0,113003,113269,110078,112466,111094,109243,5837,5454,5707,4156,4123,4368,0
25496,80000,2,3,2,28,0,0,0,0,0,0,71834,70194,71912,69776,70985,72444,3200,3500,3000,2500,2500,2500,0
25497,500000,2,3,2,29,0,0,0,0,0,0,110651,94609,95607,95276,90310,91229,3005,3027,6024,3003,2334,4087,0
25498,190000,2,3,2,31,0,0,0,0,0,0,1568,87,0,0,0,0,87,0,0,0,0,35520,0
25499,80000,2,2,2,27,0,0,0,0,0,0,23424,20510,20330,17050,10926,10068,5000,3500,3000,0,1000,10000,0
25500,90000,2,1,1,29,0,0,0,0,0,0,4034,11387,4387,35670,41995,35912,10400,3400,36139,618,3200,8500,0
25501,140000,2,3,2,29,0,0,2,0,0,0,177535,170477,149237,132330,122464,54494,14500,0,5000,8000,10000,9472,0
25502,200000,2,1,2,31,1,0,0,0,0,0,0,896,0,0,0,0,896,0,0,0,0,0,0
25503,250000,2,1,1,31,0,0,0,0,0,0,2198,7404,3186,5161,0,13714,7404,3186,5161,0,13714,3224,0
25504,260000,2,1,1,32,1,0,0,0,0,0,0,0,0,0,238,0,0,0,0,238,0,0,0
25505,220000,2,2,2,28,0,0,0,0,0,0,3700,0,0,0,0,0,0,0,0,0,0,0,1
25506,110000,2,2,2,29,0,0,0,0,0,0,50268,24243,25349,26265,27045,27572,1400,1500,1400,1100,1000,1000,0
25507,210000,2,2,2,27,0,0,0,0,0,0,83381,85097,86928,89471,91282,93309,3100,3200,4000,3300,3500,3500,0
25508,380000,2,2,1,30,0,0,0,0,0,0,295618,232987,105800,52296,196448,168405,13437,6068,2462,168159,5248,5540,0
25509,120000,2,1,2,26,1,0,0,0,0,0,-93,936,0,680,0,0,1029,0,680,0,0,1381,0
25510,60000,2,1,2,25,0,0,0,0,0,0,56136,57280,56969,58695,57453,61153,2100,2100,2685,2300,4800,3400,0
25511,100000,2,2,2,24,3,2,2,2,2,2,81601,79689,85389,83121,88304,90746,0,7000,0,6600,4000,3200,1
25512,20000,2,1,2,24,0,0,0,0,0,0,19167,18925,18340,18317,18747,19328,1585,1700,1570,1000,1000,1000,0
25513,30000,2,2,2,25,0,0,0,0,0,0,19309,20009,21034,22050,22490,22961,1325,1350,1366,806,834,836,1
25514,50000,2,1,2,26,0,0,0,0,0,0,48338,48283,40989,26695,18884,20131,3008,2024,3000,1000,5000,1500,0
25515,200000,2,1,2,26,0,0,0,0,2,2,71574,74755,76945,82914,83733,80498,5000,4000,8000,2900,0,5700,1
25516,210000,2,1,2,25,0,0,0,0,0,0,390,390,390,390,390,780,390,390,390,390,780,1473,0
25517,240000,2,2,2,25,0,0,0,0,0,0,0,0,0,0,0,0,0,0,0,0,0,0,0
25518,150000,2,3,2,33,0,0,0,0,0,0,9516,9998,8336,6462,5872,1242,1100,1074,1000,1000,1000,0,0
25519,330000,2,1,2,34,0,0,0,0,0,0,4577,8400,626,626,1348,5879,8400,626,626,1348,5879,8954,0
25520,280000,2,2,2,34,0,0,2,0,0,0,38,34163,32800,131200,3950,0,34163,0,131200,3950,0,716,0
25521,210000,2,1,2,33,1,0,0,0,0,0,0,0,0,0,0,0,0,0,0,0,0,0,0
25522,400000,2,1,1,34,0,0,0,0,0,0,10000,9791,-209,13796,0,0,10000,0,14005,2000,0,0,0
25523,200000,2,1,2,33,0,0,0,0,0,0,147178,150573,140844,144245,135946,135736,7300,6550,7200,5300,5400,5240,0
25524,60000,2,2,1,32,0,0,0,0,0,0,59738,59389,57656,58290,58213,57076,2700,2100,2100,2200,2100,3000,0
25525,50000,2,2,1,34,0,0,0,0,0,0,2791,4563,5000,0,0,0,2000,1200,0,0,0,0,0
25526,360000,2,1,2,31,0,0,0,0,0,0,304,8288,21865,44440,3904,0,8288,21888,44640,3904,0,0,0
25527,300000,2,1,2,31,0,0,0,0,0,0,1555,1599,900,11019,3452,57848,1603,902,11117,3462,58418,16994,0
25528,10000,2,2,2,33,0,0,0,0,2,2,-216,2784,5723,8607,8336,10209,3000,3000,3000,0,2000,0,0
25529,420000,2,1,1,32,0,0,0,0,0,0,8871,358,0,0,20,0,358,0,0,20,0,0,0
25530,220000,2,3,2,32,0,0,0,0,0,0,209259,192365,184198,171391,178742,164793,7000,15000,6000,10000,10000,7000,0
25531,130000,2,2,1,34,2,2,2,2,2,2,28967,30776,33071,32336,34186,34588,2500,3000,0,2600,1000,1500,1
25532,200000,2,1,1,34,0,0,0,0,0,0,0,0,0,0,0,0,0,0,0,0,0,0,0
25533,50000,2,1,2,33,2,2,2,2,2,2,31652,34207,35666,34798,36208,37466,3400,2301,0,2300,2000,2000,0
25534,300000,2,2,1,33,0,0,0,0,0,0,248832,255686,262075,276110,279623,285719,11000,12000,20002,10002,11002,26002,0
25535,120000,2,2,1,44,0,0,0,0,0,0,390,0,780,337,1234,0,0,780,337,1234,0,0,1
25536,360000,2,1,2,35,0,0,0,0,0,0,1475,13466,17584,17354,37703,22490,14200,17631,17741,25203,10000,216,0
25537,50000,2,3,1,35,1,0,0,0,0,0,0,0,0,0,0,0,0,0,0,0,0,0,0
25538,230000,2,1,2,37,1,0,0,0,0,2,-152,-152,-152,-152,42668,130,0,0,0,42820,0,1000,0
25539,50000,2,2,1,37,0,0,0,0,0,0,48596,39623,28964,9522,2650,-581,2152,2091,1034,500,17,26500,0
25540,30000,2,2,1,38,0,0,0,0,0,0,28751,23819,15367,10159,9859,8360,2588,1553,1033,381,384,404,0
25541,150000,2,3,1,45,2,2,2,0,0,0,179441,169947,153522,150779,49198,50277,7333,4,4104,15000,2000,2200,1
25542,70000,2,3,1,44,0,0,0,0,0,0,9195,2301,3344,4303,4243,5248,1041,1084,1043,1000,2000,2000,0
25543,320000,2,1,2,35,0,0,0,0,0,0,44566,41007,41733,34534,36170,31775,2054,4027,3002,3008,1059,551,0
25544,330000,2,1,1,41,1,0,0,0,0,0,0,0,0,0,0,0,0,0,0,0,0,0,1
25545,120000,2,2,1,37,0,0,0,0,0,0,106469,108606,107945,111622,115301,117873,5400,4000,5500,5500,5500,1000,0
25546,360000,2,1,1,36,0,0,0,0,0,0,13686,1992,604,0,3960,0,1992,604,0,3960,0,2313,0
25547,30000,2,2,1,40,1,2,0,0,0,0,29002,28236,28395,29409,25267,25800,0,1812,1826,904,940,1143,0
25548,150000,2,3,2,39,0,0,0,0,0,0,60115,48412,37033,25032,12500,12500,1662,1783,1282,250,12500,12500,0
25549,30000,2,2,2,49,2,2,2,2,2,2,17667,18577,17991,20182,19560,21241,1500,0,2500,0,2000,0,1
25550,150000,2,2,1,46,0,0,0,0,0,0,77066,68414,41692,30936,31021,-1514,2094,1558,1005,1162,1408,113260,0
25551,470000,2,1,1,37,0,0,0,0,0,0,12572,5363,5660,42003,39994,41816,5305,3500,38007,3000,3507,2500,0
25552,410000,2,2,1,42,0,0,0,0,0,0,407873,412650,415917,389659,342329,344974,18026,18026,14095,12037,15026,13026,0
25553,390000,2,3,2,43,1,0,0,0,0,0,0,0,0,0,0,0,0,0,0,0,0,498,1
25554,320000,2,2,1,37,0,0,0,0,0,0,202442,187475,164694,148160,132230,121191,8211,6100,6094,5035,4446,5028,0
25555,450000,2,3,2,40,0,0,0,0,0,0,10815,4603,5266,4425,15091,6341,4000,5000,4425,15091,0,2277,0
25556,70000,2,2,2,42,1,2,0,0,0,0,70803,67344,59018,48033,48833,49736,10,2200,2100,1900,1841,1945,0
25557,50000,2,2,1,44,0,0,0,0,0,0,5358,6221,7241,8249,8414,8590,1109,1129,1137,302,312,313,0
25558,100000,2,3,1,46,0,0,2,2,0,0,80402,86137,84998,85627,78245,79929,8000,1100,3000,3000,3100,3100,0
25559,110000,2,1,2,28,0,0,0,0,0,0,91286,91850,84849,84362,59391,59129,8080,14298,2519,6616,1953,5300,0
25560,280000,2,2,2,28,0,0,0,0,0,0,119587,122015,130286,130705,132964,136400,4411,10282,3006,2659,3436,1000,0
25561,500000,2,1,2,28,0,0,0,0,0,0,302089,279409,258310,221792,201215,183739,10049,10106,9021,7029,9093,10018,0
25562,360000,2,1,2,30,0,0,0,0,0,0,146277,102869,102283,86370,86432,73607,6029,5487,5043,10084,5059,5040,0
25563,180000,2,2,1,30,0,2,2,0,0,0,2759,2414,0,0,1245,546,13,0,0,1245,0,0,0
25564,480000,2,2,2,31,0,0,0,0,0,0,241989,217460,242500,185344,164256,168433,9960,30902,7410,6368,7323,5837,0
25565,450000,2,1,1,39,0,0,0,0,0,0,3664,4587,4562,5001,39243,25512,4595,4562,5001,39292,0,62597,0
25566,80000,2,1,2,26,0,0,0,0,0,0,76157,79874,80171,80136,79151,78465,5000,3500,3000,2800,3000,3000,0
25567,290000,2,2,2,25,0,0,0,0,0,0,78719,71559,66658,68627,61578,59274,2510,2500,3000,3000,3000,3000,0
25568,500000,2,2,2,27,0,0,0,0,0,0,195140,190529,135943,128438,106591,85215,11613,176596,6506,5178,3031,3466,0
25569,200000,2,1,1,37,0,0,0,0,0,0,9212,0,261,8203,13203,9691,0,261,8203,5000,0,13185,0
25570,130000,2,3,1,43,2,3,2,2,2,2,19690,19085,18491,20579,19950,21625,0,0,2400,0,2000,0,1
25571,360000,2,2,2,34,0,0,0,0,0,0,282674,277569,246380,236139,241056,246297,12200,10500,8500,8750,9200,9800,0
25572,300000,2,2,1,34,0,0,0,0,0,0,59900,62391,66156,66621,68030,70101,3500,5017,5000,2000,2500,8128,0
25573,70000,2,2,2,41,0,0,0,0,0,0,72593,72526,70138,51781,29117,29264,4000,36500,2300,1500,2000,3000,1
25574,80000,2,3,1,44,0,0,0,0,0,0,817,1131,817,1907,1962,1865,1131,1000,1907,2000,2000,700,0
25575,30000,2,1,2,36,2,2,2,0,0,0,23338,25747,25048,26060,26578,27133,3120,0,1433,951,983,1099,1
25576,280000,2,2,2,30,0,0,0,0,0,0,237345,195808,369761,197666,152084,149887,12873,135477,6480,4026,4153,3014,0
25577,210000,1,3,2,46,0,0,0,0,0,0,46743,50936,53107,53717,53255,55160,5000,4000,2350,2000,3000,3000,0
25578,80000,2,3,1,41,0,0,0,0,0,0,59184,58316,56942,58004,59187,61950,2665,2108,2051,2092,3690,2371,0
25579,260000,2,1,2,37,0,0,0,0,0,0,3821,1316,2609,1017,1012,959,1316,2609,1017,1012,959,935,0
25580,120000,2,3,1,36,0,0,0,0,0,0,9826,10838,11876,12853,13109,13015,1181,1219,1196,452,460,463,1
25581,150000,2,1,2,32,2,0,0,0,0,2,35099,35601,36488,35729,38117,37259,1887,2003,2000,3419,13,2088,0
25582,180000,2,2,1,31,1,0,2,0,0,0,0,200,100,300,200,499,200,0,300,0,399,100,0
25583,140000,2,2,1,34,0,0,0,0,0,0,56702,53584,54794,55951,57103,58210,3000,3000,3000,3000,2500,2500,0
25584,370000,2,3,1,34,0,0,0,0,0,0,104114,233130,222640,184330,169078,167940,210000,9413,7900,6000,6000,7000,0
25585,30000,2,2,1,35,2,3,2,2,2,2,27223,26474,25344,25634,24924,26546,0,2000,1000,0,2026,0,1
25586,160000,2,2,2,33,0,0,0,0,0,0,140122,140225,140745,139923,140815,139935,6500,5211,5000,5000,5000,5000,0
25587,60000,2,2,3,33,0,0,0,2,0,0,4260,780,390,390,390,390,780,390,0,390,390,2405,1
25588,230000,2,1,1,34,2,2,2,2,2,2,186163,190784,195724,198707,201634,205949,9000,9300,7500,7500,7500,7500,1
25589,80000,2,2,1,37,0,0,0,0,0,0,69767,73197,44195,45458,48679,49895,5000,3000,2000,4000,2000,2000,0
25590,360000,2,2,1,37,0,2,2,0,0,0,5748,550,0,0,0,0,0,0,0,0,0,0,0
25591,130000,2,2,1,42,2,2,2,0,0,0,130623,131926,128380,126792,103497,96991,6400,0,4535,3900,4300,3700,1
25592,500000,2,1,2,35,0,0,0,0,0,0,2398,4583,13519,43251,34279,8657,4583,13519,43251,0,8657,10649,0
25593,360000,2,2,1,47,0,0,0,0,0,0,93431,93784,93753,87660,78206,70147,3389,3357,2973,2819,2468,2503,0
25594,120000,2,3,1,38,0,0,0,0,0,0,118016,117738,120127,119719,118042,120682,5720,5820,5670,4250,4450,4470,0
25595,150000,2,2,2,36,0,0,0,0,0,0,80321,82038,83734,80569,56672,65196,3052,3136,8046,2300,9621,0,0
25596,120000,2,2,1,37,0,0,0,0,0,0,18486,0,0,0,0,0,0,0,0,0,0,0,0
25597,190000,2,1,3,35,0,0,0,0,0,2,111776,107177,61892,191260,144062,140871,21238,2000,191260,6000,0,20400,0
25598,230000,2,3,1,43,0,0,0,0,0,0,416,1099,2508,976,416,416,1099,2508,976,416,416,416,0
25599,50000,2,3,3,43,0,0,0,0,0,0,45807,46847,48090,48125,4080,0,1800,2000,1000,1000,0,0,0
25600,20000,2,3,2,45,0,0,0,0,0,0,390,350,360,370,780,390,350,400,400,800,0,390,0
25601,100000,2,3,1,38,0,0,0,0,0,0,16618,-14115,51235,67368,68141,64167,13514,69370,20001,3000,3000,3000,0
25602,200000,2,5,3,40,0,0,0,0,0,0,225480,211608,197824,201940,98496,3480,7263,8857,9117,29420,3484,1998,0
25603,160000,2,2,2,38,0,0,0,0,0,0,133017,125321,122044,111799,92039,89536,7008,6300,5000,3000,2606,4006,0
25604,160000,2,1,2,32,0,0,0,0,0,0,162,-2,-2,499,284,1248,0,0,501,285,1254,99,0
25605,50000,2,3,1,39,2,2,2,2,2,0,31063,32051,33239,33571,32732,33416,1800,2000,1171,0,1211,1221,1
25606,100000,2,1,2,26,1,0,0,0,0,0,0,632,0,316,632,0,632,0,316,632,0,316,0
25607,420000,2,1,1,44,1,2,0,0,0,0,35545,34332,35097,33025,36945,37276,6,3016,1846,5005,2005,1462,0
25608,500000,2,2,1,38,0,0,0,0,0,0,250,1384,6324,7353,5536,8321,1384,5000,1224,3003,3506,3552,0
25609,360000,2,1,1,41,0,0,0,0,0,0,0,0,0,0,0,0,0,0,0,0,0,0,1
25610,190000,2,1,2,28,0,0,0,0,0,0,0,2278,918,859,1300,514,2278,918,864,1300,514,175,0
25611,120000,2,2,2,32,0,0,0,0,0,0,40420,0,0,0,0,0,0,0,0,0,0,0,0
25612,300000,2,2,1,33,0,0,0,0,0,0,16260,11613,12893,10841,11900,0,1500,1513,1000,1059,0,0,0
25613,50000,2,2,2,31,0,0,0,0,0,0,44325,45861,47667,48119,8257,8037,3000,3687,5000,1000,309,2000,0
25614,290000,2,1,2,29,0,0,0,0,0,0,98709,106341,107325,108805,105375,105710,10000,3286,3133,2822,3212,3073,0
25615,240000,2,2,2,29,0,0,0,0,0,0,92076,84598,90102,90198,89822,95856,5006,9002,7000,5049,21862,5529,0
25616,120000,2,2,1,28,0,0,0,0,0,0,103676,96833,78920,74310,75710,77503,3283,3000,5000,3000,3000,4000,0
25617,150000,2,2,2,30,0,0,0,0,0,0,146432,149044,148839,147746,116537,36404,5301,6112,6023,4626,1035,1046,0
25618,270000,2,1,2,31,0,0,0,0,0,0,173,2254,3679,4065,3975,8195,2254,1522,4065,4056,81,83,0
25619,310000,2,1,2,31,0,0,0,0,0,0,9108,24480,6864,0,150,150,24485,6864,0,150,150,271,0
25620,20000,2,2,1,42,0,0,0,0,0,3,6336,7350,8370,9380,10078,10072,1125,1145,1154,852,150,0,1
25621,70000,2,1,2,29,0,0,0,0,0,0,66330,68278,69181,69494,63275,57430,3049,2621,3032,2074,2000,1800,0
25622,290000,2,2,1,29,0,0,0,0,0,0,20593,20187,19130,14793,15442,14381,2002,3001,2000,1502,1000,1002,0
25623,120000,2,2,2,38,0,2,2,0,0,0,652,652,0,326,652,326,0,0,326,652,0,326,0
25624,140000,2,3,1,48,0,0,0,0,0,0,143650,0,139067,93325,94256,97009,0,139067,4263,3376,4274,4635,0
25625,220000,2,1,1,43,0,0,0,0,0,0,64792,65463,66834,68221,69576,71035,2344,2427,2500,2490,2580,2593,0
25626,240000,2,1,2,28,0,0,0,0,0,0,192551,236772,201463,187916,149293,150614,100050,10000,7000,10040,7000,6000,0
25627,320000,2,2,1,30,0,0,0,0,0,0,91029,84644,87765,83094,66463,63977,5005,15055,16752,10012,10071,10039,0
25628,50000,2,2,1,30,0,0,0,0,0,2,25422,26456,27835,29070,30891,54741,1450,1800,2000,2600,0,2020,1
25629,100000,2,1,1,30,0,0,0,0,0,0,43717,29954,24551,16333,9776,58408,3000,2500,2000,1000,58408,5800,0
25630,70000,2,2,2,30,2,2,2,0,0,2,14232,15398,14866,15611,16753,16343,1700,0,1300,1400,0,1400,1
25631,230000,2,1,2,30,0,0,0,0,0,0,64062,56716,30038,22872,22567,21973,5000,3000,3616,3000,2000,0,0
25632,120000,2,2,2,30,0,2,2,0,0,0,5713,1492,0,6407,0,0,0,0,6407,0,0,3000,0
25633,350000,2,1,2,31,0,0,0,0,0,0,314747,322981,326921,210500,201775,171242,15000,12127,9557,8000,6500,7000,0
25634,70000,2,1,2,34,2,2,2,2,2,2,43357,44347,43357,46626,47562,48651,2000,0,4000,2000,2000,2000,1
25635,50000,2,3,1,31,0,0,0,0,0,0,39072,40283,37269,27880,27935,26314,1914,1900,1478,1172,2005,1000,0
25636,150000,2,1,2,32,0,0,0,0,0,0,1999,3769,1999,1999,1500,1500,3769,1999,1999,1500,1500,1500,0
25637,410000,2,3,1,34,0,0,0,0,0,0,2347,4234,23591,224,193,6441,4252,23785,225,194,6473,22906,0
25638,410000,2,1,2,34,0,0,0,0,0,0,43719,44624,40881,39008,47638,27519,2626,2616,2617,20000,1012,511,0
25639,400000,2,1,2,35,0,0,0,0,0,0,4238,4329,6888,3519,77,927,5000,7013,3600,1500,1000,1000,0
25640,50000,2,2,1,34,0,0,0,0,0,0,26149,26660,27637,22521,20533,14659,2000,1718,1210,1018,539,5001,0
25641,390000,2,1,1,39,0,0,0,0,0,0,40439,30808,27235,9895,3707,62320,2013,1329,1025,1010,67842,2530,0
25642,360000,2,1,2,36,0,0,0,0,0,0,4279,9398,26510,50810,20800,0,9398,26510,51109,2080,0,10080,0
25643,30000,2,2,1,36,0,0,0,0,0,0,326,326,833,326,802,802,326,833,326,802,326,0,0
25644,300000,2,2,2,42,0,0,0,0,0,0,-904,1096,928,2264,3090,5056,2000,1072,1500,1000,2000,1000,0
25645,170000,2,1,1,44,0,0,0,0,0,0,754,0,0,0,1903,0,0,0,0,1903,0,0,0
25646,40000,2,2,2,44,2,2,2,2,2,2,35515,36176,37490,38726,39795,40230,1550,2200,2170,2001,1601,1602,1
25647,430000,2,1,2,38,0,0,0,0,0,0,41092,43095,44692,45648,47884,136701,3000,2300,2000,3000,90000,4000,0
25648,130000,2,2,1,47,0,0,0,0,0,0,2317,29,2595,1030,-1121,-2452,3000,3000,1000,897,0,2003,1
25649,450000,2,2,1,42,0,0,0,0,0,0,7669,13267,18748,24711,33111,50885,7272,8764,9823,11123,20274,5374,0
25650,90000,2,1,2,29,0,0,0,0,0,0,91643,90717,89053,82623,70740,69237,3338,3096,4000,3000,2829,2500,0
25651,190000,2,1,1,43,0,0,0,0,0,0,1675,4873,3468,27395,0,148120,4873,3472,27403,0,148120,6546,0
25652,210000,2,1,2,38,0,0,0,0,0,0,13744,14565,13173,13258,8155,2838,5000,3397,3000,2000,2300,5230,0
25653,20000,2,2,1,43,0,0,0,0,0,0,16510,17770,16432,16174,16499,12882,1558,1286,1204,529,467,544,1
25654,200000,2,1,1,36,1,0,0,0,0,0,0,0,0,0,0,0,0,0,0,0,0,0,0
25655,160000,2,1,2,29,0,0,0,0,0,0,0,368,0,850,763,0,368,0,850,763,0,1381,0
25656,220000,2,2,2,30,0,0,0,0,0,2,152514,150742,142633,137337,144570,140881,7149,8000,5000,10800,0,5600,0
25657,230000,2,1,2,31,0,0,0,0,0,0,2274,7398,5537,1247,0,1000,7398,5537,1259,0,1000,4134,0
25658,290000,2,1,2,32,0,0,0,0,0,0,1485,299,0,0,440,0,299,0,0,440,0,0,0
25659,360000,2,1,2,33,0,0,0,0,0,0,20376,17726,18797,15816,16112,10793,1500,2016,1095,1024,350,1323,0
25660,160000,2,2,1,33,0,0,0,0,0,0,9765,2836,824,948,632,316,2836,824,948,0,0,316,0
25661,240000,2,2,1,34,0,0,0,0,0,0,0,0,0,0,0,0,0,0,0,0,0,0,0
25662,260000,2,2,1,35,0,0,0,0,0,0,4539,10417,7364,8144,8422,7740,10417,7364,8144,8422,7740,26318,0
25663,100000,2,2,1,34,0,0,0,0,0,0,14815,10108,8022,9733,17284,8540,2010,1149,3094,1003,1004,406,0
25664,70000,2,3,1,42,0,0,0,0,0,0,22068,30307,30570,31367,32163,32975,29500,2000,2000,2000,2000,1780,0
25665,170000,2,2,2,25,0,0,2,0,0,0,57198,59379,28679,29215,19415,19531,3200,2000,3000,10000,2000,0,0
25666,40000,2,2,2,26,0,0,0,0,0,0,28991,24391,13600,0,44024,18697,1300,1000,0,22373,680,10000,0
25667,80000,2,2,1,47,0,0,0,0,0,0,78849,27733,28009,28977,28756,28962,1433,1489,1457,1016,1046,1211,0
25668,30000,2,1,2,25,0,0,0,0,0,0,29668,28732,29752,28627,29467,29634,1500,1505,1500,2200,2300,3000,0
25669,140000,2,1,2,25,1,0,0,0,0,0,-74,-770,-1466,522,142,-554,0,0,3000,0,0,0,1
25670,230000,2,2,1,27,0,0,0,0,0,0,24739,19712,18175,12109,11616,10134,2000,1928,1014,1000,203,34096,0
25671,200000,2,2,1,39,0,0,0,0,0,0,35465,36480,37893,39266,40120,40961,1600,2000,2000,1500,1479,1504,0
25672,400000,2,1,1,35,0,0,0,0,0,0,4689,10043,17883,9322,15693,5588,10097,18057,9368,15771,5616,10173,0
25673,170000,2,2,1,38,0,0,0,0,0,2,136768,133840,138172,140265,112529,110318,5000,6800,6500,8300,0,4200,0
25674,270000,2,3,1,43,0,0,0,0,0,0,2769,0,0,1074,3292,2106,0,0,1074,3292,0,508,0
25675,30000,2,2,1,39,0,0,0,0,0,0,4042,5060,2300,0,780,0,5327,2300,0,780,0,0,0
25676,200000,2,2,2,46,0,0,0,0,0,0,0,0,0,0,0,0,0,0,0,0,0,600,0
25677,280000,2,1,2,31,2,0,0,0,0,0,103,168,0,0,0,0,168,0,0,0,0,0,0
25678,420000,2,2,2,32,0,0,0,0,0,0,476396,470185,481811,473498,368338,348300,16007,19031,17014,12121,20014,11014,0
25679,30000,2,3,1,43,2,0,0,0,0,0,30346,29885,20453,16076,15844,15785,1702,1531,1544,702,724,557,1
25680,180000,2,2,1,41,0,0,0,0,0,0,110856,99925,102359,96462,96846,95549,5000,5024,4300,3500,4000,4000,0
25681,290000,2,2,1,31,0,0,0,0,0,0,284583,274119,275169,189354,193163,197303,10000,10490,6620,6700,7000,7150,0
25682,20000,2,2,2,32,0,0,0,2,0,0,11389,12389,15175,14634,30772,17135,1500,3000,0,1000,2000,1000,0
25683,500000,2,3,1,38,0,0,0,0,0,0,-40,-40,-40,-40,7980,20603,0,0,0,8020,20706,36759,0
25684,340000,2,2,1,42,0,0,0,0,0,0,226644,225033,219702,132852,124168,119568,8000,9222,5000,4500,4500,3834,0
25685,270000,2,2,1,39,0,0,0,0,0,0,85827,87664,90515,91903,93864,96118,3000,4000,3403,3200,3479,4000,0
25686,150000,2,3,1,41,1,0,0,0,0,0,-1203,49909,46824,-2176,143824,151500,51772,2300,2176,146000,9500,0,0
25687,40000,2,2,2,33,0,0,0,2,0,0,1860,1979,4167,1979,1979,1979,2279,4167,0,1979,1979,1775,0
25688,360000,2,1,2,34,0,0,0,0,0,0,6276,16062,8539,8665,2132,745,16142,8630,8710,2142,748,3030,0
25689,500000,2,2,1,34,0,0,0,0,0,0,144774,130097,134810,145182,141062,135358,20053,19000,15000,10040,15000,20000,0
25690,280000,2,2,2,47,0,0,0,0,0,0,12477,13915,67119,53044,66668,61466,13987,69805,1711,26743,10057,54318,0
25691,50000,2,2,2,43,0,0,0,0,0,0,43051,43729,27008,28324,8044,8414,1500,1500,1800,500,500,500,0
25692,330000,2,1,2,42,0,0,0,0,0,0,565,20650,15360,0,12923,1816,20650,15360,0,12923,1816,17050,1
25693,360000,2,3,2,46,0,0,0,0,0,0,15219,26544,36301,45883,16789,6159,26796,36582,46112,16873,6190,22167,0
25694,340000,2,3,1,40,0,0,0,0,0,0,194380,183139,179156,170491,158370,151685,7000,9000,9000,7000,6000,5400,0
25695,500000,2,1,2,26,0,0,0,0,0,0,1419,1293,1111,1175,3162,1638,1293,1111,1175,3162,33,2000,0
25696,270000,2,1,2,34,0,0,2,0,0,0,67544,54523,18865,44908,19508,15860,4025,5,34000,0,0,0,0
25697,120000,2,3,1,40,0,0,0,0,0,0,102400,108300,108538,94833,49078,40643,7500,5000,4121,2000,2000,2000,0
25698,140000,2,2,1,39,0,0,0,0,0,0,567,1498,1139,380,2340,837,1498,1139,380,2340,837,380,0
25699,200000,2,2,2,27,0,0,0,0,0,0,6369,5830,7254,7164,4576,5792,5830,7254,7164,4675,5792,5196,0
25700,50000,2,3,1,45,0,0,0,0,0,0,20080,18866,21549,26163,26684,27753,1317,3000,5000,956,1500,3000,0
25701,220000,2,1,2,28,0,0,0,0,0,0,55477,44109,32978,30415,28038,25669,3000,5000,13500,14000,13500,13500,0
25702,80000,2,1,2,43,0,0,0,0,0,0,80958,77783,-478,-1739,1261,1261,1556,0,0,4261,1261,540,0
25703,200000,2,3,0,45,0,0,0,0,0,0,399,2430,0,399,1396,0,2430,0,399,1396,0,0,0
25704,20000,2,1,2,29,1,0,0,0,0,0,0,2494,3967,1364,600,0,2494,3967,1370,600,0,0,0
25705,260000,2,1,2,29,2,2,0,0,0,0,792,396,396,396,792,396,0,396,396,792,0,396,1
25706,430000,2,1,2,29,0,0,0,0,0,0,111409,114071,116749,118319,121351,125225,6000,6000,5000,5000,6000,5000,0
25707,360000,2,1,1,39,0,0,0,0,0,0,21421,31104,17918,19259,26924,19049,31110,17918,19459,26924,19049,7648,0
25708,500000,2,1,2,30,0,0,0,0,0,0,16558,10998,4405,9274,10642,11986,11075,4405,9274,4000,5000,53918,0
25709,50000,2,3,1,45,1,2,0,0,0,0,49768,47191,49422,49586,30023,28373,0,3000,1500,5000,2000,2000,0
25710,50000,2,2,1,47,0,0,0,0,0,0,46170,47155,48052,49491,28618,29217,1755,2000,2295,1000,1048,1058,0
25711,360000,2,1,2,35,0,0,0,0,0,0,-3,-3,-3,-3,-3,597,0,0,0,0,600,590,0
25712,10000,2,3,2,36,0,0,0,0,0,0,3671,4945,6157,7172,8048,8318,1500,1300,1124,1000,400,500,0
25713,220000,2,1,2,32,1,0,0,0,0,0,0,4048,4925,12554,1036,522,4048,4925,12606,0,572,7656,0
25714,110000,2,2,2,33,0,0,0,0,0,0,103195,102713,103034,103112,94403,96072,5200,3804,4500,3400,3500,7700,1
25715,290000,2,2,2,34,0,0,0,0,0,0,284150,288493,295333,285867,240773,242655,12000,12500,11000,8000,9300,9000,0
25716,110000,2,2,1,35,0,0,0,0,0,0,28969,29568,30379,84257,84762,86139,1500,1706,55000,3200,3300,3300,0
25717,120000,2,2,2,40,1,0,0,0,0,0,-200,-200,-200,-200,0,8360,0,0,0,200,8360,0,0
25718,140000,2,2,1,46,0,0,0,0,0,0,82497,83206,85862,86676,88948,54312,2978,3997,3140,3707,2104,1946,0
25719,500000,2,2,1,38,0,0,0,0,0,0,242546,184601,189136,172674,20253,29576,7000,8000,9000,791,10000,7000,0
25720,360000,2,1,1,45,0,0,0,0,0,0,3401,2655,1064,530,822,2222,2655,1064,530,822,2222,788,0
25721,280000,2,2,1,44,0,0,0,0,0,0,390,0,780,0,0,0,0,780,0,0,0,0,1
25722,220000,2,2,2,38,0,0,0,0,0,0,22145,5529,4688,1621,8522,4149,5575,4716,1632,8559,4164,10626,1
25723,210000,2,2,1,30,0,0,0,0,0,0,158805,159093,153056,140518,70901,72539,5404,6230,5696,2328,2567,2531,0
25724,170000,2,1,2,38,0,0,0,0,0,0,822,-3,1243,0,0,0,0,1246,0,0,0,0,0
25725,50000,2,1,2,23,0,0,0,0,0,0,15213,16253,17289,18396,19089,19629,1300,1300,1400,1000,1000,1043,0
25726,300000,2,1,1,34,2,0,0,2,0,0,74917,70878,68463,52987,46867,16335,3028,4560,78,3171,5015,5047,1
25727,160000,2,1,2,30,0,0,0,0,0,0,2000,1000,1000,1000,12234,11960,1000,1000,1000,12234,1200,65157,1
25728,320000,2,2,2,26,1,3,2,2,2,0,303926,305625,299382,316898,310361,312581,8100,0,24100,0,11700,12000,1
25729,280000,2,3,1,37,0,0,0,0,0,0,199046,184586,185067,177878,140710,81033,8200,7500,9000,6500,5000,2000,0
25730,290000,2,1,2,31,0,0,0,0,0,0,41879,42882,43992,45061,46998,51046,2000,2100,2100,3000,5000,2050,0
25731,20000,2,3,2,41,0,0,2,0,0,0,19080,20303,19302,19897,19895,20313,3000,0,1311,699,725,711,0
25732,80000,2,3,1,37,0,0,0,0,0,0,47751,-215,855086,632,632,124542,215,1024516,632,632,124542,14770,0
25733,200000,2,3,1,47,1,0,0,0,0,0,0,0,0,0,0,0,0,0,0,0,0,0,0
25734,270000,2,1,2,29,0,0,0,0,0,0,990,5850,0,0,0,0,5850,0,0,0,0,0,0
25735,200000,2,1,1,46,0,0,0,0,0,0,10687,18021,3275,5430,6683,7790,18031,3275,5430,6871,7790,8901,0
25736,130000,2,2,1,39,0,0,0,0,0,0,125816,125804,124030,119966,89588,91178,7166,7501,6621,3501,3501,3612,0
25737,30000,2,2,2,35,2,2,0,0,0,0,25368,24662,26001,27012,27241,27812,0,1739,1750,975,1010,3226,1
25738,60000,2,2,1,29,0,0,0,0,0,0,1033,2076,26,3742,3352,3570,2081,26,4822,3352,3570,1799,0
25739,180000,2,1,2,34,0,0,0,0,0,2,85129,88701,91356,94820,100740,99015,5000,5000,5000,7500,0,6000,1
25740,90000,2,2,1,45,2,2,2,2,2,2,45820,46770,45741,48729,49628,50680,2000,0,3755,2000,2000,2100,1
25741,430000,2,1,1,43,0,0,0,0,0,0,30000,28490,33490,30636,30240,0,28647,35000,30636,30241,0,179,0
25742,30000,2,2,1,37,3,3,3,2,0,0,27672,28911,29163,28380,28636,30290,2000,1000,0,1000,2100,1500,1
25743,190000,2,2,2,40,0,0,0,0,0,0,182923,183436,162537,157497,155297,153594,8059,7741,7201,4815,4927,5380,1
25744,240000,2,1,2,31,2,0,0,0,0,0,179483,183151,185490,189351,193115,197445,8151,6790,6951,6915,7445,7248,1
25745,240000,2,1,1,33,0,0,0,0,0,0,2193,0,0,0,2500,0,0,0,0,2500,0,880,0
25746,240000,2,2,1,38,0,0,2,0,0,2,32981,47320,46392,51652,54969,42373,15000,0,6000,4059,14,10022,0
25747,160000,2,2,1,41,1,0,0,0,0,0,0,1496,1496,1496,1496,1496,1496,1496,1496,1496,1496,1496,0
25748,110000,2,2,1,28,0,0,2,0,0,0,96131,106932,103381,75794,76947,79105,14000,27,4000,3000,3000,10000,0
25749,360000,2,1,2,30,0,0,0,0,0,0,13861,7795,4489,10218,6509,15156,7884,4808,10044,4006,10046,12087,0
25750,130000,2,3,1,43,0,0,0,0,0,0,126965,130067,129385,96775,98071,97743,6739,5540,4403,3814,3562,4021,1
25751,30000,2,2,1,38,0,0,2,0,0,2,2433,4772,2897,3236,3575,1764,4000,0,2000,2000,0,1900,1
25752,370000,2,1,2,30,0,0,0,0,0,0,17004,19254,342,18295,14386,11961,19254,432,19584,0,0,1569,0
25753,120000,2,3,2,31,1,2,0,0,0,0,122806,119325,112976,63658,38495,38226,15,3500,2000,1500,1500,5000,0
25754,100000,2,2,2,31,1,0,0,0,0,0,0,0,680,837,0,0,0,680,837,0,0,0,0
25755,80000,2,5,2,33,0,0,0,0,0,0,5833,0,15728,9265,10400,0,0,15728,1500,1400,0,0,0
25756,120000,2,2,1,30,0,0,0,0,0,0,101596,102860,104694,103058,71095,47379,3706,5502,4204,3017,2005,1702,0
25757,290000,2,2,1,33,0,0,0,0,0,0,149495,117275,110481,107735,100195,84268,3721,3700,4005,4000,3000,2928,0
25758,150000,2,3,2,35,0,0,0,0,0,0,145063,134701,133145,120821,107280,105510,5000,5000,4030,4000,4000,4000,0
25759,270000,2,2,1,28,0,0,0,0,0,0,322249,298700,308133,263516,94062,92618,10000,13000,12000,5000,4000,5000,0
25760,20000,2,2,2,29,0,0,0,0,0,0,17648,13580,14204,15345,17764,20049,3000,5007,3000,3000,3000,3000,0
25761,360000,2,1,1,31,0,0,0,0,0,0,-4,434,0,0,0,0,438,0,0,0,0,0,1
25762,320000,2,1,2,30,0,0,0,0,0,0,633,8226,12664,1316,326,598,8226,12850,1316,326,598,8615,0
25763,260000,2,1,1,31,0,0,0,0,0,0,33142,34048,55117,57782,184810,171006,2000,56714,4100,160000,7000,7000,0
25764,320000,2,1,1,38,2,2,0,0,0,0,2500,0,0,0,0,0,0,0,0,0,0,0,1
25765,360000,2,1,2,32,0,0,0,0,0,0,272112,272444,256974,241226,241673,233157,10130,12649,8916,7725,8900,6956,0
25766,190000,2,1,2,40,0,0,0,0,0,0,991,991,991,666,991,1316,991,991,666,991,1316,816,0
25767,330000,2,1,1,31,0,0,0,0,0,0,132514,137347,391478,142842,143257,144783,10000,65042,12000,5000,6000,6000,0
25768,90000,2,2,1,33,0,0,0,2,0,0,27180,26772,70398,56266,47804,44230,1405,56388,112,1779,1786,5414,1
25769,240000,2,1,1,41,0,0,0,2,3,3,102488,105785,109082,119221,118144,118029,6500,6500,13500,2300,2002,0,0
25770,280000,2,1,2,30,0,0,0,0,0,0,8010,-11,25351,17900,3529,892,3375,25362,18684,3529,892,958,0
25771,360000,2,1,2,31,0,0,0,0,0,0,19847,15979,6450,13166,23964,5470,16059,6482,13242,24011,5497,5415,0
25772,350000,2,1,1,33,0,0,0,0,0,0,82964,68532,17926,17966,30741,31088,68940,18018,18058,30897,31244,88461,1
25773,420000,2,2,1,33,0,0,0,0,0,0,52018,60519,67083,69424,63523,60630,10000,10083,10094,10000,2500,5000,0
25774,280000,2,2,2,42,0,0,0,0,0,0,272190,266459,228907,234179,180684,184319,9910,9000,9329,7000,6511,5500,0
25775,70000,2,2,1,44,0,0,0,0,0,0,79346,75146,76717,70281,30343,29782,2794,2888,26850,1047,1088,996,0
25776,140000,2,1,2,32,0,0,0,0,0,0,131540,135062,138303,67695,69068,70512,5701,6302,3000,2500,2555,3000,0
25777,60000,2,2,2,31,0,0,0,0,0,0,57092,58173,59626,55775,28187,28978,3000,3400,2300,1200,1200,1500,0
25778,110000,2,2,1,33,0,0,2,2,2,2,84880,90834,92696,93794,91392,97029,8300,4200,3500,0,7300,3800,0
25779,300000,2,2,1,46,1,0,0,0,0,0,0,0,194,1375,13970,1672,0,194,1181,14039,1679,4156,0
25780,80000,2,3,2,41,0,0,0,0,0,0,78069,54955,27911,11687,11926,11926,1576,1589,1000,239,0,1696,0
25781,200000,2,2,1,32,0,0,0,0,0,0,10701,0,0,0,0,0,0,0,0,0,0,0,0
25782,450000,2,2,2,42,0,0,0,0,0,0,182,885,1099,2998,2757,623,889,1104,2999,68,626,688,0
25783,140000,2,3,2,43,0,0,0,0,0,0,141036,141558,132406,120046,92820,90525,4504,6213,5423,3400,4000,4000,0
25784,150000,2,1,2,37,0,0,0,0,0,0,20224,24837,4159,15089,2233,0,24840,4159,17589,0,0,500,0
25785,80000,2,2,1,31,0,0,0,0,0,0,115293,75861,32282,32869,31988,48431,2006,2000,1520,888,16696,1700,0
25786,200000,2,2,1,35,0,0,0,0,0,0,3023,3965,6843,1320,5983,1922,3965,6880,1320,5983,1922,12652,0
25787,360000,2,2,1,44,1,0,0,0,0,0,0,0,0,0,0,0,0,0,0,0,0,0,1
25788,160000,2,2,1,37,0,0,2,0,0,0,45966,48783,47681,46039,47197,46683,3900,0,1742,1900,1703,3612,0
25789,200000,2,1,2,33,0,0,0,0,0,0,9099,3771,664,0,641,5506,3775,664,0,641,5506,1847,0
25790,150000,2,1,1,35,0,0,0,0,0,0,3003,2688,3125,9643,4383,2225,2698,3137,9643,4395,2229,3041,0
25791,50000,2,2,2,38,0,0,0,0,0,0,390,390,390,390,390,390,390,390,390,390,390,390,0
25792,360000,2,2,1,45,0,0,0,0,0,0,222505,199464,182886,109556,111286,90580,8000,7565,4100,4027,3445,2000,0
25793,500000,2,1,1,32,0,0,0,0,0,0,93174,45860,28362,41489,44158,37880,45979,28435,41503,31748,25449,22999,0
25794,220000,2,1,1,31,0,0,0,0,0,0,218796,178554,126132,120827,119823,119460,5539,7449,3005,2400,21577,10000,0
25795,220000,2,2,2,37,0,0,0,0,0,0,2662,1918,4626,5602,769,5595,1918,4626,5602,769,5595,2538,0
25796,80000,2,2,1,45,0,0,0,0,0,0,77995,79552,81392,80966,79295,81142,2855,3130,3107,2847,3134,3072,0
25797,200000,2,2,2,38,0,0,0,0,0,0,3000,3000,3000,3000,3000,3000,3000,3000,3000,3000,3000,3000,0
25798,100000,2,1,2,38,2,2,2,2,2,2,37566,37160,39750,40298,40835,41529,500,3500,1500,1500,1500,2000,1
25799,260000,2,1,1,32,0,0,0,0,0,0,0,0,0,0,0,1150,0,0,0,0,1150,0,1
25800,300000,2,5,2,37,0,0,0,0,0,0,-1244,3751,54478,10424,13762,11428,6425,54478,10424,3762,229,1423,0
25801,160000,2,3,1,44,0,0,0,0,0,0,390,0,780,0,0,0,0,780,0,0,0,3072,0
25802,50000,2,2,2,35,0,0,0,0,0,0,50521,50466,49821,43945,29669,28469,1649,51869,1884,1023,1173,1193,0
25803,150000,2,3,2,38,0,0,0,2,2,2,3060,0,530,530,1696,1166,150,530,0,1166,0,0,0
25804,70000,2,1,2,27,0,0,2,0,0,0,72227,68097,65636,66114,66142,68380,6000,0,3000,2500,4100,4100,0
25805,80000,2,2,2,27,0,0,0,0,2,0,66203,67995,70489,74146,72375,70811,3500,4200,5500,0,2500,8652,0
25806,100000,2,1,2,28,0,0,0,0,0,0,-177,-207,1050,0,0,0,0,1257,0,0,0,0,0
25807,150000,2,2,2,30,0,0,0,0,0,0,69955,59380,57431,52754,52430,41770,1873,1897,1552,1649,2005,11064,0
25808,340000,2,2,3,35,0,0,0,0,0,0,132,132,132,132,132,112847,132,132,132,132,112847,5005,0
25809,210000,2,3,1,39,1,2,2,2,0,0,26624,25903,28719,27964,28364,28855,0,3550,0,1164,1100,1118,0
25810,240000,2,1,2,28,0,0,0,0,0,0,5623,181,1133,0,39344,40264,181,1133,0,39344,1500,1540,0
25811,250000,2,1,2,35,0,0,0,0,0,0,964,69000,63462,45710,43537,38367,69032,2138,1566,1582,1318,1630,0
25812,200000,2,1,1,38,0,0,0,0,0,0,15099,6370,5991,7298,9225,4072,6370,5991,7298,2105,10249,0,0
25813,50000,2,1,1,36,0,0,0,2,0,0,47317,49212,49243,5112,48455,48456,3000,5450,0,45554,2100,1900,0
25814,450000,2,1,2,35,0,0,0,0,0,0,7256,812,17563,12483,26081,22985,816,17651,12554,26212,23114,2512,0
25815,200000,2,1,1,38,0,0,0,0,0,0,13311,10781,9592,9585,8177,7136,1711,1411,2531,5007,507,506,0
25816,350000,2,2,1,47,0,0,0,0,0,0,97500,84202,82933,80501,79038,80694,3010,2970,2886,2824,2925,2987,1
25817,200000,2,1,2,45,0,0,0,0,0,0,2377,221,0,0,0,0,221,0,0,0,0,0,0
25818,530000,2,2,1,44,0,0,0,0,0,0,562326,532374,537543,541019,468571,478034,20010,25022,21003,18003,20000,20004,1
25819,60000,2,3,1,45,0,0,0,0,0,0,62396,36034,30534,28442,24544,24998,1500,1500,1404,1100,1000,1000,0
25820,280000,2,1,2,30,0,0,0,0,0,0,2946,3326,132,-20,-20,680,3326,150,0,0,700,0,0
25821,210000,2,1,1,34,0,0,0,0,0,0,157907,201324,207222,209189,106090,108300,50000,10646,8601,3601,3719,3300,0
25822,210000,2,1,2,34,1,2,2,0,0,0,3824,2045,0,322,150,546,0,0,322,150,546,0,1
25823,420000,2,2,1,46,0,0,0,0,0,0,254275,249677,232028,233055,191518,192313,10004,11020,10238,10022,7000,6000,0
25824,80000,2,2,2,45,0,0,0,0,0,0,2574,390,3889,780,390,390,390,3889,780,0,390,390,0
25825,170000,2,1,1,31,0,0,0,0,0,0,6832,0,0,0,0,0,0,0,0,0,0,0,0
25826,80000,2,2,2,35,0,0,0,0,0,0,48725,53095,56858,4849,4849,4849,10000,10000,4849,4849,4849,4849,0
25827,510000,2,2,1,38,0,0,0,0,0,0,95589,35224,37361,39437,40292,41153,2000,2700,2700,1500,1500,10000,0
25828,110000,2,2,1,31,0,0,0,0,0,0,109814,110215,40084,41101,41834,42874,4665,1670,1977,2000,2000,2000,0
25829,10000,2,2,2,31,0,0,0,0,0,0,10154,10400,0,0,0,0,1400,0,0,0,0,0,1
25830,300000,2,1,2,32,0,0,0,0,0,0,-3,-3,-3,329,0,0,0,0,332,0,0,0,0
25831,60000,2,2,1,32,1,2,0,0,0,0,61291,57946,59534,60615,30592,28656,0,3120,3050,1136,1200,1206,1
25832,200000,2,2,2,33,0,0,0,0,0,0,194283,196485,197597,152670,134645,141557,7520,6700,5130,4800,9000,5150,0
25833,230000,2,2,1,35,0,0,0,0,0,0,7035,2954,13375,-10,8808,6632,2969,13441,0,8818,4,28,0
25834,500000,2,1,2,45,0,0,0,0,0,0,0,0,1742,27291,0,0,0,1742,27291,0,0,6386,0
25835,50000,2,2,2,47,2,2,2,2,2,2,43439,44769,43781,45021,28660,27807,2341,0,2554,0,1800,0,1
25836,280000,2,2,1,45,0,0,0,0,0,0,159633,149747,138933,128216,216598,103119,7000,6500,6500,3994,4000,3500,0
25837,170000,2,2,1,31,0,0,0,0,0,0,102477,104499,106657,108804,109584,111881,5210,5323,5402,4071,4215,4081,0
25838,60000,2,2,2,31,2,2,2,2,0,0,57880,56355,59327,35305,17655,77775,0,4058,34,3000,40793,4952,1
25839,210000,2,1,2,32,1,0,2,2,0,0,0,92,4,0,45,23,92,0,0,45,23,0,1
25840,70000,2,3,2,42,0,0,2,0,0,0,69362,71775,70050,70415,48405,46514,6000,0,3000,1000,1500,2000,1
25841,300000,2,3,1,37,1,0,0,0,0,0,43459,26115,26283,16624,6316,8394,26137,26443,16624,6166,8078,25763,0
25842,330000,2,1,2,31,0,0,0,0,0,0,37426,40497,63646,39894,39860,39392,5000,3300,3195,3000,1120,3000,0
25843,200000,2,2,2,49,0,0,0,0,0,0,80528,83190,85944,87539,90231,86284,4000,5000,4000,4000,5000,4000,0
25844,170000,2,5,1,33,0,0,0,0,0,0,143805,143737,129898,124370,112589,26958,10000,6247,6375,4468,1000,1306,0
25845,20000,2,2,1,48,1,0,0,0,0,0,0,0,0,0,0,0,0,0,0,0,0,0,1
25846,230000,2,2,1,45,0,0,0,0,0,0,416,416,416,416,416,416,416,416,416,416,416,572,1
25847,80000,2,2,1,27,0,0,0,0,0,0,80658,70963,73411,75331,55011,56271,3800,3600,3200,2000,2100,3001,0
25848,320000,2,4,3,32,0,0,0,0,0,0,1145,4133,2488,21222,15115,27279,4135,2488,21238,5000,15000,545,0
25849,230000,2,2,1,35,0,0,0,0,0,0,160560,158782,150844,151623,148261,153161,10012,10010,10000,7000,10000,10000,0
25850,80000,2,2,2,38,0,0,0,0,0,0,390,390,3529,13207,13110,13116,390,3529,10207,500,600,3000,0
25851,300000,2,3,1,32,0,0,0,0,0,0,0,0,0,0,0,0,0,0,0,0,0,0,1
25852,100000,2,3,1,43,2,2,0,0,0,0,100304,97814,100337,100585,52041,70731,0,5000,2623,2500,32000,2567,1
25853,370000,2,2,1,47,0,0,0,0,0,0,1289,2408,395,12074,744,4040,2432,397,12133,747,4060,3059,0
25854,200000,2,2,2,37,0,0,0,0,0,0,4037,3913,6336,5361,4950,2413,3913,6336,5361,3000,2502,3603,0
25855,130000,2,1,2,30,0,0,0,0,0,0,5002,2437,2448,5457,3855,4684,2437,2774,5457,3855,4684,843,0
25856,50000,2,2,1,42,0,0,0,0,0,0,38516,28604,28089,27864,27173,27457,1754,1500,1500,1000,1100,1208,0
25857,300000,2,2,2,35,0,0,0,0,0,0,86574,86821,88072,76722,69922,23926,3219,3417,1926,1545,797,9190,0
25858,500000,2,1,1,44,0,0,0,0,0,0,111937,104203,96617,97437,185322,179697,4000,4009,17446,100000,10000,20000,0
25859,140000,2,2,1,37,0,0,0,0,0,0,326,326,326,1516,326,1439,326,326,1516,326,1439,326,1
25860,20000,2,2,1,44,0,0,0,0,0,0,16231,14791,14453,15320,11796,9766,1600,1300,1156,387,354,438,0
25861,270000,2,1,1,44,0,0,0,0,0,0,-1404,73596,49800,1514,41072,23500,75000,49800,1514,41072,23500,29702,0
25862,150000,2,2,1,35,0,0,0,0,0,0,216793,198866,193870,188045,178892,167419,4818,5024,4051,3788,3622,1215,0
25863,70000,2,1,1,45,1,1,0,0,0,0,116630,-67526,71562,68709,28528,29171,0,140043,1830,1021,1103,1011,0
25864,120000,2,1,1,46,0,0,0,0,0,0,28675,29392,30424,31437,32062,32734,1500,1509,1522,1147,1188,1194,0
25865,20000,2,2,2,39,0,0,0,0,0,0,20885,20373,19391,20085,19938,0,2157,1660,1300,541,0,0,0
25866,260000,2,1,1,34,0,0,0,0,0,0,136914,139380,140836,153026,156108,158893,7000,5188,15000,7500,7000,3000,0
25867,160000,2,1,1,35,1,0,0,0,0,0,0,0,6371,0,0,0,0,6371,0,0,0,8399,0
25868,50000,2,2,1,45,0,0,0,0,0,0,48153,49073,12630,9215,9215,8011,2000,2022,2000,0,1000,1904,0
25869,350000,2,2,1,39,1,0,0,0,0,0,0,0,0,0,590,0,0,0,0,590,0,0,0
25870,510000,2,1,2,40,8,7,6,5,4,3,477094,469882,461402,452405,443657,437305,0,0,0,0,0,14000,1
25871,250000,2,1,1,38,0,0,0,0,0,0,6352,6790,10418,7720,37543,31337,6790,5418,7720,37604,0,0,0
25872,80000,2,2,1,36,1,0,0,0,0,0,4233,14233,15854,10000,10000,10000,14233,15854,10000,10000,10000,10000,0
25873,180000,2,2,2,33,0,0,0,0,0,0,4160,7817,2358,18572,11560,4298,7817,2358,18577,11560,4298,12330,0
25874,60000,2,2,3,39,1,1,0,0,0,0,58574,-1540,-1930,-2320,-1220,0,0,0,0,2000,2000,0,1
25875,170000,2,1,1,35,2,2,2,2,2,2,131909,133178,131711,139143,140987,144187,4800,2000,11000,5500,5500,5400,1
25876,200000,2,1,1,39,0,0,0,0,0,0,100239,81596,114770,70175,69180,44376,81596,114770,70175,69180,44376,37638,0
25877,210000,2,1,1,31,0,0,0,0,0,0,31808,9283,7846,38141,9461,33978,9283,7846,38218,10000,33978,0,1
25878,200000,2,1,2,47,0,0,0,0,0,0,30177,2039,174406,133073,45373,973,2061,175000,133100,46000,1000,0,0
25879,200000,2,2,2,34,2,2,2,2,2,2,71817,73376,71672,76004,74225,78193,3300,0,6100,0,5300,3500,1
25880,200000,2,2,1,32,0,0,0,0,0,0,11191,15940,20281,24540,24928,1532,6002,5000,4552,3131,1539,1027,0
25881,240000,2,2,1,29,0,0,0,0,0,0,21909,15420,40861,34146,30937,27164,2420,34000,2500,5937,5164,5387,0
25882,450000,2,2,2,34,0,0,0,0,0,0,3752,513,0,4376,0,0,513,0,4376,0,0,0,0
25883,80000,2,2,1,26,0,0,0,0,0,0,78872,80301,74349,75443,57735,58139,2800,2800,2400,2100,2100,2100,0
25884,430000,2,2,2,33,0,0,0,0,0,0,191520,185187,173041,147383,135848,133591,8266,7666,6590,4711,4746,4421,0
25885,30000,2,3,1,40,2,2,2,0,0,0,16457,19145,18547,18645,17847,15465,3280,0,1511,609,500,800,1
25886,290000,2,2,1,30,0,0,0,0,0,0,284054,283149,284434,275889,218834,220695,10222,11019,9019,8010,8002,8001,0
25887,40000,2,2,2,37,1,2,2,2,2,2,7613,7343,15184,14643,18385,17950,0,8000,0,4000,0,6000,1
25888,170000,2,3,1,37,0,0,0,0,0,0,155379,155990,46870,43584,34760,35467,7000,1900,2014,2500,2000,2000,0
25889,130000,2,1,2,26,0,0,0,0,0,0,13700,18670,21362,1469,7370,12554,10008,6196,1470,6501,5784,6030,0
25890,360000,2,2,2,27,0,0,0,0,0,0,13102,5628,1480,2330,2286,4385,5655,1480,2330,2550,3000,3000,0
25891,360000,2,3,1,30,1,0,0,0,0,0,-16,1621,458,0,282,282,1637,458,0,282,0,0,0
25892,180000,2,3,1,45,0,0,0,0,0,0,396,396,396,396,396,396,396,396,396,396,396,396,0
25893,210000,2,2,2,28,0,0,0,0,2,2,26770,28001,31202,36968,32141,35018,2000,5000,8000,0,5000,0,0
25894,260000,2,2,2,35,0,0,0,0,0,0,-7,-7,2493,2290,432,0,0,2507,2297,432,0,649,0
25895,200000,2,2,1,33,1,0,0,0,0,0,-7082,12270,29787,32040,7773,12681,21179,20000,3000,1000,5000,500,0
25896,340000,2,1,2,31,0,0,0,0,0,0,112119,119230,259489,328507,283758,273018,25000,150000,90168,25001,10000,11000,0
25897,200000,2,1,1,37,0,0,0,0,0,0,3135,0,0,0,0,0,0,0,0,0,0,0,0
25898,360000,2,2,1,35,2,2,2,2,0,0,360996,370722,380523,372735,290210,290551,16500,16500,6,10306,10876,10323,1
25899,90000,2,2,2,32,0,0,0,0,0,0,86076,87567,78646,79212,54659,55902,3012,3100,3116,2000,2100,2100,0
25900,40000,2,3,1,34,0,0,0,0,0,2,32052,34697,36824,38764,36411,31931,3500,3000,3000,3029,1000,2000,0
25901,500000,2,2,2,28,0,0,0,0,0,0,234957,215459,201715,141177,130352,126422,8086,7412,4721,3854,3622,3433,0
25902,240000,2,2,1,36,0,0,0,0,0,0,232031,226221,222929,215858,210887,205828,8193,9000,6600,6400,6382,5994,0
25903,440000,2,1,2,33,0,0,0,0,0,0,304,301,850,10799,746,600,301,850,10819,746,600,4238,0
25904,50000,2,2,1,33,0,0,0,0,0,0,44052,32030,31041,26197,25739,27659,2000,1451,3000,862,5000,10000,0
25905,180000,2,2,2,28,1,2,2,0,0,0,172850,182810,169529,153501,136920,139506,14400,402,5166,5000,5030,5391,1
25906,30000,2,2,1,35,0,0,0,0,0,0,25485,26503,27486,25663,26979,24306,1447,1430,1684,2000,892,2000,0
25907,60000,2,1,2,29,0,0,0,0,0,0,39553,40855,40870,39703,38600,40230,1969,1668,1609,1506,2379,0,0
25908,150000,2,3,1,29,0,0,0,0,0,0,8902,9231,9124,9356,8572,9541,1200,1300,1000,1572,1000,1000,0
25909,80000,2,2,1,32,0,0,0,0,0,0,5988,0,0,0,0,0,0,0,0,0,0,0,0
25910,290000,2,1,1,34,0,0,0,0,0,0,0,0,1100,6000,3533,880,0,1100,6000,3533,880,193,0
25911,220000,2,2,1,40,0,0,0,0,0,0,21920,0,0,5752,8478,9336,0,0,5752,3000,1000,2000,0
25912,50000,2,1,2,34,0,0,0,0,0,0,1884,1077,4886,3682,3190,2451,1077,5693,4255,3190,2451,4425,0
25913,80000,2,3,1,48,2,2,2,2,0,0,66321,63695,33283,22442,15553,5593,0,6056,652,517,0,27,0
25914,400000,2,1,2,37,1,0,0,0,0,0,6914,72574,42176,75513,57104,53542,73036,42386,75865,57379,53787,13833,0
25915,150000,2,1,1,33,0,0,0,0,0,0,-3,-3,-3,-3,-3,-3,0,0,0,0,0,698,0
25916,250000,2,1,2,34,2,0,0,0,0,0,212681,193296,194659,196481,196256,195370,9917,7350,7231,6603,6797,7557,0
25917,120000,2,2,1,34,0,0,0,0,0,0,1800,0,0,0,0,0,0,0,0,0,0,0,0
25918,300000,2,1,2,28,0,0,0,0,0,0,16094,2259,0,12880,14895,9386,2259,0,12880,2500,200,280,0
25919,500000,2,2,2,39,0,0,0,0,0,0,24893,12569,7652,7187,10861,15893,12260,7016,3007,5009,7028,6755,0
25920,240000,2,2,2,36,0,0,0,0,0,0,1000,0,0,0,0,0,0,0,0,0,0,0,0
25921,240000,2,2,2,29,0,0,0,0,0,0,17570,159228,150359,62242,0,0,150359,4199,1322,2480,0,0,0
25922,30000,2,2,2,39,0,0,0,0,0,0,2416,2226,2230,561,2230,565,2230,2238,561,2238,565,564,1
25923,90000,2,1,2,29,0,0,0,0,0,0,-240,-240,-240,-240,-240,-240,0,0,0,0,0,0,0
25924,60000,2,1,2,31,0,0,0,2,2,2,2631,3610,855,111,411,261,2000,900,0,300,0,6500,1
25925,60000,2,2,2,41,0,0,0,0,0,0,16194,17120,14232,14676,1976,2976,1518,1556,1000,300,1000,0,0
25926,230000,2,1,2,41,0,0,0,0,0,0,177,0,376,47992,3099,2389,0,376,48042,3099,0,0,0
25927,290000,2,1,1,40,0,0,0,0,0,0,192432,192512,193999,157500,147150,146936,8000,9008,6000,5000,5200,5100,0
25928,430000,2,1,2,42,0,0,0,0,0,0,9777,75276,5999,38845,0,1111,75276,6008,48845,0,1111,1140,0
25929,230000,2,2,1,39,0,0,0,0,0,0,0,0,0,0,0,0,0,0,0,0,0,0,1
25930,140000,2,3,1,48,1,0,0,0,0,0,0,0,0,0,959,0,0,0,0,959,0,0,0
25931,210000,2,2,2,30,0,0,0,0,0,0,215842,220042,214545,215635,163741,162253,9500,9100,9900,6100,6100,6300,0
25932,390000,2,2,2,36,0,0,0,0,0,0,112528,102596,91761,76756,65520,52904,3669,3277,3220,2236,2007,1600,0
25933,320000,2,1,1,35,0,2,0,0,0,0,6793,3659,232702,3529,14212,1166,5,232702,3529,14212,1200,8200,0
25934,50000,2,2,1,44,2,2,2,0,0,0,26587,29730,28565,26601,26391,27165,3600,0,1500,1000,1200,1200,1
25935,100000,2,1,2,30,0,0,0,0,0,0,41150,0,0,74550,75731,75975,0,0,74550,3000,3000,3500,0
25936,260000,2,3,1,40,0,0,0,0,0,0,-6,-6,1302,2752,1114,2212,0,1308,2765,1119,2218,625,0
25937,260000,2,1,1,30,1,0,0,0,0,0,0,0,0,0,0,36150,0,0,0,0,36150,0,0
25938,100000,2,1,2,30,0,0,0,0,0,0,77388,78502,81233,82990,84210,85987,3000,4000,4000,3500,3287,4000,0
25939,340000,2,2,1,37,0,0,0,0,0,0,36006,12144,17164,15821,12317,14850,5000,10326,5000,10000,5000,5000,0
25940,150000,2,2,1,36,0,0,0,0,0,0,113368,70001,45813,44309,27428,2013,2354,2500,1200,2618,2013,4724,0
25941,360000,2,2,2,30,0,0,0,0,0,0,7410,6783,7672,8380,4581,3853,1115,1161,1026,1523,3872,2626,0
25942,210000,2,2,1,34,0,0,0,0,0,0,25650,1360,31793,32943,30019,30657,1360,31793,1943,819,763,2280,0
25943,200000,2,1,1,33,2,0,0,0,0,0,1076,696,316,1076,316,1226,696,316,1076,316,1226,696,0
25944,310000,2,1,1,41,0,0,0,0,0,0,20876,21999,7426,6092,5074,3865,2016,1200,1100,1000,300,1000,0
25945,260000,2,1,1,32,0,0,0,0,0,0,1009,2403,1880,0,1000,0,2403,1880,0,1000,0,189,0
25946,210000,2,2,2,41,0,0,0,0,0,0,0,0,769,771,0,695,0,769,771,0,695,1892,0
25947,330000,2,2,2,39,0,0,0,0,0,0,8872,15284,20467,25200,35000,0,8284,5467,5200,10000,0,0,0
25948,430000,2,2,2,29,0,0,0,0,0,0,2548,12020,2539,2250,0,2580,12082,2539,2250,0,2580,171,0
25949,450000,2,1,2,32,0,0,0,0,0,0,46437,7875,0,1000,17446,11062,7875,0,1000,16446,0,0,0
25950,150000,2,2,1,32,0,0,0,0,0,0,3000,187000,193500,196000,200000,0,184000,6500,4000,4000,0,0,0
25951,410000,2,3,1,32,0,0,0,0,0,0,388,388,388,388,110345,116128,388,388,388,110345,8000,4200,0
25952,90000,2,2,1,48,0,0,0,0,0,0,43810,44504,46174,47193,48105,49327,1723,2393,2090,2000,2000,1803,0
25953,280000,2,1,1,36,0,0,0,0,0,0,17951,18915,7926,17965,24432,10805,6094,7966,18059,24554,18860,17313,0
25954,150000,2,1,1,45,0,0,0,0,0,0,5423,4133,14279,5985,8333,8241,4133,14296,5990,8342,8241,17817,0
25955,200000,2,1,1,42,0,0,0,0,0,0,2374,0,0,5144,0,931,0,0,5144,0,931,0,0
25956,150000,2,2,1,42,0,0,0,0,2,0,15878,10389,6067,4823,6208,4824,1300,1040,1378,1560,128,239,0
25957,140000,2,1,2,40,1,2,0,0,0,0,143478,135633,128285,123074,97382,99364,0,6601,5522,3200,3300,3500,0
25958,260000,2,1,1,29,0,0,0,0,0,0,71864,54050,0,0,0,0,3090,0,0,0,0,141516,0
25959,160000,2,2,2,30,0,0,0,0,0,0,151620,150984,152705,102160,102969,105149,7300,6004,5170,4000,4000,4200,0
25960,310000,2,1,1,45,0,0,0,0,0,0,91532,93351,96218,97722,101082,103202,3340,4370,4000,5000,3899,3761,0
25961,80000,2,3,1,47,0,0,2,0,0,0,390,780,390,390,390,390,780,390,390,390,390,2379,1
25962,150000,2,3,1,38,2,0,0,0,0,0,146057,142325,143548,146332,145993,146600,6527,6714,6705,5181,5437,5700,0
25963,330000,2,1,1,31,0,0,0,0,0,0,22285,23111,23622,23253,22525,22419,1700,1700,1700,1000,1000,1211,0
25964,180000,2,1,2,30,0,0,0,0,0,0,1490,3687,1352,960,4921,3031,3687,1352,960,4921,3031,2718,0
25965,120000,2,1,2,29,0,0,0,2,0,0,6385,9262,11793,11307,14102,15871,3000,2691,0,3000,2000,0,1
25966,150000,2,4,2,30,0,0,0,0,0,0,3826,2970,4015,3693,7850,2423,2978,4026,3704,7873,2429,5720,0
25967,200000,2,1,2,35,0,0,0,0,0,0,65503,66805,68726,70586,72409,73926,2394,3000,3000,3000,2685,2100,0
25968,170000,2,2,2,37,1,0,0,0,0,0,0,213,2592,13199,3685,986,213,2592,13204,0,986,0,0
25969,50000,2,2,3,45,0,0,0,0,0,0,44797,50215,49420,46434,45349,40755,46012,3000,1590,1285,1544,1761,0
25970,80000,2,2,1,41,0,0,0,0,0,0,264,264,264,264,264,414,264,264,264,264,414,264,0
25971,20000,2,3,2,31,0,0,0,0,0,0,1550,1550,1826,6497,8185,3755,1550,1826,6497,8185,3755,3220,0
25972,360000,2,2,1,31,0,0,0,0,0,0,350752,354823,358920,363999,292332,294752,13016,13016,13625,11019,9439,8651,0
25973,200000,2,1,2,31,1,0,0,0,0,0,0,0,0,0,0,0,0,0,0,0,0,0,1
25974,50000,2,2,1,33,0,0,0,0,0,0,39554,38600,23711,8663,19596,20082,5000,5038,3000,20130,1000,1000,0
25975,70000,2,2,1,33,0,0,5,4,3,3,56778,75037,73326,71568,72540,71148,20000,0,0,2700,0,0,0
25976,300000,2,2,2,34,0,0,0,0,0,0,297890,216495,221737,224774,182544,92014,7800,8705,8500,6820,2700,3200,0
25977,20000,2,3,2,45,0,0,0,0,0,0,14381,15701,17137,18541,18909,19464,1564,2000,2000,677,860,1000,1
25978,170000,2,1,2,40,0,0,0,0,0,0,0,0,1980,0,280,280,0,1980,0,280,280,1111,1
25979,180000,2,4,1,44,0,0,0,0,0,2,151538,133924,136707,139438,143513,141119,6256,6434,6506,10813,0,5557,0
25980,200000,2,1,2,38,0,0,0,0,0,0,0,0,69084,71857,72755,34125,0,69084,3450,2348,1486,30000,0
25981,320000,2,2,1,44,0,0,0,0,0,0,-6,650,2849,1060,3667,1627,656,2849,1060,3667,1627,1102,0
25982,180000,2,3,2,45,0,0,0,2,0,0,76942,77952,80269,66855,67128,67257,4003,5603,3,2504,2511,3021,0
25983,60000,2,2,1,40,2,0,0,0,0,0,60211,55996,54178,44518,28636,28957,3000,2000,2000,3000,1300,1100,0
25984,360000,2,3,1,40,0,0,0,0,0,0,44518,46285,37917,36502,31715,4857,8061,5043,8160,10069,2023,8669,0
25985,30000,2,2,2,46,0,0,2,2,2,0,19495,22254,21616,26695,25970,26402,3400,0,5800,0,1000,1400,1
25986,130000,2,2,1,35,0,0,0,0,0,0,105976,108127,110356,111070,113441,115649,5400,5460,4033,4220,4199,4427,0
25987,80000,2,2,1,35,1,0,3,2,0,0,0,964,964,964,964,5953,964,0,0,0,5953,0,0
25988,230000,2,2,1,40,0,0,0,0,0,0,44948,45198,46244,47595,38367,35098,1728,3000,3040,3012,3000,3000,0
25989,210000,2,2,1,36,0,0,0,0,0,0,4879,5373,6811,10161,2922,1461,3000,3000,5000,2922,0,1461,0
25990,270000,2,3,1,35,0,0,0,0,0,0,60227,61650,0,248,163248,163412,3000,0,248,163000,5925,4782,0
25991,280000,2,2,2,37,0,0,0,0,0,0,213581,197238,193638,161264,148863,155006,9000,10000,8000,5500,8500,5500,0
25992,50000,2,2,1,36,0,0,0,0,0,0,30803,30578,30362,30764,30065,30179,1477,1546,1453,1039,1066,1421,0
25993,360000,2,2,1,38,0,0,0,0,0,0,0,212,3748,-2,666,919,212,3759,0,668,921,0,0
25994,470000,2,1,1,37,0,0,0,0,0,0,0,0,0,0,0,924,0,0,0,0,924,32673,0
25995,230000,2,1,1,42,1,0,0,0,0,0,6087,16041,29977,5608,0,0,16050,29989,5608,0,0,0,0
25996,80000,2,2,1,47,2,0,0,0,0,0,80019,81145,79171,63448,46989,47867,3111,3667,3063,2000,2000,2428,1
25997,200000,2,1,2,29,0,0,0,0,0,0,3215,78,2012,6577,551,2130,676,2012,6577,551,2130,1887,0
25998,200000,2,2,1,32,0,0,0,0,0,0,166428,157908,150977,140358,130373,131885,6026,6007,5000,5000,5000,6000,0
25999,50000,2,3,2,30,0,0,0,0,0,0,48134,52136,19758,5520,5204,4703,5261,1132,2138,172,200,168,0
26000,20000,2,2,1,33,0,0,0,0,0,0,10001,20844,5760,3343,1510,0,2000,1500,1007,7,0,0,0
26001,50000,2,2,1,41,0,0,0,0,0,0,22824,22664,5631,5933,6433,6828,1100,1100,1100,600,500,300,0
26002,110000,2,2,1,31,0,2,2,0,0,0,832,832,416,416,416,416,416,0,416,416,416,416,1
26003,280000,2,2,2,46,0,0,2,2,0,0,29523,154398,151984,47851,49374,50198,126000,3000,0,3000,2000,2000,0
26004,160000,2,1,2,32,0,0,0,0,0,0,9441,5714,5030,3181,4998,1250,5726,5037,3182,5000,1252,749,0
26005,320000,2,2,1,35,0,0,0,0,0,0,2276,6626,11131,13824,17992,15250,6626,12446,17746,6000,5749,928,1
26006,300000,2,1,2,30,0,0,0,2,0,0,452,-6,835,665,2386,456,3,1466,70,2397,457,1003,1
26007,300000,2,2,2,30,0,0,0,0,0,0,133115,41300,0,0,0,2538,2300,0,0,0,2538,47473,1
26008,100000,2,2,2,31,0,0,0,0,0,2,99259,76288,77919,79597,88685,87773,2750,2854,3000,10400,600,4254,0
26009,100000,2,2,1,39,0,0,0,0,0,0,1884,0,0,0,0,0,0,0,0,0,0,0,0
26010,110000,2,2,1,33,0,0,0,0,0,0,15605,20649,22397,23305,25341,30584,5649,2397,1305,2341,5584,1388,0
26011,400000,2,2,1,39,0,0,0,0,0,0,52306,3638,11649,24140,5803,5937,3656,11713,24265,7832,5966,9363,0
26012,20000,2,2,1,35,0,0,0,0,0,0,15284,15303,14724,15055,13389,11924,6230,1500,1500,500,1200,454,0
26013,50000,2,1,2,27,2,3,2,2,2,2,12250,11761,12476,11979,12880,12531,0,1200,0,1100,0,1200,1
26014,310000,2,1,2,28,0,0,0,0,0,0,269832,261818,234621,242570,246073,248376,15327,10000,12000,9019,10024,15040,0
26015,80000,2,2,2,44,0,0,0,0,0,0,75901,74911,72172,73674,73532,75192,3500,3205,3300,3000,3000,3300,0
26016,120000,2,3,1,43,0,0,0,0,0,0,116032,114987,117491,118513,75278,77070,4201,5001,4134,2700,3000,5030,0
26017,200000,2,1,1,39,0,0,0,0,0,0,11399,395,5094,9204,9403,4602,400,9500,9250,5000,0,5000,0
26018,100000,2,2,1,44,0,0,0,0,0,0,9242,181,1782,1338,768,2643,181,1794,1338,768,2643,0,0
26019,210000,2,2,2,37,0,0,0,0,0,0,206157,212566,190867,195323,156651,135493,10000,20000,8000,10000,4416,10000,0
26020,60000,2,1,1,33,0,0,0,0,0,0,14932,12840,390,390,780,390,5000,10390,390,780,0,390,0
26021,130000,2,2,1,38,0,0,0,0,0,0,929,2876,423,2149,463,2218,2876,423,2149,463,2218,10346,0
26022,150000,2,3,2,33,0,0,0,0,0,0,1879,69842,2777,945,-5,1951,69842,2785,947,0,1956,900,0
26023,220000,2,2,1,44,2,2,0,0,0,0,195375,185993,184568,168683,158742,161499,10,8304,7356,5300,5550,5050,0
26024,140000,2,2,1,40,0,0,0,0,0,0,98221,97548,98457,102811,104605,106917,3600,5000,6000,5000,4000,10000,0
26025,50000,2,2,2,31,0,0,0,0,0,0,77962,48095,50383,48987,48793,48328,3000,3387,1637,1231,3356,636,0
26026,90000,2,3,1,41,0,0,0,0,0,0,2833,6003,7598,5036,4750,3007,5000,3500,4500,4300,0,1500,0
26027,500000,2,1,2,37,0,0,0,0,0,0,20181,21197,23839,24869,27437,31957,1358,3000,1432,3000,5000,5000,0
26028,300000,2,3,1,28,0,0,0,0,0,0,390,390,390,390,390,390,390,390,390,390,390,390,1
26029,260000,2,1,1,40,0,0,0,0,0,0,63273,49857,75036,96787,16576,6844,49857,75038,96793,16576,6844,8954,0
26030,130000,2,3,1,42,0,0,0,0,0,0,2551,0,59892,60000,0,0,0,59892,1200,0,0,0,1
26031,200000,2,1,2,28,0,0,0,0,0,0,6023,3621,2659,1708,1629,13037,3632,2659,1708,1629,13037,450,0
26032,290000,2,2,2,29,0,0,0,0,0,0,7324,8174,8389,8770,9145,10016,1130,1502,1300,500,1000,1001,0
26033,650000,2,1,2,29,1,0,0,0,0,0,21289,518,216,2482,5178,5506,3000,1000,2500,3500,4000,3000,0
26034,230000,2,1,2,27,0,0,0,0,0,0,11406,10097,4600,3234,4696,7062,5097,1060,1000,4696,7062,10898,0
26035,230000,2,1,1,30,2,0,0,0,0,0,63064,62725,61465,57637,58172,57560,2800,2158,2610,2022,2064,2038,1
26036,200000,2,2,2,31,0,0,0,0,0,0,203265,203147,203017,203109,203494,203920,7471,7848,8957,8000,7775,7341,0
26037,400000,2,2,2,32,0,0,0,0,0,0,234779,240496,247813,253726,258120,10002,5784,7395,7506,6000,2000,2000,0
26038,490000,2,2,1,30,0,0,0,0,0,0,195330,200768,206026,203938,198453,200496,8683,10021,8017,16270,6599,6024,0
26039,360000,2,1,2,30,0,0,0,0,0,0,0,0,0,0,0,0,0,0,0,0,0,0,0
26040,230000,2,1,2,33,0,0,0,0,0,0,5869,11556,156,2403,1546,7915,11556,156,2403,1546,7915,0,0
26041,290000,2,2,2,34,0,0,0,0,0,0,285484,286091,286785,285345,239389,231420,10220,11231,10269,8500,10000,10000,0
26042,200000,2,1,2,34,1,0,0,0,0,0,0,0,0,0,0,0,0,0,0,0,0,17000,0
26043,360000,2,2,1,34,0,0,0,0,0,0,42720,22303,17959,11933,8371,11196,1430,4987,3966,5081,6605,1511,0
26044,10000,2,3,1,42,2,2,2,2,0,0,7587,7920,10153,8999,9999,0,1000,2374,0,1000,0,0,1
26045,180000,2,2,2,33,0,0,0,0,0,0,11281,3405,22630,7777,3089,8429,3411,22657,7777,3089,8429,6706,0
26046,230000,2,3,1,47,0,0,0,0,0,0,6200,5482,15900,1678,0,764,5482,15900,1678,0,764,0,0
26047,340000,2,1,2,35,0,0,0,0,0,0,732,1604,-1294,12797,890,2313,1618,27,20072,903,2313,156590,0
26048,170000,2,3,1,44,0,0,0,0,0,0,150692,152861,156393,147611,28697,107142,6936,8266,5792,662,108927,4154,0
26049,50000,2,3,2,42,0,0,0,0,0,0,48926,49759,48803,46472,19766,19761,2019,2063,2217,705,725,927,0
26050,170000,2,2,1,37,0,0,0,0,0,0,168719,166207,158403,146324,118981,113666,7000,7000,6011,5000,6000,9000,0
26051,160000,2,2,1,49,0,0,2,0,0,2,16982,21353,20723,21873,25999,26377,4980,0,1500,4520,939,0,0
26052,280000,2,3,1,46,0,0,0,0,0,0,100858,107768,111858,83428,73908,81908,7768,5000,10000,0,8000,0,0
26053,140000,2,2,2,38,0,0,0,0,0,0,135034,133283,132765,123208,97154,97687,4729,5434,4751,3500,3500,3800,0
26054,520000,2,1,1,43,0,0,0,0,0,0,146124,145785,147972,157115,196804,21550,6024,18069,30000,46805,21550,1287,0
26055,140000,2,2,2,29,0,0,0,0,0,0,25973,53098,54760,55568,27922,46108,30000,24000,11200,10000,34762,26447,0
26056,130000,2,1,2,26,0,0,0,0,0,0,1016,0,0,0,402,0,0,0,0,402,0,2054,0
26057,100000,2,1,2,27,0,0,0,0,0,0,58127,60155,61685,70611,70198,72075,3000,2500,10000,2505,3000,3420,0
26058,50000,2,3,1,27,2,0,0,0,2,0,11275,37651,38498,40644,39731,35657,27234,1754,2900,0,1265,832,1
26059,130000,2,2,2,27,1,0,0,0,0,0,0,0,0,0,0,0,0,0,0,0,0,0,1
26060,200000,2,1,1,39,0,0,0,0,0,0,25149,14963,9308,3060,6016,3480,15084,9354,3082,6046,3497,3514,0
26061,280000,2,1,2,28,0,2,0,0,0,2,5432,2146,1688,1226,6394,1626,0,1688,1226,7000,0,3146,0
26062,240000,2,1,2,29,0,0,0,0,0,0,28438,29923,7655,23918,265852,2225,29923,7655,23925,265852,2225,13478,0
26063,90000,2,1,1,29,2,2,2,2,2,2,42815,41826,45136,46098,45059,79127,0,4000,2000,0,35000,3000,0
26064,250000,2,1,2,29,0,0,0,0,0,0,98925,103213,87836,90577,65268,63019,9000,7000,9000,8000,8000,8000,0
26065,210000,2,1,2,29,0,0,0,0,0,0,1383,484,971,3764,2221,266,484,980,4000,266,0,1913,0
26066,90000,2,2,1,30,0,0,0,0,0,0,0,0,0,0,0,0,0,0,0,0,0,0,0
26067,180000,2,5,2,30,0,0,0,0,0,0,0,0,0,0,0,0,0,0,0,0,0,0,0
26068,500000,2,5,1,32,0,0,0,0,0,0,139255,52757,24273,9508,23294,2235,2040,1292,9555,23310,2244,2156,0
26069,240000,2,1,1,32,0,0,0,0,0,0,6101,1202,3227,4039,1776,1513,1205,3236,4051,1781,1517,3630,0
26070,50000,2,2,2,31,0,0,0,0,0,2,21704,22741,23867,25464,27348,26774,1400,1500,2000,2620,0,1164,0
26071,400000,2,1,2,32,0,0,0,0,0,0,46782,48075,48815,49831,50821,51884,2036,1776,1792,1782,1844,1856,0
26072,230000,2,1,2,33,1,2,0,0,0,0,4213,1922,5346,6971,10707,15392,0,5500,4000,11000,5000,5000,1
26073,400000,2,3,2,31,1,2,0,0,0,0,79403,55340,62303,63928,52882,48387,3,10000,10023,20000,5000,20000,0
26074,80000,2,2,1,35,1,0,0,0,0,0,0,0,0,0,0,0,0,0,0,0,0,0,0
26075,160000,2,2,2,37,0,0,0,0,0,0,7596,898,850,1729,5696,0,920,852,1759,5707,0,0,0
26076,430000,2,1,1,38,1,0,0,0,0,0,-469,215,-101,-1217,-2333,2351,1000,0,0,0,5000,12000,0
26077,90000,2,2,1,34,1,2,2,0,0,0,8021,7780,0,9281,0,340,77,0,9281,0,340,0,0
26078,80000,2,3,1,35,0,0,0,0,0,0,63436,49544,50418,51810,28964,13059,2096,1970,2355,1500,1000,646,0
26079,210000,2,2,2,36,1,0,0,0,0,0,0,0,212,3066,13206,10583,0,212,3066,13206,212,0,0
26080,310000,2,2,1,46,0,0,0,0,0,0,53474,11913,6629,34342,1900,5807,11919,6629,17171,3800,5807,1380,0
26081,500000,2,2,1,39,0,0,0,0,0,0,11712,523,1543,0,0,0,523,1543,0,0,0,0,0
26082,70000,2,3,2,38,0,0,0,0,0,0,34240,34913,26583,23593,15114,11222,2000,2000,1000,500,500,2000,0
26083,20000,2,2,1,36,1,2,2,2,2,2,16161,17596,17031,19715,19806,18747,2000,0,3300,700,0,1200,0
26084,210000,2,2,1,44,0,0,0,0,0,0,0,4098,0,0,0,0,4098,0,0,0,0,0,1
26085,170000,2,3,1,40,0,0,0,0,0,0,166305,169764,168441,171664,112130,114561,7800,8100,8000,4300,4400,4500,0
26086,390000,2,1,2,38,0,0,0,0,0,0,4989,2056,8886,16396,12761,6707,2076,8926,16413,30,33,5900,0
26087,320000,2,2,1,43,2,0,0,0,0,0,520651,383123,391741,400196,408503,156881,10000,11000,11000,10800,5992,4967,1
26088,50000,2,2,1,37,0,0,0,0,0,0,38418,47709,48923,39210,30515,27861,10000,2131,1910,1410,1159,1050,0
26089,100000,2,3,1,36,2,0,0,0,0,0,100281,100433,99744,101882,101116,97283,5000,5000,7900,4000,4000,30300,0
26090,220000,2,1,1,39,0,0,0,0,0,0,2342,1120,5707,2021,15441,7661,1122,5738,2041,15516,7697,2916,0
26091,300000,2,1,1,38,0,0,0,0,0,0,15230,16212,17239,18237,18600,17939,1222,1249,1247,610,611,616,0
26092,160000,2,2,1,40,0,0,0,0,0,0,6102,0,0,0,0,0,0,0,0,0,0,0,0
26093,200000,2,3,1,45,0,0,0,0,0,0,54721,52285,48615,41322,0,4300,2209,2109,10006,0,4300,1191,0
26094,240000,2,1,1,43,0,0,0,0,0,0,7994,20487,27770,22920,4779,7640,20487,27783,22920,4952,7640,14003,0
26095,90000,2,1,2,27,2,2,0,0,0,0,28206,27459,28514,29733,30138,33248,0,1800,2000,1200,3600,0,1
26096,50000,2,2,1,46,0,0,0,0,0,0,4640,2720,26461,11882,280,290,2720,26461,1034,280,300,1535,0
26097,210000,2,1,1,46,0,0,0,0,0,0,0,477,971,0,386,0,477,972,0,386,0,0,0
26098,290000,2,2,1,33,0,0,0,0,0,0,11303,17493,21036,17391,16348,-209051,17654,11068,7600,3352,6104,261883,0
26099,160000,2,2,2,37,2,2,2,2,2,2,144255,147333,143786,151842,147962,156921,6900,200,12000,0,11500,5811,0
26100,200000,2,1,1,31,0,0,0,0,0,0,11715,5209,10634,10982,1966,4883,5289,10641,2011,9,4890,15,0
26101,260000,2,2,1,37,0,0,0,0,0,0,182249,181433,180660,179052,177072,175285,6107,6501,6005,5805,5909,6106,0
26102,30000,2,3,1,47,2,0,0,0,0,0,27380,27384,28944,29850,29523,28925,1440,2000,1741,1164,1027,1500,0
26103,230000,2,2,2,36,0,0,0,0,0,0,140,358,285,219,415,142,358,285,219,416,142,3000,0
26104,220000,2,3,2,39,0,0,0,0,0,0,209596,160515,141917,144811,147685,150780,6888,5155,5258,5284,5473,5505,0
26105,140000,2,1,2,27,0,0,0,0,0,0,2116,11028,9778,6417,1831,7126,11033,9803,1004,1831,7126,2121,0
26106,80000,2,2,1,38,0,0,0,0,0,0,43170,44151,45505,43485,44830,43229,2000,2100,2000,2000,2000,2000,0
26107,450000,2,1,1,49,1,0,0,0,0,0,0,557,0,2481,13716,19584,557,0,2481,13716,7100,812,0
26108,160000,2,2,1,45,0,0,0,0,0,0,106643,89397,90348,8274,75286,76618,3700,6353,1200,70000,3000,3300,0
26109,100000,2,1,1,27,1,2,0,0,0,0,77346,75513,77147,78200,78393,72214,0,3451,3000,2841,2620,2500,1
26110,250000,2,2,1,39,0,0,0,0,0,0,9690,0,1222,7337,0,2752,0,1222,7409,0,2752,1549,0
26111,80000,2,2,1,38,0,0,0,0,0,0,0,0,0,0,0,390,0,0,0,0,390,0,0
26112,180000,2,1,2,35,0,0,0,0,0,0,7210,370,8479,792,3826,1997,370,8875,792,3826,1997,396,0
26113,720000,2,2,2,38,1,0,0,0,0,0,5065,2184,1744,7323,711,970,2184,1744,7323,711,970,491,0
26114,180000,2,2,1,27,0,0,0,0,0,0,3063,4083,4634,3652,1973,689,1084,1084,1005,46,16,0,0
26115,230000,2,1,1,32,0,0,0,0,0,0,2774,0,0,0,0,5347,0,0,0,0,5347,0,0
26116,200000,2,2,2,32,1,0,0,0,0,0,0,0,0,0,0,0,0,0,0,0,0,0,0
26117,80000,2,2,1,36,0,0,0,0,0,0,77998,77452,74773,76908,77068,78434,3700,3500,4000,3200,4000,2700,0
26118,100000,2,2,1,30,0,0,0,0,0,0,100037,101163,102712,99925,836,79013,3607,4001,2449,2836,79263,2442,0
26119,200000,2,1,2,30,0,0,0,0,0,0,38540,38898,39669,40167,37162,36557,1928,1699,1557,1279,962,2178,0
26120,200000,2,3,1,32,0,0,0,0,0,0,132436,133530,137837,140609,141896,151082,4780,6459,6550,5106,11500,0,1
26121,50000,2,2,1,30,0,0,0,0,0,0,42326,19067,7690,8322,5522,1522,1500,1500,1000,200,2000,50000,0
26122,380000,2,1,1,36,0,0,0,0,0,2,3744,20334,8499,53235,101439,34579,20498,8549,53471,101785,117,32347,1
26123,250000,2,2,1,41,0,0,0,0,0,0,214301,211762,214629,204093,150752,150863,8972,9700,8960,5630,5777,5459,0
26124,220000,2,2,2,47,0,0,0,0,0,0,1526,1122,-11,12597,44375,0,1122,0,12608,44375,0,0,0
26125,70000,2,2,2,33,0,0,0,0,2,0,62209,64072,64802,66647,50690,50806,2900,2379,4466,2,1836,1846,0
26126,10000,2,2,1,40,0,0,0,0,0,0,9135,0,1912,3071,4012,9882,0,1912,1200,1000,1000,1000,0
26127,60000,2,2,2,35,0,0,0,0,0,0,21770,11506,1024,16453,4131,4006,1400,1024,16469,131,322,40000,0
26128,200000,2,3,1,44,1,0,0,0,0,0,0,0,0,0,0,0,0,0,0,0,0,0,1
26129,200000,2,2,1,30,0,0,0,0,0,0,25874,16298,0,0,0,0,1048,0,0,0,0,0,0
26130,300000,2,1,2,48,0,0,0,0,0,0,0,0,0,0,0,0,0,0,0,0,0,0,0
26131,260000,2,3,2,36,0,0,0,0,0,0,146033,108405,108396,110249,112119,114136,4160,4000,3984,4001,4128,4200,0
26132,130000,2,3,1,44,0,0,0,0,0,0,994,3693,1098,2912,2910,4122,3693,1098,2912,2910,4122,1887,0
26133,30000,2,2,1,29,2,2,2,0,0,0,26844,26414,27189,28235,28669,29355,300,1500,1800,1200,1300,1200,0
26134,170000,2,1,1,30,0,0,2,2,0,0,165637,173637,173490,165645,165605,163432,15600,7666,0,7792,6248,5910,1
26135,210000,2,2,1,29,0,0,0,0,0,0,3814,-6,6456,0,2746,11613,0,6462,0,2746,11613,11753,0
26136,50000,2,3,2,44,0,0,0,0,0,0,43828,40684,37338,31278,31811,28656,1947,1829,1644,4405,1104,2504,0
26137,600000,2,1,2,36,0,0,0,0,0,0,53838,528,1191,11390,8680,38018,530,3000,11500,8680,38020,56700,0
26138,180000,2,3,1,37,0,0,0,0,0,0,165369,125084,119946,114977,88757,84936,4402,4971,4750,2997,3133,3180,0
26139,100000,2,1,2,29,2,2,2,2,2,2,57214,58666,58643,58589,62586,64519,3000,1500,1500,5600,3100,2000,1
26140,210000,2,1,1,46,0,0,0,0,0,0,4065,0,4160,2540,1055,0,0,4160,2540,1055,0,408,0
26141,150000,2,2,1,37,0,0,0,0,0,0,2897,2486,-4,1494,-6,8047,2489,0,1498,0,8053,0,0
26142,360000,2,3,2,30,0,0,0,0,0,0,11816,19726,26374,9781,8719,18076,10000,13021,9781,0,10000,8752,0
26143,330000,2,1,1,32,0,0,0,0,0,0,155927,141523,134480,126316,125396,128081,5388,5079,4876,4400,4600,5000,0
26144,300000,2,2,2,43,1,0,0,0,0,0,499,0,0,507,0,629,0,0,507,0,629,0,0
26145,250000,2,1,2,42,0,0,0,0,0,0,30471,39968,98808,78366,10668,390,39968,89000,10668,0,0,540,0
26146,230000,2,2,1,48,0,0,0,0,0,0,344458,320215,298031,272103,205797,179247,11000,12500,11000,7000,36700,6650,0
26147,20000,2,3,2,47,1,2,0,0,0,0,3133,1473,390,390,390,0,0,390,390,390,0,780,0
26148,210000,2,1,1,35,0,0,0,0,0,0,2020,4055,0,0,0,0,4055,0,0,0,0,150,0
26149,80000,2,2,2,36,2,2,2,0,0,0,82177,89893,80774,80082,78545,76742,10096,0,3800,3125,2783,3000,1
26150,250000,2,1,2,39,0,0,0,2,2,2,12368,1742,40292,39600,21304,1185,1742,39600,7,1185,0,54416,0
26151,50000,2,2,1,34,3,3,2,2,2,2,47904,48240,48602,46289,44837,44535,2000,2001,499,2000,2000,1500,1
26152,200000,2,5,1,42,0,0,0,0,0,0,149351,108152,87537,67974,35003,35736,3925,3683,2947,1253,1297,1305,0
26153,290000,2,3,2,35,0,0,0,0,0,0,159165,167485,167930,171146,174889,179149,11000,5600,5500,5500,6000,5500,0
26154,310000,2,3,1,43,0,0,0,0,0,0,6974,7294,7114,5642,5881,5611,1137,1247,1065,1000,500,500,0
26155,270000,2,1,2,28,1,2,0,0,0,0,118198,86065,77359,63243,51636,31407,0,10004,10000,10000,10000,5000,0
26156,200000,2,1,2,33,0,0,0,0,0,0,285,0,0,0,292,77,0,0,0,292,77,0,0
26157,290000,2,2,1,32,0,0,0,0,0,0,169108,170419,142264,101952,103174,105464,7118,5800,3792,4010,4276,3655,0
26158,220000,2,2,2,29,0,0,0,0,0,0,131598,132727,135509,139774,141099,155763,4800,4920,6520,5120,17001,0,0
26159,500000,2,1,1,35,0,0,0,0,0,0,3290,10881,2517,2957,889,40855,11000,2517,2957,1000,41000,170,1
26160,370000,2,3,2,31,0,0,0,2,0,0,2804,1674,39811,35194,3728,2241,1674,42921,0,3728,2300,43183,0
26161,100000,2,2,1,44,1,0,0,0,0,2,-1651,-5469,-7292,-10938,5887,3882,0,0,0,16825,0,1823,0
26162,210000,2,1,1,44,0,0,0,0,0,0,112817,113349,113725,113779,114594,103205,5000,6000,5000,4000,4000,3500,0
26163,310000,2,3,2,38,0,0,0,0,0,0,-41,8198,342,41726,15051,8663,8239,344,41884,5025,40,3,0
26164,200000,2,2,1,27,0,0,0,0,0,0,157222,160320,162140,165431,168726,172430,7200,5888,5990,6031,6415,6301,0
26165,110000,2,1,2,28,0,0,2,2,0,0,101138,69449,34983,-18,-18,-18,3400,0,0,0,0,0,1
26166,130000,2,2,1,30,0,0,0,0,0,0,38967,40320,41324,25629,26961,28360,2000,1700,2000,2000,1500,2000,0
26167,130000,2,1,2,34,0,0,0,0,0,0,66803,27910,24976,27648,29962,27422,3000,3000,3000,3000,5000,3000,0
26168,80000,2,2,1,35,3,2,0,0,0,0,78317,71421,59564,56592,52766,48208,9,2203,3006,3005,2005,2000,1
26169,30000,2,1,1,47,0,0,0,2,2,2,24895,26476,28047,29767,30498,29890,2000,2000,2500,1500,0,1200,1
26170,50000,2,1,1,39,1,0,0,0,0,0,0,13030,0,4402,0,0,13030,0,4402,0,0,0,0
26171,160000,2,2,1,30,2,2,0,0,0,0,164082,157663,159094,132809,100693,97181,17,7342,3675,2910,3904,2900,1
26172,80000,2,2,1,45,0,0,0,0,0,0,67142,68052,68690,70042,70626,71700,2420,2511,2512,2510,2590,2711,0
26173,100000,2,2,2,37,0,0,0,0,0,0,390,0,780,0,0,0,0,780,0,0,0,0,0
26174,10000,2,2,2,46,2,0,0,2,2,3,1526,2496,4245,4525,5450,5073,1000,1800,500,1000,0,0,1
26175,90000,2,2,1,30,0,0,0,0,0,0,414,414,414,6936,7272,7595,414,414,6936,1000,1000,1000,0
26176,360000,2,2,1,38,0,0,0,0,0,0,41922,42916,43956,44972,45866,49327,1692,1732,1748,1642,4200,1709,0
26177,670000,2,1,1,43,0,0,0,0,0,0,55893,59131,61900,58225,61329,49369,10075,10063,10060,10028,10042,10055,0
26178,150000,2,3,2,28,0,0,0,0,0,0,0,0,0,0,0,0,0,0,0,0,0,0,0
26179,150000,2,1,2,28,0,0,0,0,0,0,12799,13726,14648,12115,12613,15225,1600,1500,1600,1000,3000,2200,0
26180,230000,2,1,1,35,0,0,0,0,0,0,22909,0,0,0,0,0,0,0,0,0,0,0,0
26181,230000,2,2,1,30,0,0,0,0,0,0,6294,1935,-74,926,426,926,1945,0,1500,0,1000,0,0
26182,120000,2,2,2,33,0,0,0,0,0,0,135770,136901,115299,117498,89417,91370,5000,5000,4620,3200,3300,5000,0
26183,170000,2,1,1,33,0,0,0,0,0,0,1554,360,1562,844,484,0,360,1562,844,0,0,720,0
26184,200000,2,2,1,35,1,0,0,2,0,0,59466,2970,1085,769,453,137,7970,1100,0,0,0,0,0
26185,450000,2,2,1,38,0,0,0,0,0,0,390,390,390,390,390,390,390,780,390,390,390,390,1
26186,200000,2,1,2,32,0,0,0,0,0,0,4640,17950,13056,2500,500,500,18116,13113,2522,0,500,500,0
26187,310000,2,2,1,33,0,0,0,0,0,0,73095,72437,71851,71120,70463,69876,2573,2594,2483,2458,2516,2461,0
26188,50000,2,1,2,30,0,0,0,0,0,0,0,2070,0,0,0,0,2070,0,0,0,0,0,0
26189,140000,2,2,1,36,0,0,0,2,0,2,430,303,8934,580,9071,6317,303,9061,0,9071,0,656,1
26190,250000,2,1,2,37,0,0,0,0,0,0,1291,1391,3498,8963,0,14660,1391,3498,8963,0,14660,62832,0
26191,310000,2,1,2,31,0,0,0,0,0,0,175357,168933,163384,164700,142767,125972,6006,7006,10000,9000,5000,4500,0
26192,80000,2,1,2,31,0,0,0,0,0,0,68613,69744,70313,71636,52471,53316,2600,3000,3000,2000,2000,2454,0
26193,200000,2,2,1,29,0,0,0,0,0,0,8350,14139,3580,6386,868,10415,14185,7425,6386,868,10647,4320,1
26194,90000,2,3,1,47,0,0,0,0,0,0,84195,86795,88884,82163,22601,22029,4001,4400,3566,7694,1000,1000,0
26195,160000,2,3,1,45,0,0,0,0,0,0,2869,2357,5608,1851,2801,3268,2361,5608,1851,2801,3268,2096,0
26196,180000,2,1,2,27,1,0,0,0,0,0,0,1530,0,1610,0,0,1530,0,1610,0,0,0,0
26197,310000,2,2,1,33,0,0,0,0,0,0,86513,82406,81964,74927,71636,66409,4000,3505,3500,2000,2200,3000,0
26198,280000,2,4,2,29,0,0,0,0,0,0,4567,5724,7184,0,0,0,2500,3000,0,0,0,0,0
26199,90000,2,2,2,43,0,0,2,0,0,0,17503,20898,20263,20145,24845,23745,4000,0,3000,8000,5000,5000,0
26200,210000,2,2,2,39,0,0,0,0,0,0,193976,196361,200590,204494,208990,214031,7100,7400,7300,7700,8600,5816,0
26201,200000,2,1,2,27,0,0,0,0,0,0,134,0,0,0,101,0,0,0,0,101,0,0,0
26202,70000,2,2,1,48,0,0,0,0,0,0,20744,22093,23432,24217,19108,19649,2000,2000,1500,1000,1000,1000,0
26203,320000,2,2,2,31,0,0,0,0,0,0,3615,3707,5406,3144,1644,1925,3707,5406,3157,1644,1925,0,0
26204,210000,2,1,2,33,0,0,0,0,0,0,1723,0,0,0,0,0,0,0,0,0,0,0,0
26205,130000,2,1,2,27,0,0,0,0,0,0,36487,37029,35595,36200,34081,31542,3000,3000,3000,2000,3000,3000,0
26206,80000,2,2,1,27,0,0,0,0,0,0,390,390,0,780,0,0,390,390,780,0,0,0,0
26207,370000,2,2,1,47,0,0,0,0,0,0,1859,2232,4556,4333,2504,3431,2243,4578,4354,2516,3438,37467,0
26208,180000,2,3,1,36,0,0,0,0,0,0,8911,5838,-2,120442,90430,92325,1034,2,120444,3236,3352,3897,0
26209,310000,2,1,1,43,0,0,0,0,0,0,66140,66637,68131,68585,68657,55457,6000,10000,3018,4000,3000,3000,0
26210,280000,2,2,2,27,1,0,0,0,0,0,0,0,0,479,2463,1457,0,0,479,2477,1467,574,0
26211,150000,2,2,1,27,0,0,0,0,0,0,1108,143813,149350,149984,130610,121793,147314,7752,6046,2753,5583,6700,0
26212,180000,2,1,1,29,1,2,0,0,0,0,36537,35655,37767,39065,41967,43189,0,3000,2000,3500,3500,5900,0
26213,140000,2,1,2,31,0,0,0,0,0,0,7695,1680,1771,5500,3615,700,1680,1771,5500,3615,700,1404,0
26214,430000,2,1,2,34,0,0,0,2,0,0,180,1654,15718,7370,4423,2544,1662,15783,52,4445,2556,3321,0
26215,360000,2,1,2,37,0,0,0,0,0,0,268,257074,66458,0,0,0,260416,72200,0,0,0,0,0
26216,240000,2,1,1,42,0,2,0,0,0,0,2108,1386,17601,1410,705,705,0,17601,2115,0,705,4000,0
26217,140000,2,2,2,30,3,2,2,2,0,0,3043,4168,1420,0,49,49,1423,2,0,49,0,0,1
26218,200000,2,1,1,34,0,2,0,0,0,0,860,430,3130,7585,11056,97451,0,3130,5000,4000,90000,15000,0
26219,80000,2,2,1,37,0,0,0,0,0,0,81218,74073,68763,69192,70574,70470,2527,3691,2337,2512,2743,2463,1
26220,100000,2,2,2,38,0,0,0,0,0,0,96707,89842,82669,70018,57847,43618,4070,4025,2511,1523,1292,1236,0
26221,210000,2,1,1,40,0,0,0,0,0,0,316,316,316,316,316,876,316,316,316,316,876,1026,0
26222,250000,2,2,1,37,1,0,0,0,0,0,0,0,9737,790,20750,0,0,9737,790,20750,0,0,0
26223,50000,2,3,1,38,0,0,0,0,0,0,50312,50145,49386,19818,18540,19109,6000,3120,4300,1000,1000,1000,0
26224,400000,2,1,1,28,0,0,0,0,0,0,8716,211,4168,4049,4566,2578,211,4188,4061,4586,12,3837,0
26225,150000,2,2,2,37,0,0,0,0,0,0,6039,5837,8770,8740,2323,5307,3000,3014,3086,2000,3003,3000,0
26226,280000,2,2,2,39,0,0,0,0,0,0,123997,126272,126953,106551,99592,100607,5600,5400,5006,3250,3400,3500,0
26227,100000,2,2,1,29,0,0,0,0,0,0,0,0,0,0,0,0,0,0,0,0,0,0,0
26228,610000,2,1,2,38,0,0,0,0,0,0,608594,624475,632041,516575,454845,456596,26868,22375,17221,15300,16000,18000,0
26229,120000,2,2,2,30,0,0,0,0,0,0,121280,123176,121907,123949,112430,114322,6026,6000,6300,4000,4300,4322,0
26230,180000,2,2,2,44,0,0,0,0,0,0,23611,24651,25631,23609,24529,25095,1436,1416,2150,1500,1000,1000,0
26231,270000,2,3,1,47,0,0,0,2,2,0,123,123,123,123,0,0,123,123,0,0,0,0,1
26232,110000,2,3,1,36,0,0,0,0,0,0,114097,109609,87374,49525,49225,48968,5620,9860,1741,1702,1736,1894,0
26233,90000,2,3,1,40,0,0,0,0,0,0,90483,90944,90720,82735,50185,50563,4000,3700,3534,2000,1820,2200,0
26234,120000,2,1,2,48,0,0,0,0,0,0,96183,99575,102650,0,0,30900,5000,5000,0,0,30900,30900,0
26235,50000,2,3,1,35,2,2,4,3,2,0,48115,53019,51924,50794,49376,50185,6000,0,1,1,1915,2000,1
26236,160000,2,3,2,32,0,0,0,0,0,0,1375,3503,2688,2142,7139,1872,3645,2688,2142,7139,1872,10573,1
26237,500000,2,2,1,48,0,0,0,0,0,0,79640,75362,73547,47274,46454,41906,3017,3020,2010,2035,3014,3045,0
26238,440000,2,2,2,28,0,0,0,0,0,0,412962,409812,393255,370202,258387,255740,15000,20000,15305,10070,15037,10052,0
26239,330000,2,2,1,31,0,0,0,0,0,0,1732,1349,1366,1383,1383,1383,1000,1400,1400,1383,1383,851,0
26240,200000,2,2,2,33,0,0,0,0,0,0,64932,66223,68261,69133,70689,72201,2365,3100,2600,2700,2800,2700,0
26241,250000,2,2,2,33,0,0,0,0,0,0,147934,149485,152678,157337,159719,163649,5500,5600,7200,6500,6500,6000,0
26242,140000,2,2,1,37,0,0,0,0,0,0,58081,51013,54343,27537,9751,12569,5000,5000,5000,3000,3000,5000,0
26243,260000,2,1,1,36,0,0,0,0,0,0,203755,210668,182863,166437,184000,146518,15000,10000,15000,20000,5000,20000,0
26244,60000,2,1,1,45,1,2,0,0,2,0,58360,56834,58322,59781,8177,7757,0,3000,3100,0,1000,500,1
26245,500000,2,1,1,37,0,0,0,0,0,0,501369,505753,395522,312315,265742,248866,17204,13173,10143,7519,8866,7154,0
26246,130000,2,2,2,30,0,0,0,0,0,0,114838,111226,104301,84132,79043,78205,4224,4415,3600,5800,2000,2005,0
26247,80000,2,2,1,30,1,2,2,2,0,0,69942,68219,75688,73563,43255,35852,0,8600,0,1600,1300,1300,1
26248,150000,2,2,2,44,0,0,0,0,0,0,37050,39471,41515,43879,44446,45394,3000,2636,3000,1528,1600,2000,0
26249,120000,2,1,1,31,0,0,0,0,0,0,1680,17749,4748,7002,202,345,17749,4748,7020,559,500,1660,0
26250,90000,2,1,2,31,1,0,0,0,0,0,0,0,0,0,0,0,0,0,0,0,0,0,0
26251,210000,2,1,0,31,0,0,0,0,0,0,1332,3825,33515,78075,109374,108869,3848,33515,48075,39374,1000,1357,0
26252,280000,2,1,1,45,0,0,0,0,0,0,26573,17597,22284,20232,17567,20027,18388,22302,20274,17567,20027,17025,0
26253,240000,2,1,2,28,0,0,0,0,0,0,1981,-2076,-2076,-2076,-2076,-253,0,0,0,0,1823,0,0
26254,230000,2,2,2,29,0,0,0,0,0,0,0,4375,1225,401,2460,804,4375,1225,401,2460,804,708,0
26255,30000,2,2,1,29,0,0,0,0,0,0,28620,28276,28841,28547,11581,17943,1453,1700,1000,232,17943,0,0
26256,60000,2,2,1,29,0,0,0,0,0,0,63578,61347,57138,51026,24213,5295,2188,2285,1429,169,426,29350,0
26257,360000,2,1,1,30,0,0,0,0,0,0,13395,28327,6257,2967,1550,0,20460,6257,2967,1550,0,1550,0
26258,90000,2,1,2,33,0,0,0,0,0,0,55937,57107,59753,61755,63629,54423,2100,4000,3000,3000,2323,2000,0
26259,180000,2,1,1,33,0,0,0,0,0,0,4520,1449,1730,2215,1525,1050,1453,1731,2215,1525,1050,1440,0
26260,10000,2,3,1,33,1,0,0,0,0,0,0,0,0,0,0,0,0,0,0,0,0,0,0
26261,210000,2,1,1,34,0,0,0,0,0,0,2501,639,699,0,0,0,639,699,0,0,0,0,1
26262,30000,2,1,1,34,0,0,0,0,0,0,3275,5000,5235,5000,2100,1970,5000,5235,5000,2100,1970,2000,0
26263,200000,2,1,2,34,0,0,0,0,0,0,8177,1989,382,10383,7030,0,2453,382,10383,0,3036,0,0
26264,90000,2,2,1,32,0,0,0,0,0,0,88729,88533,91001,90661,51620,52668,3500,3908,4328,2100,2500,1308,0
26265,50000,2,3,1,44,0,0,0,0,0,0,45858,46315,47435,48290,49257,49345,2000,1865,1720,1687,1732,2007,0
26266,30000,2,2,1,46,1,2,0,0,0,0,26840,25311,25906,25494,24986,24915,0,1804,1200,500,737,0,0
26267,220000,2,1,2,35,0,0,0,0,0,0,5564,7443,5572,5572,5572,5774,7479,5600,5600,5600,5802,3279,0
26268,500000,2,2,1,46,0,0,0,0,0,0,16400,886,21803,90182,79310,68380,886,21831,90182,2500,2380,2772,0
26269,60000,2,3,1,47,0,0,0,0,0,0,33867,35303,36032,37431,37863,38954,2000,1601,2000,1354,1700,1010,0
26270,110000,2,2,1,41,0,0,0,0,0,0,104740,102165,98160,57257,54863,53510,5000,5045,7021,7000,5000,3000,0
26271,360000,2,3,1,43,0,0,0,0,0,0,4392,0,2050,754,0,0,0,2050,754,0,0,1738,1
26272,30000,2,3,2,42,0,0,0,2,0,0,26300,26295,26167,25413,25122,20448,1700,3102,1000,1015,700,1000,0
26273,300000,2,2,1,38,0,0,0,0,0,0,0,0,0,0,0,0,0,0,0,0,0,0,0
26274,490000,2,1,1,36,0,0,0,0,0,0,1886,9444,3180,7715,6507,3424,9480,3182,7779,6517,3434,5132,0
26275,210000,2,1,1,36,0,0,0,0,0,0,1630,25903,21313,0,1515,556,25903,1000,0,1515,556,19964,0
26276,280000,2,1,1,37,0,0,0,0,0,0,733,168,786,1028,889,698,168,786,1028,698,0,0,0
26277,60000,2,2,1,36,0,2,2,2,2,2,1577,2498,3309,3606,3400,3844,1100,1000,500,0,500,0,0
26278,490000,2,2,1,38,0,0,0,0,0,0,0,0,0,0,163,1256,0,0,0,163,1256,1000,0
26279,50000,2,3,1,45,0,0,0,0,0,0,4151,5162,6184,7194,7336,7490,1088,1110,1120,262,272,273,1
26280,200000,2,2,1,35,1,0,0,0,0,0,0,0,0,0,0,0,0,0,0,0,0,2865,0
26281,70000,2,1,2,43,3,2,2,2,0,0,56994,57964,59452,57771,44043,45175,2500,3000,17,2000,2000,2000,0
26282,260000,2,2,2,29,0,0,0,0,0,0,16496,15610,7486,5692,5206,6159,8027,3000,3000,3000,1000,2000,0
26283,460000,2,2,1,40,0,0,0,0,0,0,133102,126956,126758,121857,122830,90219,5015,5032,4407,4040,3001,3109,0
26284,200000,2,3,1,41,0,0,0,0,0,2,3000,187,1306,3142,3332,1686,187,1306,3332,1686,0,1496,0
26285,320000,2,2,1,42,0,0,0,0,0,0,8144,0,0,0,0,0,0,0,0,0,0,0,1
26286,230000,2,3,3,48,0,0,0,0,0,0,41134,50379,54556,58624,59848,68828,10000,5000,5000,2197,10000,5000,0
26287,350000,2,1,1,30,0,0,0,0,0,0,43548,39873,52449,53581,45320,43421,15000,15000,6000,1013,1445,5000,0
26288,230000,2,1,1,31,0,0,0,0,0,0,15704,11952,13442,16164,9908,9592,2000,2000,3418,0,0,0,0
26289,20000,2,3,2,47,1,2,0,0,0,0,16289,15735,18164,19143,20143,20446,0,3000,1600,1600,1800,1000,1
26290,230000,2,2,1,43,0,0,0,0,0,0,41435,42106,43532,44504,44267,45564,1674,3000,2011,1574,2000,2000,0
26291,80000,2,2,1,35,0,0,0,0,0,0,15234,15372,2783,2501,0,194,3000,2783,2501,0,194,756,0
26292,110000,2,2,1,40,0,0,0,0,0,0,93466,87748,109517,107403,81794,78463,4438,76000,5000,4000,3000,5000,0
26293,360000,2,1,1,30,0,0,0,0,0,0,323,1986,196,2855,0,463,1986,196,2855,0,463,430,0
26294,80000,2,2,2,34,1,0,0,0,0,0,-3,-3,1266,1347,2495,1248,0,1269,1351,2498,3,0,0
26295,350000,2,2,1,35,0,0,2,0,0,0,439,884,421,267,575,932,884,0,267,575,932,0,1
26296,70000,2,2,1,47,0,0,0,0,0,0,136809,118811,52953,53696,11790,12045,3158,10000,2446,11790,430,423,0
26297,360000,2,3,2,29,0,0,0,0,0,0,4887,4982,4851,3255,8255,8411,5005,4851,4784,5000,3000,2000,0
26298,240000,2,1,1,32,2,2,2,2,2,2,209368,204501,223137,226470,229706,234889,0,22000,8500,8500,9000,0,1
26299,80000,2,2,2,34,0,0,0,0,0,0,64553,52484,41048,31786,29105,28294,1784,1874,2000,1011,1100,1154,0
26300,140000,2,2,2,29,0,0,0,2,0,0,62023,61729,67891,65861,64848,64936,3000,8600,6,2500,2500,2500,0
26301,50000,2,1,2,33,2,2,0,0,0,0,60679,54947,54425,48313,19399,19804,0,4500,1200,71941,619,563,1
26302,130000,2,3,2,35,0,0,0,0,0,0,3929,4857,5771,8659,10503,11329,1000,1000,3000,2000,1000,1000,0
26303,160000,2,2,2,44,0,0,0,0,0,0,118809,125323,170449,96739,126139,154884,10000,50000,20000,30000,30000,5000,0
26304,160000,2,2,1,42,2,2,0,0,0,0,346,0,0,0,0,0,0,0,0,0,0,0,0
26305,90000,2,1,2,29,0,0,0,0,0,0,8927,9124,10220,12044,27847,8251,8000,10000,10016,25000,8000,26000,0
26306,50000,2,2,1,42,0,0,0,0,0,0,41077,42072,43414,44126,45004,46100,1681,2023,1735,1613,1823,2053,0
26307,210000,2,1,2,29,0,0,0,0,0,2,871,27371,871,871,2042,1021,27371,871,871,2042,0,1666,0
26308,20000,2,1,2,29,2,0,0,0,0,0,15037,16078,17210,18098,18843,19586,1600,1700,1500,1000,1000,500,1
26309,200000,2,1,2,29,0,0,0,0,0,0,3540,2914,3601,1717,30616,22849,3028,3919,1726,30802,22963,1335,0
26310,230000,2,1,1,31,0,0,0,0,0,0,623,0,0,1100,0,1383,0,0,1100,0,1383,905,0
26311,150000,2,3,1,43,0,0,0,0,0,0,0,0,0,0,0,0,0,0,0,0,0,0,0
26312,210000,2,2,2,28,0,0,0,0,0,0,0,0,0,1577,0,0,0,0,1577,0,0,0,0
26313,290000,2,1,1,33,0,0,0,0,0,0,0,0,0,0,0,0,0,0,0,0,0,0,1
26314,260000,2,3,1,34,2,2,0,0,2,2,118706,115308,123069,129060,131682,135656,0,9670,9561,6250,6250,6250,1
26315,20000,2,2,1,29,0,0,2,2,2,2,9665,12186,11700,13474,13006,13743,2700,0,2000,0,1055,0,1
26316,180000,2,3,1,47,0,0,0,0,0,0,3735,3404,7141,1304,1534,2395,3404,7141,1304,1534,2395,6090,1
26317,100000,2,6,1,29,0,0,0,0,0,0,99302,83403,58083,88344,49443,23159,5712,3503,59000,1600,1000,1000,0
26318,280000,2,2,1,38,0,0,0,0,0,0,236583,230990,173668,177475,171566,175500,10000,6000,6000,6000,6000,5000,0
26319,100000,2,2,1,41,0,0,0,0,0,0,0,0,0,0,0,0,0,0,0,0,0,0,1
26320,100000,2,2,1,35,0,0,0,0,0,0,3835,1891,1799,1728,6000,0,1891,1799,1728,6000,0,330,0
26321,30000,2,1,2,30,0,0,0,0,0,0,4480,8381,12085,16788,18388,23228,4000,5000,5000,2000,5000,500,0
26322,160000,2,2,1,44,0,0,0,0,0,0,1224,0,0,0,0,0,0,0,0,0,0,0,1
26323,360000,2,1,2,36,0,0,0,0,0,2,308711,305594,306176,304645,315118,315782,11000,13000,11019,23000,13300,3,0
26324,450000,2,1,2,36,0,0,0,0,0,0,1866,4575,0,0,0,0,4579,0,0,0,0,0,0
26325,380000,2,1,2,40,0,0,0,0,0,0,4366,2566,4174,-192,15011,12990,2566,4174,192,16350,2000,55500,1
26326,120000,2,2,1,42,0,0,0,0,0,0,0,338,488,137,324,471,338,488,137,324,471,0,0
26327,160000,2,1,1,47,1,2,0,0,2,0,89006,86694,88898,94289,91875,94405,0,4500,7800,0,4000,3700,1
26328,50000,2,1,2,33,0,0,2,2,2,2,25123,27773,28627,32708,31886,33808,3400,1600,4900,0,2600,1500,1
26329,170000,2,2,2,34,0,0,0,0,0,0,85235,81462,59800,20650,127601,121774,5000,3400,3000,127601,4600,5100,0
26330,350000,2,2,2,34,1,0,2,0,0,0,-20,630,630,15722,2003,7264,650,0,15788,10,7299,13980,0
26331,180000,2,2,1,48,0,0,0,0,0,0,-15,2116,1494,7780,8416,0,2131,1494,7780,8416,0,1316,0
26332,100000,2,1,1,38,0,0,0,0,0,0,68916,66762,68566,65132,48738,51020,3000,5000,2436,3000,3000,2000,0
26333,50000,2,1,2,26,0,0,0,0,0,0,4041,1343,2174,3479,3006,810,1200,2500,3000,1000,900,48578,0
26334,180000,2,1,2,30,0,0,0,0,0,0,50055,5320,9758,6494,32830,3267,5320,10008,6500,32830,3267,2650,0
26335,150000,2,1,2,31,1,0,0,0,0,0,-512,-512,-512,-512,-508,-913,0,0,0,4,0,0,0
26336,300000,2,1,2,32,0,0,0,0,0,0,880,788,10742,1349,10522,0,788,10774,1353,10522,0,3376,1
26337,350000,2,1,2,33,0,0,0,0,0,0,303949,298421,247125,228229,202220,181860,10000,9205,6810,5706,6000,4511,0
26338,260000,2,2,1,42,0,0,0,0,0,0,35215,31889,26299,27804,25809,27052,2500,3000,3000,2500,2500,2000,0
26339,200000,2,2,2,27,0,0,0,0,0,0,7886,7101,5378,5501,9402,9221,4500,3378,5501,9402,6000,5683,0
26340,240000,2,2,1,27,0,0,0,0,0,0,133348,136296,139430,142608,145437,148492,5160,5328,5500,5199,5392,5417,1
26341,150000,2,1,2,26,0,0,2,0,0,0,65421,69087,63156,57147,53383,48556,4850,2000,2000,2000,2000,1500,0
26342,290000,2,2,2,26,0,0,0,0,0,0,18125,20807,99860,100000,3015,23473,3000,80000,3000,3015,23473,1148,0
26343,140000,2,2,2,27,0,0,0,0,0,0,127464,119346,89977,92381,83641,86316,6000,4000,4000,3000,4000,4000,0
26344,130000,2,1,2,29,0,0,0,0,0,0,0,0,0,0,0,62043,0,0,0,0,62043,16533,0
26345,180000,2,1,1,29,0,0,0,0,0,0,0,287,5264,1521,0,0,287,5293,1523,0,0,0,0
26346,200000,2,1,2,29,0,0,0,0,0,0,2116,0,9781,29313,49113,732,0,9781,20000,20000,732,1005,0
26347,230000,2,1,1,28,1,2,0,0,0,0,207128,195825,199659,157434,160009,155825,6300,9264,6116,6128,5765,5956,1
26348,240000,2,2,2,28,2,2,2,2,0,0,294180,276968,276585,253679,232300,212749,0,22550,0,8450,7800,6975,0
26349,170000,2,1,2,31,0,0,0,0,0,0,757,4319,1489,362,451,620,4319,1499,362,451,620,1400,0
26350,120000,2,3,2,31,0,0,0,0,0,0,396,396,396,396,396,1100,396,396,396,396,1100,396,0
26351,240000,2,1,2,31,0,0,0,0,0,0,6887,1926,2178,2254,4219,2489,1926,2178,2406,4219,2489,6323,0
26352,90000,2,2,1,31,0,0,0,0,0,0,12045,9720,7391,4238,18003,16128,1500,1200,1000,21000,1500,2000,0
26353,300000,2,2,2,30,0,0,0,0,0,0,850,850,850,850,850,3688,850,850,850,850,4384,9480,1
26354,70000,2,3,2,30,0,2,0,0,0,0,71521,68041,68607,27870,28219,28810,0,2332,1751,1100,1034,1272,0
26355,100000,2,2,2,30,0,0,2,0,0,0,2419,3123,177,1170,390,0,2177,0,1170,0,0,19760,0
26356,110000,2,3,1,31,0,0,2,0,0,0,22396,24758,22546,22204,22107,21745,4604,0,1314,2000,1500,810,0
26357,180000,2,2,1,33,0,0,0,0,0,0,165839,153828,158050,149023,135798,112666,20064,30032,20027,40000,10000,0,0
26358,500000,2,1,2,32,0,0,0,0,0,0,422713,406204,415664,423392,399250,362627,15000,16000,15000,14000,13180,14000,0
26359,80000,2,3,1,32,2,0,0,0,2,0,26856,24758,23044,22919,21890,22003,1700,1400,2400,0,1000,1500,0
26360,280000,2,1,2,32,0,0,0,0,0,0,5855,13645,9127,9656,41434,21732,13713,9171,9705,41641,21838,5659,0
26361,280000,2,1,2,33,0,0,0,0,0,0,2533,2997,14059,2693,697,5776,2997,14059,2693,697,5776,2671,0
26362,120000,2,1,1,35,0,0,0,0,0,0,525,2458,8067,802,2706,3597,2458,8152,802,2706,3597,1400,0
26363,90000,2,2,1,35,0,0,0,0,0,0,5488,2380,0,1700,1700,0,1000,0,1700,1700,0,1664,0
26364,170000,2,2,2,34,0,0,0,0,0,0,3105,1599,1122,1692,648,0,1599,1122,1692,648,0,631,0
26365,50000,2,2,2,34,0,0,0,0,0,0,31673,27572,29022,29368,16930,17284,1449,1899,1245,576,596,578,0
26366,50000,2,3,1,34,0,0,0,0,0,0,390,390,390,11779,11615,11466,390,390,11779,403,415,406,0
26367,230000,2,1,2,38,0,0,0,0,0,0,217578,224020,227311,184500,128190,130883,9840,8750,7470,4540,4710,4750,0
26368,180000,2,2,3,48,0,0,0,0,0,0,860,102,851,0,346,1592,102,851,0,346,1592,1098,1
26369,40000,2,3,2,43,0,0,0,0,0,0,26449,22072,19085,17550,0,0,1303,1665,1000,0,0,0,0
26370,360000,2,2,2,42,0,0,0,0,0,0,24081,14231,23040,5651,7017,6495,6068,23154,5679,7052,6527,4601,0
26371,360000,2,2,1,47,0,0,0,0,0,0,0,0,0,0,0,0,0,0,0,0,0,0,1
26372,170000,2,1,1,45,0,0,0,0,0,0,166388,165243,156688,151405,127090,126388,7300,7067,6443,4617,4711,4673,0
26373,20000,2,3,1,35,0,2,2,2,2,0,17056,18803,18055,20578,19813,20197,2500,0,3000,0,1001,1700,0
26374,240000,2,2,1,43,0,0,0,0,0,0,54,0,0,177,199,559,0,0,177,200,559,0,0
26375,100000,2,1,1,39,0,0,0,2,2,2,2998,3885,7298,7032,7913,7642,1100,3500,0,1000,0,5000,1
26376,100000,2,1,1,43,1,0,0,0,0,0,0,0,0,0,0,0,0,0,0,0,0,0,0
26377,110000,2,2,2,40,0,0,0,0,0,0,111720,86877,133187,65025,62777,62105,3406,2357,2239,3617,2247,2500,1
26378,420000,2,2,1,37,0,0,0,0,0,0,101987,96544,94199,90395,89513,92792,6000,6045,5000,6000,5000,4000,0
26379,180000,2,2,1,34,2,2,2,2,2,2,93155,95008,97088,98093,99578,101828,4300,4500,3500,4000,4000,4000,1
26380,240000,2,2,1,37,1,0,0,0,0,0,0,0,0,0,0,0,0,0,0,0,0,0,0
26381,210000,2,2,1,41,0,0,0,0,0,0,13340,42862,9584,7978,6728,6728,42000,9600,7978,6728,6728,6728,0
26382,30000,2,3,1,43,0,3,2,2,0,0,10330,10040,10903,10533,10132,10343,0,1149,101,348,359,364,0
26383,210000,2,2,1,44,0,0,0,0,0,0,36612,40534,42889,42936,44936,47166,4534,3000,1000,2000,2230,1026,0
26384,320000,2,1,2,30,0,0,0,0,0,0,10283,2488,5187,11735,2280,9404,2488,5209,11735,2280,9404,3660,0
26385,220000,2,3,1,38,0,0,0,0,0,0,120622,111593,99170,98437,91222,94061,4803,4604,3497,4000,4214,3404,0
26386,240000,2,1,2,29,0,0,0,0,0,0,1530,696,696,18334,27638,696,700,696,18334,10000,696,696,0
26387,450000,2,1,2,35,1,2,2,0,0,0,131351,132453,128901,132982,141298,137347,4723,0,6270,12000,16309,5000,0
26388,500000,2,2,1,36,0,0,0,0,0,0,261502,286708,311641,326298,270968,315889,30000,30000,20507,50000,50047,20413,0
26389,180000,2,2,1,44,0,0,0,0,0,0,174830,178917,182777,171239,119060,121981,7000,6800,6800,4500,5000,5000,0
26390,80000,2,1,1,38,0,0,0,0,0,0,0,0,517,0,0,0,339,517,0,0,0,0,0
26391,50000,2,2,2,41,2,0,2,2,0,0,390,780,780,0,0,0,780,0,0,0,0,0,1
26392,450000,2,2,1,41,0,0,0,0,0,0,104624,28114,19758,12518,18328,14879,28114,1424,12518,18328,14879,34744,0
26393,380000,2,1,1,43,0,0,0,0,0,0,18866,20840,188,2172,5173,5446,20884,188,2172,5173,5446,2045,0
26394,50000,2,1,2,29,0,0,0,0,0,0,-101,-101,-101,-101,-101,1100,0,0,0,0,1201,0,0
26395,30000,2,3,1,30,3,2,2,0,0,0,29508,30634,29827,28661,28608,30647,1900,0,4455,1047,2500,1060,0
26396,300000,2,1,1,37,0,0,0,0,0,0,5771,3217,19615,11123,10266,12467,3217,19615,11123,10266,12467,5041,0
26397,340000,2,2,1,45,0,0,0,0,0,0,5754,480,2532,-36,105668,5490,482,2544,2,106196,5517,433,0
26398,190000,2,2,2,44,0,0,0,0,0,0,137394,140899,144636,148173,151853,155031,5774,5987,5948,6000,5481,5500,0
26399,120000,2,3,1,41,0,0,0,0,0,0,108264,109427,111238,113465,114759,117165,3906,4040,4079,4093,4240,4766,0
26400,210000,2,1,2,40,0,0,0,0,0,0,160161,156015,150349,147788,145958,145667,5500,7000,6693,5307,5441,5463,0
26401,360000,2,1,1,46,0,0,0,0,0,0,58389,42094,10594,31532,46342,56571,20000,10600,30000,20000,15000,10000,0
26402,330000,2,1,2,35,0,0,0,0,0,0,117,0,23,776,334,303,0,222,975,334,0,9,0
26403,100000,2,1,1,37,0,0,0,0,0,0,68760,70113,71567,72410,73846,75556,3095,3181,2628,2640,2897,3600,0
26404,250000,2,1,2,38,0,0,0,0,0,0,14766,990,8150,15410,1276,0,990,8150,15410,1276,0,0,0
26405,120000,2,2,1,46,0,0,0,0,0,0,0,0,0,0,0,0,0,0,0,0,0,0,1
26406,200000,2,1,2,43,1,0,0,0,2,0,0,2112,723,150,150,2478,2112,981,150,0,2478,5377,0
26407,280000,2,1,2,30,1,2,0,0,0,0,25903,19262,10660,4191,1671,105726,50,2053,4211,2001,105747,100055,0
26408,480000,2,2,1,46,0,0,0,0,0,0,993,1317,0,0,4415,1978,1317,0,0,4415,0,0,0
26409,240000,2,2,2,36,0,0,0,0,0,0,3922,2947,297,0,0,0,2947,297,0,0,0,0,1
26410,120000,2,2,1,39,0,0,0,0,0,0,280,6192,2134,0,0,0,6192,2142,0,0,0,0,0
26411,110000,2,2,2,40,0,0,0,0,0,0,96155,96752,98884,98501,34250,35874,5000,5000,3000,3000,3000,3000,0
26412,390000,2,1,1,41,0,0,2,0,0,0,48378,52279,51176,52286,0,0,4705,0,2712,0,0,0,0
26413,20000,2,2,2,38,1,2,2,4,3,2,10683,12729,14734,14190,13721,13848,2500,2501,0,0,441,1,0
26414,140000,2,1,2,35,0,0,0,0,0,0,111941,114389,116956,119334,120661,123256,5800,5900,5800,4800,4700,5000,0
26415,160000,2,2,1,41,0,0,0,0,0,0,39962,45640,38988,19825,22654,16158,10000,10000,5000,5000,5000,10000,0
26416,210000,2,1,1,30,1,0,0,0,0,0,0,820,718,424,631,843,820,718,424,631,843,0,0
26417,210000,2,1,1,47,0,0,0,0,0,0,202503,173232,117125,212656,107808,63049,7082,6000,6000,5000,3000,6000,0
26418,240000,2,1,2,39,0,0,0,0,0,0,52595,238861,198351,195242,187710,171828,238861,6678,7537,10555,5223,5829,0
26419,150000,2,2,1,36,0,0,0,0,2,0,11085,2500,190,3173,673,38100,2507,190,3180,0,38100,5000,0
26420,60000,2,2,1,48,0,0,0,0,0,0,56899,58032,59624,58124,58852,58872,2080,2530,1865,1445,293,1545,0
26421,180000,2,2,1,40,0,0,0,0,0,0,1552,776,0,1752,70000,10552,776,0,1752,70000,10552,9776,1
26422,120000,2,2,2,37,0,0,0,0,0,0,3014,380,380,380,380,380,760,380,380,380,380,530,0
26423,210000,2,1,2,40,0,0,0,0,0,0,54904,46662,46162,46039,32903,34534,2000,2100,2000,1500,2000,2000,0
26424,420000,2,1,2,36,0,0,0,0,0,0,20326,21629,22354,23150,0,15235,1479,1204,1000,0,15235,242,0
26425,110000,2,2,1,43,0,0,0,0,0,0,92244,93815,97307,99666,102082,105500,4500,5000,4000,4000,5000,6804,0
26426,180000,2,2,2,31,0,0,0,0,0,0,112164,50838,51753,53619,53881,54760,1821,2000,3000,2000,2000,2100,0
26427,200000,2,1,1,42,0,0,0,0,0,0,0,0,0,0,1830,0,0,0,0,1830,0,0,1
26428,220000,2,1,2,32,0,0,0,0,0,0,217636,221834,222830,195121,169396,173875,8000,18000,7000,6000,7000,6100,0
26429,250000,2,1,1,36,0,0,0,0,0,0,2508,3978,6560,4438,4309,816,3978,6560,4438,4311,816,9165,0
26430,250000,2,1,2,39,0,0,0,0,0,0,0,632,316,0,316,632,632,316,0,316,632,150,0
26431,400000,2,3,1,47,0,0,0,0,0,0,1698,365,3213,2578,9660,24355,365,3224,2580,9660,24355,0,0
26432,50000,2,2,2,38,0,0,0,0,0,0,38945,39498,38272,29810,18674,19391,2511,2000,3000,4000,1000,1000,0
26433,480000,2,1,2,48,0,0,0,0,0,0,1087,188,257,1697,188,22507,188,257,1697,188,22507,370,0
26434,470000,2,1,1,39,0,0,0,0,0,0,235490,125853,143646,113422,96921,94405,25853,20745,13422,6921,5645,6114,0
26435,300000,2,1,1,36,0,0,0,0,0,0,30153,28384,26700,22554,11858,13838,2000,2000,2552,2000,3000,8000,0
26436,160000,2,2,2,44,1,0,0,0,0,0,-4,-4,3454,0,3312,0,0,3458,0,3312,0,0,0
26437,160000,2,1,1,42,0,0,0,0,0,0,3346,4420,3062,6117,4781,1450,4420,3062,6119,4781,0,6058,0
26438,230000,2,1,2,33,0,0,0,0,0,0,2227,3496,4006,411,1511,1334,3496,4091,411,1511,1334,1157,0
26439,50000,2,3,2,49,0,0,0,0,0,0,39803,37595,23250,26293,21508,20971,5007,1602,10002,5000,2000,2000,0
26440,150000,2,3,1,48,0,0,0,2,0,0,36717,37800,40874,39922,40953,42136,2000,4000,0,2000,2000,2000,0
26441,130000,2,2,1,50,2,2,2,2,2,2,73621,76104,77795,78584,79736,78405,4300,3500,2700,2970,0,3870,0
26442,360000,2,1,2,49,1,0,0,0,0,0,0,0,0,0,0,0,0,0,0,0,0,0,1
26443,150000,2,2,1,50,0,0,0,0,0,0,145268,111500,101996,56503,38650,28775,6005,4450,3243,2000,2000,1000,1
26444,70000,2,2,1,50,0,0,0,0,0,0,12857,13867,14897,15941,16376,16959,1530,1560,1600,1000,1000,2400,0
26445,450000,2,1,1,49,0,0,0,0,0,0,0,0,0,0,0,0,0,0,0,0,0,0,0
26446,200000,2,2,1,49,1,0,0,0,0,0,-5,728,0,0,0,0,733,0,0,0,0,0,1
26447,80000,2,2,1,50,2,0,0,0,0,0,89901,85406,75789,77870,73601,76751,6000,81789,3870,4601,4751,4718,1
26448,340000,2,2,1,48,0,0,0,0,0,0,310866,320685,320614,21768,22405,24545,15000,7000,1500,1000,2500,112500,0
26449,50000,2,2,2,52,0,0,0,0,0,0,33743,22989,15843,16825,14637,15397,2000,1400,2000,5000,1000,1000,1
26450,200000,2,1,1,50,0,0,0,0,0,0,2119,1662,2482,19272,22388,21105,1662,2482,19272,10004,10000,3471,0
26451,210000,2,3,1,48,0,0,0,0,0,0,119530,111730,107150,102418,97653,92653,3998,3885,3712,3599,3346,2920,0
26452,360000,2,2,1,49,0,0,0,0,0,0,801,908,1081,1538,0,804,913,1081,1538,0,804,200,0
26453,230000,2,3,1,50,0,0,0,0,0,0,2789,2942,2520,2936,3493,3160,2942,2520,2936,3493,3160,2784,0
26454,50000,2,3,1,48,0,0,0,0,0,0,73302,65931,58773,58918,0,0,2500,2428,1423,0,0,0,1
26455,120000,2,2,1,50,2,0,0,0,2,2,81979,82726,85390,91549,92754,94722,3000,4000,7600,3600,3600,3600,1
26456,340000,2,1,2,50,1,0,0,0,0,0,2728,15650,11550,11058,6912,4125,15650,11554,11058,6917,4125,4850,0
26457,50000,2,3,1,49,0,0,0,0,0,0,49195,48496,49412,49590,0,0,47000,2000,1000,0,0,0,1
26458,70000,2,3,1,49,1,2,2,2,2,0,9915,9607,11913,12518,12022,12179,0,2468,1100,0,500,600,0
26459,100000,2,2,1,50,0,0,0,0,0,0,94745,96838,95732,91556,93403,95661,4600,4600,3500,3372,3793,4000,0
26460,20000,2,2,1,49,0,0,0,0,0,0,13561,14573,15290,16300,16624,16974,1543,1260,1270,594,617,1425,1
26461,80000,2,2,1,49,0,0,0,0,0,0,77347,61998,47941,47851,48804,50033,2384,5000,2000,1732,2000,3003,0
26462,280000,2,3,2,49,0,0,0,0,0,0,795,1020,0,1075,141246,146349,1025,0,1075,141246,6349,9192,0
26463,300000,2,2,1,50,0,0,0,0,0,0,882,0,0,0,0,0,0,0,0,0,0,0,0
26464,500000,2,3,1,49,0,0,0,2,0,0,396,396,5792,396,792,396,396,5792,0,792,0,5857,1
26465,50000,2,3,2,51,0,0,0,0,0,0,46880,25577,26352,16846,17562,18275,1500,1269,1284,1000,1000,740,0
26466,140000,2,2,2,50,0,0,0,0,0,0,128949,133778,131241,25994,25769,24552,7000,6000,3000,5000,4000,6000,1
26467,210000,2,2,2,49,0,0,0,0,0,0,991,4045,4056,65825,60803,56578,6035,4056,65825,1420,1132,5000,1
26468,100000,2,3,1,49,0,0,0,0,0,0,41088,41807,43348,42782,40779,40618,2000,3000,1900,1550,1430,3143,0
26469,50000,2,2,1,50,0,0,0,0,0,0,14592,16335,18061,18955,19933,21605,2000,2000,1500,1300,2000,1000,0
26470,20000,2,3,1,51,0,0,0,0,0,0,13184,14200,16958,19651,37332,19225,1242,3000,3000,3772,1420,729,0
26471,200000,2,2,1,50,0,0,0,0,0,0,4701,3146,4486,13390,8009,5010,2310,3518,12537,45,514,2811,0
26472,100000,2,3,1,51,0,0,0,0,0,0,200,100,197,245,3210,318,100,197,245,3210,318,797,0
26473,50000,2,3,1,50,0,0,0,0,0,0,36149,38078,36766,30490,26934,28118,3000,10000,5000,1500,2000,2000,1
26474,230000,2,3,1,53,0,0,0,0,0,0,38723,39347,37571,38924,40027,41277,2001,2000,2000,2000,2000,2000,0
26475,260000,2,2,1,50,0,0,0,0,0,0,263320,171626,175869,180891,184952,182328,7000,7000,8000,7032,13603,5000,0
26476,120000,2,2,1,52,1,2,0,0,0,0,123184,117849,120471,117218,116871,122192,0,6100,5700,4500,9000,4700,1
26477,380000,2,3,2,51,0,0,0,0,0,0,43715,60718,21814,47964,33405,2981,60718,2200,48000,0,2981,35500,0
26478,80000,2,3,1,65,0,0,0,0,0,0,82074,80260,82116,80299,81416,81617,3470,3750,3520,3069,3271,3262,0
26479,240000,2,1,1,50,0,0,0,0,0,0,498,-2,497,-3,-3,-3,0,499,0,0,0,0,0
26480,30000,2,2,1,54,0,0,0,0,0,0,33494,32978,32415,30324,31124,25502,2506,2430,1300,1000,34436,950,1
26481,30000,2,2,1,59,0,0,0,0,0,0,27620,27921,28585,29007,29195,21335,1449,1503,1315,893,1000,513,0
26482,80000,2,3,2,55,1,0,0,0,0,0,78910,80362,77986,78803,50140,47757,84361,3837,3141,2000,2000,2000,0
26483,50000,2,2,1,54,0,0,0,0,0,0,50566,49717,49661,49581,49550,48871,2102,2013,1747,2012,2000,5900,0
26484,10000,2,1,2,56,1,2,2,2,0,0,12006,6367,9839,6998,3183,1151,1000,4000,0,0,0,0,0
26485,100000,2,3,1,50,2,2,2,2,0,0,117517,110537,99734,99973,71008,66735,4700,0,3000,103000,2500,3000,1
26486,280000,2,3,1,50,0,0,0,0,0,0,0,0,0,679,3047,5742,0,0,679,3047,5742,440,0
26487,30000,2,3,1,55,1,2,0,0,0,0,30724,29278,30393,29785,30377,30155,0,1600,1585,1377,1155,2600,1
26488,80000,2,3,1,50,0,0,0,0,0,0,7506,0,0,0,0,0,0,0,0,0,0,3106,0
26489,30000,2,3,2,51,0,0,0,0,0,0,14417,17261,20543,18180,7200,18183,9000,5000,8180,2200,18183,8975,0
26490,170000,2,2,2,51,0,0,0,0,0,0,154278,161679,165068,166227,109682,112906,10000,7500,6778,4000,5000,5000,0
26491,60000,2,2,1,52,1,2,0,0,0,0,28934,27122,27774,28347,28515,28715,0,1481,1444,1002,1030,1081,0
26492,100000,2,3,1,50,0,0,0,0,0,0,92956,96180,97701,100113,102120,73630,4333,3518,3567,3183,2674,2836,0
26493,160000,2,1,1,58,0,0,0,0,0,0,749,3883,3584,1830,390,390,3894,3594,2246,390,390,390,1
26494,50000,2,2,2,55,0,0,0,0,0,0,40623,40088,38706,38034,23675,22888,1616,2180,2004,1000,1002,1004,0
26495,360000,2,1,1,59,1,0,0,0,0,0,0,0,0,0,0,0,0,0,0,0,0,0,1
26496,210000,2,1,1,52,0,0,0,0,0,0,262,738,0,0,1858,45,738,0,0,1858,45,3667,0
26497,190000,2,2,1,55,0,0,0,0,0,0,6637,6476,14501,1190,3705,1049,6476,14915,1190,3705,1049,10160,0
26498,90000,2,3,1,52,0,0,0,0,0,0,42567,43578,44881,43906,43767,43619,2022,2325,1510,1199,2380,1204,0
26499,50000,2,3,1,52,0,0,0,0,0,0,48195,49024,38085,0,10400,0,2035,1650,0,10400,0,0,0
26500,30000,2,3,2,55,0,0,0,0,0,0,-330,340,-220,780,0,0,500,0,1000,0,0,0,0
26501,30000,2,3,1,54,2,2,2,2,0,0,24180,23498,26400,25682,26155,27972,0,3600,0,1200,2400,0,1
26502,180000,2,3,1,61,0,0,0,0,0,0,20554,21560,22587,23599,24069,24573,1353,1380,1392,862,892,1000,1
26503,120000,2,3,1,58,1,2,2,2,2,2,79400,81490,83496,84333,85444,87323,4000,3900,3100,3400,3400,3400,1
26504,80000,2,3,1,55,0,0,0,0,0,0,72462,41300,0,0,0,0,3000,0,0,0,0,0,0
26505,400000,2,2,1,49,0,0,0,0,0,0,389,389,389,320,14185,389,390,390,321,14255,390,390,0
26506,120000,2,3,2,53,0,0,0,0,0,0,118676,119177,118068,120457,90843,91267,4210,4435,4592,3171,3256,3260,0
26507,100000,2,1,1,52,2,2,2,2,2,2,40938,43036,45127,44183,47211,46401,3000,3000,0,4000,0,3000,1
26508,300000,2,1,2,52,0,0,0,0,0,0,583,111383,111665,14325,11416,10523,111665,3000,14325,0,0,9927,0
26509,80000,2,3,1,69,0,0,0,0,0,0,79862,80921,79627,80610,62447,60850,3000,3000,3000,2324,2500,3000,0
26510,500000,2,3,1,53,0,0,0,0,0,0,1453,961,159,720,3157,2336,961,159,720,3160,2336,1033,0
26511,10000,2,3,1,51,0,0,2,0,0,2,4416,6733,6480,7495,8735,8453,2400,0,1131,1371,0,1794,0
26512,100000,2,3,1,55,2,3,2,0,3,2,1520,1349,959,1623,1470,930,0,0,1623,0,0,780,0
26513,240000,2,2,1,53,0,0,0,0,2,0,135322,100522,84626,76205,46771,35207,4531,3728,3612,0,1100,2000,0
26514,280000,2,1,1,63,0,0,0,0,0,0,-200,-200,-200,-200,-200,-200,0,0,0,0,0,200,1
26515,20000,2,2,2,55,0,0,0,0,0,0,16503,17512,18481,15495,15938,16680,1289,1258,1260,700,1000,2100,0
26516,110000,2,2,1,59,0,0,0,0,0,0,100800,40387,37689,37750,33281,30968,1914,2000,2000,1300,1500,5000,0
26517,290000,2,2,1,60,1,0,0,0,0,0,0,0,0,0,0,0,0,0,0,0,0,0,0
26518,80000,2,1,1,48,0,0,0,0,0,0,1198,1150,0,0,0,7685,1150,0,0,0,7685,0,1
26519,30000,2,3,1,51,1,2,2,0,0,0,30128,31325,29953,30332,29871,28977,2000,0,1962,1395,1000,2000,0
26520,30000,2,1,1,52,0,2,0,2,0,0,4743,390,1000,543,18127,23563,390,1000,3,20077,10000,1854,0
26521,60000,2,2,2,57,0,0,2,0,0,0,44041,46810,45781,48814,49802,51034,3810,0,3814,1802,2034,4459,1
26522,70000,2,3,1,52,0,0,0,0,0,0,1000,1098,28229,28046,24446,22151,1098,30005,1350,800,750,780,0
26523,140000,2,3,1,52,0,0,0,0,0,0,76902,70841,61422,52576,51301,48202,3000,2200,2400,2000,2050,2150,0
26524,150000,2,2,2,53,0,0,0,0,0,0,11467,11052,10252,20618,10457,9624,11053,10253,11000,11500,10000,24000,0
26525,90000,2,2,1,58,1,2,2,2,2,0,25941,25722,28015,28262,27509,28082,500,3000,1000,0,1017,2433,1
26526,30000,2,2,1,51,0,0,0,0,0,0,11860,6846,7090,2680,390,0,1000,7090,2680,390,0,780,0
26527,60000,2,3,2,52,0,0,0,0,2,0,60250,60585,61257,62697,60816,61685,2167,2483,6084,0,1936,1850,0
26528,490000,2,2,1,52,0,0,0,0,0,0,7357,2779,22595,755,7000,0,2779,22595,762,7000,0,4341,0
26529,230000,2,2,1,56,0,0,0,0,0,0,10511,2381,2580,48310,6390,7194,2381,2580,48342,6390,7194,13250,1
26530,70000,2,2,1,53,0,0,0,0,0,0,71219,71110,69843,70834,70405,71004,2900,3200,2800,2458,2800,2901,0
26531,60000,2,3,1,55,3,2,0,0,0,0,74786,71575,63821,63719,63807,57482,0,9400,2271,2425,2087,2142,1
26532,30000,2,6,1,59,0,0,0,0,0,0,30419,28221,29016,7946,8114,8382,1481,1276,1132,300,400,370,0
26533,70000,2,2,1,62,0,0,0,0,0,0,57271,56269,56333,29288,29524,29764,2857,2702,1500,1100,1100,1150,0
26534,450000,2,3,1,56,1,0,0,0,0,0,-4,831,-3,646,-2,418,835,0,649,0,420,1204,1
26535,20000,2,3,2,54,0,0,0,0,0,0,16120,17160,18083,15096,15396,15720,1308,1231,1244,544,565,1500,1
26536,30000,2,2,1,51,1,2,3,2,2,0,16490,18908,18321,19618,19008,19301,3000,0,1900,0,750,750,1
26537,80000,2,3,1,54,0,0,0,0,0,0,78929,78177,63914,54382,48834,49756,3200,3002,2202,2000,2000,2000,0
26538,390000,2,1,2,53,0,0,0,0,0,0,450,1540,690,0,0,0,1540,690,0,0,0,717,0
26539,30000,2,2,2,50,0,0,0,0,0,0,10741,12057,12778,14090,14063,14357,1498,1219,1531,504,521,523,0
26540,200000,2,3,1,51,1,0,0,0,0,0,0,1221,0,0,0,0,1221,0,0,0,0,0,0
26541,140000,2,3,2,59,1,2,0,0,0,0,63654,62042,63445,63729,63751,65421,0,3000,2000,2000,2000,3000,0
26542,30000,2,2,1,51,0,0,0,0,0,0,1724,1222,4952,6693,22761,10044,1222,4972,7629,22817,10056,298,1
26543,290000,2,2,1,51,0,0,0,0,0,0,6859,11210,2436,266,0,3412,11210,2436,266,0,3412,0,0
26544,200000,2,2,1,51,0,0,0,0,0,0,2433,735,735,2301,3139,316,735,735,2301,3139,316,6635,0
26545,180000,2,3,1,64,0,0,0,0,0,0,120070,123963,125022,129079,130109,133714,5876,4525,6123,4644,5688,5699,0
26546,200000,2,2,1,50,0,0,0,0,0,0,411,453,348,359,672,1620,453,348,359,672,1620,384,0
26547,500000,2,5,1,54,0,0,0,0,0,0,355251,354394,359522,362412,362550,359481,12680,13464,12821,15033,12788,13000,0
26548,520000,2,3,1,54,0,0,0,0,0,0,653062,671563,689627,706864,383160,294641,28500,30500,30000,15000,15000,0,0
26549,90000,2,3,1,53,0,0,0,0,0,0,827,0,2469,827,0,1654,0,2469,827,0,1654,827,0
26550,260000,2,2,1,54,0,0,0,0,0,0,16570,7934,20258,52574,19463,20226,8234,20034,52045,7000,8073,30113,0
26551,50000,2,3,1,51,0,0,0,0,0,0,22000,20454,21899,20895,11241,-861,2000,2100,2000,1000,0,39500,1
26552,80000,2,2,3,59,0,0,0,0,0,0,80893,79175,78713,80684,50400,50058,2799,3300,3600,1568,1625,1649,1
26553,210000,2,2,2,54,0,0,0,0,0,0,197324,201977,205800,205590,98572,90521,8000,11000,6000,4098,3500,3000,0
26554,300000,2,1,1,51,0,0,0,0,0,0,143121,147527,148925,0,0,0,8269,6825,0,0,0,0,0
26555,20000,2,1,1,53,1,2,2,2,0,0,8992,8313,10179,9394,11462,11410,0,2400,0,2458,2228,780,0
26556,50000,2,3,2,51,0,0,0,0,0,0,25436,27445,28585,29736,21356,23403,2445,1585,1736,2356,2403,2414,0
26557,20000,2,3,1,52,2,2,2,2,0,0,5682,6437,7181,7908,8781,9645,1000,1000,1000,1000,1000,0,1
26558,150000,2,1,1,53,0,0,2,0,0,0,8706,2484,70,90000,9068,2349,2508,0,90000,9068,0,1985,0
26559,50000,2,3,3,51,0,0,0,0,0,0,44788,45471,46394,47865,47455,48426,2352,2275,2398,1336,1366,1444,1
26560,50000,2,2,2,51,0,0,0,0,0,0,50566,50050,37005,20145,19620,18872,1738,1746,1289,1684,684,702,0
26561,50000,2,3,2,51,2,2,2,2,2,0,32215,33384,34554,35690,34817,36252,2000,2000,2000,0,2000,2000,0
26562,200000,2,3,1,51,1,0,0,0,0,0,-186,846,1350,13524,570,2622,1032,1350,13534,570,2622,1050,0
26563,80000,2,3,2,52,0,0,0,0,0,0,42635,39508,36060,30470,18306,7432,1623,1740,1200,366,7432,0,0
26564,50000,2,3,2,56,0,0,0,0,0,0,48155,49157,50417,48371,15417,16194,1798,2058,1683,600,1017,20698,0
26565,200000,2,3,1,55,2,2,3,2,2,2,159017,162697,163143,161906,165807,169599,9159,4842,3000,8000,7000,3000,0
26566,210000,2,3,1,54,0,0,0,0,0,0,94343,96278,98213,99763,99793,101879,3500,3500,4500,3600,3694,3728,0
26567,80000,2,3,1,55,0,0,0,0,0,0,78573,69116,64325,59653,55159,56277,3001,2500,2000,2000,2000,2000,0
26568,200000,2,3,1,50,0,0,0,0,0,0,390,390,390,390,390,390,390,390,390,390,390,390,0
26569,200000,2,3,1,51,0,0,0,0,0,0,99036,99625,99016,101661,103011,103384,3520,4500,5200,4500,3950,4300,0
26570,220000,2,3,1,52,2,0,0,0,0,0,220053,222857,196510,120570,121664,122971,9000,6100,6000,4600,5500,3000,1
26571,280000,2,1,1,56,0,0,2,0,0,0,-5,4609,1351,1108,1288,3552,4614,1,1109,1290,3561,3279,0
26572,250000,2,3,1,53,1,0,0,0,0,0,-13,3823,839,0,1762,0,3836,839,0,1762,0,0,0
26573,90000,2,3,1,55,0,0,0,0,0,0,39731,38272,36858,35447,33465,31680,2000,2000,2000,1400,1400,1712,0
26574,320000,2,1,1,58,0,0,0,0,0,0,1100,0,0,0,0,0,0,0,0,0,0,434,0
26575,130000,2,2,1,53,0,0,0,0,0,0,210628,215308,219970,221119,21904,22052,6800,6794,5315,2000,1000,1000,0
26576,50000,2,3,2,51,0,0,2,0,0,0,390,780,390,390,390,1320,780,0,390,390,1320,0,0
26577,80000,2,3,1,51,0,0,0,0,0,0,6203,6133,4802,3086,1726,1015,1094,1075,1000,35,1015,390,0
26578,430000,2,2,2,51,0,0,0,0,0,0,416090,422898,409626,417113,363553,357476,17107,20015,18027,14015,13010,14006,0
26579,250000,2,1,1,51,1,0,0,0,0,0,0,645,3490,0,4789,0,645,3490,0,4789,0,0,0
26580,50000,2,2,1,51,2,2,2,2,3,2,15902,17328,18746,20623,20019,19227,2000,2000,2500,0,0,1000,0
26581,360000,2,3,3,58,0,0,0,0,0,0,35673,35817,-1,-1,-1,-1,1179,0,0,0,0,139,0
26582,450000,2,2,1,53,0,0,0,0,0,0,0,0,1215,5772,2150,670,0,1215,5780,2150,670,3625,0
26583,110000,1,2,2,22,0,0,0,0,0,0,99209,54218,40110,41362,41296,41225,1766,2000,2000,2000,2000,2000,1
26584,360000,1,1,1,34,0,0,0,0,0,0,3187,3758,-1360,113091,114251,117922,1025,1361,116380,4001,5001,4001,0
26585,10000,1,2,2,24,0,0,0,0,2,0,9035,5845,6793,8668,8382,8595,1300,1200,2000,0,500,396,1
26586,200000,1,1,2,27,0,0,2,0,0,0,186778,206582,201714,177469,184502,191529,23000,157,10000,10000,10000,17000,1
26587,20000,1,2,2,24,0,0,0,0,0,0,6215,7252,8473,9769,10057,10346,1300,1500,1600,600,600,700,1
26588,70000,1,1,2,28,1,0,0,2,2,2,-47,653,3455,3245,1686,1681,700,3000,0,0,0,4000,1
26589,80000,2,3,1,55,2,2,0,0,0,0,71905,70150,72017,73816,75584,77365,0,3000,3000,3000,3000,3000,1
26590,250000,2,2,2,55,0,0,0,0,0,0,603,1867,2470,3887,4731,8710,1867,2661,3887,1000,4000,1000,0
26591,90000,1,2,2,34,0,0,0,0,0,0,86275,87848,88065,90032,50802,50821,4004,4000,4003,2000,2000,2000,0
26592,100000,1,2,1,42,0,0,0,0,0,0,98430,99998,16138,17758,18774,20272,5000,2000,2000,2000,2000,2000,0
26593,230000,1,3,1,39,0,0,0,0,0,0,53672,75305,56484,38363,4867,2736,25000,5000,5000,4867,2736,0,0
26594,380000,1,1,2,32,0,0,0,0,0,0,387851,349973,689643,334456,329981,292421,13070,13000,26000,20095,11000,11000,0
26595,390000,1,2,2,29,0,0,0,0,0,0,1246,1476,3436,4868,5781,6681,2000,2000,1500,1000,1000,1000,0
26596,120000,1,1,2,30,0,0,0,0,0,0,0,0,0,0,0,0,0,0,0,0,0,0,0
26597,20000,1,2,1,27,0,0,0,0,0,0,19339,20187,17592,14588,624,19945,1500,1295,1200,624,19563,628,0
26598,20000,1,2,1,41,1,0,0,0,0,0,0,3793,1100,17982,18166,0,3793,1103,17982,384,8,17839,0
26599,160000,1,1,2,25,1,0,2,2,0,0,0,10139,7858,0,0,0,10139,0,0,0,0,0,1
26600,240000,1,3,2,35,0,0,0,0,0,0,11119,10361,10000,10200,30000,24000,10722,10000,10200,30000,4000,21245,0
26601,30000,1,2,2,23,0,0,0,0,0,0,41300,0,0,0,0,0,0,0,0,0,0,0,0
26602,50000,1,2,2,24,0,0,0,0,0,0,5599,6696,7783,8843,9209,10070,1200,1200,1200,500,1000,500,0
26603,30000,1,2,2,23,1,2,0,0,0,0,29772,28707,29235,14040,500,22292,0,1600,1000,0,22292,1000,0
26604,20000,1,1,2,23,0,0,0,0,0,0,19247,18055,2059,2576,1834,1092,2500,1100,1500,200,200,942,0
26605,80000,1,1,2,23,0,0,0,0,0,0,9183,9606,3158,2941,2313,1367,9643,3167,2953,3753,4,7949,0
26606,20000,1,2,2,23,3,2,2,7,7,6,2400,2400,2400,2400,2400,1800,0,0,0,0,0,0,1
26607,50000,1,2,2,23,0,0,0,0,0,0,40698,42018,43344,16951,16989,17230,2000,2230,1600,600,500,19742,0
26608,90000,1,1,2,23,0,0,0,0,0,0,90888,85293,69482,60244,22640,3270,6000,4008,30055,15050,3270,16488,0
26609,50000,1,2,2,24,0,0,0,0,0,0,999,593,-7,2636,-39,13000,594,0,2643,0,13039,128,0
26610,20000,1,2,2,23,0,0,2,2,4,3,10208,14972,17432,19548,18948,18358,4972,3000,2700,0,0,1000,1
26611,30000,1,2,2,24,0,0,0,0,0,0,0,0,0,0,0,0,0,0,0,0,0,0,0
26612,50000,1,2,2,23,1,2,0,0,0,0,52319,51185,51334,49312,8027,8603,0,3200,3110,32356,700,1700,0
26613,20000,1,2,2,23,0,0,0,0,0,0,19178,18852,16648,19395,20271,20445,2000,1500,4000,2000,2000,2900,0
26614,20000,1,2,2,22,1,2,0,0,0,0,19512,17692,19136,20080,17366,17128,0,1736,1618,902,1000,869,0
26615,20000,1,2,2,23,3,2,2,0,2,2,18781,13255,0,20358,18044,20325,0,0,20358,0,2577,0,0
26616,50000,1,3,2,22,2,0,0,0,0,0,47021,48423,44450,956,976,1976,2543,2150,956,20,1000,1000,1
26617,20000,1,2,2,22,0,0,0,2,0,0,19555,17152,19637,18671,20116,17617,2000,3100,1000,2000,1000,1100,0
26618,20000,1,2,2,23,0,0,0,2,0,0,14784,15483,18109,17521,18026,19082,1253,2879,0,796,1500,0,0
26619,50000,1,2,2,23,0,0,0,0,0,0,48241,49445,51060,50033,9298,7877,2000,2412,5178,5500,500,500,1
26620,10000,1,2,2,23,2,0,0,2,2,2,5232,6410,8717,8431,9079,9110,1273,2580,0,942,321,0,1
26621,10000,1,2,2,23,0,0,0,0,0,0,998,780,390,3622,3695,3126,780,390,3622,108,246,98,1
26622,20000,1,1,2,22,0,0,0,0,0,0,16620,17446,18534,19145,19547,19947,2000,2000,1278,1000,1000,764,0
26623,10000,1,2,2,22,0,0,0,0,0,0,8780,4060,2774,3764,4001,5134,1100,1300,1200,300,1200,0,0
26624,50000,1,2,2,25,0,0,0,0,0,0,11669,12665,12905,13498,13993,13854,1502,1522,1505,1000,1000,1000,0
26625,30000,1,2,2,25,0,0,0,0,0,0,7653,8864,10062,11581,12580,13716,1500,1500,2000,1500,1500,1500,1
26626,170000,1,1,2,26,0,0,0,0,0,0,118084,112312,107396,96064,96984,93711,3800,13000,3593,3020,3090,2916,0
26627,50000,1,2,2,23,0,0,0,0,0,2,51550,0,0,0,15239,14853,0,0,0,15239,0,540,1
26628,60000,1,2,2,24,2,0,0,0,0,0,27019,25100,21023,16973,12410,11944,1686,2000,1000,1000,6000,5000,1
26629,50000,1,3,2,26,0,0,0,0,0,0,50316,48987,49299,48103,48669,48507,3000,3000,2200,2000,2000,2300,0
26630,50000,1,2,2,22,0,0,0,0,0,0,46831,47233,22469,28197,18784,17263,4000,2442,28197,634,799,3200,0
26631,50000,1,2,2,24,0,0,0,0,0,0,49907,49355,34833,28614,29133,29340,1963,1539,1200,719,43945,1001,0
26632,100000,1,3,2,24,1,2,0,0,0,0,100364,97551,66365,62913,9389,6076,107,2893,2104,312,207,2004,0
26633,10000,1,1,2,25,0,0,0,0,0,0,5642,6652,7683,9040,9222,9580,1112,1143,1500,324,500,377,0
26634,80000,1,1,2,26,1,0,0,0,0,0,0,0,0,0,0,0,0,0,0,0,0,0,1
26635,300000,1,2,2,26,0,0,0,0,0,0,0,0,0,0,0,0,0,0,0,0,0,0,0
26636,10000,1,1,2,23,1,2,0,0,0,2,9020,8707,8519,9505,10127,9677,0,1391,1300,900,0,500,1
26637,30000,1,1,2,24,0,0,2,0,3,2,5857,20190,18794,6650,6118,2235,18794,0,6650,0,0,13000,0
26638,50000,1,1,2,24,0,0,0,0,0,0,20472,19077,20094,19559,16795,17233,1700,1641,1600,600,1000,1300,0
26639,30000,1,1,2,24,0,0,0,0,0,0,1426,2539,3437,5365,6275,7172,1300,1100,2000,1000,1000,2000,0
26640,90000,1,1,2,26,1,0,0,0,0,0,0,0,403,33982,30738,29018,0,403,33982,1000,1000,1000,0
26641,20000,1,1,2,23,2,2,2,2,2,2,5996,7040,7897,7622,8294,8016,1300,1128,0,800,0,1500,1
26642,80000,1,1,2,23,0,0,0,0,0,0,444,444,444,888,888,444,444,444,888,444,0,1038,0
26643,90000,1,2,2,24,0,0,0,0,0,0,86724,91394,78767,74007,29480,27941,7016,3800,2406,595,570,67,0
26644,20000,1,3,2,24,2,0,0,2,2,2,8295,9310,12130,11644,12250,11910,1160,2980,0,1100,0,1000,1
26645,30000,1,2,2,24,0,0,0,0,0,0,1473,390,390,390,0,780,390,390,390,0,780,0,1
26646,10000,1,2,2,23,0,0,0,0,0,0,9984,9974,9900,9941,9250,9403,1300,1300,1041,1000,2000,464,1
26647,70000,1,1,2,25,0,0,0,0,0,0,31011,28034,26363,22587,21770,19525,2002,1435,1294,1000,1000,1001,0
26648,40000,1,1,2,26,2,0,0,2,2,0,36460,37549,40527,41036,39103,38945,2000,3900,1500,0,1600,1600,1
26649,170000,1,2,2,26,0,0,0,0,0,0,145354,143279,87885,84534,74758,78633,8000,3500,4000,4000,6000,0,1
26650,10000,1,2,2,24,1,2,2,0,0,0,9774,10400,0,0,0,0,1000,0,0,0,0,0,0
26651,30000,1,2,2,25,2,0,0,0,0,0,29608,27471,29075,26011,13900,0,1600,3000,1200,139,0,0,0
26652,10000,1,2,2,24,1,2,2,2,2,2,6496,6246,8965,8672,9525,9228,0,3000,0,1000,0,800,1
26653,50000,1,1,2,24,0,0,0,0,0,0,48061,47003,13063,25224,14197,13872,2000,2000,2000,2000,2000,2000,0
26654,30000,1,5,2,24,0,0,0,0,2,2,21652,22656,23804,25668,24887,0,1369,1517,2381,0,0,0,0
26655,50000,1,1,2,24,0,0,2,0,0,0,30011,35743,34435,30859,27429,24222,7000,416,3000,3000,3000,3000,0
26656,20000,1,3,2,24,1,2,0,0,0,0,20464,19322,19004,19558,19176,19441,4,1640,1589,1000,1001,1004,0
26657,10000,1,2,2,25,0,0,0,0,0,0,3684,4715,5785,7134,3535,4323,1100,1155,1500,1000,1000,1000,1
26658,50000,1,2,2,24,1,0,0,0,0,0,-1000,0,0,0,0,0,1000,0,0,0,2000,0,0
26659,50000,1,2,2,24,1,2,2,0,0,0,59197,55551,54083,50000,10135,9952,2000,0,1000,10135,358,403,1
26660,50000,1,2,2,25,0,0,2,2,0,0,47077,48872,16012,14228,19546,19473,2800,0,1644,63965,705,798,0
26661,160000,1,2,2,25,0,0,0,0,0,0,60905,62905,71405,82926,84278,93641,2000,8500,13000,2668,11259,2043,0
26662,50000,1,2,2,24,0,0,0,0,2,0,50140,15519,19520,21103,20101,20402,3000,5000,2300,0,1000,2000,0
26663,30000,1,1,2,24,0,0,0,0,0,0,14857,16302,17333,18735,18952,19195,2000,1598,2000,825,698,701,0
26664,60000,1,2,2,27,5,4,3,2,0,0,67940,65957,64005,61769,51722,44956,0,0,0,51722,16000,1100,1
26665,150000,1,2,2,25,0,0,0,0,0,0,153932,153573,153309,152357,153133,0,5500,5509,5672,6787,0,832,0
26666,30000,1,3,2,26,0,0,2,0,0,0,25535,28738,27999,28097,28670,7770,3641,0,1000,573,1000,0,0
26667,20000,1,1,2,26,0,0,0,0,0,0,587,2195,1758,3720,3820,0,2195,1500,3720,100,0,0,0
26668,20000,1,2,2,26,0,0,0,0,0,0,18838,15349,0,0,0,19125,1200,0,0,0,19125,1000,0
26669,50000,1,2,1,24,0,0,0,0,0,0,17331,17961,18689,19284,19517,19193,1600,1700,1600,1200,1000,1000,0
26670,200000,1,1,2,33,0,0,0,0,0,0,66471,67010,67627,68085,69445,71242,2387,2485,2414,2434,2863,3000,0
26671,70000,1,2,2,25,0,0,0,0,0,0,60719,61607,68091,69028,-61372,79256,2500,7500,3182,25200,102000,12152,0
26672,150000,1,1,1,28,0,0,0,0,0,0,145728,145240,148755,133414,101284,73255,5002,6009,3259,149,1866,0,0
26673,130000,1,5,2,27,1,2,0,0,0,0,136378,129545,131045,128104,121641,123470,0,5115,4527,4500,8908,5,0
26674,20000,1,3,2,27,0,0,0,0,2,2,13621,14984,16431,18835,18235,19535,1596,2000,3000,0,1600,0,0
26675,60000,1,1,2,27,0,0,0,0,0,0,2165,18214,13172,8717,8552,9902,18214,13000,2000,3000,2000,0,0
26676,50000,1,2,2,24,0,0,0,0,0,0,50603,50116,48063,43787,9226,9628,2500,2505,2531,530,2000,1000,0
26677,210000,1,2,2,27,0,0,0,0,0,0,65795,54166,73077,62288,66309,66393,2151,20000,2205,5000,1982,1982,0
26678,150000,1,1,2,26,0,0,0,0,0,0,13707,12119,121170,27949,23158,67745,16408,96373,28005,5021,50000,4004,0
26679,50000,1,2,2,25,0,0,0,0,0,0,47034,47521,47633,47482,48162,48926,2100,2500,2000,2000,1685,2000,0
26680,40000,1,1,2,26,1,0,0,0,0,0,0,0,0,0,2605,3554,0,0,0,2605,1000,2000,0
26681,90000,1,3,2,27,2,2,2,2,2,0,88072,90221,91898,91334,59253,58519,4500,4000,2090,0,2078,2900,1
26682,70000,1,1,2,27,0,0,0,0,0,0,64317,59944,30206,0,0,5000,2500,1000,0,0,5000,5862,0
26683,20000,1,1,2,27,0,0,0,0,0,0,39628,20571,19089,19658,19453,19108,1610,1323,1600,830,700,674,0
26684,30000,1,1,2,24,0,0,0,2,0,0,28436,28845,31071,30248,30354,29088,1800,3300,0,1500,1500,1300,0
26685,20000,1,2,2,25,1,2,0,0,0,0,19099,18114,18437,19267,19696,16876,0,1370,1200,1000,5000,1500,0
26686,60000,1,2,2,25,2,0,0,0,0,0,60760,60011,61333,60082,38897,39422,2740,2893,2210,938,1188,0,1
26687,50000,1,2,2,26,1,2,0,0,2,2,16412,15851,16889,19909,19291,20675,0,1294,3314,0,1700,0,0
26688,50000,1,1,2,25,2,0,0,0,0,0,48966,49985,50760,49535,30358,30302,2130,1905,1811,1100,1100,1200,0
26689,10000,1,2,2,25,0,0,0,0,0,0,7806,8615,7851,8704,8877,9063,1114,1292,1145,318,329,331,1
26690,20000,1,3,2,22,1,4,3,2,0,0,21425,21410,20786,19994,10700,0,620,0,4,0,0,0,1
26691,110000,1,1,2,26,0,0,0,0,0,0,58301,57861,47409,47743,45654,26525,2179,2191,1525,18236,1500,2000,0
26692,30000,1,2,2,26,1,2,0,0,0,0,21871,21222,22555,23874,14500,16500,0,1681,2000,2000,2000,2000,0
26693,200000,1,1,2,27,0,0,0,0,0,0,3592,3622,7990,10392,7042,5692,3622,7990,6000,0,2000,5000,1
26694,70000,1,2,2,27,0,0,0,0,0,0,17058,59481,50890,50981,54122,58227,52896,2047,1861,4000,5000,3044,0
26695,80000,1,3,2,27,0,0,2,2,2,0,10100,59714,62163,62756,61149,62464,50000,4000,2200,0,2300,5108,0
26696,80000,1,2,1,28,0,0,0,0,0,0,81099,81449,79887,76067,73077,76894,10000,5000,10000,6500,5000,5000,0
26697,20000,1,2,2,24,0,0,0,0,0,0,4091,5316,6467,7500,7497,8170,1300,1400,1300,270,795,0,0
26698,10000,1,2,2,23,0,0,0,0,0,0,8579,3714,4158,4654,3080,0,1060,1104,1000,31,0,0,0
26699,60000,1,3,2,25,0,0,0,0,0,0,56753,57530,59869,59942,28934,27461,2700,3869,2742,1200,1461,1504,0
26700,50000,1,2,2,27,0,0,0,0,0,0,47452,48663,50297,36164,37616,39062,2000,2500,2000,2000,2000,2000,1
26701,110000,1,1,2,28,0,0,0,0,0,0,107560,100395,79889,70062,70901,72754,4024,3008,3200,2600,3000,3000,1
26702,210000,1,1,1,29,1,2,0,0,0,0,26845,23283,11896,8097,7902,7917,66,2524,1311,1000,291,1000,0
26703,40000,1,1,2,29,1,2,2,2,2,2,37681,36775,39982,38979,39479,39329,0,3800,0,1200,0,0,0
26704,360000,1,1,2,29,0,0,0,0,0,0,6001,5868,-1,592,-8,-8,5874,1,593,0,0,0,0
26705,320000,1,2,1,29,0,0,0,0,0,0,48998,33175,16784,9558,11022,11953,6105,3394,2100,1580,1016,1078,0
26706,130000,1,1,2,27,0,0,0,0,0,0,1439,3548,1958,1462,2573,2402,3555,1010,1466,2581,2509,3013,0
26707,130000,1,2,2,26,2,2,2,0,0,0,137204,139189,133521,133182,103161,103031,7000,0,5133,5000,5000,5000,1
26708,50000,1,2,2,26,0,0,0,0,0,0,47661,43914,38734,23152,19860,19486,1789,1549,1611,800,802,760,0
26709,50000,1,1,2,25,0,0,0,0,0,0,45626,16533,10745,9994,16829,13051,3000,9537,5000,10000,5000,2000,0
26710,360000,1,3,1,27,0,0,0,0,0,0,1097,778,2999,-1,-1,-1,780,3021,0,0,0,0,0
26711,160000,1,3,2,27,2,2,2,0,0,0,70373,80166,34775,34073,15676,99436,11450,0,142848,1800,90000,3300,1
26712,200000,1,1,2,26,0,0,0,0,0,0,26230,2829,6721,-780,-780,-780,2829,4000,780,0,0,0,0
26713,30000,1,3,2,26,2,2,2,2,2,2,14598,13998,15467,14913,17692,16302,2000,2000,0,3009,0,2000,0
26714,360000,1,1,2,26,0,0,0,0,0,0,50536,28219,24996,17509,5486,5295,1527,2670,1062,514,113,245,0
26715,20000,1,1,2,28,0,0,0,0,0,0,19262,34729,18808,18302,18995,19400,1310,3190,1500,1000,860,900,0
26716,80000,1,2,2,27,1,2,2,2,2,2,63467,66811,68247,68531,69808,70544,5000,3100,2000,3000,2000,4000,1
26717,490000,1,1,2,28,0,0,0,0,0,0,325669,206515,144853,132268,118899,79223,10041,7415,7025,44324,3119,2780,0
26718,10000,1,1,2,22,0,0,0,0,0,0,1483,46,915,352,105,0,46,915,352,105,0,1000,0
26719,20000,1,2,2,23,0,0,0,0,0,0,13422,14886,15927,11939,10782,12599,2000,1667,2309,2000,2000,2000,0
26720,30000,1,2,2,25,1,2,0,0,2,2,12925,13411,14190,16218,15663,17250,1000,1300,2273,0,2000,0,1
26721,50000,1,2,2,26,0,0,0,0,0,0,47052,47874,40933,16603,16932,17287,1728,2856,1276,605,627,633,0
26722,340000,1,2,2,25,0,0,0,0,0,0,170717,174026,177359,173334,176605,180205,6401,6501,6101,6201,6501,6601,0
26723,180000,1,1,2,26,0,0,0,0,0,0,189,-2811,-2811,126884,129020,131708,0,0,131453,4209,4350,4099,0
26724,40000,1,1,2,26,0,0,0,2,0,0,38131,35382,38744,38807,39933,38646,1600,4950,1400,2000,1400,1500,0
26725,140000,1,1,2,27,0,0,0,0,0,0,24602,12526,9032,0,0,0,5063,9032,0,0,0,0,0
26726,210000,1,1,2,27,0,0,0,0,0,0,36017,32205,29104,29447,12411,5555,3015,3004,3058,1000,5000,4002,0
26727,150000,1,1,2,26,0,0,0,0,0,0,600,360,1401,2360,70,420,360,1041,1000,70,660,0,0
26728,160000,1,2,2,24,0,0,0,0,0,0,77838,76054,73992,73246,71321,141494,3300,3275,3000,3000,3000,3500,0
26729,50000,1,3,2,24,1,2,2,0,0,0,52354,52651,51056,49515,42189,19938,2211,0,2174,2000,6473,0,1
26730,50000,1,1,2,24,0,0,0,0,0,0,31292,32766,34426,34725,18049,19593,2000,2500,1353,1500,2000,1501,0
26731,40000,1,1,2,24,0,0,0,0,0,0,39868,25714,17351,21567,18388,18353,1259,1700,6000,800,800,800,0
26732,70000,1,1,2,24,0,0,0,0,0,0,16861,7553,8670,9764,9954,10144,1300,1400,1400,500,500,1000,0
26733,310000,1,2,2,27,0,0,0,0,0,0,22936,255040,241092,242850,237818,237762,240101,9012,8549,8324,8524,9052,0
26734,40000,1,1,2,28,2,0,0,0,0,2,1892,1889,1716,41710,42219,39774,1889,1716,41710,2800,0,1500,1
26735,50000,1,1,2,27,0,0,0,0,0,0,658,4160,3225,656,176,0,4179,3225,656,176,0,476,0
26736,140000,1,1,2,27,0,0,0,0,0,0,130905,122390,122024,112367,67820,66595,6067,6723,4069,5000,3200,3000,0
26737,80000,1,2,2,27,1,2,2,2,2,2,53576,52128,56657,57340,55823,58260,0,6000,2200,0,3500,3500,1
26738,230000,1,1,1,27,0,0,0,0,0,0,1727,0,8879,8034,8585,7708,0,8879,1100,1000,1000,1000,0
26739,50000,1,2,2,23,1,2,2,2,2,2,6283,6034,7925,8631,8855,8585,0,2000,1000,500,2,500,1
26740,160000,1,1,2,27,0,0,2,0,0,0,701,3442,2551,4217,1255,1554,3442,18,4217,0,1000,888,1
26741,200000,1,3,2,26,2,0,0,0,0,0,72763,53839,34228,26418,22196,15973,5041,14031,15021,15007,14004,14012,1
26742,130000,1,3,2,27,2,0,0,0,0,0,1985,1666,1306,2049,0,0,1671,1306,2049,0,0,1497,0
26743,130000,1,3,2,29,0,0,0,0,0,0,65861,67857,69945,74082,75653,77259,3698,3786,5923,2796,2815,2929,0
26744,100000,1,2,2,28,1,2,2,2,0,0,96469,99750,100783,89898,58404,35078,7000,4000,49,5000,4000,10000,0
26745,160000,1,2,2,30,0,0,0,0,0,0,3197,1936,2329,2332,-4,-4,1941,2645,2339,0,0,0,0
26746,60000,1,1,2,29,0,0,0,0,0,0,31235,31462,31499,16773,11568,9727,6050,6037,5084,6000,4000,3832,0
26747,220000,1,1,2,29,1,2,2,2,2,2,31012,30215,33117,32286,34320,33634,0,3400,0,2576,0,2671,1
26748,50000,1,1,2,29,0,0,0,0,0,0,2159,1956,5592,10676,671,9826,1961,5608,11906,673,9855,7627,1
26749,160000,1,2,2,27,0,0,0,0,0,0,2161,1672,2579,2313,2287,3442,1681,2717,2324,2298,3462,2637,0
26750,60000,1,2,2,27,2,0,0,2,0,0,58598,56486,60877,56138,56806,57935,2632,5924,0,2200,2200,2290,1
26751,210000,1,1,2,28,0,0,0,0,0,0,15648,2008,-4291,-4291,-4291,-4291,2500,0,0,0,0,0,0
26752,360000,1,1,2,27,0,0,0,0,0,0,375392,373004,371567,375352,316076,314588,13290,14012,20000,16000,16000,290000,0
26753,120000,1,1,2,28,0,0,0,0,0,0,59688,57627,58417,49050,49722,48898,3000,3000,2000,2000,2000,3000,0
26754,250000,1,3,1,28,0,0,0,0,0,0,149499,119726,111690,114776,110902,114018,15000,10000,10000,10000,5000,5000,0
26755,210000,1,2,2,28,0,0,0,0,0,0,4432,5373,6200,0,0,0,1173,1000,0,0,0,0,0
26756,380000,1,1,2,28,0,0,0,0,0,0,1294,1058,359,359,359,509,1058,359,359,359,509,359,0
26757,240000,1,2,2,27,0,0,0,0,0,0,81861,81446,82907,84832,87123,85363,15000,4000,4000,4000,3000,3000,0
26758,20000,1,3,2,27,1,2,0,0,0,0,20079,18696,19872,20100,19704,18004,0,1782,1400,394,0,226,0
26759,50000,1,2,2,27,0,0,0,0,0,0,19657,20723,21784,22794,23115,23752,1700,1700,1679,1000,1010,1400,0
26760,200000,1,2,2,29,0,0,0,2,0,0,10538,16201,20926,20260,24754,29383,6201,5000,0,5000,5054,5054,1
26761,470000,1,1,2,31,0,0,0,0,0,0,99931,95096,80388,75631,71464,65915,5070,4019,2019,2120,2096,1744,0
26762,50000,1,2,2,25,0,0,0,2,2,0,18894,21258,23590,24896,24200,26630,3000,3000,2000,0,3000,1500,0
26763,180000,1,1,2,29,1,0,0,0,0,0,-366,-366,834,-96,-96,-96,0,1200,0,0,0,0,0
26764,180000,1,1,2,26,0,0,0,0,0,0,131653,132462,130598,98336,86862,88618,5002,5004,3416,3074,3500,3179,0
26765,190000,1,1,2,27,2,2,2,0,0,2,114355,124449,121093,123126,131120,134135,13500,0,5500,10000,5200,5000,1
26766,180000,1,1,2,26,0,0,0,0,0,0,758,0,1022,2004,0,2051,0,1022,2016,0,2051,0,1
26767,50000,1,2,2,25,0,0,0,0,0,0,48065,48355,49009,49949,50479,50702,1800,1844,2200,2000,1800,2038,0
26768,20000,1,1,2,25,0,0,0,0,0,0,18069,17905,18712,19682,18384,18768,2180,1400,1300,1000,680,1100,0
26769,80000,1,2,2,25,0,0,0,0,0,0,8852,1946,1473,48029,47525,47181,1000,1000,48029,2000,2000,2000,1
26770,160000,1,1,2,28,0,0,0,0,0,0,498,498,493,16931,18913,19272,498,493,16936,8030,7000,500,0
26771,200000,1,1,2,29,0,0,0,0,0,0,3773,3990,9048,4700,800,4082,4029,9048,4700,800,4082,0,0
26772,180000,1,1,1,30,1,1,0,0,0,0,143900,0,0,0,0,0,10000,0,0,0,0,0,0
26773,360000,1,2,2,30,0,0,0,0,0,0,282222,154050,0,18,18,18,7100,0,18,0,0,2034,0
26774,50000,1,2,2,25,2,2,2,2,2,0,61143,58394,52805,52546,8959,9812,3000,0,1489,51285,1000,368,1
26775,30000,1,2,2,32,2,3,2,2,2,0,32704,31895,31091,31002,29879,29382,0,0,2300,0,996,1000,0
26776,30000,1,1,2,25,0,0,0,0,0,0,1581,2282,2964,3360,5038,4833,1046,1044,1072,1750,182,2000,0
26777,100000,1,2,2,28,0,0,2,0,0,0,82238,100753,93209,89813,55359,32227,20000,0,3501,3021,5011,53408,0
26778,260000,1,1,2,29,0,0,0,0,0,0,396,792,4970,4012,3651,5600,792,4970,4012,3651,5600,396,1
26779,240000,1,1,2,29,0,0,0,0,0,0,13980,9969,1276,0,8621,0,9969,1276,0,8621,0,1300,0
26780,50000,1,2,2,29,1,2,2,0,0,2,12460,13489,12987,13699,15868,15474,1530,0,1234,2403,0,711,0
26781,400000,1,1,1,30,0,0,0,0,0,0,12820,15463,50040,22072,6712,5286,5427,37505,10077,233,5312,6991,0
26782,70000,1,1,2,27,0,0,2,4,3,3,51923,55699,61285,59727,60669,59442,5265,7064,0,2500,0,0,1
26783,280000,1,3,2,30,0,0,0,0,0,0,104252,107034,109958,112850,115092,117496,4510,4654,4730,4119,4258,4292,0
26784,80000,1,1,2,30,0,0,0,0,0,0,40276,41897,45535,45954,47706,49235,5000,7000,4000,5000,5000,2029,0
26785,160000,1,2,2,26,4,3,3,3,2,2,152924,152142,155201,157202,153311,162973,3200,7000,6000,0,12000,0,1
26786,130000,1,2,2,28,2,2,2,2,0,0,132968,134505,135624,129959,93360,90040,6700,6200,0,3500,3238,3216,0
26787,180000,1,1,2,29,0,0,0,0,0,0,3810,6406,629,11542,2348,122,6406,629,11545,2348,122,0,0
26788,360000,1,1,2,28,0,0,0,0,0,0,8840,4951,-17,1815,1035,460,4951,0,1832,1035,460,635,0
26789,260000,1,1,2,29,0,0,0,0,0,0,256503,254732,244860,245165,236120,237705,9248,9021,8767,8317,8736,10025,1
26790,50000,1,3,2,29,1,0,0,0,0,0,0,1899,832,0,1662,4537,1899,832,0,1662,4537,2943,0
26791,80000,1,2,1,27,0,0,0,0,0,0,79690,80976,57827,46390,45354,43112,3181,2050,1684,1564,1558,2000,0
26792,230000,1,1,2,26,0,0,0,0,0,0,42314,37735,32358,114443,111520,105779,1804,2713,106028,3827,5060,30000,0
26793,70000,1,2,2,26,1,2,2,2,0,0,71160,67381,72192,70444,71900,0,0,6516,0,3300,0,500,0
26794,270000,1,2,2,27,0,0,0,0,0,0,24689,29520,29722,36276,19065,17937,10058,10339,10034,54,10088,6368,0
26795,220000,1,1,2,27,0,0,0,0,0,0,34686,8,1744,55164,49967,7839,8,2178,55200,50148,10107,0,0
26796,260000,1,2,1,28,0,0,0,0,0,0,226244,230647,211483,153072,156149,144646,8304,10044,6000,5576,6000,6200,0
26797,160000,1,1,2,28,0,0,0,0,0,0,2235,13695,390,4080,3390,390,13695,390,4080,3390,390,390,0
26798,280000,1,1,1,34,0,0,0,0,0,0,441,76,-21,-21,15237,7345,76,0,0,15258,36,0,0
26799,230000,1,1,2,27,0,0,0,0,0,0,8786,9865,10644,12414,15982,13324,2500,2000,2000,4000,2300,3000,0
26800,40000,1,1,2,31,0,0,0,0,0,0,8368,1884,200,2601,1759,-125,1000,200,2601,100,0,2412,0
26801,170000,1,1,2,31,0,0,0,0,0,0,166701,164561,166894,170102,165015,165571,5887,6894,6102,5807,6241,7000,0
26802,200000,1,1,1,30,3,2,2,2,2,2,2500,2500,2500,2500,2500,2500,0,0,0,0,0,0,1
26803,230000,1,2,2,28,0,0,2,2,0,0,11343,17143,17150,15298,18378,18281,7000,1249,0,4000,1000,3000,0
26804,50000,1,1,2,27,2,2,0,0,2,2,1893,0,0,71,71,3871,0,0,71,0,3800,0,1
26805,150000,1,2,1,27,0,0,0,0,0,0,42055,36366,37093,41300,0,345,2000,1413,1650,0,345,0,0
26806,300000,1,1,2,27,0,0,0,0,0,0,0,0,0,0,0,0,0,0,0,0,0,0,0
26807,360000,1,1,2,31,0,0,0,0,0,0,81740,81980,90216,86410,94668,93275,8000,10055,10000,10049,10053,9006,0
26808,390000,1,1,1,31,0,0,0,0,0,0,54007,62761,10373,6803,2601,2979,49188,10411,6830,2608,2987,2236,0
26809,50000,1,1,2,31,0,0,0,0,0,0,49139,49281,42472,44810,45699,46675,1707,1948,11746,1635,1712,4000,1
26810,220000,1,1,2,32,0,0,0,0,0,0,100226,102103,103701,103673,99429,93487,5200,5500,4700,4000,4000,4000,0
26811,60000,1,2,2,27,0,0,0,0,0,0,48307,48602,48750,48916,27743,28646,1768,1967,1424,972,2000,1300,0
26812,100000,1,2,2,28,0,0,0,0,0,0,942,390,390,390,0,780,390,390,390,0,780,0,0
26813,290000,1,2,2,30,0,0,0,0,0,0,10823,13226,652,0,652,92775,3000,978,0,652,92775,4000,0
26814,130000,1,2,2,31,0,0,0,0,0,0,122486,116437,112881,96191,88934,90633,6013,4911,3533,3301,3607,5516,1
26815,400000,1,1,3,31,1,0,0,0,0,0,0,1731,499,1487,499,499,1731,499,1487,499,499,36983,0
26816,30000,1,2,1,32,0,0,0,2,0,0,22503,24802,29367,28108,26717,11693,3000,5000,0,1003,1000,1000,0
26817,260000,1,1,2,29,0,0,0,0,0,0,2335,1432,718,500,5306,2091,1432,718,500,5306,0,770,0
26818,70000,1,2,2,29,0,0,0,0,0,0,53700,53938,47852,48538,49034,49689,2200,8808,2200,2000,2000,2300,0
26819,160000,1,1,2,29,1,0,0,0,0,0,0,0,0,0,0,0,0,0,0,0,0,0,1
26820,280000,1,1,2,30,0,0,0,0,0,0,3310,-6,4759,996,0,1199,0,4765,996,0,1199,909,0
26821,500000,1,1,2,30,0,0,0,0,0,0,33269,19084,2601,112075,163165,214575,1248,2601,112212,100000,64575,67810,0
26822,110000,1,1,2,29,0,0,0,0,0,0,106698,104546,100272,92615,92657,93364,6000,4800,4300,3600,3500,3600,0
26823,120000,1,2,1,29,0,0,2,0,0,0,579,2718,1280,3783,2522,1261,3580,0,3822,0,0,1261,0
26824,50000,1,1,2,32,0,0,0,0,0,0,18741,12724,13804,15331,15159,10188,1724,1804,2721,1159,1188,733,0
26825,100000,1,1,2,27,0,0,0,0,0,0,100751,99777,99479,94028,14578,33254,3592,4252,2620,408,26130,653,0
26826,360000,1,1,2,29,0,0,0,0,0,0,6906,4893,508,0,4861,2547,4893,508,0,4861,2547,0,0
26827,20000,1,1,2,27,1,2,3,2,3,2,4473,7216,6958,7496,7231,7269,3000,0,800,0,300,0,1
26828,50000,1,3,2,29,0,0,0,0,0,0,46803,47796,49024,50192,49515,48038,1772,2000,2100,5400,8174,1687,0
26829,500000,1,1,2,30,0,0,0,0,0,0,309558,315956,307896,241206,242481,230232,13749,11360,9572,7110,14470,7610,0
26830,50000,1,1,1,32,0,0,0,0,0,0,25411,26989,28245,29176,28696,29321,2000,2000,1500,1000,913,1800,1
26831,250000,1,3,1,34,0,0,0,0,0,0,0,0,0,0,0,0,0,0,0,0,0,0,1
26832,260000,1,2,2,34,0,0,0,0,0,0,54448,55559,59635,63624,67563,69812,2017,5000,5000,5000,5000,10000,0
26833,150000,1,1,2,34,0,0,0,0,0,0,62854,50558,52738,53747,55271,57250,5000,3000,2500,3000,3000,4870,0
26834,80000,1,1,2,33,0,0,0,0,0,0,59796,60722,31023,-2639,-2787,34732,5000,14016,0,2000,38000,6000,0
26835,180000,1,3,2,34,0,0,0,0,0,0,9531,13558,14270,11878,12920,10190,13606,14396,11936,12965,10220,10100,0
26836,170000,1,1,1,40,0,0,0,0,2,0,158326,119426,109136,106882,99917,97133,6043,4037,10019,9,3480,4635,0
26837,300000,1,1,1,40,0,0,0,0,0,0,5649,5649,5649,5699,5466,19878,5649,5649,5699,5616,20272,0,0
26838,230000,1,1,1,39,1,0,0,0,0,0,-17,1786,0,0,0,0,1803,0,0,0,0,0,0
26839,470000,1,2,2,35,0,0,0,0,0,0,262980,204078,78325,119866,-6187,-8822,10929,4177,126307,36,26,27232,0
26840,20000,1,3,1,37,0,0,0,0,0,0,18629,19202,20459,19493,17289,17684,21473,1576,2000,600,1000,700,0
26841,70000,1,1,2,38,2,0,0,0,0,0,2700,2108,2253,17743,8210,0,2108,2253,17804,8210,0,0,0
26842,320000,1,1,2,41,0,0,0,0,0,0,309805,237915,235917,227714,154939,102338,15818,10049,10015,14939,4338,5267,0
26843,500000,1,1,1,39,0,0,0,0,0,0,2514,810,8041,68595,72011,77931,810,8081,68595,72011,77931,3608,0
26844,360000,1,2,1,47,0,0,0,0,0,0,1730,2500,0,0,0,0,2500,0,0,0,0,0,0
26845,180000,1,1,1,42,0,0,0,0,0,0,326,326,326,326,652,326,326,326,326,652,0,326,0
26846,100000,1,1,1,40,2,2,0,0,0,0,27002,26274,27045,28598,30131,32356,0,1500,2000,2000,2700,1300,1
26847,10000,1,1,1,40,2,0,0,0,0,0,3567,1000,0,0,0,0,5000,0,0,0,0,0,1
26848,20000,1,2,2,41,0,0,0,0,0,0,16808,16741,14450,8796,5419,2377,1301,1000,8796,108,2377,15742,0
26849,70000,1,3,1,46,1,2,2,2,2,2,30040,29258,31137,32855,33316,34137,0,2352,2531,1300,1500,0,0
26850,20000,1,2,2,26,2,0,0,0,2,2,6078,7015,8036,9597,9294,10242,1200,1140,1700,0,1100,0,1
26851,500000,1,1,1,46,0,0,0,0,0,0,11100,16966,10000,14218,62208,83611,16966,10000,14218,62500,83611,61880,0
26852,140000,1,1,2,32,0,0,2,2,2,2,32678,37303,37114,38687,41338,40645,5400,600,2400,3500,0,1539,0
26853,360000,1,2,1,39,0,0,0,0,0,0,1261,1261,1261,1261,1261,1261,1261,1261,1261,1261,1261,1261,0
26854,160000,1,2,1,32,1,2,0,0,0,0,5525,4039,3656,3801,2540,2279,0,1094,1500,0,1000,0,1
26855,200000,1,1,1,34,0,0,0,0,0,0,165,165,165,0,0,0,165,165,0,0,0,0,0
26856,230000,1,3,1,48,0,0,2,0,0,0,20271,21979,20924,20881,21262,21469,5034,0,2000,2000,2000,2000,0
26857,360000,1,1,2,38,0,0,0,0,0,0,0,0,0,0,0,0,0,0,0,0,0,0,1
26858,260000,1,1,1,40,0,0,0,0,0,0,22325,27508,3923,9059,3360,3657,7590,3945,31086,3377,3667,493,0
26859,50000,1,2,1,35,2,2,2,0,0,0,58175,56749,52792,50167,31778,32427,2600,0,1400,0,649,32100,1
26860,500000,1,3,1,39,0,0,0,0,0,0,41597,50849,54927,57972,60224,71198,10000,4927,3972,3224,11980,5765,0
26861,230000,1,1,1,38,0,0,0,0,0,0,7904,860,-3,-3,-3,-3,864,0,0,0,0,0,0
26862,340000,1,2,1,39,0,0,0,0,0,0,148624,109990,112515,114951,117849,120739,4000,4000,4000,4500,5000,1500,0
26863,130000,1,3,1,38,0,0,0,0,0,0,6360,5375,5476,6931,99416,99702,1088,1189,2646,104590,3358,3314,0
26864,80000,1,3,1,47,0,0,0,0,0,0,70062,19669,20696,21709,22348,22988,1321,1348,1361,1000,1000,2000,0
26865,250000,1,1,1,40,0,0,0,0,0,0,396,396,396,396,396,396,396,396,396,396,396,109,0
26866,140000,1,2,1,48,1,2,2,2,2,2,86114,87896,89397,90514,91661,90100,4100,3800,3500,3500,0,6900,1
26867,390000,1,1,2,37,0,0,0,0,0,0,73,10925,0,0,0,0,10952,0,0,0,0,0,1
26868,260000,1,1,1,37,0,0,0,0,0,0,257456,261189,264520,249571,202144,197643,10621,9948,8914,6986,41000,7222,0
26869,160000,1,2,1,43,0,0,0,0,0,0,69554,72390,75521,78987,80891,62113,4000,5000,10000,4000,3000,6000,0
26870,210000,1,2,2,38,0,0,0,0,0,0,101776,14260,40236,19011,-1031,-4873,1032,40252,19011,0,0,0,0
26871,90000,1,2,1,48,2,2,0,0,0,0,71900,0,0,0,0,0,0,0,0,0,0,0,1
26872,290000,1,1,1,45,0,0,0,0,0,0,2316,2131,2476,9746,7092,5449,2143,2485,9793,7123,5460,300,0
26873,560000,1,1,2,40,0,0,0,0,0,0,487816,471138,454471,432132,285868,291140,15933,17065,14878,8505,9027,8527,0
26874,110000,1,2,1,37,0,0,2,2,0,0,111864,112112,114367,111064,112123,111575,11000,5500,0,4400,4500,4200,0
26875,350000,1,3,1,37,0,0,0,0,0,0,70257,73151,47298,25692,24542,23697,20001,5045,3000,2005,3001,4,0
26876,280000,1,1,2,35,0,0,0,0,0,0,210465,200959,146652,132527,70421,60235,10299,7200,5886,3000,5000,5000,0
26877,260000,1,1,1,40,0,0,0,0,0,0,34471,0,0,0,0,0,0,0,0,0,0,0,0
26878,440000,1,2,1,34,0,0,0,0,0,0,267475,237324,186359,119829,87068,23533,10506,8833,5456,2519,875,1018,0
26879,200000,1,4,1,49,0,0,0,0,0,0,49221,49599,50942,50146,50235,48984,1689,2164,2500,3480,2500,3000,0
26880,150000,1,2,2,32,1,2,2,2,2,2,133401,135703,142275,144427,146702,150647,6000,10275,6000,6000,6100,0,0
26881,50000,1,1,2,39,3,3,2,2,2,0,65766,59702,55899,54275,20280,20038,0,2100,0,62013,858,869,0
26882,500000,1,1,2,29,0,0,0,0,0,0,29276,7934,635,12416,4022,259,7972,637,12553,4070,259,11675,0
26883,320000,1,1,1,29,0,0,0,0,0,0,40271,91965,86047,82233,72175,77831,60043,5036,5075,5017,10077,3062,0
26884,500000,1,1,1,34,1,0,0,2,0,0,0,198,198,198,115397,120250,198,0,0,115399,6211,2054,1
26885,500000,1,1,1,45,0,0,0,0,0,0,1302,5230,3373,14071,2915,157,5308,3527,14133,2928,2,343,1
26886,260000,1,5,2,35,0,0,0,0,0,0,138834,143518,146714,148787,152306,155690,7000,7000,6000,6001,6000,6000,0
26887,330000,1,3,1,39,0,0,0,0,0,0,2184,2184,2184,2184,2184,2184,2184,2184,2184,2184,2184,2184,0
26888,360000,1,2,1,36,0,0,0,0,0,0,338992,339254,348485,346028,338981,348032,15348,20013,20018,15000,20000,20000,0
26889,360000,1,1,2,33,0,0,0,0,0,0,206597,211687,198245,217320,2500,0,10022,25045,33124,5180,0,0,0
26890,130000,1,2,2,33,2,2,3,2,0,0,20091,21459,20832,21386,22227,23466,2000,0,1200,1200,1600,1500,1
26891,320000,1,2,2,32,0,0,0,0,0,0,281017,187071,150441,167983,142305,153555,10454,80003,174169,10000,15013,1770,0
26892,350000,1,2,2,42,0,0,0,0,0,0,347790,352600,299797,218973,146326,107205,13000,11000,8232,7000,6000,7000,1
26893,20000,1,2,2,38,1,3,2,2,0,0,26288,23822,22922,22140,19170,17170,0,1500,18,2383,0,0,0
26894,200000,1,1,2,29,0,0,0,2,0,0,9228,7532,7246,3506,2376,123687,2100,3320,0,2400,127187,2187,0
26895,240000,1,3,1,33,0,0,2,0,0,2,45971,49321,48370,49660,53090,48215,4000,0,2000,4000,0,2000,0
26896,50000,1,2,1,29,0,0,0,0,0,0,39124,40474,41220,42332,43227,44530,2000,1700,1800,1600,2000,2000,0
26897,10000,1,3,1,35,0,0,0,0,0,0,7536,8152,8779,9379,9565,9062,1136,1153,1143,329,418,180,1
26898,360000,1,1,2,31,1,0,0,0,0,0,0,4260,3278,580,580,0,4260,3278,580,0,0,0,0
26899,20000,1,3,1,30,0,0,0,0,0,0,19522,23249,16668,18389,17898,18462,4358,16730,3395,1898,1000,4674,0
26900,460000,1,1,1,47,0,0,0,0,0,0,0,0,0,0,0,0,0,0,0,0,0,0,1
26901,180000,1,1,1,49,0,0,0,0,0,0,62087,63444,65420,67722,70970,72670,3000,3000,4000,5000,3000,5000,0
26902,50000,1,2,1,35,0,0,0,0,0,0,48792,50083,50323,48902,20012,19915,2105,1845,1746,691,1000,800,0
26903,70000,1,2,2,32,0,0,0,0,0,0,69921,71198,70660,67975,65805,66058,2708,2532,2569,2324,2541,2295,0
26904,140000,1,2,2,39,1,0,0,0,0,0,10091,18324,8808,27319,19278,11505,18539,1000,27329,386,1000,16215,0
26905,500000,1,2,1,41,0,0,0,0,0,0,155820,171565,184782,152365,139757,153348,20000,20241,20154,20019,20151,20037,0
26906,280000,1,2,1,44,0,0,0,0,0,0,159967,164197,122611,119023,113754,115029,7822,4529,4238,4305,4208,4003,0
26907,110000,1,2,2,37,0,0,0,0,0,0,68773,69527,76273,76409,76166,76384,3500,10000,3500,3000,3000,4000,0
26908,90000,1,1,1,37,0,0,0,0,0,0,91641,85906,87138,87141,66964,65898,3100,4300,3900,2313,2378,2647,0
26909,170000,1,1,1,38,0,0,0,0,0,0,2430,2430,2430,2430,2430,2430,2430,2430,2430,2430,2430,2599,0
26910,290000,1,1,2,40,0,0,0,0,0,0,135527,134414,140607,131933,135606,132906,8000,10000,5000,6000,4700,5000,0
26911,80000,1,2,1,46,1,2,0,0,2,2,1548,1378,3182,5124,4893,5810,0,2000,2000,0,1000,0,0
26912,150000,1,2,1,43,0,0,0,0,0,0,88812,89488,89951,86961,79284,74531,3309,5016,5050,3026,5000,5012,0
26913,80000,1,3,1,38,0,0,0,0,0,0,79135,75786,76280,71790,49835,48880,3006,4009,3006,1879,2000,2144,0
26914,20000,1,1,1,44,0,0,0,0,0,0,18091,17237,16419,17144,17855,18567,1600,1600,1300,1000,1000,950,1
26915,150000,1,2,1,36,2,2,2,2,2,2,47529,40605,39394,37686,38810,31548,17,3105,2,2020,36,1048,1
26916,300000,1,1,1,48,0,0,0,0,0,0,5036,32897,6493,23292,1254,7808,32898,6493,23324,1254,7808,3023,0
26917,130000,1,2,1,39,3,2,0,0,0,0,130819,124946,10212,2486,5170,6823,0,10252,2486,5170,3039,2386,0
26918,490000,1,1,1,41,1,2,0,0,0,0,230090,224913,227998,217660,194641,199344,0,12000,12000,8000,8000,8000,0
26919,120000,1,2,2,34,0,0,0,2,2,2,49206,50386,54656,54963,55865,54842,2000,5100,1800,2400,0,5500,0
26920,50000,1,3,1,34,0,0,0,2,0,0,15750,16472,15530,8440,1000,0,1300,2410,0,0,0,0,1
26921,150000,1,1,2,28,0,0,0,0,0,0,88506,58699,60252,62245,64202,66167,2200,2500,3000,3000,3000,3000,0
26922,720000,1,1,1,40,0,0,0,0,0,0,308274,209976,158694,148956,135217,85300,8500,6000,6000,5237,3000,8961,1
26923,20000,1,2,1,48,0,0,0,0,0,0,10222,11400,0,0,0,0,1400,0,0,0,0,0,0
26924,260000,1,1,1,35,0,0,0,0,0,0,163327,165557,152856,142605,144240,144213,8200,6243,7000,5500,5500,5411,0
26925,240000,1,1,1,33,0,0,0,0,0,0,167835,170978,172217,163786,81611,79817,7200,8400,7000,3000,2900,3100,0
26926,130000,1,2,3,34,2,2,2,0,0,0,126749,135867,132249,132416,131959,128375,11243,0,5600,5150,5100,4512,1
26927,200000,1,3,2,38,0,0,0,0,0,0,101254,105254,121893,109647,56157,37293,16002,30039,15019,10000,10000,8000,0
26928,140000,1,2,1,37,0,0,0,0,0,0,64372,64937,59133,53193,47352,41627,2300,2200,2000,2000,2000,1500,0
26929,10000,1,3,1,41,0,0,0,0,0,3,6270,7303,8375,9268,10630,10188,1300,1350,1200,1500,0,0,0
26930,140000,1,2,1,38,1,2,2,2,2,2,129497,131877,135309,131671,138771,141146,6000,7000,0,10800,4800,0,1
26931,20000,1,3,2,45,0,0,0,0,0,0,5250,7151,9024,10865,12677,14309,2000,2000,2000,2000,2000,2000,1
26932,200000,1,1,1,38,0,0,0,0,0,0,3528,1190,1958,-5,1013,2350,1196,1968,200,1018,2361,2500,0
26933,130000,1,2,1,44,0,0,0,0,0,0,139892,131365,9910,12909,0,0,6179,1969,131000,0,0,1700,1
26934,360000,1,1,2,35,0,0,0,0,0,0,10424,10197,85777,81919,75332,47622,1104,81970,3261,1886,3035,2068,0
26935,210000,1,2,1,38,2,0,0,0,0,0,196426,194724,193397,195027,199236,203241,8405,8495,7800,7378,7800,6900,1
26936,230000,1,1,1,38,0,0,0,0,0,0,0,0,0,0,0,0,0,0,0,0,0,0,0
26937,210000,1,2,1,44,1,2,0,0,2,0,89567,85552,86595,89689,85764,85830,0,4100,7200,0,3220,3300,1
26938,200000,1,2,1,35,0,0,0,0,0,0,8028,3729,-19,3920,4452,685,3747,0,3939,4470,3,1064,0
26939,20000,1,3,2,27,0,0,0,0,0,0,11849,13144,14429,15659,16959,-41,1500,1500,1500,1500,3000,13500,1
26940,410000,1,1,2,28,0,0,0,0,0,0,82735,90847,74122,72363,68703,66710,10000,6000,4000,5000,6000,3000,0
26941,280000,1,5,1,39,0,0,0,0,0,0,227604,218526,196479,196034,378323,192115,7670,7221,7091,8013,14923,7068,0
26942,360000,1,2,1,39,0,0,0,0,0,0,29814,22699,16866,13618,5000,8000,1333,2500,5000,2000,8000,5000,0
26943,10000,1,2,2,28,1,2,2,2,2,2,3717,3659,5640,5401,6811,6567,150,2200,0,1500,0,6000,1
26944,20000,1,2,2,37,1,2,0,0,0,0,14440,13916,15376,18075,18830,20423,0,2000,3000,1000,2000,0,1
26945,370000,1,1,2,30,0,0,0,0,0,0,333930,280727,285705,295747,250158,255956,13000,11000,15000,10000,10000,12000,0
26946,180000,1,1,1,48,0,0,0,0,0,0,163461,167140,160707,162477,166861,171083,8000,8000,6000,7000,7000,7000,0
26947,60000,1,1,1,38,1,0,0,0,0,0,0,0,0,0,1040,0,0,0,0,1040,0,0,0
26948,80000,1,1,1,46,2,2,2,2,0,0,57477,58539,59722,58174,59204,61092,2600,2700,0,2600,3000,2500,1
26949,70000,1,2,1,47,0,0,0,0,0,0,53239,54351,56480,57253,59150,0,2000,3000,2500,3000,0,0,0
26950,400000,1,1,2,32,0,0,0,0,0,0,3919,-8477,247784,258900,225614,228219,0,258900,20170,17000,10000,10000,0
26951,150000,1,1,2,31,0,0,0,0,0,0,13877,8190,6203,9808,3267,6662,8422,6234,9904,4016,6695,6433,0
26952,50000,1,2,1,42,1,2,0,0,0,0,50179,49056,48714,38653,19439,14711,0,4000,2000,1000,521,700,0
26953,310000,1,2,1,41,0,0,0,0,0,0,324628,305869,312567,291153,159545,97438,12000,12124,10300,8168,5500,3081,0
26954,200000,1,2,1,44,0,0,0,0,0,0,71656,63331,54977,45849,32706,23542,1714,1602,1144,786,471,2300,0
26955,430000,1,1,1,34,0,0,0,0,0,0,11873,8275,13817,7977,3417,2476,8299,13858,8000,3427,2483,8277,0
26956,240000,1,2,1,40,0,0,0,0,0,0,11671,10030,8132,8402,4585,3551,1810,1151,2029,1003,112,173,0
26957,360000,1,2,2,44,0,0,0,0,0,0,189003,154847,122037,119366,86285,83589,6050,5033,5055,3021,2363,3000,0
26958,380000,1,2,1,35,0,0,0,0,0,0,27268,75331,72950,70022,70861,70897,50042,3017,3000,3016,3000,4010,0
26959,190000,1,3,1,41,0,0,0,0,0,0,30425,31419,32450,33458,34122,34833,1467,1498,1506,1170,1209,1215,0
26960,350000,1,1,1,34,0,0,0,0,0,0,120198,122480,82329,85252,76222,67243,5900,3300,4089,3000,2400,2551,0
26961,110000,1,3,1,37,0,0,0,0,0,0,107793,102676,103276,67886,39457,39424,4010,4431,2700,1500,1500,1600,0
26962,180000,1,2,1,32,0,0,0,0,0,0,2196,396,392,1592,1304,8,396,392,1596,1308,0,2218,0
26963,400000,1,1,1,35,0,0,0,0,0,0,2240,12165,7062,8833,7659,5676,12245,7135,8891,7704,5728,4070,0
26964,500000,1,1,2,35,0,0,0,0,0,0,3938,82385,88195,52253,38743,27833,82392,10339,20089,5105,10138,28426,0
26965,170000,1,2,1,48,0,0,0,0,0,0,390,390,390,780,780,0,390,390,780,0,0,0,0
26966,360000,1,3,1,41,0,0,0,0,0,0,0,0,0,0,0,0,0,0,0,0,0,0,1
26967,60000,1,2,1,44,0,0,0,0,0,0,58216,60193,57815,50054,27535,22962,3000,2488,2000,1000,2000,3000,0
26968,350000,1,1,2,32,0,0,0,0,0,0,43356,14236,16991,18541,20075,20491,2000,3000,2000,2001,580,677,0
26969,500000,1,2,1,31,0,0,0,0,0,0,12988,7289,3823,4444,-232,-2701,1122,1077,3023,54,13,168816,0
26970,230000,1,1,2,32,0,0,0,0,0,0,48418,44734,47178,29582,38426,42500,5019,10120,20000,10000,5000,5000,0
26971,20000,1,2,1,35,0,0,0,0,2,2,11043,11770,13188,18318,18419,18978,1200,1600,5700,700,1000,0,1
26972,240000,1,2,1,37,0,0,0,0,0,0,11278,14070,15535,17734,19734,8561,3000,2000,3000,2000,2000,0,0
26973,440000,1,2,2,42,0,0,0,0,0,0,64786,45923,47256,50727,50064,59017,5000,3000,5000,5000,10000,8000,0
26974,250000,1,3,2,31,0,0,0,0,0,0,73215,70284,70375,65085,54986,50848,7009,5023,5069,10037,5184,15011,0
26975,300000,1,1,1,38,0,0,0,0,0,0,706,195,504,-627,-918,-1209,200,600,0,0,0,1791,1
26976,180000,1,2,2,28,1,1,0,0,0,0,23638,-46,-46,-46,-46,1154,3000,0,0,0,1200,44338,0
26977,360000,1,1,1,39,0,0,0,0,0,0,167685,3288,75244,6468,3169,3130,3304,75260,6484,24,3144,3458,0
26978,260000,1,1,1,38,0,0,0,0,0,0,162820,153457,143580,133477,122545,120772,6024,6012,6000,5000,5000,4000,0
26979,80000,1,1,2,42,5,4,3,2,0,0,74477,68633,62890,56788,52287,52287,0,0,0,0,0,50771,0
26980,390000,1,1,1,47,0,0,0,0,0,0,5768,8843,18982,11700,0,2978,8875,19051,11754,0,2978,0,0
26981,250000,1,3,1,42,0,0,0,0,0,0,41300,0,0,0,0,0,0,0,0,0,0,0,0
26982,100000,1,2,2,43,0,0,0,0,0,0,104028,103601,105282,83616,67825,66756,6000,5088,3098,5010,3038,4031,0
26983,170000,1,3,1,44,0,0,0,0,0,0,159094,161938,166062,170023,173854,179390,6000,7000,7000,7000,8000,7000,0
26984,500000,1,1,1,45,0,0,0,0,0,0,1366,9489,51322,12150,12463,11872,9543,51322,12176,12463,11872,22547,0
26985,410000,1,2,1,36,0,0,0,0,0,0,421227,416160,419988,359736,358471,360557,15050,16000,13100,12700,13000,13100,0
26986,360000,1,1,1,32,0,0,0,0,0,0,2500,0,0,0,0,0,0,0,0,0,0,0,0
26987,290000,1,2,1,38,0,0,0,0,0,0,24709,291,6161,6200,3892,4072,291,6170,6216,3892,4072,4382,0
26988,80000,1,2,1,44,0,0,0,0,0,0,1245,26343,22120,21365,20967,48250,27279,3200,1200,1000,29000,1500,0
26989,280000,1,1,2,31,0,0,0,0,0,0,8383,8797,8741,8178,-4,-4,9044,8844,8247,0,0,0,0
26990,360000,1,2,1,40,0,0,0,0,0,0,69464,55638,43429,45895,27851,25408,10034,15011,45919,5036,5022,6010,0
26991,100000,1,2,1,44,0,0,0,0,0,0,390,390,390,390,390,390,390,390,390,390,390,390,0
26992,80000,1,2,2,31,0,0,0,0,0,0,42188,40033,31106,28890,28613,49036,1577,1511,1415,1138,22000,1746,0
26993,80000,1,1,2,46,0,0,0,0,0,0,52674,58068,28116,30656,24750,25543,9000,7000,5004,3000,4000,5000,0
26994,180000,1,1,1,45,1,0,0,0,0,0,0,0,0,0,0,0,0,0,0,0,0,0,0
26995,400000,1,1,1,34,0,0,0,0,0,0,43711,37077,70369,15283,17668,4841,37954,71577,15973,18285,4875,647,0
26996,450000,1,2,1,48,0,0,0,0,0,0,18659,388,481,29646,10163,10163,389,483,29707,10214,10214,10184,0
26997,80000,1,1,2,34,2,2,2,2,2,2,61231,62423,63827,64682,65614,67007,2800,3000,2500,2600,2600,2600,1
26998,210000,1,2,1,37,0,0,0,0,0,0,41030,40120,51591,67772,71846,68876,3012,15065,30002,5023,2149,3041,0
26999,300000,1,2,1,45,0,0,0,0,0,0,360,360,360,360,1440,360,360,360,360,1440,360,360,0
27000,340000,1,2,2,41,0,0,0,0,0,0,186,3823,-20,4016,6209,2081,3842,0,4036,6254,2091,1917,0
27001,110000,1,1,2,30,0,0,0,0,2,2,60290,61688,63100,70391,68661,77511,3000,3000,9000,0,10000,3000,0
27002,50000,1,2,1,41,0,0,0,0,0,0,8988,6849,7471,8043,19526,7564,1200,2000,2000,3000,1000,10640,0
27003,20000,1,2,1,40,0,0,0,0,0,0,10288,9276,5622,19263,18433,26132,3010,2010,15000,4000,2000,2000,0
27004,16000,1,5,1,46,0,0,0,0,0,2,22058,24367,26965,29521,32032,31385,3000,3000,3000,3000,0,2000,0
27005,60000,1,1,2,31,0,0,0,0,0,0,57937,49740,51400,0,0,0,3000,3000,0,0,0,0,0
27006,70000,1,1,2,31,1,2,2,2,0,0,23633,22955,26574,25804,27454,25447,0,4000,0,2000,1000,1000,1
27007,70000,1,2,1,34,0,0,0,0,2,0,27202,29424,31941,35087,34226,35514,3000,3000,4000,0,2000,8200,0
27008,430000,1,1,2,35,0,0,0,0,0,0,5454,2316,12457,26522,28951,11057,2328,12799,27888,29023,12,2929,0
27009,60000,1,2,2,39,0,0,2,0,0,0,58538,61359,58147,59399,37746,37794,6000,0,2500,1316,1401,3000,0
27010,200000,1,1,1,46,0,0,0,0,0,0,28910,6581,1894,8604,3547,43097,6593,1894,8615,3563,43097,0,0
27011,160000,1,2,1,39,1,3,2,2,2,2,47675,47243,48328,49183,48237,51937,500,2000,1800,0,4500,0,0
27012,200000,1,3,1,40,0,0,0,0,0,0,205277,127,3627,6303,73,-63,269,3700,3000,390,128,90000,0
27013,500000,1,1,1,43,0,0,0,0,0,0,124362,126860,129576,129863,120781,98163,4567,4787,4745,4256,3321,3326,0
27014,50000,1,2,1,43,0,2,0,0,2,0,780,390,390,650,260,520,0,390,650,0,800,800,1
27015,220000,1,1,2,38,0,0,0,0,0,0,209044,211453,217237,198681,202479,206221,7705,9656,7189,7404,7490,7517,0
27016,180000,1,2,1,48,0,0,0,0,0,0,178440,176624,76565,82825,81763,66120,8000,10000,10000,10000,10000,3000,0
27017,310000,1,2,2,35,0,0,0,0,0,0,124617,126982,125072,126416,132772,137519,6015,5006,5006,10004,8007,5017,0
27018,80000,1,3,1,41,0,0,0,0,0,0,35646,38040,39562,40427,43417,46878,3000,2135,2000,3500,4000,3000,0
27019,50000,1,2,2,37,0,0,0,0,0,0,44756,45746,47010,47277,17410,17002,1736,2000,1267,1000,620,1000,0
27020,400000,1,1,1,43,0,0,0,0,0,0,-5,-5,5498,3259,5949,1111,0,5503,3262,5966,1111,2420,0
27021,280000,1,1,2,32,1,0,0,0,0,0,0,0,0,0,0,0,0,0,0,0,0,0,1
27022,100000,1,1,2,32,0,0,0,0,2,0,99573,159480,56267,11788,11400,11419,2787,1353,1739,0,1000,1147,0
27023,350000,1,2,1,42,0,0,0,0,0,0,195639,196554,177597,181702,176253,179190,7200,7000,7007,7000,6500,6500,0
27024,10000,1,3,2,41,0,0,0,0,0,0,4520,3483,6862,8727,8148,8640,2000,4946,2000,1000,1000,1000,0
27025,100000,1,2,2,35,2,0,0,0,0,0,92590,93354,69674,71097,72913,74738,3251,2600,2582,3000,3000,3000,0
27026,240000,1,1,1,38,0,0,0,0,0,0,3833,4890,4157,14342,11411,3006,4890,4164,14371,11411,3006,13336,0
27027,500000,1,1,1,46,0,0,0,0,0,0,0,0,1656,1400,0,0,0,1656,1400,0,0,0,0
27028,50000,1,3,1,36,3,2,2,2,2,0,150,150,150,150,150,930,0,0,0,0,930,0,1
27029,30000,1,2,1,33,0,0,0,0,0,0,59867,28357,29312,26404,25806,26325,1500,1433,1500,920,929,0,1
27030,360000,1,1,1,41,0,0,0,0,0,0,2988,0,668,0,686,7149,0,668,0,686,7149,150,0
27031,250000,1,1,1,49,0,0,0,0,0,0,236430,243445,246357,250942,205081,209309,11000,11500,11000,7500,7500,8000,0
27032,260000,1,2,2,29,0,0,0,0,0,2,190074,193244,182514,185491,197985,315366,6847,6846,8186,20000,0,10000,0
27033,50000,1,3,1,40,0,0,0,0,0,0,46850,31923,47574,7613,7613,7756,2068,18135,2000,1000,1000,2000,0
27034,550000,1,2,2,33,0,0,0,0,0,0,-509,-1925,4532,13069,5071,8276,15,10014,20000,10000,10000,7548,0
27035,420000,1,1,1,46,2,2,2,0,0,0,426429,436968,428712,425345,354852,353113,19000,0,16100,13000,14064,111170,1
27036,130000,1,2,1,35,0,0,0,0,0,0,129902,134400,0,0,0,0,7000,0,0,0,0,0,0
27037,320000,1,2,1,46,0,0,0,0,0,0,345408,340055,332945,327229,320032,290003,15004,13004,13004,11120,11004,11010,0
27038,50000,1,3,2,47,0,0,0,0,0,0,15019,16026,17257,41868,23201,18623,1263,1494,25105,728,651,624,0
27039,310000,1,1,1,45,0,0,0,0,0,0,8918,13813,6099,6255,5512,5451,14000,6129,6286,5539,5478,3613,0
27040,340000,1,1,1,49,0,0,0,0,0,0,1689,655,361,301,457,297,655,361,301,457,297,366,1
27041,280000,1,1,1,37,0,0,0,0,0,0,22398,30002,1715,4408,2517,29987,30422,1721,4428,2528,30135,8302,0
27042,250000,1,1,1,32,0,0,0,0,0,0,207,4907,6833,8766,9539,9779,4907,2000,2000,1000,319,247,0
27043,80000,1,2,3,40,0,0,0,0,0,0,72185,76854,72408,72832,46473,50329,12660,4573,3500,2000,5000,2000,0
27044,230000,1,3,2,29,1,0,0,0,0,0,-4,1496,4872,0,1241,-383,1500,5000,0,1241,0,2000,1
27045,330000,1,2,2,37,0,0,0,0,0,0,16270,140,500,1226,-1121,1879,140,1500,1226,0,3000,3000,0
27046,350000,1,3,2,41,0,0,0,0,0,0,-331,1656,1440,27000,872,12600,2155,1440,27000,872,12600,0,0
27047,280000,1,1,2,35,1,0,0,0,0,0,0,416,832,0,832,416,416,832,0,832,416,0,0
27048,140000,1,1,2,36,2,0,0,0,0,0,75384,74177,65336,53578,49288,43870,4000,4000,3500,2000,2500,1800,1
27049,130000,1,3,1,43,2,2,2,2,2,2,55544,57428,58917,60352,61167,63042,3400,3000,3000,2400,3000,2400,0
27050,200000,1,2,1,35,0,0,2,0,0,2,187487,200774,196933,187887,101278,99382,16000,0,6451,9000,0,4000,1
27051,280000,1,1,2,37,0,0,0,0,0,0,1695,5827,10190,2355,3612,586,6644,10200,2355,3612,4248,0,0
27052,20000,1,3,2,36,0,0,0,0,0,0,16842,16300,390,14536,7446,0,1000,390,14536,149,0,8346,0
27053,50000,1,3,1,47,0,0,0,0,0,0,12975,13982,15315,16019,16336,16678,1230,1563,1267,584,605,609,0
27054,30000,1,3,1,28,2,2,2,2,2,2,23027,23848,23873,24182,26022,27462,1500,700,1000,2550,2013,1108,1
27055,60000,1,5,2,32,0,0,0,0,0,0,57505,51934,40855,37742,29450,8850,1800,2000,2000,1400,200,600,0
27056,50000,1,2,1,32,0,0,0,0,0,0,47842,48752,39937,25864,6990,9990,2097,1650,1500,2000,3000,0,0
27057,20000,1,3,1,46,1,2,0,0,0,0,19450,18844,19853,19894,19993,20030,0,1626,1615,710,720,1587,0
27058,100000,1,1,1,38,0,0,0,0,0,0,46717,48435,49854,51400,0,0,2500,2500,3000,0,0,0,1
27059,100000,1,2,2,34,0,0,0,0,0,0,19138,6630,4958,5314,390,390,1100,1254,1000,390,390,390,0
27060,210000,1,2,1,39,0,0,0,0,0,0,600,169,497,15433,8500,10500,169,497,15436,170,2000,2822,1
27061,20000,1,3,1,45,0,0,0,0,0,0,26400,27400,28400,29400,30000,0,1000,1000,1000,600,0,0,0
27062,130000,1,2,2,33,1,0,0,0,0,0,0,870,390,11,1011,381,870,300,11,1000,300,500,0
27063,290000,1,3,2,41,0,0,0,0,0,0,293281,268030,157691,158720,144085,143663,7948,22429,5530,4442,5887,5890,0
27064,40000,1,1,2,45,0,0,0,0,0,0,10567,264,3430,-147,672,5408,264,3430,0,24672,5000,3020,0
27065,10000,1,2,1,33,0,0,0,0,0,0,10146,9352,9919,10400,10123,19813,1158,1200,1137,335,351,1000,0
27066,360000,1,2,2,39,0,0,0,0,0,0,10027,8929,34635,26645,18088,8703,8975,34825,26674,18112,8719,4861,0
27067,210000,1,3,1,44,1,0,0,0,0,0,0,0,0,0,0,0,0,0,0,0,0,0,1
27068,230000,1,1,2,39,0,0,0,0,2,0,260,834,-150,517,53,603,1000,0,667,0,700,10200,0
27069,60000,1,2,1,35,2,0,0,0,2,2,9501,10560,11312,13050,12578,14008,1500,1200,1900,0,1600,0,1
27070,150000,1,1,2,35,0,0,0,0,0,0,150359,147471,151713,130107,78623,79743,15000,20000,5000,2000,7000,15000,0
27071,230000,1,1,2,44,0,0,0,0,0,0,25949,27214,28472,29696,31393,33222,2000,2000,2000,2500,2500,3000,0
27072,110000,1,1,2,35,3,2,2,3,3,2,450,450,450,450,450,300,0,0,0,0,0,288,1
27073,150000,1,3,2,39,0,0,0,0,0,0,1580,2925,-551,-1944,-4430,-5813,2935,4,7,4,7,10004,0
27074,350000,1,1,1,38,0,0,0,0,0,0,17999,38899,24620,22381,13115,5167,38933,24692,22388,13115,5167,11325,0
27075,100000,1,3,2,44,0,0,0,0,0,0,90128,91542,92686,94122,53720,54866,4200,3900,3854,2000,2000,2000,1
27076,200000,1,2,2,30,0,0,0,0,0,0,65342,63218,64594,65070,20478,13737,2856,3000,1367,475,344,581,0
27077,200000,1,2,2,34,0,0,0,0,0,0,541,-59,6817,7756,8835,13129,59,6876,1009,8837,13129,12184,0
27078,10000,1,2,1,35,2,0,0,0,0,0,9242,9159,10004,9722,10044,9856,1315,1160,1139,1241,345,580,0
27079,200000,1,1,2,30,0,0,0,0,0,0,46288,48205,49352,49682,50588,42629,3000,2300,2000,2000,1500,1189,0
27080,240000,1,2,1,34,0,0,0,0,0,0,194548,198522,206312,205804,122740,137740,7200,11000,6000,3000,15000,45,0
27081,290000,1,1,2,38,0,0,0,0,0,0,2318,1818,2057,2278,1224,-57060,1827,2066,2287,1242,1827,60860,0
27082,80000,1,2,2,31,0,0,0,0,0,0,73414,69998,72368,77505,78845,74182,3000,3500,7000,3100,3000,3000,0
27083,80000,1,2,1,39,2,2,2,2,2,2,51193,50954,55132,56629,57405,58742,1200,5000,3000,2300,2400,0,1
27084,320000,1,1,2,29,0,0,0,0,0,0,46758,31422,33619,23553,9398,4296,2563,9842,24709,6022,4318,4522,0
27085,140000,1,3,1,39,1,2,2,2,0,0,89592,92225,93890,91013,91535,93065,5000,4000,0,3000,7893,2660,1
27086,60000,1,2,2,32,0,2,0,2,0,0,2178,1755,58197,50485,37710,38073,0,58197,0,2000,1366,2000,0
27087,150000,1,5,1,34,0,0,0,0,0,0,92000,94000,96000,98000,100000,0,2000,2000,2000,2000,0,0,0
27088,20000,1,3,1,39,0,2,2,2,0,0,780,780,390,0,780,0,390,0,0,780,0,0,0
27089,50000,1,2,1,44,0,0,0,0,0,0,3201,0,5701,0,0,0,0,5701,0,0,0,0,1
27090,150000,1,2,2,35,0,0,0,0,0,0,66662,61331,56523,56737,51005,47471,2116,2549,2406,2000,1655,2111,0
27091,20000,1,2,2,36,0,0,0,2,0,0,16419,17139,20159,19533,19928,19695,1300,3300,0,1000,1000,900,0
27092,80000,1,3,2,46,2,0,0,0,0,0,77142,78255,79425,70583,48308,46049,3000,3055,3047,1663,1692,1618,1
27093,50000,1,2,1,36,0,0,0,0,0,0,630,815,1104,9182,8989,8443,1000,1104,9182,275,801,184,0
27094,190000,1,1,1,48,0,0,0,0,0,0,189158,150621,153900,0,0,0,6561,6900,0,0,0,0,0
27095,190000,1,3,2,35,0,0,0,0,0,0,170928,170290,175630,171572,161319,151119,6500,8031,7510,5500,6000,5500,0
27096,140000,1,2,2,30,0,0,0,0,0,0,44300,54700,34050,3000,3000,49128,54700,34050,3000,3000,49128,5000,0
27097,160000,1,2,2,33,0,0,0,0,0,0,78859,81539,84216,86812,87679,90264,4000,4000,4000,3200,4000,4000,0
27098,580000,1,1,1,35,0,0,0,0,0,0,9238,0,1758,2886,3733,3040,0,1758,2014,3793,7,2138,0
27099,500000,1,1,1,43,1,0,0,0,0,0,0,0,0,0,177,4716,0,0,0,177,4716,1000,0
27100,130000,1,2,1,38,0,0,0,0,0,0,61105,61386,62681,64743,45288,48449,3000,4000,5000,3000,5000,2000,0
27101,300000,1,3,1,44,0,0,0,0,0,0,530,25576,1561,2106,2656,4274,25576,1561,2106,2656,4274,4310,0
27102,300000,1,2,1,45,1,0,0,0,0,0,114324,238058,236220,233586,234661,233304,244500,8613,8000,11000,8093,6399,1
27103,120000,1,2,2,34,0,0,0,0,0,0,1236,856,856,856,856,856,856,856,856,856,856,856,0
27104,220000,1,1,2,30,0,0,0,0,0,0,2895,-1,-1,300,90,2194,0,0,301,90,2204,547,0
27105,10000,1,2,1,44,0,0,0,0,0,0,390,390,0,780,0,0,390,0,780,0,0,0,0
27106,60000,1,2,1,47,0,0,0,0,0,2,29324,30333,31835,33602,38127,37382,1500,2000,2300,5100,0,2000,1
27107,150000,1,3,2,32,0,0,0,0,0,0,1437,162,116,162,530,367,162,116,162,530,367,111,0
27108,130000,1,2,2,41,0,0,0,0,0,0,124391,126032,123746,123107,42897,39378,4442,5200,5012,2500,5000,2000,0
27109,210000,1,3,1,49,0,0,0,0,0,0,27984,27686,29209,28326,26198,25020,1500,2000,1500,1000,1500,1300,0
27110,70000,1,2,2,36,0,0,0,0,0,0,20857,22199,23834,25353,27075,28092,2000,2000,2000,2000,3000,830,0
27111,130000,1,2,1,37,0,0,0,2,2,2,25991,28053,30891,30096,32169,31520,2500,3300,0,2578,0,3225,1
27112,70000,1,3,1,46,1,2,2,2,2,2,11300,10822,13633,13117,14096,13727,0,3000,0,1200,0,1500,1
27113,260000,1,6,1,48,0,0,0,0,0,0,135437,65892,60762,52402,51391,43070,19020,19002,19001,20002,18063,119660,1
27114,60000,1,2,2,29,0,0,0,0,0,0,50901,54050,54555,15177,16610,16821,4000,2500,2000,2000,628,3525,0
27115,110000,1,1,2,33,0,0,0,0,0,0,9495,12633,88334,53978,23687,26567,4018,80004,1500,12013,7000,2000,0
27116,230000,1,2,1,33,1,0,0,0,0,0,0,1427,0,198,0,525,1427,0,198,0,525,0,0
27117,100000,1,3,2,33,1,0,0,2,0,0,0,0,1991,1991,93536,95373,0,1991,0,93536,3500,8000,0
27118,360000,1,3,1,42,0,0,0,0,0,0,226988,217735,207215,197096,187693,177338,8006,7506,7006,7006,6103,5506,0
27119,120000,1,1,1,43,0,0,0,0,0,0,3131,4176,2541,5648,4122,0,5126,2557,5667,4144,0,3463,0
27120,230000,1,3,2,41,0,0,0,0,0,0,9552,11376,13185,14648,15419,15423,2000,2000,2000,1000,562,2000,1
27121,150000,1,2,2,31,0,0,0,0,0,0,19057,20091,21423,23927,25718,136667,1500,1500,3000,2000,111338,4000,0
27122,450000,1,1,2,31,1,2,2,2,0,0,153246,151659,10199,0,0,0,4009,2000,0,0,0,0,1
27123,150000,1,1,2,31,2,2,2,2,2,3,57504,58590,64813,63048,120660,122762,2500,7628,0,61923,4500,3900,1
27124,170000,1,1,1,41,0,0,0,0,0,0,70317,56742,49176,41969,37409,36214,2579,5019,10041,5012,5024,5012,0
27125,270000,1,1,1,40,0,0,0,0,0,0,3686,4699,5718,6727,6861,7005,1084,1103,1112,246,255,651,0
27126,500000,1,1,2,38,0,0,0,0,0,0,0,0,0,8086,0,0,0,0,8086,0,0,0,0
27127,300000,1,1,1,35,0,0,0,0,0,0,1246,1217,338,0,0,0,1217,338,0,0,0,0,0
27128,150000,1,1,1,35,0,0,0,0,0,0,18786,6879,16643,4869,9157,9624,6879,16701,4883,9199,9652,443,0
27129,360000,1,1,2,34,0,0,0,0,0,0,350178,359050,366591,331833,288709,290583,15000,15502,13801,9852,10224,10010,0
27130,110000,1,2,1,42,0,0,0,0,2,2,70265,74102,77901,84592,82350,87186,5000,5000,8000,0,7000,0,1
27131,360000,1,1,1,38,0,0,0,0,0,0,47026,88355,54913,25407,22179,337,48564,10072,25821,609,1,10425,0
27132,220000,1,1,2,37,0,0,0,0,0,0,0,0,0,0,0,0,0,0,0,0,0,0,1
27133,230000,1,1,2,45,0,0,0,0,0,0,92129,92690,93596,79320,64268,65193,3510,3998,2431,1697,1971,2046,0
27134,500000,1,3,1,47,0,0,0,0,0,0,1665,1665,1665,1665,8805,8764,1666,1666,1666,8806,1625,2808,0
27135,210000,1,2,1,43,0,0,0,0,0,0,48540,38410,40291,31869,32186,25554,4000,5013,4000,5000,5000,5000,0
27136,500000,1,2,1,47,0,0,0,0,0,0,18463,17849,12818,5674,11416,36000,18011,12818,5674,11416,36018,14537,0
27137,30000,1,3,1,33,3,2,2,0,0,2,19932,20708,20089,22717,26073,25583,1400,0,3000,5000,0,800,1
27138,490000,1,3,1,45,0,0,2,0,0,0,56294,57088,55597,55040,51938,60606,8000,0,5000,3000,10000,3000,0
27139,240000,1,2,1,48,0,0,0,0,0,0,236767,236769,238769,235603,233374,230897,8622,8922,8519,8499,8418,8420,0
27140,200000,1,1,1,46,2,2,2,2,2,2,64158,65506,66872,65199,79104,80692,3000,3000,0,15000,3000,3000,1
27141,490000,1,2,2,42,0,0,0,0,0,0,455520,464727,477884,488808,427064,436172,16100,20000,19000,16000,16000,15000,0
27142,240000,1,2,1,47,0,0,0,0,0,0,205495,236484,243567,44351,193283,21682,34700,11005,8006,202000,8505,377000,0
27143,160000,1,1,2,29,0,0,0,0,0,0,4908,0,0,3166,3166,0,0,0,3166,0,0,4493,0
27144,60000,1,2,2,30,0,0,2,0,0,0,921,1498,749,749,58852,6295,1498,0,749,58852,6295,0,0
27145,160000,1,5,2,40,0,0,0,0,0,0,152240,152159,154523,156121,118248,119911,7650,6300,4800,3800,4600,4300,0
27146,400000,1,3,1,42,0,0,0,0,0,0,95014,97074,98274,84698,58612,55610,5000,3532,4005,1482,1452,3000,1
27147,320000,1,2,1,33,0,0,0,0,0,0,254065,136709,81130,103543,105623,107549,68000,12000,25000,3208,4031,94390,0
27148,340000,1,1,2,38,0,0,0,0,0,0,9054,1868,1135,0,0,0,1868,1144,0,0,0,0,0
27149,240000,1,3,1,45,0,0,0,0,0,0,135367,135091,133047,132264,130372,133170,6300,4800,4737,4667,4900,4849,0
27150,100000,1,1,2,30,2,2,2,0,0,2,33217,34372,33543,34260,36580,37347,2000,0,1580,2900,1500,1600,1
27151,50000,1,1,1,46,0,0,0,0,2,2,13176,15945,17180,18811,18380,19086,3000,1500,2000,0,2000,0,0
27152,200000,1,1,1,36,1,0,0,0,0,0,-95,-95,-95,5,1005,21,0,0,100,1000,500,0,0
27153,280000,1,3,1,44,0,0,0,0,0,0,38242,41083,55444,57115,54076,58155,4000,15000,3026,3000,8043,2000,0
27154,360000,1,2,1,37,0,0,0,0,0,0,346,9138,-1,377,2899,376,9182,0,378,2912,377,3208,0
27155,20000,1,2,1,43,2,2,2,2,4,3,14301,17069,17818,20251,19657,19072,3000,1300,3000,0,0,0,1
27156,160000,1,0,1,47,0,0,0,0,0,0,386,907,3707,6987,3853,4613,907,3707,6991,77,4613,4099,0
27157,30000,1,2,2,29,7,6,5,4,3,2,33666,32875,32101,31071,30136,28496,0,0,0,0,0,1642,1
27158,90000,1,1,2,29,2,2,2,2,2,2,11512,12524,13523,13704,13882,14015,1500,1500,700,700,500,0,1
27159,20000,1,2,1,43,0,0,0,0,0,0,12721,14102,14870,16116,16436,16781,1600,1300,1500,588,610,611,1
27160,100000,1,3,2,30,0,0,0,0,2,2,37709,39588,42455,45173,46134,45263,2500,3500,3420,2000,0,6000,1
27161,20000,1,3,1,40,3,2,2,2,2,2,300,300,300,300,300,300,0,0,0,0,0,0,1
27162,300000,1,3,1,40,0,0,0,0,0,0,39883,42349,44095,46502,47578,48959,3000,2600,3000,2000,2000,2000,0
27163,70000,1,2,2,31,0,0,0,0,0,0,67958,66157,67569,67127,66483,65251,2500,2486,2700,2700,2500,3000,0
27164,10000,1,1,1,42,4,3,2,2,2,0,6744,6494,6247,7975,7701,7787,0,0,2000,0,359,331,0
27165,50000,1,2,2,42,0,0,0,0,0,0,7217,8291,9649,10975,11292,11610,1200,1500,1500,500,500,500,0
27166,280000,1,2,1,40,1,2,0,0,0,0,238094,228523,191098,160149,154421,156022,0,8000,6000,5000,10000,5000,0
27167,10000,1,3,2,44,1,2,0,0,0,0,7816,7542,8561,9571,9761,10106,0,1149,1159,349,502,200,0
27168,10000,1,2,1,29,0,0,0,0,0,0,8275,8409,8600,9470,6690,9690,2800,2000,1500,900,3000,0,1
27169,20000,1,1,2,29,0,0,0,2,0,0,13835,14897,17512,16926,17368,17959,1600,3170,0,1000,1000,3000,0
27170,200000,1,1,2,30,0,0,0,0,0,0,70185,71417,73534,74785,79985,3065,3000,3000,2000,5400,3080,998,0
27171,140000,1,2,1,34,0,0,0,0,0,0,70649,72069,74140,76421,82223,84296,3100,3140,3421,7000,3296,3283,0
27172,100000,1,1,2,32,0,0,0,0,0,0,83845,87580,84140,86400,87275,89082,4500,3300,3881,2500,2519,2700,0
27173,170000,1,1,2,33,0,0,0,0,0,0,2371,316,316,316,316,316,316,316,316,316,316,1316,0
27174,160000,1,3,1,33,0,0,0,0,0,0,326,326,326,326,326,326,326,326,326,326,326,326,0
27175,190000,1,2,2,38,0,0,0,0,0,0,3816,4575,5029,6494,678,11928,1100,1300,2000,678,11514,0,0
27176,180000,1,2,2,36,0,0,0,0,0,0,134496,136613,133557,129909,133043,133835,6600,6600,6000,6000,6000,5000,0
27177,500000,1,1,1,36,1,0,0,0,0,0,-44,-44,-44,-44,-44,-44,0,0,0,0,0,0,0
27178,340000,1,1,1,42,0,0,0,0,0,0,6888,2913,340,2823,13045,14006,2913,340,2823,13062,14016,4513,0
27179,120000,1,3,1,42,2,2,0,0,0,0,61650,0,0,0,0,0,0,0,0,0,0,0,1
27180,180000,1,1,1,38,0,0,0,0,0,0,21336,22376,23412,25013,25899,26680,1400,1400,2000,1300,1200,1000,0
27181,200000,1,3,1,48,0,0,0,0,0,0,2772,3831,8640,433,14398,3475,4127,8683,436,14595,3516,7651,0
27182,230000,1,1,1,45,0,0,0,0,0,0,24901,26071,27937,28774,29202,29683,1500,2200,2000,1100,1000,980,0
27183,120000,1,1,2,27,0,0,0,0,0,0,45375,52437,50473,45087,35424,31760,12000,5024,5000,5000,4000,5000,0
27184,150000,1,1,2,46,0,0,0,0,0,0,69627,49082,50170,46725,100503,54798,5000,3000,3000,5000,10000,5000,0
27185,80000,1,2,2,27,1,2,0,0,0,0,3751,832,2696,1457,990,3356,2,2704,1461,993,3366,5012,1
27186,90000,1,2,2,27,0,0,2,0,0,0,49271,51425,47756,45977,43936,37142,3011,1207,1619,1576,1600,2000,0
27187,200000,1,1,2,28,0,0,0,0,0,0,5838,2256,9552,4215,3400,3286,2256,9588,5135,3487,3295,7791,0
27188,240000,1,3,2,28,0,0,0,0,0,0,22334,13842,1425,10591,1793,1509,3851,1467,10594,1802,1516,1193,0
27189,120000,1,1,2,28,0,0,0,0,0,0,120942,118576,118240,116142,115087,117647,4585,5923,4533,4200,4433,4241,0
27190,120000,1,2,2,29,1,0,0,0,0,0,0,326,326,652,326,326,652,326,652,0,326,326,1
27191,230000,1,1,1,29,2,0,0,0,0,0,306836,295324,303082,307038,116506,19085,9062,10978,10361,2507,490,308,0
27192,230000,1,1,2,34,0,0,0,0,0,0,476,476,476,476,476,4145,476,476,476,476,4145,476,0
27193,250000,1,1,2,32,3,2,2,2,2,2,2500,2500,2500,2500,2500,2500,0,0,0,0,0,0,1
27194,330000,1,1,2,32,0,0,0,0,0,0,16352,0,0,0,0,0,0,0,0,0,0,0,1
27195,470000,1,2,1,32,0,0,0,0,0,0,176838,181224,143173,145293,148871,152309,9000,7000,6000,6000,6000,6000,0
27196,310000,1,1,1,33,2,2,0,0,0,0,2500,0,0,0,0,0,0,0,0,0,0,0,1
27197,20000,1,3,1,48,0,0,0,0,2,0,1522,1261,1261,2126,1573,1170,1000,1261,2126,0,0,150,1
27198,150000,1,3,2,45,0,0,0,0,0,0,6129,6051,5901,671,37082,34725,6051,5901,671,37082,5000,5000,0
27199,30000,1,2,1,35,1,0,0,2,0,0,0,26232,29093,28319,29064,28658,26232,3300,0,1200,1100,1500,1
27200,330000,1,1,1,37,0,0,0,0,0,0,694,0,2023,-22,2870,860,0,2023,0,2892,1059,1727,0
27201,180000,1,1,1,42,0,0,0,0,0,0,1568,1550,-18,-18,-18,-18,1550,0,0,0,0,0,0
27202,360000,1,2,1,38,0,0,0,0,0,0,1288,2508,2500,0,0,0,2520,2500,0,0,0,0,0
27203,150000,1,2,1,43,0,0,0,0,0,0,122084,126042,128706,131333,133974,136907,5000,3700,3719,3756,4031,3914,0
27204,280000,1,3,3,42,1,0,0,0,0,0,-191,-191,5612,6917,10247,11822,0,6100,4000,3500,2500,2000,0
27205,130000,1,3,1,39,0,0,0,0,0,0,51790,390,390,390,390,390,390,390,390,390,390,390,0
27206,240000,1,2,1,47,0,0,2,2,0,0,125055,133825,136232,132569,135007,34036,12400,6000,0,5806,2198,1207,0
27207,90000,1,2,1,41,0,0,0,0,0,0,3014,-1750,76674,77974,80064,81747,1757,79786,2836,3657,2972,6228,0
27208,190000,1,2,1,41,0,0,0,2,0,0,66506,67540,116043,107533,89331,91477,3000,50030,130,5000,4000,5000,0
27209,20000,1,1,1,41,0,0,0,0,0,0,19796,18510,16077,16389,11286,12833,1507,4011,5066,1003,7000,3000,0
27210,50000,1,2,1,40,0,0,2,2,2,2,42511,46526,46831,50799,50540,48700,5000,2175,5520,2000,302,2000,1
27211,160000,1,1,2,27,0,0,0,0,0,0,1111,1111,0,6795,0,0,1111,0,6795,0,0,0,0
27212,60000,1,3,2,31,2,2,2,2,0,0,31649,30841,34336,33489,35615,38027,0,4000,0,3000,3000,2000,1
27213,150000,1,1,2,27,0,0,0,0,0,0,56918,58368,59830,60134,26607,0,3000,3000,2000,0,0,0,0
27214,100000,1,1,2,27,2,0,0,2,2,2,34694,36014,39321,39145,39494,39896,1900,4200,900,1400,900,6440,1
27215,60000,1,2,1,35,2,2,2,2,2,2,20195,21267,21332,21680,23011,23498,1700,700,1000,2000,1000,0,0
27216,220000,1,1,1,37,0,0,0,0,0,0,8821,17039,7113,9574,1727,4201,20059,7540,9571,1739,4918,0,0
27217,130000,1,1,2,49,2,2,2,2,2,2,68739,70024,68345,72487,73591,75161,3000,0,5900,2900,2900,2900,1
27218,10000,1,3,2,42,1,2,2,2,0,0,8090,6339,8623,5885,4417,5190,0,2586,0,1000,1000,345,1
27219,200000,1,3,2,31,0,0,0,0,0,0,6492,6069,-202,1201,1200,0,1050,0,1302,100,0,0,0
27220,150000,1,3,1,42,0,0,0,0,0,0,148826,148568,151864,147485,106607,98109,6000,6012,5012,5000,4000,4000,0
27221,100000,1,1,2,32,0,0,0,0,0,0,26650,26127,26608,24689,25699,26809,2000,2000,2000,1700,1500,1500,0
27222,300000,1,2,2,36,2,2,2,2,2,2,285177,291282,293497,293046,291883,297169,13003,9003,8114,4403,8838,604,1
27223,160000,1,1,2,30,1,0,0,0,0,0,0,650,0,650,325,325,650,0,650,0,325,325,1
27224,500000,1,1,2,31,0,0,0,0,0,0,30056,18415,1697,-107,2693,5393,6000,1697,0,2800,5400,8300,0
27225,80000,1,3,2,34,0,0,0,0,0,2,72463,77862,78520,69750,48707,47418,7000,3000,3000,3600,0,2000,1
27226,90000,1,2,1,31,0,0,2,0,0,0,77107,93894,91508,86167,49479,50704,20000,0,3752,1726,2003,2000,0
27227,320000,1,1,1,33,0,0,0,0,0,0,1877,4094,4664,3878,22483,4097,4114,4687,3985,22595,4117,5838,0
27228,390000,1,1,1,35,0,0,0,0,0,0,14673,83728,67892,65246,68949,52724,83728,2637,2576,5000,2724,2000,0
27229,30000,1,2,1,40,1,4,3,2,2,3,14557,14039,13528,13810,14488,13971,0,0,800,1200,0,0,1
27230,170000,1,2,1,34,1,0,0,0,0,0,-8,-8,2698,6951,12753,12023,0,2706,6954,7002,241,13074,0
27231,200000,1,1,2,36,2,2,2,0,0,0,89082,91055,89064,90019,92850,98666,4000,0,3000,4000,7000,4000,1
27232,380000,1,5,1,48,0,0,0,0,0,0,17670,10179,11824,23991,13944,20962,10233,13826,24071,4065,21061,28484,0
27233,260000,1,1,1,43,0,0,0,0,0,0,1350,0,0,0,760,0,0,0,0,760,0,935,0
27234,360000,1,1,1,32,0,0,0,0,0,0,7462,2708,5562,3906,8413,3079,2721,5588,3924,8454,3093,4095,0
27235,240000,1,1,1,35,0,0,0,0,0,0,2024,2007,21790,17102,13367,22659,2017,21817,1120,13434,22772,22820,0
27236,100000,1,1,2,31,1,2,2,0,0,2,20505,22553,21904,23531,24636,25592,2700,0,2000,1500,1500,0,0
27237,90000,1,2,1,39,0,0,0,0,0,0,88081,83960,84963,56089,57355,58394,3244,2600,2037,2200,2110,7000,1
27238,290000,1,2,2,38,0,0,0,0,0,0,72607,1995,2791,4644,2936,2245,2003,2803,4680,2956,2254,1811,0
27239,80000,1,3,2,42,0,0,2,0,0,0,11204,17587,17405,20207,23308,26406,6922,441,3450,3541,3545,3649,0
27240,240000,1,1,1,39,0,0,0,0,0,0,14719,3192,4389,10179,5413,1899,3192,4397,10179,5413,1899,21986,0
27241,30000,1,1,2,29,0,0,0,0,0,0,17960,18968,19958,21448,15567,22,1610,1600,2050,341,22,5000,0
27242,30000,1,2,1,42,2,0,0,0,0,0,29492,29329,30720,29204,28219,28501,1488,1879,1624,900,900,900,0
27243,50000,1,2,2,33,0,0,0,0,0,0,18844,20039,21076,20578,19046,18998,1500,1371,2000,2000,1000,1000,1
27244,180000,1,3,1,37,0,0,0,0,0,0,1170,420,2745,3053,1012,1312,420,2745,1000,1392,1312,1110,1
27245,310000,1,2,1,32,0,0,0,0,0,2,11416,15864,18599,21277,25896,25354,5000,3000,3000,5000,0,1000,0
27246,80000,1,1,2,35,0,0,0,0,0,0,52132,52568,54108,55310,48198,43536,3000,3000,3000,2000,2000,2000,0
27247,50000,1,2,1,42,1,2,0,0,0,2,49559,48019,45368,-500,7907,7258,0,2200,0,8407,0,1000,0
27248,390000,1,3,2,35,0,0,0,0,0,0,55213,59122,72930,76543,78143,77763,10000,20000,10000,8000,6000,5000,0
27249,440000,1,1,2,39,0,0,0,0,0,0,120448,115977,104887,86807,71641,12420,3939,3506,3589,3061,1031,1044,0
27250,50000,1,2,2,30,1,0,0,0,0,0,0,676,-104,9732,9927,9339,676,0,10500,337,333,407,0
27251,210000,1,1,1,33,0,0,0,0,0,0,154714,150011,139854,138054,136674,136196,4830,4700,4515,4426,4436,4765,0
27252,230000,1,3,2,34,0,0,0,0,0,0,137122,138268,127797,130490,110153,112253,6700,6500,6513,4601,5000,5000,0
27253,50000,1,2,1,43,0,0,0,0,0,0,27681,28287,28924,29521,29876,30201,1458,1485,1472,1217,1347,558,0
27254,100000,1,3,2,48,0,0,2,2,0,0,390,780,390,0,780,0,780,0,0,780,0,0,1
27255,80000,1,1,1,46,2,2,2,2,2,2,40509,40551,42592,43296,43892,43060,1000,3000,1700,1600,0,3500,0
27256,250000,1,3,1,28,0,0,0,0,0,0,249827,191305,90497,92278,93354,95309,8500,3899,3913,3186,3301,3525,0
27257,150000,1,3,1,45,0,0,0,0,0,0,389,349,8362,882,1594,1385,350,8403,886,1602,1391,1156,0
27258,140000,1,3,1,42,0,0,0,0,0,0,137952,141168,143215,61586,70626,72723,7000,6110,5000,10014,5011,5005,0
27259,530000,1,1,1,35,0,0,0,0,0,0,339912,335081,333120,304353,282876,288945,12188,12639,11123,9600,10028,16947,0
27260,20000,1,1,2,30,2,2,2,2,0,0,16855,17272,19820,19104,19646,20527,1000,2832,0,658,1151,0,1
27261,130000,1,1,1,29,0,0,0,0,0,0,71051,67664,66258,62697,48210,46255,3000,3000,6000,2000,2000,2000,0
27262,20000,1,3,2,34,1,4,3,2,2,2,15526,14996,14474,13944,15073,14692,0,0,0,1363,0,2000,0
27263,50000,1,2,1,38,3,2,3,2,2,2,33759,36388,35527,36247,35367,37537,3500,0,1600,0,2900,0,1
27264,470000,1,3,2,37,2,2,0,0,0,0,519901,499024,494290,470617,398523,389927,0,20600,19000,14000,13600,13600,1
27265,310000,1,2,2,41,0,0,0,0,0,0,369398,342174,298536,168389,151755,73083,10250,9278,7000,7000,5000,188000,0
27266,180000,1,2,1,49,0,0,0,0,0,0,0,0,0,0,45,0,0,0,0,45,0,2380,0
27267,310000,1,1,1,45,0,0,0,0,0,0,8964,1168,6495,-16,-16,-16,1174,6527,0,0,0,0,0
27268,160000,1,1,1,42,2,2,0,0,2,2,14137,13613,14634,16532,15969,17701,0,1247,2145,0,2000,0,1
27269,500000,1,2,2,32,0,0,0,2,0,0,126599,132527,138945,142235,144959,148697,8000,8500,7000,7000,6000,15000,0
27270,380000,1,2,1,37,0,0,0,0,0,0,288908,288614,245375,249931,209711,185920,12036,11483,9578,6884,6549,6520,0
27271,250000,1,0,1,35,0,0,0,0,0,0,22839,7745,12035,33604,0,1190,7783,12046,33718,0,1190,590,0
27272,500000,1,1,2,39,0,0,0,0,0,0,22204,83528,-24702,23804,92715,6655,83643,472,113935,108041,33,3984,0
27273,210000,1,1,2,33,0,0,0,0,0,0,10635,9921,2570,14722,11220,14800,10046,2570,14722,11220,14800,7250,0
27274,250000,1,1,1,46,0,0,0,0,0,0,0,0,500,0,0,0,0,500,0,0,0,0,1
27275,60000,1,1,2,28,0,0,0,2,0,0,59114,59350,62130,56391,39083,39122,2800,4905,10,1600,1600,1600,0
27276,200000,1,2,1,44,0,0,0,0,0,0,4735,3668,21602,3760,2925,16751,3679,21666,4971,2933,16759,5010,0
27277,200000,1,1,1,30,2,2,2,2,2,2,44411,45379,45858,45781,47401,40536,2000,1500,1000,2540,2000,0,1
27278,20000,1,2,2,44,1,2,2,2,0,0,18330,17743,20346,19597,19086,16755,0,3208,0,600,453,138,0
27279,360000,1,1,1,41,0,0,0,0,0,0,316,736,2178,316,1812,1510,736,2178,316,1812,1510,485,1
27280,100000,1,2,1,39,0,0,0,0,0,0,91300,0,0,0,0,0,0,0,0,0,0,0,0
27281,180000,1,2,1,37,0,0,0,0,0,0,102937,104598,85805,87462,89162,91609,5000,4100,4010,4000,4000,4000,0
27282,380000,1,1,1,46,1,0,0,0,0,0,0,0,0,0,0,0,0,0,0,0,0,0,0
27283,50000,1,3,1,28,0,0,0,0,0,0,49468,49896,51057,49496,50688,50517,1900,2004,1900,2001,2200,2001,0
27284,200000,1,1,2,32,0,0,0,0,0,0,141634,145060,148817,154033,155435,151806,5700,6000,7600,5421,5400,5316,0
27285,200000,1,1,1,41,0,0,0,0,0,0,580,580,580,580,580,580,580,580,580,580,580,699,1
27286,280000,1,1,2,32,0,0,0,0,0,0,217798,202676,199490,181857,183324,177920,10050,10123,10001,6244,6315,7037,0
27287,200000,1,1,1,34,1,0,0,0,0,0,0,0,0,41673,42312,36171,0,0,41673,1206,1444,618,0
27288,150000,1,1,2,30,0,0,0,0,0,0,201864,121338,146685,137993,90715,92759,13230,31280,5979,7760,6000,260000,0
27289,360000,1,2,1,31,0,0,0,0,0,0,359491,354962,276310,196654,186281,177587,14108,11100,6992,7000,6372,5845,1
27290,230000,1,1,1,35,0,0,0,0,0,0,392,4106,2562,6245,394,987,4114,2566,6286,394,989,3129,0
27291,240000,1,2,3,35,0,0,0,0,0,0,18392,16427,16475,14648,9384,8171,1505,1327,1500,500,500,2000,0
27292,420000,1,1,1,40,0,0,0,2,2,0,4110,-150,6254,6023,0,0,0,6404,20,0,0,0,0
27293,450000,1,1,1,37,0,0,0,0,0,0,16666,16662,19428,2994,23787,41175,16662,19432,3005,23788,41214,36472,0
27294,10000,1,3,2,34,0,0,0,0,0,0,8820,8813,8464,9474,9716,9960,1100,2148,1158,400,400,400,0
27295,100000,1,2,1,30,0,0,0,0,0,0,37218,33720,24666,10550,0,0,1641,1200,1000,0,0,0,0
27296,180000,1,1,1,45,1,0,0,0,0,0,0,0,0,0,0,0,0,0,0,0,0,0,1
27297,10000,1,3,2,43,0,0,0,0,0,0,9545,10443,7329,8343,8508,8686,1117,1125,2139,304,315,345,0
27298,20000,1,3,2,43,0,0,0,0,0,0,15921,16930,17954,18966,19404,19962,1280,1304,1316,754,931,463,1
27299,50000,1,1,2,32,0,0,2,3,2,2,15068,18303,20107,19496,18885,20581,3500,2400,0,0,2000,0,1
27300,250000,1,1,2,32,0,0,0,0,0,0,55741,74048,29381,56372,34020,4575,74081,29403,56692,34055,4575,0,0
27301,150000,1,2,1,48,0,0,0,0,0,0,118610,121098,123460,66902,68230,69661,4955,4947,3818,2442,2530,2538,0
27302,30000,1,2,2,30,0,0,0,0,0,0,29993,29890,28561,-229,23930,26655,1856,1000,1698,24860,3500,3000,0
27303,500000,1,1,1,31,0,0,0,0,0,0,400780,408982,373137,316654,324049,294926,30000,25025,20000,15010,20000,0,0
27304,120000,1,1,2,31,0,0,0,0,0,0,64670,68574,71849,74974,83137,51377,5000,5000,5000,10000,5000,5000,0
27305,200000,1,1,2,31,0,0,0,0,0,0,15321,1199,933,21227,55272,58587,5006,938,21380,58007,51413,7738,0
27306,340000,1,3,1,44,0,0,0,0,0,0,109424,111606,111704,110578,109932,111127,4032,4117,4199,4103,3900,3382,0
27307,20000,1,2,2,44,0,0,0,0,0,0,19696,203,19378,19961,19962,19981,203,20710,1305,696,712,860,0
27308,20000,1,2,1,37,0,0,0,0,0,0,11551,9181,7266,11282,3303,2350,1102,2100,1000,132,47,0,0
27309,20000,1,3,2,33,1,2,2,2,2,2,16247,15689,18417,17802,19543,18442,0,3000,0,2000,0,1000,0
27310,220000,1,1,2,34,0,0,0,0,0,0,14588,6689,4664,9530,118206,112206,5021,4674,9530,120000,0,0,0
27311,20000,1,2,1,34,0,0,0,0,0,0,2799,2164,1854,3296,3435,4435,2005,1200,1500,300,1000,95,0
27312,280000,1,2,1,30,0,3,2,0,0,0,652,652,326,476,2482,-101,0,0,476,2482,101,326,0
27313,400000,1,1,1,49,0,0,0,0,0,0,38810,58265,49415,0,0,0,58265,49415,0,0,0,0,0
27314,310000,1,1,2,45,0,0,0,0,0,0,313268,278821,283847,290135,293350,300623,10010,11500,11015,11000,12000,23035,0
27315,30000,1,1,1,37,0,0,0,0,0,0,29104,30606,30416,28165,28654,29083,2000,2000,2003,2000,1000,402,1
27316,80000,1,2,2,38,0,0,0,0,0,0,73171,76815,64814,66796,41622,46002,5000,4000,4000,2000,5000,1588,0
27317,10000,1,5,2,44,0,0,0,0,0,0,8958,8774,9461,9457,9650,7500,1147,1224,1000,193,150,0,0
27318,70000,1,3,3,47,0,0,0,0,0,0,67938,64248,59258,47176,46157,44981,2314,2060,1800,1700,1634,2000,0
27319,390000,1,1,2,37,0,0,0,0,0,0,0,0,0,0,0,4792,0,0,0,0,4792,490,0
27320,340000,1,3,1,43,0,0,2,2,0,0,251135,268949,283400,277335,282890,304280,22000,20251,0,10176,26000,12000,0
27321,180000,1,1,1,41,1,2,2,2,2,0,114952,117567,119314,120882,117450,120398,6000,5100,5000,0,5000,5000,1
27322,100000,1,1,1,31,0,0,0,0,0,0,30505,31509,32597,33520,28930,30478,1509,1597,1520,1500,2000,26715,1
27323,360000,1,2,2,37,0,0,0,0,0,0,880,22311,-447,-6146,13461,0,22311,26,0,25461,0,0,0
27324,50000,1,3,2,44,0,0,0,2,0,0,49911,50525,51463,49952,19584,19080,1762,4800,0,837,700,1000,0
27325,360000,1,2,2,33,0,0,0,0,0,0,60219,45680,30878,66017,83049,16775,22694,36063,67000,36545,0,0,0
27326,50000,1,2,2,39,0,0,0,0,0,0,26842,23540,16980,16908,17327,17895,2500,2010,1500,1000,1000,900,0
27327,150000,1,2,1,35,0,0,0,0,0,0,129564,125063,118843,137751,141330,146389,10076,10050,30000,5000,6088,5150,0
27328,20000,1,3,1,30,0,0,0,0,0,0,19131,17834,18790,-27490,20001,17985,1500,1400,0,47700,700,1000,0
27329,150000,1,1,1,44,0,0,0,0,0,0,152375,122540,129558,131476,133223,136004,5005,10002,5018,10006,7007,6000,1
27330,50000,1,3,1,42,0,0,0,0,0,0,45220,46272,47330,48337,49298,50510,1800,1800,1800,1748,1990,2500,0
27331,500000,1,2,1,40,0,0,0,0,0,0,1010,4682,8570,12072,9832,984,4682,5000,5000,5000,1000,600,0
27332,280000,1,2,1,39,0,0,0,0,0,0,1525,7391,5234,3316,2970,3978,7430,5234,3316,2970,3978,3258,0
27333,270000,1,2,1,49,0,0,0,2,0,0,157713,154413,166550,162244,126877,129903,7100,16000,7,5000,5000,5000,0
27334,110000,1,2,2,42,0,0,2,2,0,0,53113,57376,57876,56309,58359,109312,5150,2000,0,2800,54000,0,0
27335,280000,1,2,2,31,0,0,0,0,0,0,136798,129735,118249,115422,114694,113047,4528,4340,3994,3968,4068,3966,0
27336,200000,1,2,1,33,0,0,0,0,0,0,2104,998,846,12319,19206,17034,1003,848,12323,8026,3083,6424,0
27337,30000,1,2,2,37,2,2,2,0,0,0,25811,29066,28322,29251,15525,0,3700,0,1800,3925,0,0,1
27338,130000,1,3,1,44,0,0,0,0,0,0,124716,128924,131790,126031,99489,94722,6789,12206,6259,5105,3474,6002,0
27339,440000,1,1,2,33,0,0,0,0,0,0,2976,16911,5945,17165,1176,18377,16911,5945,17165,0,18377,1759,0
27340,170000,1,2,1,37,1,2,0,0,0,0,77959,76115,79274,82034,85664,89272,0,5000,5000,5000,5000,5000,0
27341,50000,1,1,2,38,0,0,0,0,0,0,50620,47164,48004,49307,19218,19465,3000,3014,6047,1000,2320,3000,0
27342,120000,1,3,1,40,0,0,0,0,0,0,32161,64308,65015,66571,67632,57798,64308,3000,4000,4000,4000,4000,0
27343,500000,1,1,2,37,0,0,0,0,0,0,50140,45984,44584,25402,21140,16072,1862,1593,1538,835,451,553,0
27344,120000,1,1,2,31,0,0,0,0,0,0,15665,2647,10293,3600,0,0,2647,10363,3600,0,0,0,0
27345,180000,1,2,1,33,0,0,0,0,0,0,65226,71031,74866,78534,82246,84014,10000,5000,5000,5000,3787,4391,0
27346,350000,1,1,2,33,0,0,0,0,0,0,2394,1685,563,7535,0,1522,1685,569,7572,0,1522,700,1
27347,20000,1,2,2,30,0,0,0,0,0,0,7534,4704,15226,16528,16128,19800,2000,15300,2000,0,4200,0,0
27348,160000,1,2,1,39,0,0,0,0,0,2,14658,15666,16694,17697,19023,18584,1258,1286,1289,1615,0,1000,1
27349,290000,1,1,1,37,0,0,0,0,0,0,-17,3465,10069,4225,-4,871,3482,10194,4276,0,875,3852,0
27350,180000,1,2,2,30,0,0,0,2,0,0,3229,0,6709,6366,1950,1931,0,6709,0,1950,1931,16486,0
27351,200000,1,1,2,32,0,0,0,0,0,0,1125,2182,0,0,0,0,2182,0,0,0,0,0,1
27352,210000,1,2,1,39,0,0,0,0,0,0,1443,1443,1443,1443,1443,1443,1443,1443,1443,1443,1443,1443,0
27353,70000,1,2,2,30,1,0,0,0,0,0,0,11609,13411,14470,18070,15000,11609,2000,1400,5000,300,4220,0
27354,280000,1,2,2,38,2,2,2,2,0,0,163675,168581,170775,166749,168739,166757,9000,6000,5,5858,5741,5608,1
27355,120000,1,3,2,31,1,0,0,0,0,0,-94,-2090,-2390,-2390,-2390,-2390,3,0,0,0,0,0,1
27356,260000,1,1,2,45,0,0,0,0,0,0,6062,-900,-900,1905,897,4641,0,0,2805,2,4654,3661,0
27357,340000,1,1,2,31,0,0,0,0,0,0,342299,339883,335659,336498,321941,315006,14000,13000,13000,12000,12000,12000,0
27358,260000,1,1,2,29,0,0,0,0,0,0,56050,52079,52083,46703,47500,45030,6000,6000,5000,5000,4000,5000,0
27359,140000,1,1,2,29,0,0,0,0,0,0,34052,34677,35065,35668,36143,37064,1553,1601,1564,1399,2000,2000,0
27360,140000,1,2,1,36,1,0,0,0,0,0,119279,6771,13380,18415,20135,27390,10000,10000,8000,5000,22000,42000,0
27361,200000,1,2,1,38,1,2,2,2,0,0,185471,189921,193731,189136,191335,202780,9000,8300,0,6800,14500,0,0
27362,50000,1,2,2,43,0,0,0,0,0,0,29308,20491,20846,20247,19551,18617,2000,1340,1298,827,676,707,1
27363,130000,1,2,2,27,0,0,0,0,0,0,21920,12390,0,0,0,0,1400,0,0,0,0,0,0
27364,130000,1,1,2,27,0,0,0,0,0,0,71668,47836,0,0,0,0,2000,0,0,0,0,0,0
27365,50000,1,2,2,28,0,0,0,2,0,0,26538,27592,30627,28999,29607,29285,1500,3500,0,1051,1100,1040,0
27366,20000,1,3,1,28,0,0,0,2,0,0,19794,19519,20464,19756,19978,11680,1304,2900,0,773,626,8554,0
27367,390000,1,1,2,28,0,0,0,0,0,0,18891,19521,28868,29661,21907,8205,6000,10000,2000,15000,5000,2000,0
27368,50000,1,2,2,28,2,2,2,2,2,0,45769,47213,48162,48576,43700,44853,2500,2000,1523,200,2000,3388,0
27369,30000,1,2,2,29,1,2,0,0,0,0,24180,23498,24532,25517,25896,26282,0,1715,1700,1100,952,958,0
27370,240000,1,2,1,33,0,0,0,0,0,0,15220,7549,127494,102825,99867,99410,7575,125335,3358,2784,2833,2806,0
27371,180000,1,1,2,31,0,0,0,0,0,0,6383,3166,13346,4195,9934,3317,3200,13500,4195,10000,3500,5912,0
27372,420000,1,1,2,31,0,0,0,0,0,0,7712,72910,18030,11831,11562,46623,35527,18442,11943,11620,46856,21802,0
27373,120000,1,1,2,33,2,0,0,0,0,0,52053,52592,53748,54858,56445,58032,2000,2000,2000,2500,2500,2500,1
27374,450000,1,1,2,34,0,0,0,0,0,0,12712,1830,1183,1745,0,7519,1830,1188,1745,0,7519,0,0
27375,20000,1,1,2,34,0,0,0,0,0,0,19569,2700,0,0,0,0,1000,0,0,0,0,0,1
27376,360000,1,2,1,35,0,0,0,0,0,0,-9,-9,-9,-9,1943,2500,0,0,0,1952,2500,0,1
27377,350000,1,2,2,40,0,0,0,0,0,0,28194,29334,30900,0,223,223,1500,2000,0,223,223,223,0
27378,180000,1,3,2,44,0,0,0,0,0,0,172064,175287,119687,131725,134122,133961,8000,5018,21000,6000,6000,6000,0
27379,410000,1,2,1,41,0,0,0,0,0,0,392906,400864,410877,419454,1356,1362,16000,17986,18545,1362,6,0,0
27380,50000,1,3,1,36,0,0,0,0,0,0,44917,46230,49319,50401,18919,19469,2061,4150,2232,750,929,611,0
27381,430000,1,3,1,36,0,0,0,0,0,0,35488,39897,48916,52021,27796,29340,5000,10000,4000,1500,2000,2000,0
27382,200000,1,3,3,48,0,0,0,0,0,0,7331,4760,3529,11711,38079,0,4780,3529,11726,35000,0,0,0
27383,180000,1,1,2,35,0,0,0,0,0,0,52160,46545,43604,43571,19360,20650,3022,3005,3002,3004,3000,0,0
27384,200000,1,1,1,35,0,0,0,0,0,0,29675,28425,20289,43432,149388,136192,9000,2000,31162,157142,10418,69238,0
27385,160000,1,2,1,35,2,2,2,0,0,0,155327,159293,154957,157788,160282,100213,8000,0,7300,7000,4400,1200,1
27386,100000,1,2,1,47,0,0,0,0,0,0,72703,74147,76305,77855,78961,80452,2653,3352,3413,3000,2919,2944,0
27387,140000,1,2,2,44,2,0,0,0,0,0,84371,85119,86901,89583,90432,92332,3046,3153,4126,3231,3351,3400,1
27388,120000,1,2,1,43,0,0,0,0,0,0,3972,2809,1021,2311,3868,2980,2816,1021,2321,3868,2980,0,0
27389,360000,1,1,2,37,1,0,0,0,0,0,-2,513,1070,-10,2107,627,515,1075,0,2117,630,375,0
27390,120000,1,1,1,41,0,0,0,0,0,0,115467,54921,56542,58023,17421,105771,2000,2500,2800,1000,109000,4200,1
27391,310000,1,1,1,37,0,0,0,0,0,0,46916,5545,17152,6540,6834,6890,5545,17248,6559,10000,6890,5593,0
27392,180000,1,1,1,44,0,0,0,0,0,0,14787,12222,16564,15047,17884,13630,12898,17266,15053,17884,13630,15463,0
27393,160000,1,2,1,46,0,0,0,0,0,0,116988,114956,114531,106467,106967,109245,4200,5555,4000,4000,4000,4200,0
27394,50000,1,2,1,48,2,0,0,0,0,0,79262,40931,40892,41612,18825,18019,3278,1880,1650,10000,1000,700,1
27395,300000,1,2,1,40,0,0,0,0,0,0,25492,28048,30582,33059,35498,39902,3000,3000,3000,3000,5000,5000,0
27396,500000,1,3,1,43,0,0,0,0,0,0,57313,54997,44226,40712,37311,27068,4060,5014,5005,4000,5000,0,0
27397,230000,1,2,1,39,1,0,2,0,0,0,-430,16659,1982,1982,991,5400,18675,0,991,0,5400,0,0
27398,300000,1,3,1,45,0,0,0,2,0,0,836,390,780,390,780,780,390,780,0,780,0,0,0
27399,180000,1,2,2,41,0,0,0,0,0,0,0,900,910,0,0,0,900,910,0,0,0,0,0
27400,280000,1,2,1,45,0,0,0,0,0,0,1207,1207,1207,1207,1207,1207,1207,1207,1207,1207,1207,1207,0
27401,20000,1,3,2,47,0,0,0,0,0,0,3897,4774,-10,-10,-10,3990,1004,0,0,0,4000,2000,0
27402,360000,1,1,1,37,0,0,0,0,0,0,5225,-1900,14838,15987,13438,16935,6,18022,6036,5005,4514,1075,0
27403,20000,1,2,3,37,0,0,0,0,0,0,19701,20302,19200,17085,17953,19299,2000,1500,2000,2000,2000,1000,0
27404,250000,1,1,1,35,0,0,0,0,0,0,70767,78906,84078,70507,2841,12606,10000,10000,10000,3000,10000,5000,0
27405,120000,1,1,1,45,0,0,0,0,0,0,118287,117775,117106,118207,116885,123040,5700,5700,6000,5000,10000,0,0
27406,100000,1,5,3,44,2,2,0,0,0,0,40199,39218,35464,30456,29420,27102,0,2005,1700,976,2000,3000,0
27407,50000,1,3,1,47,0,0,0,2,0,0,11752,13244,14722,15181,15928,16671,2000,2000,1000,1000,1000,1000,0
27408,470000,1,3,2,31,0,0,2,0,0,0,8748,2442,2272,6040,6655,1200,3500,11,6080,6688,1206,0,0
27409,80000,1,2,1,45,0,0,0,0,0,0,10290,40000,0,2303,71637,7893,40000,0,2303,71637,1796,0,0
27410,110000,1,2,2,29,0,0,0,0,0,0,31327,31495,27682,28418,29442,30213,2000,1800,1500,1500,1400,5002,0
27411,280000,1,2,2,30,0,0,0,0,0,0,261602,267238,273951,262720,130384,102181,10000,11075,8972,5182,10000,4000,0
27412,200000,1,1,1,37,0,0,0,0,0,0,3509,-8,1898,0,6062,0,0,1906,0,6062,0,1534,0
27413,170000,1,3,1,45,0,0,0,0,0,0,34778,40441,40937,34090,34894,36829,10000,5000,2000,2000,3000,2000,0
27414,60000,1,2,1,41,1,0,0,0,0,0,-1582,56557,55839,47797,8062,8284,59852,5011,5000,2500,1000,5000,0
27415,180000,1,2,1,36,0,0,0,0,0,0,184661,183112,183172,183117,179277,183394,7000,7000,7000,6411,7000,7000,0
27416,300000,1,2,1,43,0,0,0,0,0,0,0,0,0,0,0,0,0,0,0,0,0,0,1
27417,150000,1,2,1,40,0,0,0,0,0,0,142326,145231,150145,150500,0,0,4500,6114,3500,0,0,0,1
27418,210000,1,1,2,39,0,0,0,0,0,0,28435,7615,0,0,0,0,7637,0,0,0,0,14263,0
27419,50000,1,3,2,37,0,0,0,0,0,0,20248,50797,53340,45661,20180,21155,45535,3500,1424,2000,1300,754,0
27420,50000,1,1,1,45,0,0,0,0,0,0,390,390,390,390,390,390,390,390,390,390,390,390,1
27421,300000,1,2,1,35,0,0,0,0,0,0,0,0,0,0,0,0,0,0,0,0,0,0,0
27422,80000,1,2,1,43,0,0,0,0,0,0,78726,78837,76792,61435,26516,27215,3000,3000,3000,1500,1500,1500,0
27423,170000,1,2,2,31,0,0,0,0,0,0,172012,167929,116189,192082,120077,92593,168019,5000,6000,7125,5000,4500,0
27424,50000,1,3,1,44,0,0,0,0,0,0,19951,17221,15816,13983,13638,10657,1282,1253,1170,535,387,405,0
27425,140000,1,2,1,40,0,0,0,0,0,0,139282,138095,140725,139401,103929,101148,4945,5254,4861,3649,3653,3700,1
27426,350000,1,2,1,36,0,0,0,0,0,0,32596,16666,32597,16666,16666,32809,1000,32597,1000,16666,32809,526,1
27427,20000,1,2,1,45,0,0,0,0,0,0,836,836,2006,-2830,-7220,-11610,836,2006,1441,0,0,0,0
27428,170000,1,1,2,32,2,2,0,0,0,0,2097,0,0,0,0,6271,0,0,0,0,6271,0,1
27429,20000,1,3,2,40,0,0,0,0,0,0,17613,18897,34964,9376,9620,780,1590,1208,1276,520,1560,0,1
27430,240000,1,2,1,44,0,0,0,0,0,0,23904,21643,19743,20298,15475,15852,1400,1400,1300,1000,1000,1000,0
27431,50000,1,2,1,40,0,0,0,0,0,0,31852,28526,60032,25443,19600,19405,1600,2018,1500,1000,1500,1000,1
27432,230000,1,2,1,41,0,0,0,0,0,0,301038,305327,213058,216260,215968,174195,9405,7769,7757,8030,6549,5226,1
27433,100000,1,1,1,35,1,2,0,0,0,0,3515,2975,2342,12016,10203,5323,10,3141,12021,135,507,6,0
27434,300000,1,1,2,45,0,0,0,0,0,0,3016,-2659,40996,41513,38303,36352,0,43655,1752,937,916,1122,0
27435,90000,1,2,1,42,0,0,0,0,0,0,87104,90651,92400,0,0,0,5000,4500,0,0,0,0,1
27436,210000,1,1,2,32,0,0,0,0,0,0,218742,218317,73874,73219,96844,94731,10000,5000,5000,30000,4500,15000,0
27437,50000,1,2,2,44,0,0,0,0,0,0,10101,6295,7333,8349,8362,8727,1300,1300,1300,300,500,500,0
27438,400000,1,2,1,46,0,0,0,0,0,0,113125,98056,141712,123382,125687,128018,8000,128000,5000,5000,5000,5000,0
27439,300000,1,1,1,37,0,0,0,0,0,0,19954,22492,20477,27206,37191,7543,23348,20477,27206,177202,7543,13719,0
27440,150000,1,1,2,32,2,2,2,2,2,2,126115,128860,131426,132703,129080,136996,6300,6100,4900,0,10200,5100,0
27441,500000,1,1,1,35,2,0,0,0,0,0,510367,473584,167682,501496,508213,496801,24913,5872,508229,18089,14070,15009,1
27442,300000,1,2,2,38,1,0,3,2,0,0,0,780,780,390,390,390,1560,0,0,390,390,540,1
27443,300000,1,1,1,45,1,0,0,0,0,0,0,0,0,0,0,0,0,0,0,0,0,0,0
27444,150000,1,1,2,33,0,2,0,0,0,0,6146,891,8969,6027,5132,1461,0,8969,6027,0,1461,50289,0
27445,410000,1,1,2,32,0,0,0,0,0,0,198954,202511,199348,201941,101962,104837,7000,9000,9000,5000,5000,5000,0
27446,80000,1,1,2,33,0,0,0,0,0,0,77244,78259,79286,69708,49743,48969,3492,3593,3006,1729,2000,1900,0
27447,50000,1,3,2,33,0,0,0,0,0,0,8949,9745,30739,30266,14581,12930,1030,31117,2000,14840,259,0,0
27448,140000,1,3,2,33,0,0,0,0,0,0,500,473,-27,3788,0,9386,473,0,3815,0,9386,722,0
27449,150000,1,2,1,33,2,0,0,0,0,0,1033,1533,0,0,0,0,1550,0,0,0,0,0,1
27450,20000,1,1,1,33,0,0,0,0,0,0,20276,20134,20298,19269,19254,19484,1326,1326,1287,662,903,500,0
27451,200000,1,1,2,33,0,0,0,0,0,0,12202,1964,12181,5908,1114,8314,4994,12181,2000,1114,8314,1114,0
27452,110000,1,2,2,42,0,0,0,0,0,0,80338,83483,74258,66409,69895,72234,5000,10000,3000,6000,3300,5000,0
27453,230000,1,2,2,41,2,0,0,0,0,0,225043,229701,229250,229572,213420,218809,10000,11000,9000,9000,9000,9000,1
27454,50000,1,2,1,49,1,2,2,2,2,2,17371,17789,18209,18595,20323,19218,1000,1000,1000,2000,0,1000,1
27455,50000,1,2,2,49,1,2,0,0,0,0,47360,45915,46686,47084,14253,15479,0,2200,2000,1000,2000,2000,0
27456,50000,1,1,1,49,0,0,0,2,0,0,25801,-1032,6910,6314,18544,12894,0,9000,88,18596,5023,5028,0
27457,310000,1,1,1,50,0,0,0,0,0,0,396,396,0,942,1645,1287,396,0,942,1645,1287,2077,0
27458,10000,1,2,1,49,1,0,0,0,0,0,-20,780,0,780,0,0,800,0,780,0,0,0,1
27459,100000,1,3,1,50,2,3,2,2,3,2,66204,64551,66924,72209,70451,72179,0,4000,7000,0,3000,3000,0
27460,700000,1,2,1,50,0,0,0,0,0,0,3528,2018,2131,5746,733,2913,2024,2131,5750,733,2917,2131,0
27461,330000,1,1,1,50,0,0,0,0,0,0,-17,-17,-17,988,-12,138,0,0,1005,12,150,13,0
27462,300000,1,2,1,46,0,0,0,0,0,0,1413,15393,-10,-10,7805,5738,15480,0,0,7815,28,6554,0
27463,500000,1,3,1,49,0,0,0,0,0,0,260991,214726,230250,188805,192229,2786,7890,20132,20004,7714,3000,1543,0
27464,10000,1,3,1,51,1,0,2,2,0,0,0,950,1170,780,780,0,950,1000,0,0,0,0,0
27465,70000,1,3,1,50,0,0,0,0,0,0,68725,70413,70004,38102,28931,29143,3220,2220,28931,1000,1050,1052,0
27466,110000,1,2,1,50,1,0,0,0,0,0,-10682,50928,54711,55926,18030,18367,62000,5000,3000,2000,1000,2000,0
27467,250000,1,2,1,50,0,0,0,0,0,0,238215,182156,121786,-329,-494,1541,9000,5000,0,0,2200,0,0
27468,550000,1,3,1,50,2,2,2,0,0,2,491810,534289,494690,504929,501474,446605,51500,0,19067,35696,0,18169,1
27469,390000,1,1,2,47,0,0,0,0,0,0,898,0,0,2582,128,6273,0,0,2582,128,6273,0,0
27470,100000,1,6,2,51,2,2,0,0,0,0,104264,101658,97937,98893,101044,96045,0,4134,3952,3611,3298,3401,0
27471,20000,1,2,1,47,2,0,0,0,0,0,17305,17917,18600,19034,19022,19046,1295,1368,1192,570,606,600,1
27472,360000,1,2,1,50,0,0,0,0,0,0,221855,256171,-229,10527,9564,0,46000,0,10756,5035,0,0,0
27473,60000,1,2,1,50,0,0,0,0,0,0,7888,13989,9588,18041,14458,12710,14026,9700,18064,4016,5029,2828,0
27474,150000,1,2,1,51,2,2,0,0,2,2,17307,16736,17491,24882,25229,24688,0,1329,7720,1051,0,1987,1
27475,360000,1,3,1,49,0,0,0,0,0,0,170792,153458,136109,114908,111274,110141,5729,5365,4664,3890,3899,4724,0
27476,50000,1,1,2,49,0,0,0,0,0,0,48960,49686,50723,9182,10025,10400,2255,2292,1157,1000,600,0,0
27477,170000,1,1,1,50,1,2,2,2,2,2,152495,155698,159029,160628,162808,163364,7200,7300,5700,6300,3300,9300,0
27478,300000,1,2,1,51,1,2,0,0,0,2,198235,193548,198422,204116,214691,218101,0,8000,9000,15500,7000,10000,0
27479,150000,1,3,2,51,0,0,0,0,0,0,3958,3146,2651,2465,4108,4703,3146,2659,2472,4116,4703,4708,0
27480,300000,1,3,1,51,0,0,0,0,0,0,1236,-13,-13,2155,2402,-10,0,0,2168,2421,0,0,0
27481,500000,1,1,1,57,0,0,0,0,0,0,18726,29914,8340,16561,15662,28935,29914,8340,16561,15701,28935,10000,0
27482,160000,1,2,2,57,0,0,0,0,0,0,-1,-1,-1,-1,-1,600,0,0,0,0,601,0,1
27483,50000,1,1,2,54,2,0,0,0,0,0,9159,10474,10184,6279,7693,15083,1500,1508,1000,1500,1000,2000,0
27484,10000,1,3,2,56,2,2,0,0,0,0,10156,8570,6101,6711,7258,7777,0,1500,2000,2000,2000,2000,0
27485,100000,1,3,1,54,2,2,2,3,2,2,81507,83154,88223,85924,86803,88745,3900,7300,0,3200,3500,3420,1
27486,300000,1,1,1,58,2,2,2,2,2,2,148265,158230,160242,156171,165556,169250,14000,6000,0,12000,6500,6500,1
27487,30000,1,2,1,57,0,0,0,0,0,0,24911,26241,27512,27831,28795,29285,1750,2000,1240,1200,1100,0,1
27488,90000,1,1,2,52,0,0,0,0,0,0,91671,91656,87106,48730,27535,27751,4508,5110,2000,3000,1000,3000,0
27489,30000,1,3,2,53,0,0,0,0,0,0,29683,26328,27422,28307,28902,29506,1426,1520,1405,1000,1006,1451,0
27490,140000,1,3,1,53,0,0,0,0,0,0,133167,135889,81607,83927,84861,86556,5400,3000,4000,3500,3504,3500,0
27491,50000,1,1,2,53,0,0,0,0,0,0,49512,50463,49793,50032,18336,18720,1771,2061,1300,643,666,686,0
27492,100000,1,5,1,53,0,0,0,0,0,0,184438,188238,192080,196000,200000,0,3800,3842,3920,4000,0,0,0
27493,30000,1,2,1,49,0,0,0,0,0,0,29707,28853,30107,29923,29472,27729,2000,3000,4000,2000,4000,2000,0
27494,160000,1,3,1,51,0,0,0,0,0,0,4042,4338,-1801,-5513,743,1012,1000,0,0,6256,1050,1000,1
27495,10000,1,3,1,57,0,0,0,2,2,0,7525,6952,9356,9533,9233,9295,1276,2680,477,0,360,1000,0
27496,170000,1,2,1,57,0,0,0,0,0,0,792,-2604,396,792,396,396,0,3396,792,0,396,396,1
27497,50000,1,1,1,48,0,0,0,0,0,0,48096,49267,48078,25869,22647,2875,2300,2000,1600,100,250,104,0
27498,500000,1,3,1,53,0,2,2,0,0,0,5008,546,-4,-4,1319,2977,1,0,0,1323,3000,8,0
27499,500000,1,3,1,55,2,0,0,0,0,0,613860,512526,334227,145482,125936,91382,37300,11000,4500,4000,4000,100000,1
27500,20000,1,2,1,59,3,2,3,3,2,2,6015,7759,8486,8208,7930,8650,2000,1000,0,0,1000,0,1
27501,20000,1,2,1,52,0,0,0,0,0,0,16361,17368,18546,19283,14821,0,1285,1463,1200,296,0,0,0
27502,80000,1,6,1,54,0,0,0,0,0,0,61454,61808,62290,29296,26210,17643,2545,2208,1336,2232,542,348,1
27503,500000,1,1,1,58,1,2,0,0,0,0,65005,63099,64610,64133,264,264,0,2787,1312,264,264,4709,0
27504,20000,1,3,2,62,0,0,0,0,0,0,16303,17314,18343,19331,18541,18929,1286,1315,1303,663,686,744,0
27505,190000,1,2,2,56,0,0,0,0,0,0,105046,85715,66984,67864,68156,67958,2777,2458,2411,2405,2595,3000,0
27506,160000,1,2,2,59,0,0,0,0,0,0,86249,85764,83764,75088,69753,66574,5000,4214,4014,2500,3000,3000,0
27507,170000,1,1,2,51,0,0,0,0,0,0,201851,195038,189067,180389,137030,129222,6873,7509,5573,4309,4239,5142,1
27508,80000,1,2,1,54,0,0,0,0,0,0,80449,77652,77980,79938,50209,49762,2779,3075,5000,1750,1810,3000,1
27509,180000,1,2,1,57,0,0,0,0,0,0,182329,177183,177694,127051,128562,129128,9000,7000,5000,5000,10000,5000,0
27510,50000,1,3,2,51,2,2,0,0,0,0,51264,48695,32617,18834,15810,15786,68,1510,1724,0,366,1455,1
27511,70000,1,2,2,62,6,5,4,3,2,0,112202,103834,95609,86494,79359,74937,0,0,0,0,2150,2511,0
27512,20000,1,2,1,55,0,0,2,0,0,2,10301,12871,12374,13392,14938,14557,2750,0,1231,1777,0,4859,1
27513,330000,1,2,1,48,0,0,0,0,0,0,933,12663,10151,60841,41945,21183,12701,10183,62619,1945,1183,115647,0
27514,330000,1,3,1,57,0,0,0,0,0,0,3524,262,248,784,220,256,300,250,800,300,300,200,0
27515,320000,1,1,1,51,0,0,0,0,0,0,1834,556,1622,7728,5781,3896,556,1622,7762,5781,3896,2182,0
27516,140000,1,3,1,59,0,0,0,0,0,0,2859,3447,0,2061,0,3035,3447,0,2061,0,3035,2302,0
27517,20000,1,2,1,55,0,0,0,0,0,0,15793,16823,17848,27843,19352,19938,1300,1302,1320,1137,1000,510,0
27518,70000,1,3,1,53,0,0,0,2,0,0,712,712,862,862,862,862,712,862,712,712,712,712,0
27519,240000,1,2,2,67,0,0,0,0,0,0,542827,508581,471796,468202,442401,419209,20225,17389,80167,15167,16000,13133,0
27520,460000,1,2,1,52,0,0,0,0,0,0,177520,174746,168279,171579,163450,160547,8000,9000,8154,6000,6000,6000,0
27521,80000,1,1,2,56,0,0,0,0,0,0,89088,83558,84848,63373,20324,23749,3400,2983,1501,5000,5000,5000,1
27522,20000,1,2,2,56,0,0,2,2,2,0,15397,17819,18239,19094,12393,13037,3000,1000,1500,0,1000,1000,0
27523,200000,1,3,1,54,0,0,0,2,0,0,1749,3939,7856,3640,3656,6273,3000,4031,5,16,6005,733,1
27524,200000,1,2,1,51,2,0,0,0,0,0,206,2522,1261,0,1261,-1261,2522,1261,0,1261,0,5242,1
27525,420000,1,3,1,53,0,0,0,0,0,0,3717,-2953,-2953,-2953,-2953,-2953,5,0,0,0,0,0,0
27526,130000,1,2,2,54,0,0,0,0,0,0,30184,31795,31467,-440,-240,-240,2419,1000,0,200,0,0,0
27527,30000,1,2,3,53,1,0,0,2,0,0,0,0,4070,3825,3825,0,0,4070,0,0,0,0,1
27528,110000,1,2,1,51,0,0,0,0,0,0,54051,55126,57239,104353,48308,49693,1972,3000,49000,1569,2000,2000,1
27529,360000,1,2,1,51,0,0,0,0,0,0,14093,10575,7675,18602,20461,33404,10575,7685,18610,8000,21004,0,0
27530,50000,1,2,1,56,1,2,2,0,0,0,48141,50783,49581,36828,19361,19780,3739,28,1502,670,708,681,0
27531,70000,1,3,1,54,0,0,0,0,0,0,64527,59996,57417,54558,58968,63456,2519,5015,4000,5950,6000,2507,0
27532,420000,1,3,1,59,0,0,0,0,0,0,24389,21232,24524,21318,21496,19704,1733,10026,1606,2006,707,1037,0
27533,50000,1,3,1,57,0,0,0,0,0,0,49543,41465,24091,20071,19221,19622,1500,1328,1600,700,696,707,0
27534,450000,1,2,1,55,2,2,0,0,0,0,2500,0,0,0,0,0,0,0,0,0,0,0,1
27535,50000,1,2,1,56,0,0,0,0,0,0,38111,37934,16816,602,712,822,2966,1000,602,500,500,500,0
27536,20000,1,3,1,53,3,4,3,2,3,2,15507,14974,14449,15116,14582,14206,0,0,1200,0,0,2230,1
27537,250000,1,1,1,51,3,2,2,2,2,2,2487,2487,2487,2487,2487,2487,0,0,0,0,0,0,1
27538,20000,1,2,3,53,0,0,0,0,0,0,18856,19840,18588,17650,18003,18390,1318,1298,1260,613,645,732,0
27539,240000,1,3,1,57,0,0,0,0,0,0,224736,230814,234047,164960,167934,171113,9573,7893,6151,5527,5708,5738,0
27540,50000,1,3,1,52,0,0,0,0,0,0,47594,48611,49063,16908,13112,2280,2200,2343,1178,654,2280,390,1
27541,180000,1,3,1,65,0,0,0,0,0,0,191309,174775,174702,176816,180911,123229,175100,7000,5000,5309,5288,3000,1
27542,250000,1,1,1,71,0,0,0,0,0,0,173907,177484,177946,159849,145461,141487,6504,6243,5446,4721,4385,7805,0
27543,30000,1,3,2,52,0,0,0,2,2,0,25686,27449,30286,29993,58134,28910,2500,3600,1390,0,1000,1500,0
27544,50000,1,3,1,55,0,0,0,0,0,2,40247,41382,49943,50412,30970,30362,1800,9331,1500,4549,0,1092,1
27545,20000,1,2,1,62,1,2,2,0,0,0,17539,18563,17982,18659,19035,20236,1612,0,1289,665,1491,0,0
27546,260000,1,3,1,52,0,0,0,0,0,0,187581,184144,140829,117445,114581,111726,7299,5375,4227,4052,3941,3626,1
27547,130000,1,3,1,54,0,0,0,0,0,0,193,2499,0,0,428,150,2520,0,0,428,150,285,0
27548,490000,1,2,1,51,1,0,0,2,0,0,-16,-16,5498,282,28688,26302,0,7504,0,28606,0,2499,1
27549,150000,1,3,1,52,2,2,2,2,2,0,142903,152574,150080,47214,144862,148153,13312,2305,0,98828,4241,3625,1
27550,30000,1,3,1,53,1,2,2,2,2,2,18361,20250,19637,21705,21059,23716,2500,0,2403,0,3000,0,1
27551,50000,1,2,2,54,1,0,0,0,0,0,0,0,0,0,0,0,0,0,0,0,0,0,1
27552,330000,1,3,1,53,0,0,0,0,0,0,141061,144526,148420,152341,149998,-2,3856,3926,3966,3000,2,0,0
27553,330000,1,2,1,52,0,0,0,0,0,0,171004,173360,175958,178468,181544,184338,6199,6386,6435,7000,6688,6688,0
27554,140000,1,3,1,56,2,0,0,0,0,0,90462,93167,94370,95894,91600,93347,4212,3600,3258,3313,3258,3223,1
27555,40000,1,2,1,55,1,0,0,0,0,0,-150,-540,-930,-1320,-1710,-2100,0,0,0,0,0,0,1
27556,360000,1,3,2,54,0,0,0,0,0,0,390,390,390,390,390,390,390,390,390,390,390,96702,0
27557,80000,1,2,2,59,2,2,2,2,2,0,24756,29818,29060,31133,24135,22970,5500,13,4000,5,2005,2005,1
27558,730000,1,3,1,56,0,0,0,0,0,0,746814,374028,351588,86927,66111,38491,20500,16500,3000,2000,2000,5000,0
27559,180000,1,1,1,63,0,0,0,0,0,0,157932,156847,130572,120464,109129,112273,7000,5500,4218,4500,5000,4000,0
27560,190000,1,3,1,64,0,0,0,2,0,0,65666,67379,72878,70731,71285,72403,3800,7600,0,2700,2800,2800,0
27561,50000,1,3,2,57,0,0,0,0,0,0,390,1726,390,390,390,390,1726,390,390,390,390,540,0
27562,230000,1,1,1,56,0,0,0,0,0,0,38349,39154,39921,40828,37934,38889,1933,1700,1600,1340,1548,1844,0
27563,20000,1,3,1,53,0,0,0,0,0,0,19084,19224,18545,19405,19358,19413,1300,1400,1300,700,700,646,0
27564,130000,1,2,2,56,0,0,0,0,0,0,121165,109805,111780,116357,96936,98173,4000,5000,8000,4000,4000,5000,0
27565,30000,1,6,1,53,0,0,0,0,0,0,1780,0,0,0,0,0,24437,0,0,0,0,0,1
27566,360000,1,1,1,57,1,0,0,0,0,0,0,0,860,246,-46,-46,0,860,246,0,0,0,0
27567,100000,1,2,1,52,1,2,2,2,2,2,15420,16927,16432,18019,17501,18786,2000,0,2100,0,1500,0,0
27568,180000,1,3,2,55,0,0,0,0,0,0,193095,186835,182287,159992,145387,137632,6900,7100,5659,5100,4900,4400,0
27569,210000,1,2,1,53,1,0,2,0,0,0,-197,3195,1821,1683,0,1986,3392,2,1683,0,1986,1188,0
27570,340000,1,2,1,53,0,0,0,0,0,0,342617,346067,350031,304706,250216,253526,12604,14000,11000,9000,10000,30000,1
27571,20000,1,1,1,52,0,0,0,0,0,0,21192,19965,390,390,780,780,1600,390,390,780,0,10400,0
27572,20000,1,2,1,52,0,0,0,0,0,0,990,2990,790,1590,2359,2780,2990,790,1590,2359,2780,1200,0
27573,500000,1,1,1,54,0,0,0,0,0,0,493251,496315,480411,489978,493062,474301,18725,18000,17534,17649,18007,20000,0
27574,360000,1,1,1,53,0,0,0,0,0,0,826,4741,6336,937,766,1065,4765,6395,941,769,1070,1088,0
27575,50000,1,3,1,54,0,0,0,0,0,0,47722,47080,48813,49107,18000,17538,2100,3000,2000,1200,1000,3000,0
27576,530000,1,2,1,54,0,0,0,0,0,0,-30,-420,390,390,166210,129716,0,1200,390,166210,6000,3000,0
27577,260000,1,1,1,59,0,0,0,0,0,0,1929,-627,4134,792,1309,2557,627,7388,792,1312,2564,804,0
27578,40000,1,3,1,50,1,2,0,0,0,0,35879,34625,36757,20650,0,0,0,3078,21650,0,0,0,1
27579,30000,1,2,2,60,0,0,0,0,0,0,23575,24582,25711,26614,26948,14648,1398,1527,1430,764,530,655,0
27580,240000,1,1,1,55,1,4,3,2,2,2,99259,96819,94429,95475,96603,98699,0,0,3500,3600,3800,3700,1
27581,320000,1,1,2,55,2,2,2,2,0,0,200545,205973,211323,202240,122963,125465,9600,9500,0,4253,4332,4300,1
27582,70000,1,3,3,61,3,2,2,0,0,0,8909,9812,9511,10828,11346,11589,1200,0,1482,1000,426,1000,0
27583,200000,1,2,1,58,0,2,2,0,0,0,1877,1830,200,200,18370,53276,151,200,0,18370,53276,30000,0
27584,360000,1,1,1,51,0,0,0,0,0,0,2782,5608,923,12886,489,172,5636,927,12950,491,173,7144,0
27585,110000,1,2,2,51,0,0,0,0,0,0,25707,26740,27871,28858,29541,27977,1400,1500,1400,1000,1000,760,1
27586,80000,1,3,1,52,1,2,2,2,0,0,77185,80311,81558,78761,71352,19674,5000,3100,0,2000,713,1500,1
27587,200000,1,1,1,52,1,0,0,0,0,0,-768,-768,-768,-768,-768,-768,0,0,0,0,0,1536,0
27588,100000,1,3,1,56,0,0,0,0,0,0,390,390,0,780,0,0,390,0,780,0,0,0,1
27589,160000,1,3,2,53,0,0,0,0,0,0,791,9164,4791,2999,961,994,9173,4805,3008,1742,998,1101,0
27590,140000,1,1,1,55,1,0,0,0,0,0,0,0,0,0,0,0,0,0,0,0,0,0,1
27591,300000,1,2,1,55,0,0,0,0,0,0,69994,71388,72886,74371,75854,77440,2552,2645,2696,2716,2809,2826,0
27592,50000,1,3,1,59,1,2,0,0,0,0,48504,46768,47976,39703,19777,19162,0,2100,2000,1000,1000,1000,0
27593,50000,2,2,1,29,0,0,0,0,0,0,49895,48434,47827,28935,28224,27547,1867,1521,1419,969,997,952,1
27594,50000,2,1,1,29,0,0,0,0,0,0,50737,50486,50035,49388,10275,9598,1818,2200,1192,1000,2000,1000,0
27595,50000,2,2,1,34,0,0,0,2,0,0,11340,11367,10982,10243,10826,11699,3200,3000,1000,1000,1000,2000,0
27596,50000,2,2,1,38,0,0,0,0,0,0,51400,0,0,0,0,0,0,0,0,0,0,0,1
27597,210000,2,1,2,29,0,0,0,0,0,0,2783,1080,2855,20787,8307,1747,1088,2855,20787,8314,1747,309,0
27598,150000,2,1,2,26,0,0,0,0,0,0,24242,20263,21332,22371,22700,23184,1700,1700,1700,1000,1000,1000,0
27599,190000,2,2,1,29,0,0,0,0,0,0,0,0,0,0,0,0,0,0,0,0,0,0,0
27600,80000,2,1,2,26,2,0,0,2,2,2,37097,38174,40550,41577,41595,43264,2000,3000,2000,1000,2500,1000,1
27601,100000,2,1,2,28,0,0,0,0,0,0,4864,9089,13534,16158,6700,7730,5800,6000,4375,6700,3000,0,0
27602,20000,2,2,2,27,0,0,0,0,0,0,18854,19116,15030,13025,12223,15975,1292,1509,1522,3111,20000,1121,0
27603,400000,2,1,2,29,0,0,0,0,0,0,7622,38849,13586,19502,3809,4512,39097,13653,19617,3930,7021,24987,0
27604,100000,2,2,2,28,0,0,0,0,0,0,50697,51813,53416,32422,33177,42560,1959,2545,1513,1268,10000,10000,0
27605,30000,2,2,2,22,0,0,2,0,0,0,30028,30566,30560,30194,30113,23212,2634,1000,1377,1211,1000,3690,0
27606,150000,2,2,1,26,0,0,0,0,2,2,81638,70605,70647,77659,15525,0,2481,4263,8900,0,0,0,0
27607,60000,2,2,1,24,0,0,0,0,0,0,62786,61764,62254,59586,33190,32243,2212,3100,2000,1111,1122,1208,1
27608,140000,2,3,2,26,0,0,0,0,0,0,93384,93443,57219,57621,48323,45082,3514,3000,2000,2000,1636,1686,0
27609,80000,2,1,2,25,0,0,0,0,0,0,53685,15291,20694,25435,30510,36101,3291,5694,5435,5510,6101,6742,0
27610,200000,2,2,2,26,0,0,0,0,0,0,153900,0,0,0,3533,4053,0,0,0,3533,1000,1500,0
27611,410000,2,1,2,28,0,0,0,0,0,0,5184,3449,2300,0,150,150,3476,2300,0,150,150,989,0
27612,50000,2,2,1,26,0,0,0,0,0,0,43800,44335,44626,40928,29367,29156,2043,2126,2104,990,1200,1654,0
27613,50000,2,2,2,25,2,2,2,2,2,2,33995,34937,34394,36509,37105,37866,1800,300,3000,1500,1500,0,1
27614,100000,2,2,2,26,1,2,0,0,2,2,6056,5810,6860,8337,8054,8921,0,1150,1600,0,1000,0,1
27615,190000,2,2,2,24,0,0,0,0,0,0,15740,106602,100177,102308,104614,106847,106602,3700,3800,4000,4075,10000,0
27616,120000,2,2,2,27,2,2,2,2,2,2,120649,123203,119820,124755,99423,101718,6000,0,8500,0,11345,3700,1
27617,20000,2,1,2,22,0,0,0,0,0,0,16917,17904,20030,18475,17631,3950,3500,2450,2000,376,79,2350,0
27618,30000,2,2,2,22,1,2,0,0,0,0,16549,17085,17003,7150,6508,8459,1500,1396,2000,178,2000,2000,0
27619,20000,2,3,2,22,2,2,0,0,0,2,16381,13837,14907,15853,17776,17352,0,1600,1500,2500,0,1000,1
27620,20000,2,2,2,22,0,0,0,0,0,0,15247,16561,17280,18431,18341,19569,1575,1294,1596,655,1669,0,1
27621,80000,2,2,2,22,0,0,0,0,0,0,1742,2524,5097,6107,7141,7355,1200,3000,1500,1500,700,500,0
27622,80000,2,2,2,23,0,0,0,0,0,0,78379,78589,77461,59228,46766,47630,3015,2810,2000,2000,2000,1800,0
27623,50000,2,1,2,23,0,0,0,0,0,0,3430,2478,2299,4800,9810,660,2548,2321,4800,9810,660,2980,0
27624,80000,2,1,2,23,2,2,2,0,0,0,84052,84787,77572,77123,49823,50680,7100,0,3500,2500,2000,2000,1
27625,50000,2,1,2,23,0,0,0,0,0,2,49593,49918,51402,49020,50679,51568,2200,2600,2500,3800,2200,0,0
27626,50000,2,2,2,24,0,0,0,0,0,0,594,0,0,51400,11330,12144,0,0,51400,11330,1000,1000,0
27627,80000,2,2,2,24,0,0,0,0,0,0,386,1392,18634,5433,2053,5781,1396,18754,5449,2059,5798,3098,0
27628,20000,2,2,1,24,1,2,3,2,0,0,19242,21821,21197,20400,20000,20000,3200,0,0,0,0,0,1
27629,70000,2,3,2,24,0,0,0,0,0,0,8391,10242,11026,2342,2390,0,2000,1000,2342,48,0,0,0
27630,130000,2,2,2,23,0,0,0,0,0,0,8690,9500,0,0,0,0,1000,0,0,0,0,0,0
27631,10000,2,2,2,21,2,2,3,2,0,0,6795,10398,10094,9768,8430,20735,3905,0,0,300,2165,2666,1
27632,50000,2,2,1,23,2,2,0,0,0,0,54866,51520,41711,22775,4215,3016,1000,1860,1600,452,100,114,1
27633,50000,2,1,2,23,0,0,2,0,0,0,9978,12493,10447,12247,9195,4995,3000,0,2020,0,100,2000,0
27634,20000,2,2,2,22,0,0,0,0,0,0,15090,15199,17111,18422,18234,18217,1500,3000,2000,779,796,788,0
27635,80000,2,1,2,22,0,0,0,0,0,0,1807,133,5395,1182,266,366,133,5395,1182,266,233,0,0
27636,70000,2,2,1,23,0,0,0,0,0,0,69951,70722,70815,63183,31633,31275,3200,3202,2989,1081,1099,1143,1
27637,10000,2,2,2,22,1,0,0,0,0,0,0,0,0,-400,0,0,0,0,0,400,0,0,0
27638,120000,2,2,2,23,0,0,2,0,0,0,39517,42543,41583,42736,43806,44623,4000,0,2000,1600,1500,1557,0
27639,20000,2,2,2,23,0,0,0,2,0,0,15071,16082,17952,18216,17816,19697,1266,2136,1000,0,1881,0,0
27640,50000,2,2,2,23,0,0,0,2,2,2,865,1893,3991,3748,3748,-3148,1202,2300,0,0,4999,0,0
27641,20000,2,1,2,24,0,0,0,0,0,0,14273,13327,11789,11200,13244,13539,1183,2000,1200,2244,506,561,0
27642,40000,2,2,2,23,0,0,0,0,0,0,39402,39321,38246,39289,39882,39650,2000,2000,2000,1500,1500,2000,0
27643,80000,2,1,2,23,0,0,0,0,0,0,78366,67801,68034,55674,48649,47041,2540,2442,1810,1661,1668,1663,0
27644,20000,2,2,2,24,1,2,2,2,2,0,4697,3800,5989,5761,0,0,0,2266,38,0,0,0,1
27645,130000,2,2,1,24,0,0,0,0,0,0,66072,68223,70638,72955,74877,76334,3000,3001,3000,2500,2200,2200,0
27646,100000,2,2,1,24,0,0,0,0,0,0,53309,7500,15477,23472,12500,14666,7500,10035,23500,12500,14666,79053,0
27647,120000,2,2,2,24,0,0,0,0,0,0,93338,91207,89890,88030,88579,89566,3261,4793,3013,3014,3522,3007,0
27648,50000,2,3,2,24,0,0,0,0,0,0,48658,46749,42190,30683,29140,28986,1900,1613,1504,1200,1100,1100,0
27649,190000,2,2,2,24,0,0,0,0,0,0,183821,186084,184426,104154,106014,109014,9000,6621,2083,2500,3000,9076,0
27650,50000,2,1,2,25,0,0,0,0,0,0,20916,14500,0,790,3696,6696,5000,0,790,3696,3000,5724,0
27651,20000,2,3,1,54,2,0,0,2,2,2,14381,16174,18210,19335,19715,20249,2350,2300,1721,1000,1000,1000,0
27652,50000,2,1,2,23,1,0,0,0,0,0,-697,11361,0,0,0,0,12058,0,0,0,0,0,0
27653,50000,2,1,2,23,0,0,0,2,2,2,15252,16885,18500,18864,19807,19407,2200,2200,1000,1500,0,3000,0
27654,80000,2,2,2,22,2,2,0,0,0,0,53023,76708,39701,41021,41525,42394,0,3320,1980,1484,1536,1548,1
27655,10000,2,3,2,22,2,0,0,0,0,0,7720,10063,9272,-8758,8989,9202,2500,1000,0,30000,500,953,1
27656,50000,2,2,2,22,0,0,0,0,0,0,18293,19301,20338,22486,22932,23413,1315,1352,2500,820,850,855,0
27657,50000,2,2,2,22,0,0,0,0,0,0,50635,49488,48099,50021,50352,50740,1760,1888,3464,1717,1766,2500,1
27658,50000,2,2,2,23,2,0,0,0,0,0,49441,45880,42621,21734,18775,19590,1998,2198,1300,655,1100,654,0
27659,20000,2,2,2,22,1,0,0,0,0,0,0,0,0,0,0,0,0,0,0,0,0,0,0
27660,60000,2,1,2,27,2,2,0,0,0,2,19341,19625,20347,21669,23005,22499,900,1342,1664,2000,0,900,1
27661,50000,2,2,2,23,0,0,0,2,0,0,9101,10446,12595,11449,9914,9875,1502,2651,500,500,500,500,0
27662,50000,2,2,2,23,0,0,0,0,0,0,47559,48549,50076,50205,19985,20650,1784,2701,2220,1000,1050,14951,1
27663,20000,2,2,2,21,0,0,2,2,0,0,390,780,780,0,0,0,780,0,0,0,0,0,0
27664,20000,2,2,2,23,0,0,3,2,0,0,14418,18829,18248,17657,18007,18385,5000,0,0,644,668,670,1
27665,80000,2,3,1,23,2,2,2,2,2,2,22852,25371,26111,25393,29053,28450,3200,1440,0,4100,0,1037,1
27666,50000,2,3,2,24,0,0,0,2,2,0,10901,16877,9673,7755,6701,15567,22514,4000,8,3000,19000,3500,1
27667,120000,2,2,2,24,0,0,0,0,0,0,27491,20707,-1843,45041,45453,42065,3000,1843,46884,1296,7000,0,0
27668,50000,2,1,2,24,0,0,0,0,0,0,43219,35137,25862,12468,12381,12683,2400,1900,2400,250,500,0,0
27669,110000,2,1,2,24,1,2,0,0,0,0,115527,109871,110565,216850,110952,109169,0,4000,7000,7766,3982,5000,1
27670,30000,2,2,2,24,1,2,2,0,0,0,26690,27954,27226,28427,28752,28447,2000,0,2000,1000,1100,1500,0
27671,110000,2,2,2,23,2,0,0,0,0,0,1587,2399,0,980,35305,36065,1000,0,980,35000,1327,1500,1
27672,20000,2,2,2,23,0,0,2,0,0,0,15675,17462,16895,17470,7500,7500,4492,0,1000,150,0,0,0
27673,50000,2,2,2,23,0,0,0,0,0,0,47654,48529,44669,45684,46592,47568,2000,1743,1758,1666,1725,2128,0
27674,50000,2,1,2,24,0,0,2,0,0,0,48483,52167,51052,50116,20181,19702,4500,0,2000,19000,1000,800,1
27675,50000,2,2,2,24,0,0,0,0,0,0,43638,42146,30026,29857,30619,30376,2200,1700,2000,1261,1419,1400,0
27676,20000,2,2,2,22,2,0,0,0,0,0,20549,21301,22251,18040,18402,19118,1400,1300,1284,646,1000,836,0
27677,200000,2,2,1,36,0,0,0,0,0,0,184697,186660,77221,110294,68214,72103,8001,5000,35000,6000,5000,5000,0
27678,30000,2,1,2,24,0,0,0,0,0,0,1991,2621,4211,4709,4805,2848,2000,2000,1000,96,0,3000,0
27679,130000,2,3,1,23,0,0,0,0,0,0,109592,113508,115633,96898,46425,0,5733,5659,4680,2325,0,0,0
27680,20000,2,2,2,24,0,0,0,0,0,0,4261,7830,17213,4781,3178,15834,7830,17221,1203,3178,15834,0,0
27681,20000,2,1,2,23,0,0,0,0,0,0,19364,19082,19286,19637,18826,19522,1358,1321,1400,1000,1000,2583,0
27682,60000,2,2,1,23,0,0,0,0,2,2,59408,58844,43427,30408,30632,30021,2230,2000,4300,1000,0,2000,0
27683,30000,2,1,2,24,0,0,2,2,0,0,27660,28780,780,0,0,0,2000,0,0,0,0,0,0
27684,30000,2,2,2,22,2,0,0,0,0,0,27987,25690,27032,28070,29402,29854,1420,1762,1800,2089,1059,1123,1
27685,120000,2,2,2,24,0,0,0,0,0,0,55829,53799,53021,53216,49194,48487,2000,2600,4241,1700,2500,1500,0
27686,30000,2,2,2,24,0,0,0,0,2,2,20367,21882,22929,25433,26228,25679,2000,1696,3200,1500,0,4306,0
27687,30000,2,1,2,24,0,0,0,0,0,0,26094,27095,28158,29385,29665,30446,1440,1503,1730,1010,1206,1949,0
27688,60000,2,2,1,24,0,0,0,0,0,2,23851,24404,21849,18474,15488,11348,1700,2000,1200,1000,0,3500,1
27689,50000,2,2,2,25,0,0,0,0,0,0,45688,47122,48888,37264,17486,18348,2500,3000,2000,1000,1000,1000,1
27690,30000,2,2,2,25,0,0,0,0,0,0,8935,9948,10971,11982,12219,12475,1165,1188,1199,436,452,458,0
27691,270000,2,1,2,25,0,0,0,0,0,0,4999,5588,3366,0,2192,0,5588,3366,0,2192,0,18192,0
27692,360000,2,1,2,25,0,0,0,0,0,0,160411,163079,166445,168301,171870,175458,6200,6200,4768,5000,5000,5023,0
27693,450000,2,3,2,26,0,0,0,0,0,0,28765,24672,23095,20776,6189,2396,1714,2012,1107,21,512,81081,0
27694,50000,2,1,2,25,0,2,0,0,0,0,9040,3020,2262,2185,0,5918,0,2262,2185,0,5918,0,0
27695,50000,2,3,2,25,0,0,0,0,0,0,27232,26777,27129,26613,26057,25924,1439,1464,1401,908,935,924,0
27696,120000,2,1,2,25,0,0,0,0,0,0,58106,53974,51786,43180,41469,42004,2000,3000,3000,4000,4000,2000,0
27697,40000,2,1,2,26,1,2,2,2,0,0,7904,7628,10270,9961,10495,12161,0,2775,0,1000,2000,1800,1
27698,140000,2,2,1,24,0,0,0,0,0,0,62755,64001,65341,66674,68003,69424,2285,2365,2413,2431,2514,3000,0
27699,200000,2,2,1,25,0,0,0,0,0,0,0,0,1257,0,0,0,0,1257,0,0,0,0,0
27700,30000,2,2,2,25,0,0,0,0,0,0,415,150,150,150,150,150,150,0,0,0,0,0,0
27701,30000,2,2,2,25,0,0,0,0,0,0,15493,16427,17379,23100,0,0,1500,1279,10000,0,0,0,0
27702,30000,2,1,2,25,2,2,2,2,2,0,29335,29869,26425,28034,27375,23466,4000,0,4400,0,2000,2000,1
27703,30000,2,2,1,25,0,0,0,2,0,0,25530,26600,29765,28933,29205,29630,1500,3600,0,978,2300,0,0
27704,110000,2,1,2,25,2,2,2,0,0,0,2729,4382,1972,1426,5660,5660,4340,5,1426,5660,0,0,1
27705,50000,2,1,2,24,1,2,2,2,2,0,33385,35538,34686,39097,38171,39396,3000,0,5000,0,2000,5000,0
27706,130000,2,2,2,24,0,0,0,0,0,0,135466,126091,128636,103400,40638,11104,4139,137549,3519,1180,0,0,0
27707,50000,2,2,2,25,0,0,0,0,0,0,47431,48306,35150,25104,20560,8614,2000,1542,1475,1000,350,386,1
27708,150000,2,1,2,25,0,0,0,0,0,0,87822,83850,56931,96867,95085,69199,2575,2569,45000,5000,3312,1598,0
27709,30000,2,2,2,25,0,0,0,0,0,0,21020,21207,21403,21074,21289,21425,2000,2000,1500,2000,1000,1000,1
27710,50000,2,2,2,23,0,0,0,0,0,0,15167,16393,14195,14859,9446,7246,1523,1353,1017,1000,1000,0,0
27711,20000,2,2,1,23,0,0,0,0,0,0,17049,16178,17218,18630,19029,19579,15000,1600,2000,1000,1000,531,0
27712,230000,2,2,2,24,0,0,2,0,0,0,64929,65093,59349,56418,52950,49439,6000,0,3000,2000,1500,3000,0
27713,280000,2,1,2,25,0,0,0,0,0,0,985,500,500,0,500,4778,505,500,0,500,4778,4898,0
27714,50000,2,2,2,24,0,0,0,0,0,0,5819,8044,3469,2121,821,3821,2555,1200,1000,0,3000,0,0
27715,130000,2,2,2,23,0,0,0,0,0,0,44930,40688,40880,37851,37816,39849,6000,6000,4000,10000,5000,8002,0
27716,20000,2,1,2,25,1,0,0,0,0,0,0,891,789,0,728,169,891,789,0,728,169,0,0
27717,80000,2,3,1,26,0,0,0,0,0,0,69489,70336,71755,66175,67573,69083,2600,2571,2500,2500,2600,3000,0
27718,100000,2,1,2,24,0,0,0,0,0,0,84895,71271,71053,70405,71109,73905,3513,3169,3002,2022,3907,7145,0
27719,90000,2,2,2,24,2,0,0,2,0,0,89346,89466,93755,89706,89221,91596,4100,8245,0,3450,7200,0,1
27720,20000,2,1,2,24,0,0,0,0,0,0,440,4023,440,440,440,440,4023,440,440,440,440,440,0
27721,140000,2,2,1,24,2,0,0,0,0,0,1536,696,696,696,696,696,696,696,696,696,696,696,1
27722,150000,2,1,2,24,0,0,0,0,0,0,291,291,291,291,658,441,291,291,291,658,441,1197,1
27723,140000,2,1,2,24,2,0,0,0,2,0,778,982,1206,5430,4460,8429,980,1000,5000,0,5000,10000,0
27724,50000,2,2,2,24,2,0,0,0,0,0,23497,24197,25226,26238,26760,27318,1395,1424,1436,958,989,1128,0
27725,30000,2,3,2,24,1,0,0,0,0,0,0,0,1469,2432,827,0,0,1469,1008,300,0,0,0
27726,110000,2,2,2,22,0,0,0,0,0,0,0,0,0,0,0,0,0,0,0,0,0,2990,0
27727,80000,2,1,2,23,0,0,0,0,0,0,326,-326,0,652,0,326,0,652,652,0,326,652,0
27728,30000,2,2,1,23,0,0,0,0,2,0,21710,23021,23851,26067,25357,25887,1670,1500,2609,0,930,946,1
27729,90000,2,2,2,23,0,0,0,0,0,0,28120,32429,0,0,2522,2575,5000,0,0,2522,94,111,0
27730,80000,2,2,2,25,0,0,0,0,0,0,47836,49038,53158,48269,48019,46908,2000,5000,2000,2000,2000,2000,0
27731,30000,2,2,2,25,3,2,2,2,2,2,9095,10297,9988,11708,11223,12079,1500,0,1892,0,1042,700,1
27732,20000,2,1,2,24,0,0,0,2,0,0,19335,20094,19495,18845,19023,17928,1415,3600,0,700,4500,1900,0
27733,30000,2,2,1,24,0,0,0,0,0,0,3740,4616,5837,6778,6912,7057,1100,1300,1200,247,256,258,0
27734,80000,2,1,2,24,1,2,0,0,0,0,2254,620,4220,8540,8540,8540,0,3600,4500,0,0,4932,0
27735,90000,2,2,2,23,0,0,0,0,0,0,88015,69701,52046,42541,8571,4653,5640,16021,13280,8571,19653,12000,0
27736,50000,2,2,2,25,0,0,0,0,0,0,46895,45929,44709,28179,28877,29217,2000,1740,1400,1000,1000,1100,0
27737,20000,2,1,2,22,2,0,0,0,0,2,13718,15033,15751,17068,17891,17463,1550,1268,1585,1408,0,1700,1
27738,10000,2,2,2,22,0,0,0,0,0,0,6488,7502,8519,9376,9562,9762,1282,1299,1156,342,354,793,0
27739,80000,2,3,2,23,0,0,0,0,0,0,66909,67465,65470,57187,29058,26790,2451,3017,1557,1500,1000,1239,0
27740,60000,2,2,2,25,0,0,0,0,0,0,75932,60693,50324,58688,30099,16810,3121,3000,12000,30000,12000,28618,1
27741,50000,2,1,2,25,0,0,0,0,0,0,50051,46768,48124,48171,19401,19412,1754,2500,1781,2000,695,1000,0
27742,30000,2,3,2,22,0,0,0,0,0,0,30136,20741,21906,23183,13273,3027,1335,1500,1700,750,200,200,0
27743,30000,2,2,2,23,2,2,2,2,2,2,34048,33053,33506,41931,38638,35343,0,1800,9851,0,1183,5132,0
27744,10000,2,1,2,24,0,0,0,0,0,0,6632,7095,7565,8854,9229,8376,2000,2000,2000,1000,1000,1000,0
27745,50000,2,1,2,26,0,0,0,0,0,0,5052,0,0,0,4400,9318,0,0,0,4400,5000,7000,0
27746,290000,2,1,2,24,0,0,0,0,0,0,11157,0,0,0,2700,1350,0,0,0,2700,0,1350,0
27747,100000,2,1,1,24,0,0,0,0,0,0,10376,36404,37813,38881,39634,40493,26404,2000,2001,1700,1650,1800,0
27748,40000,2,3,1,26,2,2,2,2,2,0,33811,34654,35597,36211,35334,36170,1700,1800,1500,0,1500,1500,1
27749,130000,2,2,2,26,2,0,0,0,0,0,130535,127155,126264,128318,96428,98156,6000,5200,5000,3500,3622,3920,1
27750,100000,2,2,1,26,0,0,0,0,0,0,1962,4911,5933,6942,7102,9966,3000,1106,1115,275,3000,412,0
27751,360000,2,1,2,27,0,0,0,0,0,0,0,0,0,0,0,300,0,0,0,0,300,0,0
27752,110000,2,1,2,23,0,0,0,0,0,0,78793,79182,76460,60136,41872,38158,3400,4000,2951,1600,1540,1400,0
27753,150000,2,2,2,23,0,0,0,0,0,0,58757,59555,59684,59501,59075,59171,2714,2812,2599,2143,2208,2112,0
27754,100000,2,1,2,23,0,0,0,0,0,0,4802,4802,4714,11642,4897,3722,4806,4718,11734,4901,3723,3723,0
27755,50000,2,1,2,23,1,2,0,0,0,0,50638,49484,45095,9299,3054,0,0,2155,1000,1500,0,3294,1
27756,50000,2,2,2,22,0,0,0,0,0,0,50180,38404,29775,0,0,0,2100,1800,0,0,0,0,0
27757,50000,2,2,1,22,0,0,0,0,0,0,47718,48719,47725,46467,14767,15085,2106,2200,2000,1000,700,800,0
27758,60000,2,2,2,23,0,0,0,0,0,0,48413,52587,54733,55618,56827,58040,5000,3000,1888,2000,2000,3000,1
27759,40000,2,2,2,23,0,0,0,0,2,2,18653,20035,21406,24735,24050,43317,2000,2000,4000,0,20000,2000,0
27760,50000,2,3,1,25,2,2,0,0,0,0,51243,49805,50654,41776,17083,9412,0,2025,2062,2016,1022,1388,1
27761,80000,2,3,2,25,0,0,0,0,0,0,79986,80012,78748,76722,70370,64510,3000,3010,2700,2300,2500,2000,0
27762,50000,2,2,1,24,0,0,0,0,0,0,20173,15509,7085,10358,8606,2740,1500,2008,10358,1000,1000,4438,0
27763,10000,2,2,2,22,0,0,2,0,0,2,3646,7374,6714,4432,6652,6095,4000,0,2000,3000,0,3870,0
27764,50000,2,2,2,24,0,0,0,0,0,0,30344,47000,33034,0,0,0,20002,1000,0,0,0,0,0
27765,180000,2,2,1,24,0,0,0,0,0,0,6272,0,0,1000,2190,0,0,0,1000,2190,0,384,0
27766,80000,2,2,2,25,0,0,0,0,0,0,0,0,0,0,0,0,0,0,0,0,0,0,0
27767,50000,2,1,2,25,1,0,0,0,0,0,0,0,0,0,0,0,0,0,0,0,0,0,1
27768,50000,2,2,1,25,0,0,0,2,0,0,8731,2463,8514,5797,2413,33353,2463,8514,0,0,33353,5868,0
27769,30000,2,1,2,22,0,0,0,0,0,0,8066,4869,3781,1991,3951,2612,4869,4000,1991,3951,2612,2668,0
27770,50000,2,5,2,23,0,0,0,0,0,0,48473,49454,47893,30707,50741,49663,2100,2021,1562,26004,1800,2000,0
27771,80000,2,2,2,24,0,0,0,0,0,0,77883,78749,77025,66725,21604,9352,3500,4000,2784,1882,1000,457,0
27772,150000,2,2,2,26,0,0,0,0,0,0,69169,67855,74494,74204,75678,74235,3083,10000,2554,2566,2600,3016,0
27773,120000,2,1,2,24,0,0,0,0,0,0,2946,384,1914,390,0,780,384,1920,390,0,780,0,1
27774,80000,2,2,1,24,2,2,0,0,0,0,3177,-13,4229,4161,4042,6807,0,4242,1032,1000,2812,2248,1
27775,240000,2,2,2,24,0,0,0,0,0,0,75830,50787,51524,31783,33993,36783,1480,1601,1400,3000,3180,37102,0
27776,30000,2,2,2,24,0,0,2,2,0,0,27465,30386,31105,30270,29963,29661,3700,1500,0,1050,1250,2200,0
27777,150000,2,1,2,25,0,0,0,0,0,0,30305,40190,39743,48971,38291,569,10190,10000,10003,0,0,0,0
27778,50000,2,1,2,25,0,0,0,0,0,0,41892,43875,45052,44938,40655,40930,3000,2200,2000,2000,2000,3000,0
27779,50000,2,2,1,24,0,0,0,0,0,2,25562,33879,33441,32697,33693,33029,10000,2000,1500,3000,1500,9,0
27780,230000,2,1,2,24,0,0,0,0,0,0,5883,7923,5418,0,2000,987,7000,1000,0,2000,987,1951,0
27781,90000,2,2,2,24,0,0,0,0,0,0,84137,85684,87396,67761,65602,65902,3210,3503,2420,2400,2400,2694,0
27782,230000,2,1,2,25,0,0,0,0,0,0,264,264,264,264,264,264,264,264,264,264,264,264,0
27783,90000,2,1,2,25,0,0,0,0,0,0,6090,7477,8848,10135,11731,8138,1500,1500,1500,2000,1500,1000,0
27784,230000,2,2,1,25,0,0,0,0,0,0,9167,10468,10722,11543,10058,20158,1392,2000,1000,0,10100,2253,0
27785,230000,2,2,2,25,0,0,0,0,0,0,95544,95311,94489,93143,87654,90172,4200,4500,4114,3500,4000,3000,0
27786,420000,2,2,2,25,0,0,0,0,0,0,17685,28206,122212,117835,112705,111357,30553,100000,4013,3822,4086,3800,0
27787,50000,2,1,2,25,0,0,0,0,0,0,30587,30440,30367,30621,30150,30246,1800,1900,1800,1500,1450,1500,0
27788,70000,2,2,2,24,0,0,0,0,0,0,67897,62826,62595,40327,48673,46158,3000,2916,2004,15006,3000,2200,0
27789,200000,2,4,2,25,0,0,0,0,0,0,3302,0,0,-5,-5,-5,0,0,0,0,0,0,0
27790,30000,2,1,2,25,0,0,0,0,0,0,27396,27994,28631,28935,28954,29155,1753,1786,1486,1170,1200,1205,0
27791,60000,2,2,2,24,2,2,0,0,2,2,47210,46155,46838,50044,50923,52158,0,1725,4000,2000,2200,2100,1
27792,230000,2,1,2,25,0,0,0,0,0,0,248,248,248,248,248,248,248,248,248,248,248,248,0
27793,100000,2,2,2,25,0,0,0,0,0,0,100778,98987,101368,100466,97117,99252,4000,4000,4000,3500,3700,4000,0
27794,420000,2,3,2,25,2,2,2,0,0,0,68394,72874,71035,57503,56467,53995,5620,0,2000,1892,1979,2226,0
27795,100000,2,2,2,25,0,0,0,0,0,0,880,880,2926,60540,60929,64121,880,2926,58801,2200,5000,3000,0
27796,160000,2,3,2,26,0,0,2,0,0,0,19542,24035,17561,17094,4353,4906,10000,0,17098,4353,2500,0,0
27797,260000,2,1,2,26,0,0,0,0,0,0,238110,244368,245186,254614,176211,180845,10368,15186,14614,7211,7850,6912,0
27798,280000,2,2,1,26,0,0,0,0,0,0,6056,804,4712,1728,2076,1709,1200,4720,1728,2076,1709,7508,0
27799,70000,2,2,2,24,0,0,0,0,0,0,36175,0,0,680,69257,68557,0,0,680,71867,9812,2900,0
27800,50000,2,1,2,26,2,2,2,2,2,0,47068,46010,49333,49708,45112,42063,0,4070,1551,0,1528,3273,1
27801,100000,2,2,2,26,2,2,2,2,2,2,30067,36705,35847,37939,38619,37868,7500,0,3500,1600,0,1600,1
27802,100000,2,1,1,28,1,2,0,0,0,0,11059,10105,388,90907,91550,92907,0,388,90907,3413,3359,4824,0
27803,290000,2,1,2,26,0,0,0,0,0,0,55758,7970,7106,8901,16813,15723,5029,5035,8925,11030,5077,3425,0
27804,180000,2,1,2,26,0,0,0,0,0,0,3000,0,0,0,0,0,0,0,0,0,0,0,0
27805,300000,2,2,1,25,1,2,0,0,0,0,237155,231932,238917,230083,13862,8210,102,11672,9700,1053,2010,13,1
27806,80000,2,2,2,25,0,0,0,0,0,0,34984,37853,36230,37235,38575,39590,3015,1155,1940,1500,1174,1300,0
27807,90000,2,2,1,25,0,0,0,0,0,0,58502,57846,50663,45515,42599,38559,3043,2018,2033,2016,2010,2010,0
27808,500000,2,2,2,29,0,0,0,0,0,0,433792,396009,335873,320755,316650,318228,13678,12021,11428,10871,11736,10699,1
27809,40000,2,1,2,25,0,0,0,0,0,0,20216,8851,17940,31308,12009,32846,8851,18220,31319,12009,33482,13785,0
27810,170000,2,3,2,26,2,2,2,0,0,0,63977,63630,51986,90196,50464,48282,2550,0,3500,3000,2001,3000,0
27811,30000,2,2,2,25,0,0,0,0,0,0,14045,15363,16108,17888,16505,16511,1555,1300,4894,1000,800,2200,0
27812,120000,2,2,2,23,0,0,0,0,0,0,436,1476,475,804,245,100,1480,478,804,245,144,0,0
27813,100000,2,2,2,28,0,0,2,2,0,0,1506,89,89,0,356,16213,89,0,0,356,16213,0,1
27814,50000,2,2,2,28,1,0,0,0,0,0,0,0,0,0,0,0,0,0,0,0,0,0,0
27815,360000,2,2,1,26,0,0,0,0,0,0,4183,6469,465,4251,1668,2284,6501,467,5452,41,2286,3656,0
27816,220000,2,1,2,26,0,0,0,0,0,0,29452,33967,41422,44738,51479,56653,5000,8000,4000,7500,6000,4494,0
27817,110000,2,2,2,25,0,0,0,0,0,0,-2628,-5118,31503,-2880,-5000,0,165,36621,1496,10000,5000,0,0
27818,110000,2,1,2,26,0,0,0,0,0,0,113284,110062,100659,93909,78589,52644,5200,4628,4878,3000,2055,1908,0
27819,310000,2,2,2,26,0,0,0,0,0,0,219155,223308,225574,224001,230902,105844,10000,10000,6000,10000,39000,4000,0
27820,50000,2,2,2,27,0,0,0,0,0,0,45750,1655,8425,10408,53327,318,1655,8425,10424,53327,318,3770,0
27821,50000,2,1,2,26,1,0,0,0,0,0,-18,-18,-18,-18,-18,-18,0,0,0,0,0,0,0
27822,200000,2,1,2,26,0,0,0,0,0,0,29339,21624,22409,11671,5493,3288,2000,1770,2003,900,1800,1569,0
27823,120000,2,2,1,27,0,0,0,0,0,0,50620,15000,100,0,0,0,1000,100,0,0,0,0,0
27824,80000,2,2,1,27,1,2,0,0,0,0,81841,79062,74722,40151,28424,29059,15,2876,2052,625,693,84,1
27825,320000,2,2,2,27,0,0,0,0,0,0,228129,324028,295760,151783,125860,137856,100741,15993,57149,5136,40275,10013,0
27826,210000,2,1,2,27,0,0,0,0,0,0,4426,0,1349,10368,0,0,0,1349,10368,0,0,0,0
27827,90000,2,2,2,26,2,2,2,2,0,0,88103,90951,92226,89817,87296,89130,8300,3600,0,3300,3400,4000,1
27828,170000,2,1,2,26,0,0,0,0,0,0,172523,164962,169636,152603,114885,105735,8000,9000,5800,3505,3500,3300,0
27829,310000,2,2,2,25,0,0,0,0,0,0,2548,10304,12497,8568,1787,498,10317,12497,8580,1787,498,3019,0
27830,360000,2,2,2,26,2,0,0,0,0,0,2143,3060,3548,3408,5995,10136,1000,3548,1000,5995,10136,5882,0
27831,200000,2,1,2,26,0,0,0,0,0,0,2364,442,33442,2140,964,2075,442,33448,2140,964,2075,7511,0
27832,500000,2,3,2,26,0,0,0,0,0,0,16162,18581,19321,21986,22440,25070,3000,1335,3000,811,3000,3500,0
27833,300000,2,2,2,26,0,0,0,0,0,0,212323,216844,220004,18715,18675,18693,8420,7117,1285,702,810,542,0
27834,130000,2,2,2,26,1,2,0,0,0,0,99290,96811,99330,94501,91503,91064,0,5000,3358,3500,6000,3500,1
27835,260000,2,1,2,26,0,0,0,0,0,0,144112,144619,142380,141746,112938,110346,5033,5046,4573,4000,3800,4000,0
27836,100000,2,3,2,27,0,0,0,0,0,0,89312,141034,61119,58535,54224,51204,3000,2208,2700,2000,1844,1709,0
27837,70000,2,2,2,26,0,0,0,0,0,0,65229,66348,67292,67091,49303,49350,3000,3100,2400,2000,2000,2000,0
27838,100000,2,2,1,26,0,0,0,2,0,0,95087,87380,87083,82653,72867,74140,3965,7138,0,2448,2674,2672,1
27839,80000,2,1,2,26,0,0,0,2,2,2,1238,376,2281,1356,355,-520,376,2281,0,0,0,35893,0
27840,100000,2,1,2,25,2,0,0,2,0,0,97570,87923,91078,86433,65149,64810,4100,5514,2500,3000,4000,3000,1
27841,70000,2,1,2,24,0,0,0,2,2,2,47220,48432,52650,53099,51648,55409,2000,5000,1900,0,4600,0,0
27842,170000,2,1,2,27,2,2,2,0,0,0,169057,170609,164777,166227,166199,169533,7500,0,7400,5978,6251,5872,0
27843,30000,2,1,2,26,0,2,2,2,0,0,9600,8805,10534,8240,7027,7034,0,2399,0,388,260,478,0
27844,20000,2,3,2,26,1,2,0,0,0,0,18025,17443,18117,17040,17763,17666,0,1277,1300,1000,799,2000,0
27845,180000,2,1,2,26,0,0,0,0,0,0,17517,27856,16285,9632,15025,53941,28000,16370,9676,15098,54207,87358,0
27846,30000,2,2,1,27,2,0,0,2,2,2,20581,21632,24267,24572,24872,25427,1700,3300,1000,1000,1100,1000,1
27847,80000,2,1,2,27,0,0,0,0,0,0,82150,80163,81296,81624,81614,78268,3463,3600,3624,3200,3100,6200,0
27848,60000,2,2,2,27,0,0,0,2,2,2,27921,29954,33166,33528,32690,34661,2500,3700,1200,0,2500,2500,0
27849,150000,2,1,2,26,0,0,0,0,0,0,151812,145411,132560,121003,69091,55543,7005,6612,4540,2426,1854,2424,0
27850,50000,2,3,2,23,2,0,0,0,0,0,46913,47486,47963,33499,19227,19334,1938,1703,1304,680,696,717,0
27851,360000,2,1,1,27,1,0,0,0,0,0,0,0,9000,3002,3063,3063,0,9000,3002,61,0,0,0
27852,70000,2,3,1,26,2,0,0,0,0,0,71832,71147,72227,71078,50777,50841,3275,3800,3200,1950,2000,1828,0
27853,50000,2,1,2,27,2,0,0,0,2,0,48064,47691,49140,49423,48377,48158,3000,2525,3900,0,2000,4500,1
27854,90000,2,1,2,28,1,2,0,0,0,2,52061,50472,46226,40920,29863,19674,79,5000,10009,10000,0,7000,1
27855,60000,2,3,2,27,0,0,0,0,0,0,39325,40668,42009,43804,44473,45752,2000,2000,2500,1700,2000,1700,0
27856,360000,2,1,2,27,0,0,0,0,0,0,2434,3881,2394,2441,2441,2441,3900,2406,2453,2453,2453,2453,0
27857,70000,2,2,2,22,0,0,0,0,0,0,66748,52642,40934,34685,30166,29299,2049,1700,1446,1000,1044,1176,0
27858,20000,2,2,2,23,3,2,2,2,2,2,12508,12015,14459,14498,14029,15179,0,2955,597,0,1473,0,1
27859,110000,2,2,1,25,2,0,0,0,0,0,30079,29349,27630,22017,20517,18534,1494,1402,1534,800,700,616,1
27860,30000,2,2,2,25,0,0,0,0,0,0,15767,16083,6115,0,0,0,1488,1000,0,0,0,0,0
27861,90000,2,3,2,25,0,0,0,0,0,0,74814,71859,0,0,0,0,5000,0,0,0,0,0,0
27862,210000,2,2,1,25,0,0,0,0,0,0,142848,94018,96926,100399,101472,103834,5000,4415,6000,3635,4000,5000,0
27863,270000,2,1,2,27,0,0,0,0,0,0,196192,200750,204418,197854,173743,149095,9000,9500,8929,7265,5400,5300,0
27864,60000,2,1,2,27,2,0,0,0,0,0,322,530,8004,692,0,191,563,8004,692,0,191,0,0
27865,280000,2,2,2,24,0,0,0,0,0,0,316,316,3861,316,10800,9099,316,3861,316,10800,382,5000,0
27866,50000,2,3,2,25,0,0,0,0,0,0,8298,5841,3750,0,0,0,1250,1000,0,0,0,40277,0
27867,70000,2,1,1,25,0,0,0,0,0,0,69334,66987,58055,44593,-1380,48757,3000,2213,1565,0,50137,1800,0
27868,140000,2,2,2,26,0,0,0,0,0,0,10066,6465,13524,94419,93295,94599,6483,13566,94422,3100,3600,3621,0
27869,30000,2,3,2,26,0,0,0,0,0,0,27818,27594,29717,28812,28762,10404,3000,2595,1200,1020,10404,51000,1
27870,70000,2,1,2,26,0,0,0,0,0,0,69754,71377,71225,64644,68427,69893,2791,2939,2364,4876,2557,3599,0
27871,140000,2,1,2,27,0,0,0,0,0,0,0,0,3544,0,0,0,0,3544,0,0,0,0,0
27872,300000,2,4,2,30,0,0,0,0,0,0,10915,3469,2316,58284,6877,5970,3480,3016,58438,20,5987,2795,0
27873,80000,2,2,2,26,1,0,0,0,0,0,0,0,0,0,0,0,0,3100,0,0,0,0,0
27874,340000,2,2,2,27,0,0,0,0,0,0,59322,70886,81480,13580,22474,70590,20063,20385,6157,22533,60052,30059,0
27875,310000,2,1,2,27,0,0,0,0,0,0,134525,115126,105687,102306,93929,87681,6200,5222,5197,4000,5000,3980,0
27876,110000,2,2,2,27,1,2,0,0,0,0,59580,54255,55474,45467,46285,47334,0,2230,2100,2010,2150,1200,1
27877,130000,2,1,2,27,0,0,0,0,0,0,68251,66221,67061,64154,15903,16493,3000,2500,2000,1500,1000,1000,0
27878,280000,2,2,2,29,0,0,0,0,0,0,190601,4987,651,3126,3707,11225,4987,651,3126,3707,11225,10482,0
27879,100000,2,1,2,29,1,2,2,2,0,0,6266,2366,7042,780,390,390,0,5000,0,0,390,1320,0
27880,150000,2,1,2,29,0,0,0,0,0,0,94062,65825,64041,60948,51510,46917,3183,3023,2549,2000,2000,2000,0
27881,130000,2,3,1,26,0,0,2,2,2,0,121329,128791,127881,133130,127159,131069,11000,2600,9000,0,6000,5000,0
27882,250000,2,1,1,27,0,0,0,0,0,0,85238,87797,75436,58695,41211,34987,20004,2893,2201,1215,10040,10041,0
27883,200000,2,1,2,28,0,0,0,0,0,0,7484,8273,13249,22319,17279,9853,2000,13000,10000,5000,5000,4000,0
27884,110000,2,2,2,28,2,2,2,0,0,0,105014,104574,94521,88833,82585,75992,9000,10,3917,2730,2770,2800,0
27885,160000,2,2,3,27,0,0,0,0,0,0,11442,7257,15770,27024,14490,8190,1000,15793,11000,6000,1000,10312,0
27886,80000,2,3,1,27,0,0,0,0,0,0,24003,21887,14799,6402,4950,4661,3028,1241,3010,2025,3500,26028,1
27887,220000,2,1,2,27,0,0,0,0,0,0,66620,56611,37504,9499,3679,13232,16008,12000,15030,10000,15000,5000,0
27888,20000,2,2,2,27,0,0,0,2,0,0,16679,14921,9470,9640,6110,5775,1554,2360,500,1000,3200,2000,0
27889,160000,2,2,2,26,1,2,2,2,0,0,5654,796,398,0,398,0,398,0,0,398,0,0,0
27890,170000,2,1,2,26,0,0,0,0,0,0,3732,3732,3732,3732,4239,3910,3732,3732,3732,4239,3910,4146,0
27891,360000,2,2,2,26,0,0,0,0,0,0,17084,17896,67507,68884,70406,71769,1400,50000,2502,2669,2650,2800,0
27892,50000,2,2,1,26,0,0,0,0,0,0,49378,49744,40859,20706,-1166,19133,2500,1500,1206,0,20689,697,0
27893,100000,2,1,2,27,0,0,0,0,0,0,43599,45865,54424,56032,59475,47491,3000,10000,2647,5000,2000,4000,0
27894,150000,2,1,2,29,0,0,0,0,0,0,146465,147331,146999,146277,147946,145846,7000,6740,6850,5664,5660,5480,0
27895,150000,2,2,1,29,0,0,0,0,0,0,8139,151691,143248,109930,80987,80938,151691,6502,4333,2810,3100,3187,0
27896,100000,2,1,2,29,0,0,0,0,0,0,167410,85536,77303,60178,56436,51773,70001,3769,2008,1950,2001,18000,0
27897,200000,2,1,2,29,0,0,0,0,0,0,5967,1892,26995,7601,6481,1610,1897,26995,7606,380,0,0,0
27898,300000,2,3,2,27,0,0,0,0,0,0,17376,17538,16425,11976,3012,0,1294,11236,1032,9,0,0,0
27899,130000,2,3,2,28,1,0,0,0,0,0,0,14051,0,1358,1039,164,14051,0,1358,1039,164,167,0
27900,150000,2,2,1,28,0,0,0,0,0,0,97069,100743,103528,105623,106583,108909,5300,5300,5300,4200,4200,4200,0
27901,110000,2,1,2,28,0,0,0,0,0,0,53152,45002,42051,30803,28377,29053,1725,1774,1526,1100,1200,1081,0
27902,340000,2,3,1,28,0,0,0,0,0,0,6780,3629,29052,50832,30272,11253,3629,29052,30000,5034,11253,86069,0
27903,60000,2,1,2,25,0,0,0,0,0,0,59228,59961,59824,47655,27298,28303,2300,3572,2169,6000,4000,4000,0
27904,90000,2,3,2,23,0,0,0,0,0,0,94806,119836,21836,11036,29836,986,30000,30000,11036,19836,986,21615,0
27905,230000,2,2,1,29,1,2,0,0,0,0,113218,114665,115898,112930,115743,118933,4800,4600,4300,4700,5124,4110,0
27906,200000,2,1,2,29,0,0,0,0,0,0,3655,3036,3423,7403,4896,3185,3084,3475,7417,108,18,8424,0
27907,310000,2,1,2,28,0,0,2,0,0,0,18877,18379,10327,17252,9917,33776,18417,48,17337,9965,33826,116,0
27908,150000,2,2,1,29,0,0,0,0,0,0,80625,37645,43747,700,64758,92966,8002,7601,701,64758,29008,30000,0
27909,390000,2,2,1,29,0,0,0,0,0,0,10598,1446,2041,4582,2070,0,1571,2041,4582,2070,0,3100,0
27910,210000,2,1,2,29,1,0,0,0,0,0,0,0,0,0,0,0,0,0,0,0,0,0,1
27911,290000,2,1,2,27,1,2,0,0,0,2,236258,232523,243753,253145,267412,273095,1500,16500,15000,20000,10000,9701,0
27912,180000,2,2,1,26,0,0,0,2,0,0,31540,5080,9227,3235,2655,7251,5000,9000,0,2668,7251,13365,0
27913,140000,2,1,2,26,0,0,0,0,0,0,137789,135240,211542,132019,101731,108687,5000,7027,6032,4000,8700,0,1
27914,10000,2,2,1,26,2,2,2,2,2,0,2742,5015,4789,6199,5951,6255,2500,0,1500,0,400,400,0
27915,80000,2,1,2,27,0,0,0,0,0,0,36959,38042,38925,40274,41598,42926,2000,1800,2000,2000,2000,3000,0
27916,50000,2,1,2,27,3,2,2,7,7,7,300,300,300,300,300,300,0,0,0,0,0,0,1
27917,110000,2,1,2,28,0,0,0,0,0,0,52693,54148,73596,76938,47942,40963,5064,42000,5091,2026,3033,2510,0
27918,180000,2,1,2,29,0,0,0,0,0,0,0,0,0,0,0,0,0,0,0,0,0,0,1
27919,230000,2,3,1,27,0,0,0,0,0,0,67615,19870,19649,17969,10888,8657,1323,1500,1000,2000,1023,2004,0
27920,80000,2,1,2,27,0,3,2,2,2,0,2127,1948,1770,3104,2946,2844,0,0,1400,0,57,816,0
27921,50000,2,1,1,27,1,2,0,0,2,0,19029,18431,22782,32304,31519,23724,0,5000,10000,0,6724,13385,0
27922,220000,2,1,2,28,0,0,0,0,0,0,215779,196299,202596,198845,194885,92905,8600,11000,6000,10082,3400,3825,0
27923,30000,2,1,2,28,1,2,2,2,2,0,24307,23618,26733,27016,24972,25425,0,3500,1028,0,1000,3300,1
27924,200000,2,1,2,26,0,0,0,0,0,0,196168,201190,200662,-1528,-1528,-1504,8800,10183,1504,0,24,204395,0
27925,130000,2,2,1,26,0,0,0,0,0,0,45563,46607,47329,45854,46822,47567,2100,1807,1800,1701,2002,1853,0
27926,360000,2,1,2,26,2,2,0,0,0,0,2500,0,0,0,0,0,0,0,0,0,0,0,0
27927,140000,2,1,2,27,0,0,0,0,0,0,27750,28797,29840,31349,35687,36983,1500,1500,2000,5000,2000,5000,0
27928,130000,2,1,2,27,0,0,0,0,0,0,8508,27049,0,0,0,0,27049,0,0,0,0,0,0
27929,150000,2,1,2,28,1,0,0,0,0,0,0,0,0,0,0,0,0,0,0,0,0,0,0
27930,20000,2,2,1,28,2,2,2,0,0,0,17023,18432,17848,19103,19229,18856,2000,0,1574,700,688,687,1
27931,130000,2,2,2,28,2,0,0,0,0,0,7964,8976,9998,11007,11226,11460,1152,1174,1183,402,415,418,0
27932,190000,2,1,2,29,0,0,0,0,0,0,28096,29322,30144,31243,32719,33540,2000,1600,1600,2000,1500,1300,0
27933,140000,2,1,2,25,2,0,0,0,0,0,26623,28863,34049,36061,40003,45423,3000,6000,3000,5000,6000,5000,1
27934,180000,2,2,2,25,0,0,0,0,0,0,177607,177498,176081,175540,142015,139162,6500,7000,7200,5018,5200,5300,0
27935,180000,2,1,2,28,0,0,0,0,0,0,2393,5428,5683,39351,3241,2614,5461,5834,39000,3241,2614,3506,0
27936,50000,2,2,2,28,0,0,0,0,2,0,23318,24327,25360,27929,27184,27752,1398,1431,3000,0,1155,1025,0
27937,80000,2,2,1,27,0,0,0,0,0,0,2805,1995,0,680,2862,5539,1995,0,680,2862,5539,0,0
27938,120000,2,2,2,27,1,1,0,0,0,0,11238,0,0,0,0,0,0,0,0,0,0,0,1
27939,420000,2,2,2,28,0,0,0,0,0,0,89829,82251,78830,76521,78049,79792,5126,3019,2777,2800,3000,3000,0
27940,90000,2,2,1,27,1,0,0,0,0,0,0,1191,-21,2130,3486,1495,1191,0,2151,3486,1495,0,0
27941,70000,2,1,2,27,0,0,0,0,0,0,42825,47047,62703,28945,16345,21163,5000,20000,10000,6000,5000,8000,0
27942,200000,2,2,2,27,0,0,0,0,0,0,37076,18382,18834,0,0,0,5000,18834,60000,0,0,0,0
27943,240000,2,1,2,28,0,0,0,0,0,0,30173,29109,16704,13934,2020,4520,5009,4000,3506,0,2500,4000,0
27944,360000,2,1,2,28,0,0,0,0,0,0,276,0,502,0,1017,0,0,502,0,1017,0,359,0
27945,180000,2,1,2,28,0,0,0,0,0,0,20098,22063,11705,14900,7180,-10,3000,4000,4000,3000,0,550,0
27946,160000,2,1,2,27,0,0,0,0,0,0,288,451,1665,330,165,794,451,1680,330,0,794,2349,0
27947,20000,2,2,2,29,0,0,0,0,0,0,12742,8438,9792,10990,13990,10000,1500,1500,1500,3000,2000,0,0
27948,30000,2,3,2,28,2,0,0,0,0,0,1946,1473,0,157,24767,24991,1000,0,3160,25000,1000,2000,0
27949,230000,2,1,2,28,0,0,0,0,0,0,45405,41630,38940,37150,36306,33563,2500,3013,4000,5006,3000,3000,0
27950,240000,2,1,2,29,0,0,0,0,0,0,10747,30380,15579,20496,15296,24332,30439,10023,10000,5000,15000,15000,0
27951,200000,2,1,2,27,0,0,2,2,2,2,159215,172029,167856,179126,174748,179337,15500,0,14100,0,7400,13000,1
27952,280000,2,2,2,28,0,0,0,0,0,0,0,0,0,0,0,0,0,0,0,0,0,0,0
27953,340000,2,2,1,29,0,0,0,0,0,0,20816,11706,600,-470,50813,50271,1005,600,0,51283,1193,5000,0
27954,50000,2,1,2,25,0,0,0,0,0,0,44641,45769,47397,40345,31003,29693,1870,2500,3017,1060,1300,2000,0
27955,200000,2,3,1,26,0,0,0,0,0,0,201642,202486,197888,145078,137272,131447,7671,6210,4500,4200,6200,4200,1
27956,140000,2,2,1,27,2,0,0,0,0,0,776,752,776,1580,804,728,752,800,1580,0,700,700,0
27957,160000,2,1,2,29,0,0,0,0,0,0,20193,3250,9244,8344,5607,1289,3250,6152,1000,1401,0,0,0
27958,50000,2,1,2,26,2,2,2,2,2,0,29164,28396,31533,31833,31022,31681,0,3600,1111,0,1160,1160,0
27959,20000,2,1,2,28,2,2,2,2,2,2,15522,18442,17862,19756,19143,21671,3186,0,2500,0,3000,0,1
27960,170000,2,2,1,29,0,0,0,0,0,0,-807,-807,-807,-807,-1169,-1531,0,0,0,0,0,0,0
27961,140000,2,2,2,27,0,0,0,0,0,0,1186,3713,390,390,6580,0,4000,390,390,6580,0,780,0
27962,150000,2,1,1,29,1,0,0,0,0,0,0,231,0,0,0,0,231,0,0,0,0,685,0
27963,70000,2,2,2,25,1,2,0,0,0,0,73167,70238,70640,71298,70930,72491,0,2600,3000,3000,6000,0,0
27964,50000,2,3,2,28,0,0,0,0,0,0,51422,50525,49691,49308,30284,30554,2100,2500,28400,1100,2000,1500,1
27965,80000,2,2,1,28,0,0,0,0,0,0,150651,52233,81162,71470,28718,27813,3905,81000,1513,47921,10000,2001,0
27966,360000,2,2,1,29,0,0,0,0,0,0,0,0,0,0,0,0,0,0,0,0,0,0,0
27967,360000,2,1,2,27,1,0,0,0,0,0,0,0,0,0,0,0,0,0,0,0,0,0,0
27968,130000,2,1,2,27,0,0,0,0,0,0,37319,38252,46741,42881,367,46265,2031,10000,1000,367,61170,1200,0
27969,120000,2,1,2,28,0,0,0,0,0,0,2494,1394,780,470,-170,180,2000,780,470,0,500,1335,0
27970,110000,2,2,2,28,0,0,0,0,0,0,79573,81449,83241,84960,86045,88060,3800,4000,4000,3400,3400,7000,0
27971,230000,2,2,2,28,0,0,0,0,0,0,29500,4828,7633,9202,2553,6015,4800,7021,8008,0,6015,3053,0
27972,110000,2,2,2,29,0,0,2,2,2,2,18817,21068,16412,16809,8682,8861,2600,1102,1000,0,602,0,1
27973,200000,2,1,2,28,0,0,0,0,0,0,1860,4464,29705,25854,510,1470,4464,29705,25854,510,1470,5822,0
27974,60000,2,1,1,28,0,0,0,0,0,0,2848,1469,1647,1355,1458,1631,1469,1675,1355,1458,1631,1931,0
27975,310000,2,3,2,28,0,0,0,0,0,0,240846,220845,179260,116798,109647,114745,10500,7809,10000,10000,10334,10000,0
27976,160000,2,3,2,27,1,0,0,0,0,0,-10,3382,7726,12290,1280,0,3392,7749,14529,1283,0,0,0
27977,180000,2,1,1,27,0,0,0,0,0,0,152158,155181,158437,161664,164873,168344,5539,5741,5852,5881,7607,6135,0
27978,170000,2,1,1,30,0,0,0,0,0,0,364,14662,0,0,1861,-167,14662,0,0,1861,0,334,0
27979,240000,2,1,2,29,0,0,0,0,0,0,3647,2530,464,1316,1102,3381,2535,464,1316,1104,3384,5200,0
27980,160000,2,1,2,28,0,0,0,0,0,0,160,0,0,0,0,0,0,0,0,0,0,0,0
27981,200000,2,1,2,28,0,0,0,0,0,0,7618,7961,1452,6248,4112,0,7961,1452,6248,4112,0,3428,0
27982,60000,2,3,2,28,0,0,0,0,0,0,59650,51176,42368,35730,28670,27979,3376,1900,1908,1133,1015,1153,0
27983,100000,2,2,1,28,0,0,0,0,0,0,94245,95268,96620,97938,78126,65680,3500,3800,3900,3000,2300,2300,0
27984,60000,2,1,2,28,0,0,2,0,0,0,6393,10540,10232,11237,11427,20973,4278,0,1483,673,10000,11540,1
27985,50000,2,1,2,31,0,0,0,0,0,0,12725,34526,12787,3995,0,0,30018,12787,3995,0,0,0,0
27986,120000,2,2,2,29,0,0,0,0,0,0,96342,97724,99131,100464,100380,101445,4500,4500,4500,3700,3679,4100,0
27987,250000,2,1,2,30,0,0,0,0,0,0,18751,21550,23932,37329,26339,4836,5000,3500,15054,7885,4836,9655,0
27988,180000,2,1,1,30,0,0,0,0,0,0,1863,1863,2886,840,2052,1443,1863,2886,840,2052,1443,1443,1
27989,210000,2,2,1,30,0,0,0,0,0,0,107539,103234,47363,45810,42093,36587,3000,3018,2000,1500,1500,2000,0
27990,360000,2,2,1,30,0,0,0,0,0,0,19918,-182,-6877,-5377,-2377,-377,500,0,2000,3000,2000,3000,0
27991,210000,2,1,2,26,0,0,0,0,0,0,132909,135210,140056,143584,147832,150953,7000,7003,8000,8000,5500,7000,0
27992,110000,2,2,1,29,0,0,0,0,0,2,27340,17353,0,0,3161,2996,10000,0,0,3161,0,30000,0
27993,270000,2,2,2,29,0,0,0,0,0,0,88996,17142,18118,147189,170268,170268,17142,18118,147500,60000,15000,58354,0
27994,50000,2,1,2,29,0,0,2,0,0,0,6161,8998,8319,8672,9390,9861,3500,0,1282,1000,1000,3000,0
27995,220000,2,2,1,29,0,0,0,0,0,0,142818,141540,131810,118866,115256,97161,5042,5042,3687,3660,3528,3314,0
27996,80000,2,2,2,30,0,0,0,0,0,0,4161,1819,6845,1813,8362,-783,2000,6689,1817,8100,0,4000,0
27997,180000,2,1,2,31,0,0,0,0,0,0,4522,1763,1571,0,4775,0,1771,1571,0,4775,0,0,0
27998,400000,2,1,1,31,0,0,0,0,0,0,325,5581,2833,1162,325,325,5581,2833,1162,325,325,325,0
27999,230000,2,2,1,30,0,0,0,0,0,0,234521,228486,216287,215927,174259,174486,9800,8502,8350,6200,6500,6500,0
28000,90000,2,5,2,31,1,0,0,0,0,0,0,0,0,0,0,0,0,0,0,0,0,0,0
28001,30000,2,2,1,29,1,2,2,2,0,0,27371,26632,29703,28700,28300,25520,0,3500,0,0,1000,0,1
28002,150000,2,1,2,29,0,0,0,0,0,0,145138,140210,136196,105989,98836,94504,5200,7982,4500,4048,3800,3818,0
28003,230000,2,1,2,29,2,0,0,0,0,0,711,711,711,711,711,291,711,711,711,711,291,1131,0
28004,510000,2,1,2,30,0,0,0,0,0,0,71121,481382,559712,163628,117475,116656,493358,1227082,164577,510,6239,4550,0
28005,20000,2,2,2,30,1,2,0,0,0,0,20128,17842,18979,7886,19786,20025,0,7027,1000,19000,6000,1000,1
28006,150000,2,1,2,27,0,0,0,0,0,0,51032,69242,65366,62283,60942,55878,30000,20142,3759,7022,20000,10000,0
28007,110000,2,2,2,24,0,0,0,0,0,0,6217,7947,9649,11472,13267,15048,2000,2000,2000,2000,2000,0,0
28008,250000,2,2,1,25,0,0,0,0,0,0,24920,26456,24196,22408,20610,17978,2000,1790,1250,700,644,1000,0
28009,240000,2,1,3,29,1,0,0,0,0,0,0,0,0,0,0,0,0,0,0,0,0,0,0
28010,150000,2,1,2,28,0,0,0,0,0,0,3470,0,0,0,0,0,0,0,0,0,0,0,0
28011,420000,2,2,2,29,0,0,0,0,0,0,267050,272606,278407,284777,301438,308571,10000,10200,11000,21500,12000,15000,0
28012,170000,2,5,2,30,0,0,0,0,0,0,66805,51351,38816,32475,24606,21988,5148,3000,1978,4700,1000,2000,0
28013,220000,2,1,2,28,0,0,0,0,0,0,6601,8312,2102,4707,7216,6565,5026,2102,4000,7216,6565,4757,0
28014,160000,2,2,2,28,0,0,0,0,0,0,2191,645,2102,5477,2258,1849,645,2118,5477,2276,1851,5543,0
28015,150000,2,2,1,28,0,0,0,0,0,0,5527,614,12515,10749,7549,5749,1000,13000,12006,7000,0,0,0
28016,150000,2,2,2,29,1,2,2,2,0,0,4577,4356,6643,2831,1745,3212,0,2400,0,1500,1500,1000,1
28017,140000,2,2,1,27,0,0,0,0,0,0,444,0,1650,0,2226,0,0,1650,0,2226,0,656,1
28018,240000,2,2,2,27,0,0,0,0,0,0,30589,2225,3708,20694,19771,38603,2239,3700,20739,10003,40115,8756,0
28019,20000,2,2,2,28,0,0,2,0,0,0,2937,5696,4144,8168,6894,11424,3353,3,5101,6,6530,8103,1
28020,30000,2,2,2,29,2,0,0,0,0,0,28541,16436,18146,0,0,0,1385,5000,0,0,0,0,1
28021,80000,2,2,1,29,2,0,0,0,0,0,80100,79368,81130,49407,49067,50234,3500,3700,1800,1900,3000,2000,0
28022,400000,2,1,2,29,0,0,0,0,0,0,5567,13011,22396,26359,41627,16709,13011,10001,5023,20150,5082,4134,0
28023,150000,2,2,2,27,0,0,0,0,0,0,88957,92548,82169,67958,69310,70819,5500,2730,2468,2483,2628,10000,0
28024,180000,2,2,1,32,0,0,0,0,0,0,95917,85902,77013,69551,62960,59487,2986,3000,2367,3000,3554,5495,0
28025,360000,2,3,1,32,0,0,0,0,0,0,227689,206249,182985,186047,188389,191907,7142,8200,7600,6200,6000,7000,0
28026,160000,2,1,1,30,0,0,0,0,0,0,960,3597,3633,2707,6087,4852,3597,3633,2702,6087,4852,9425,1
28027,80000,2,2,2,30,0,0,2,0,0,0,80681,84064,79988,79291,53876,49513,6900,0,4382,1822,2000,2000,0
28028,240000,2,2,1,32,1,0,0,0,0,0,0,0,0,262,0,1389,0,0,262,0,1389,0,0
28029,50000,2,2,1,33,0,0,0,0,0,0,34485,28251,7114,28042,28479,29066,1815,1700,30042,1200,1200,1300,1
28030,50000,2,2,1,34,0,0,0,0,0,0,50680,50655,50710,50503,40140,-21364,50702,2033,1776,2000,29000,59901,0
28031,50000,2,3,1,29,0,0,0,0,0,0,47194,48381,46777,39420,8824,9009,2002,2000,1530,1000,327,329,1
28032,200000,2,2,1,30,0,0,0,0,0,0,42488,0,0,0,7637,21186,0,0,0,7637,21186,0,0
28033,50000,2,1,2,29,2,0,0,2,0,0,50461,48340,51113,48114,19400,19240,2100,4900,0,3000,2500,1000,0
28034,140000,2,1,2,30,0,0,2,0,0,2,78095,84781,82558,80376,85281,84688,8000,0,3500,5900,0,3000,0
28035,310000,2,1,2,29,0,0,0,0,0,0,8454,14570,21897,4316,771,2888,14581,11139,15347,793,7390,1436,0
28036,430000,2,3,2,30,0,0,0,0,0,0,308741,304476,277823,251443,236975,203526,12000,11000,11000,10000,8000,8000,0
28037,100000,2,1,2,30,0,0,0,0,0,0,89242,91067,93409,95056,75688,77330,4200,4700,4500,3000,2900,2901,0
28038,500000,2,1,2,29,0,0,0,0,0,0,28555,33055,42392,36641,12149,426518,5000,10000,5132,12159,426529,20016,0
28039,200000,2,2,2,29,0,0,0,0,0,0,204134,194949,153646,137087,134995,135953,8000,5542,5308,4587,4750,4935,1
28040,140000,2,1,2,29,0,0,2,0,0,0,135436,144922,141289,137377,93261,95368,13102,17,5547,3242,3512,3333,0
28041,200000,2,2,1,30,0,0,2,0,0,0,0,1541,811,2754,17557,1144,1541,4,3071,17557,1144,1252,0
28042,200000,2,1,2,28,0,0,0,0,0,0,466,161746,153377,134027,135120,136512,161844,5228,5005,5004,5151,5253,0
28043,100000,2,1,2,28,0,0,0,2,0,0,10886,11697,14479,10775,10998,12655,1300,3005,0,700,2000,1500,0
28044,180000,2,4,1,28,2,0,0,0,0,0,117328,115140,73730,64600,2500,0,4117,3504,3000,0,0,0,0
28045,190000,2,1,2,28,0,0,0,0,0,0,141693,143464,146943,151905,153538,156664,5618,5795,7408,5645,5753,6370,0
28046,50000,2,1,2,28,0,0,0,0,0,0,48782,47708,49846,49303,29722,29624,2100,3600,2146,1004,1100,1294,0
28047,440000,2,1,1,31,0,0,0,0,0,0,232526,1025,0,26549,0,1000,1025,0,26549,0,1000,150,0
28048,30000,2,2,1,30,0,2,0,0,0,0,4994,886,937,0,1083,3395,0,1000,398,1083,3395,7383,0
28049,180000,2,2,2,29,0,0,0,0,0,0,4184,0,0,0,0,0,0,0,0,0,0,0,0
28050,150000,2,1,2,29,0,0,0,0,0,0,0,5067,131,987,0,14001,5067,131,987,400,14001,0,1
28051,390000,2,1,2,29,0,0,0,0,0,0,89953,107947,60313,55769,65835,72177,25000,35127,20000,12000,7500,15000,0
28052,30000,2,2,1,31,0,0,0,0,0,0,16207,16735,18253,19646,21238,23843,4000,5000,5000,5000,5000,5006,0
28053,10000,2,2,2,32,0,0,0,0,0,0,77,7417,8459,9493,9678,9634,7417,1166,1200,300,1000,500,1
28054,270000,2,2,2,32,0,0,0,0,0,0,59710,49986,104390,94856,86461,83650,1808,69563,2891,2689,3012,2771,0
28055,20000,2,2,1,32,3,2,2,7,7,7,2400,2400,2400,2400,2400,2400,0,0,0,0,0,0,1
28056,50000,2,2,1,34,0,0,0,2,2,2,45974,47504,45206,35892,22989,22483,2374,4656,25,2869,0,814,0
28057,60000,2,1,2,33,1,2,0,0,0,0,11776,11295,12799,14272,15225,16320,0,2000,2000,1500,1500,1500,0
28058,50000,2,3,1,34,2,2,2,2,2,2,28289,32783,33714,32250,34245,19719,5000,3000,0,5000,0,3000,1
28059,20000,2,3,2,40,0,0,0,0,0,0,19088,13828,9290,6636,2941,642,1248,1200,1156,1000,700,4600,0
28060,80000,2,3,1,35,1,2,2,2,2,2,68423,70002,71389,73788,74463,72834,3300,3100,4204,2790,0,3043,1
28061,50000,2,2,1,47,0,0,0,0,0,0,48433,49664,49405,47522,28711,28060,3500,2013,1863,1006,1300,2500,0
28062,140000,2,1,1,40,2,2,2,2,2,2,21952,27540,31785,30980,33162,32497,6300,5000,0,3000,0,3000,1
28063,400000,2,1,2,36,0,0,0,0,0,0,845,1423,6649,3051,1926,51669,1428,6676,3051,5,51965,5038,0
28064,50000,2,3,1,44,0,0,2,0,0,0,13881,11494,5847,4871,3007,2136,3483,0,1000,0,993,0,0
28065,80000,2,2,1,36,0,0,0,0,0,0,74652,76506,78173,79220,81351,48056,3700,3500,3000,3368,1023,1500,0
28066,380000,2,2,1,30,2,0,0,0,0,0,225995,231382,224420,136324,137929,114249,10382,8420,46777,4929,4249,5528,1
28067,230000,2,3,1,33,0,0,0,0,0,0,233314,222220,210778,211132,179564,176949,8005,10002,15037,6500,16002,8002,0
28068,210000,2,1,2,31,0,0,0,0,0,0,9604,10970,1230,24531,24287,22683,5056,1230,24531,1003,479,8080,0
28069,100000,2,2,2,40,0,0,0,0,0,0,92393,85345,76109,77068,77868,75954,3500,3500,3300,3000,3000,3000,0
28070,210000,2,2,1,44,0,0,0,0,0,0,124146,127341,92812,89878,80812,139202,6000,6000,6000,5000,60000,7000,0
28071,140000,2,1,1,35,0,0,0,0,0,0,92924,88331,83421,79088,73360,67700,4691,4251,4500,3000,2500,2300,0
28072,150000,2,2,1,47,0,0,0,0,0,0,0,0,0,0,0,0,0,0,0,0,0,0,0
28073,40000,2,5,1,48,0,0,0,0,0,0,36581,37896,40262,40370,39970,39970,1926,3292,1400,0,0,0,0
28074,120000,2,3,2,26,1,0,2,0,0,0,0,1302,651,1302,651,651,1953,0,1302,0,651,651,1
28075,50000,2,2,2,26,0,0,0,0,0,0,49296,39427,35674,31113,31734,32488,1614,1546,1461,1082,1210,1203,0
28076,360000,2,1,2,26,0,0,0,0,0,0,273,3558,1489,-356,9824,2010,3558,1489,0,10560,2010,1491,0
28077,80000,2,3,1,42,2,2,2,2,0,0,17511,20503,25917,19081,15200,13039,3600,6142,0,0,0,6439,1
28078,230000,2,1,2,46,0,0,0,0,0,0,699,699,699,999,1149,849,699,699,999,1149,849,999,0
28079,50000,2,2,1,38,0,0,0,0,0,0,6350,3239,4166,0,0,0,1100,1000,0,0,0,0,1
28080,150000,2,2,3,48,0,0,0,0,0,0,3611,5153,6158,4626,0,0,2000,1523,2000,0,0,0,0
28081,20000,2,3,1,35,0,0,0,0,0,2,7196,6780,7399,8574,7833,6342,1120,2000,2580,600,0,1000,0
28082,10000,2,3,1,44,5,4,3,2,2,2,8678,8401,8128,7841,8579,8317,0,0,0,1000,0,1000,1
28083,140000,2,1,1,41,0,0,0,0,0,0,80603,80193,73318,70523,55318,50236,3000,3336,2372,1453,1536,1300,0
28084,150000,2,2,1,41,0,0,0,0,0,0,1650,0,0,6784,6923,14116,0,0,6784,159,167,760,0
28085,290000,2,2,2,36,0,0,0,0,2,0,110695,108583,70642,71008,65455,63421,3260,5000,4706,0,2007,2482,0
28086,170000,2,2,1,36,0,0,0,0,0,0,813,2080,5425,115,505,1012,2085,5425,115,505,1012,1560,0
28087,420000,2,3,1,39,0,0,0,0,0,0,2476,3570,11343,5216,23001,2439,3634,11353,5255,23001,2439,0,0
28088,120000,2,2,2,33,0,0,0,0,0,0,508,607,611,593,653,587,700,611,593,653,587,916,0
28089,150000,2,2,1,40,0,0,0,0,0,0,3042,41036,16465,40215,5024,19924,41243,16548,40442,5049,20023,6035,0
28090,80000,2,1,1,45,0,0,0,0,0,0,77402,78997,79821,79308,52172,50266,2900,3600,10002,1754,1765,3795,0
28091,100000,2,2,1,48,0,0,0,0,0,0,109033,97041,80993,72751,67146,68490,3641,3782,5000,5000,3000,3000,0
28092,40000,2,3,2,41,0,0,0,0,0,0,72892,37781,35647,0,0,0,1971,1000,0,0,0,0,1
28093,130000,2,3,2,46,0,0,0,0,0,0,131996,132177,132927,131866,130707,129174,5000,5000,4600,5000,4614,5139,0
28094,100000,2,2,2,41,0,0,0,0,0,0,96509,97042,98054,92466,67337,67093,4500,5000,4000,5000,3000,4000,0
28095,300000,2,3,1,46,0,0,0,0,0,0,147289,150201,-3699,4142,1700,0,10000,0,10005,0,0,0,0
28096,150000,2,2,2,41,0,0,0,0,0,0,316,316,316,316,466,8057,316,316,316,466,8057,316,0
28097,50000,2,2,1,39,1,2,2,2,0,0,27094,26365,29124,28357,28984,30012,0,3500,0,1100,1500,1100,1
28098,350000,2,1,1,37,0,0,0,0,0,0,6185,27821,36140,34022,26366,67650,27821,36532,34022,20000,117650,74086,0
28099,170000,2,2,2,45,0,0,0,0,0,0,1638,1638,1638,3276,1638,1638,1638,1638,3276,0,1638,1638,0
28100,220000,2,2,2,31,2,2,2,2,0,0,182176,176797,187033,171021,167789,168417,0,14179,0,7000,10000,12000,1
28101,210000,2,1,2,29,0,0,0,0,0,0,18662,6220,199,0,10024,-18,6224,199,200,10024,0,0,0
28102,200000,2,1,2,30,0,0,0,0,2,0,89874,92567,96064,103511,100951,103364,4200,5000,9054,0,4200,4000,0
28103,180000,2,1,2,30,2,2,2,2,0,0,14038,16980,16915,17532,18429,20126,3500,500,1200,1500,2000,0,1
28104,50000,2,1,1,31,1,2,2,0,0,0,50883,51184,50092,50332,29690,30246,2200,4,2300,1100,1400,1200,1
28105,50000,2,2,2,35,1,2,0,0,0,0,31507,30705,33467,12870,3325,5103,0,3467,1229,3325,2000,2167,0
28106,180000,2,1,1,39,0,0,0,0,0,0,892,6809,18390,13999,933,933,6846,18399,13999,933,933,993,0
28107,500000,2,1,2,44,0,0,0,0,0,0,29996,10625,14567,0,3808,6751,10625,14573,0,3808,6751,0,0
28108,160000,2,2,2,45,1,0,0,0,0,0,0,0,0,0,0,388,0,0,0,0,388,3099,0
28109,120000,2,1,2,37,2,2,2,2,2,2,744,744,744,744,1188,594,444,444,444,888,0,888,1
28110,60000,2,2,1,39,0,0,0,0,0,0,12545,1217,0,0,0,465,1217,0,0,0,465,0,1
28111,220000,2,4,1,35,0,0,0,0,0,0,1849,326,12681,84674,35326,1026,326,12681,84674,35326,1026,3088,0
28112,210000,2,2,1,36,0,0,0,0,0,0,13460,14765,14939,15748,16069,13780,1534,1307,1116,437,399,276,0
28113,480000,2,2,2,38,0,0,0,0,0,0,5619,7600,123988,177054,273429,293157,7600,123988,60000,100000,24250,12735,0
28114,140000,2,3,2,43,0,0,0,0,0,0,140832,131883,123504,126441,129345,137539,5006,4500,5000,5000,10490,5000,0
28115,150000,2,2,1,38,0,0,0,0,0,0,149957,152224,152208,116763,72325,73273,6000,5440,4000,3000,3000,3000,0
28116,110000,2,3,2,43,2,2,0,0,0,0,114614,111306,112173,93675,59095,60336,0,5000,3000,2100,2500,2100,1
28117,350000,2,1,1,41,0,0,0,0,0,0,15407,17826,23489,29037,36213,38163,3000,6000,6000,8027,8000,8000,0
28118,150000,2,2,2,43,0,0,0,0,0,0,111024,111486,12596,13610,14381,15147,2720,1500,1229,1000,1000,1000,0
28119,420000,2,1,1,39,0,0,0,0,0,0,298753,304964,312224,315822,275393,278745,13000,14000,11230,10000,8091,6965,1
28120,80000,2,1,1,41,0,0,0,0,0,0,11987,13007,3537,0,0,0,1325,1000,0,0,0,0,0
28121,180000,2,1,1,44,0,0,0,0,0,0,138701,140009,143053,145695,143705,133883,5100,5297,5128,4869,4960,5177,0
28122,290000,2,2,1,39,1,0,0,0,0,0,-70,9540,390,3184,390,390,10000,800,3184,390,390,6617,0
28123,300000,2,1,1,37,0,0,0,0,0,0,4476,2521,3529,-5364,-8943,4057,3017,4506,0,0,14000,12000,0
28124,80000,2,2,1,41,0,0,0,2,0,0,78480,77063,76720,74651,57109,46703,3100,6300,0,1743,1588,1628,1
28125,230000,2,2,1,39,0,0,0,0,0,0,0,0,1052,0,1931,0,0,1052,0,1931,0,3915,0
28126,20000,2,2,1,43,1,2,0,0,0,0,17188,16619,17341,18352,18716,19109,0,1294,1305,669,694,697,0
28127,20000,2,2,2,39,1,0,0,0,0,0,0,0,0,0,0,0,0,0,0,0,0,0,1
28128,200000,2,1,1,40,0,0,0,0,0,0,-50,-50,-50,-50,-50,-50,0,0,0,0,0,2877,0
28129,500000,2,1,2,35,0,0,0,0,0,0,33214,18521,22802,22518,25733,19715,18694,22948,22571,14067,7598,4042,0
28130,10000,2,3,1,49,0,0,0,0,0,0,9807,9976,7538,9322,9567,9766,2114,1131,2155,1400,1354,428,0
28131,100000,2,3,1,42,0,0,0,0,0,0,58543,54902,54590,53037,54100,53889,2004,1966,1884,1903,1940,2000,0
28132,250000,2,2,1,28,0,0,0,0,0,0,0,0,0,0,4501,282,0,0,0,4501,282,10351,0
28133,540000,2,3,2,38,1,0,0,0,0,0,736,736,736,736,0,-736,736,736,736,0,0,2965,0
28134,50000,2,2,1,39,0,0,0,0,0,0,37503,33505,25626,26444,19422,19438,1399,1480,1298,677,700,1000,0
28135,550000,2,1,2,44,0,0,0,0,0,0,27093,30805,7451,16111,22819,80846,30820,7851,19751,29700,80987,36158,0
28136,200000,2,3,1,42,0,0,0,0,0,0,2213,5283,1863,9323,1612,1619,5286,1863,9323,1612,2054,5808,0
28137,50000,2,3,1,44,0,0,0,0,0,0,46363,47356,48905,49794,8820,9000,1762,2311,2200,176,180,9769,0
28138,230000,2,3,1,36,1,2,0,0,0,0,232115,225086,222286,222884,220876,221496,22,9005,9037,7519,8018,8100,0
28139,330000,2,3,1,45,0,0,0,0,0,0,33369,34509,35406,34770,35468,36211,2000,1470,1374,1072,1113,2000,0
28140,520000,2,1,1,37,0,0,0,0,0,0,4439,3487,7491,2310,12000,0,3913,7494,2310,12000,0,0,0
28141,180000,2,1,2,44,0,0,0,0,0,0,16891,0,521,0,0,0,0,521,0,0,0,10622,0
28142,200000,2,3,1,36,0,0,0,0,0,0,167385,171476,175956,171340,177236,181978,8000,8045,8000,8000,7000,18000,0
28143,430000,2,5,2,44,0,0,0,0,0,0,626648,586825,547667,504474,462640,420585,20659,20421,16943,15634,14933,15131,0
28144,220000,2,1,1,46,3,2,2,0,0,0,249449,243517,228368,224414,196229,190050,9501,0,10000,7200,7001,6900,0
28145,210000,2,2,2,41,0,0,0,0,0,0,0,8333,0,0,0,0,8333,0,0,0,0,0,0
28146,360000,2,2,1,47,0,0,0,0,0,0,71006,37066,49018,32760,31489,22316,36448,48833,32928,31646,22428,37984,0
28147,200000,2,2,1,48,0,0,0,0,0,0,2233,6731,1374,24836,23348,7058,6734,1374,74836,0,250,55892,0
28148,150000,2,1,1,36,0,0,0,0,0,0,38298,39292,40357,41284,42105,43146,1635,1700,1600,1507,1719,2000,0
28149,170000,2,3,2,47,0,0,0,0,0,0,16089,5454,8846,920,380,4765,5455,8866,921,381,4801,1632,0
28150,50000,2,3,1,49,2,2,2,0,0,0,47934,48950,47891,98284,19950,20007,2100,0,5400,1000,900,1000,0
28151,20000,2,3,2,48,1,3,2,4,5,4,18038,18445,21556,22824,22192,21271,1000,3700,1900,0,0,0,1
28152,300000,2,1,2,32,0,0,0,0,0,0,169223,179223,199223,202486,200935,-6,10000,20000,11022,4935,6,2844,0
28153,200000,2,1,1,40,1,0,0,0,0,0,2418,0,0,0,0,0,0,0,0,0,0,0,0
28154,210000,2,1,1,34,0,0,0,0,0,0,73329,74261,75602,76062,76287,76971,2700,3500,3300,3000,3000,3000,0
28155,100000,2,1,2,42,0,0,2,0,0,0,93256,99710,97051,98342,56639,57388,8300,0,4100,3000,2500,2233,0
28156,210000,2,2,1,43,0,0,0,0,0,0,3088,5045,8024,1292,1000,3340,5056,8042,1292,1000,3340,7941,0
28157,80000,2,2,1,32,0,0,0,0,0,0,77808,77180,79147,81159,69573,70306,3000,4000,4000,5000,8000,2800,0
28158,130000,2,3,1,31,0,0,0,0,0,0,62518,4049,6690,-1018,89445,90179,4065,6704,21018,92610,3272,3332,1
28159,320000,2,2,2,35,0,0,0,0,0,0,94561,96683,78479,71121,44698,53230,6085,3632,5010,7059,30018,59518,0
28160,350000,2,5,1,45,0,0,0,0,0,0,355310,337523,342288,336750,341376,348730,13671,12678,13601,12136,12771,12900,0
28161,260000,2,1,2,29,0,0,0,0,0,0,78341,44155,27779,27738,27923,28143,10000,30150,2000,3000,2000,2000,0
28162,230000,2,3,2,46,0,0,0,0,0,0,273094,341657,344026,160377,85681,-371,135034,10806,20266,15120,343,100014,0
28163,210000,2,1,1,44,0,0,0,0,0,0,14993,1938,0,0,0,0,1938,0,0,0,0,0,0
28164,160000,2,3,1,41,1,2,2,2,0,0,45057,46017,47188,46134,47063,50034,2000,2200,0,2000,3900,2000,0
28165,210000,2,1,1,30,0,0,0,0,0,0,187191,140417,107768,84505,81796,52453,4700,4500,3100,3016,2000,2000,0
28166,120000,2,1,2,32,1,0,0,0,0,0,0,0,0,0,9310,0,0,0,0,9310,0,0,0
28167,30000,2,1,1,32,0,0,0,0,0,0,27764,29276,28637,29325,30004,30506,2000,2000,1500,1100,1300,1000,1
28168,70000,2,2,1,31,0,0,0,0,0,0,38579,43891,33798,25993,26263,26812,8958,1500,2000,1000,972,982,0
28169,270000,2,2,1,31,0,0,0,0,0,0,177003,175642,198983,190085,177102,176033,6235,30067,8399,5623,5669,6207,0
28170,350000,2,1,2,30,0,0,0,0,0,0,951,601,714,263,900,1271,605,716,263,900,1271,1218,0
28171,50000,2,2,2,45,1,3,2,3,2,2,23751,23076,25004,24315,23626,25370,0,2600,0,0,2129,0,1
28172,110000,2,2,1,48,0,0,0,0,0,0,108668,111162,107172,107629,106628,106903,4322,5369,4003,3806,4050,3672,0
28173,150000,2,2,1,44,0,0,0,0,0,0,49716,50198,50543,50774,51074,50425,2000,1845,1772,1768,1808,1764,0
28174,280000,2,1,2,29,0,0,0,0,0,0,0,0,0,0,0,0,0,0,0,0,0,0,1
28175,300000,2,2,1,30,0,0,0,0,0,0,10746,13267,11915,8813,8292,13546,7006,6416,5800,6000,8900,4000,0
28176,20000,2,2,1,32,0,0,0,0,0,0,18377,18353,19103,19471,19225,19106,1288,1305,1277,656,1106,602,1
28177,50000,2,2,1,31,2,0,0,0,0,0,44105,33089,22829,13216,16100,16696,2000,2506,3000,3000,1070,5203,0
28178,200000,2,1,2,31,0,0,0,0,0,0,0,0,0,0,0,0,0,0,0,0,0,0,0
28179,50000,2,3,1,31,1,0,0,0,0,0,0,0,0,0,414,0,0,0,0,414,0,0,0
28180,150000,2,1,1,46,0,0,0,0,0,0,135748,136681,140019,143237,140658,143344,5000,5000,5000,5000,5000,5000,0
28181,200000,2,2,2,32,0,0,0,0,0,0,13467,4345,0,0,171,1557,4366,0,0,171,1386,6,0
28182,100000,2,2,1,32,1,0,0,0,0,0,-350,-740,-1130,-1520,780,0,0,0,0,2300,0,0,0
28183,360000,2,1,2,33,0,0,0,0,0,0,5334,6849,68133,71708,58551,54678,3017,65009,6784,3041,5044,3042,1
28184,50000,2,2,1,33,0,0,0,0,0,0,37541,36504,26901,26021,19438,12198,1434,1555,1148,1000,422,372,0
28185,220000,2,2,1,33,0,0,0,0,0,0,204144,175748,172758,175030,174122,175472,6500,6300,7700,6300,6300,6150,0
28186,80000,2,1,2,33,1,2,0,0,0,0,83367,81409,78790,80567,78047,82942,0,2873,3101,3000,6328,0,1
28187,150000,2,1,1,33,0,0,0,0,0,0,20441,26417,1091,5933,1517,1787,6549,1096,5962,1524,1795,1525,0
28188,210000,2,1,1,34,0,0,0,0,0,0,326,983,1297,326,326,326,983,1297,326,326,326,326,1
28189,70000,2,2,2,34,0,0,0,0,0,0,67655,68525,68038,55193,27099,28298,3200,2518,1525,1000,2000,2000,0
28190,50000,2,2,1,48,0,0,0,0,0,0,44324,43053,44016,15386,31401,16573,2000,1880,2000,1000,2000,1500,0
28191,80000,2,3,3,43,0,0,0,0,0,0,3408,-11,-11,-11,2429,905,0,0,0,2440,905,9213,0
28192,110000,2,2,2,34,0,0,0,0,0,0,0,576,0,0,0,0,576,0,0,0,0,0,0
28193,170000,2,1,2,34,0,0,0,0,0,0,1088,1088,5425,5223,1084,1084,1088,5425,1000,2172,1084,1189,0
28194,160000,2,3,1,46,0,0,0,0,0,0,-510,-520,0,-390,780,0,380,2000,0,101170,0,0,0
28195,130000,2,3,1,49,0,0,0,0,0,0,25339,26342,27376,28415,28980,29738,1427,1461,1500,1037,1225,1080,0
28196,200000,2,3,1,48,0,0,0,0,0,0,119139,5844,3666,37005,47376,1292,5844,3694,37177,47376,1292,46626,0
28197,360000,2,2,1,40,0,0,0,0,0,0,29540,27930,692,41301,10889,2017,27930,692,41303,10893,2017,13894,0
28198,160000,2,2,1,42,0,0,0,0,0,0,25338,27601,31818,34270,35698,37122,3000,5000,3000,2000,2000,2000,0
28199,310000,2,2,1,42,0,0,0,0,0,0,2851,4609,2109,14109,2109,2218,7869,2109,14109,2109,2218,1809,0
28200,500000,2,1,1,40,0,0,0,0,0,0,18436,2574,1390,3186,1649,2507,3001,1320,2007,1651,2517,4180,0
28201,430000,2,1,2,36,0,0,0,0,0,0,258212,232225,237297,240682,245337,242481,10500,10300,9000,8541,9054,8543,1
28202,300000,2,3,2,48,1,3,2,0,0,0,-2,779,390,769,772,1722,781,1,769,3,1730,0,1
28203,50000,2,1,2,46,0,0,0,0,0,0,3737,0,7752,596,18396,5769,0,7752,596,18396,5769,5769,0
28204,300000,2,2,1,38,0,0,0,0,0,0,1250,940,11240,12137,15937,16437,940,10300,1200,4000,500,6000,0
28205,300000,2,2,2,39,0,0,0,0,0,0,1028,0,0,0,0,0,0,0,0,0,0,0,1
28206,20000,2,3,1,39,0,0,0,0,0,0,19078,19929,16912,12698,11939,12346,1509,1321,1500,500,600,1500,1
28207,400000,2,1,2,39,0,0,0,0,0,0,0,0,0,0,0,0,0,0,0,0,0,0,1
28208,310000,2,2,1,48,0,0,0,0,0,0,0,99,0,110,0,0,99,0,110,0,0,0,0
28209,370000,2,2,2,38,0,0,0,0,0,0,75823,63617,65585,67223,62201,64356,5000,3000,3003,3000,3500,60000,0
28210,230000,2,2,1,36,0,0,0,0,0,0,4390,1402,3665,929,4167,115126,1402,3665,929,4167,115126,5000,0
28211,300000,2,2,1,40,0,0,0,0,0,0,11704,10196,8900,7099,5437,3958,1139,1322,1000,2000,1000,1000,0
28212,250000,2,1,1,40,0,0,0,0,0,0,2971,1737,3989,11577,11377,500,1737,3989,11577,0,500,25841,0
28213,320000,2,1,1,41,0,0,0,0,0,0,95155,97797,99672,101953,102284,104090,4400,4520,5050,3590,3700,3750,0
28214,310000,2,3,1,45,0,0,0,0,0,0,311401,218298,222424,220058,199376,189840,21084,20000,12000,15000,8000,15000,0
28215,500000,2,1,1,39,0,0,0,2,2,0,3625,0,501,501,902,544,398,501,0,544,544,0,0
28216,80000,2,3,1,37,0,0,0,0,0,2,24941,25945,27297,27969,29857,28872,1423,1775,1447,2335,0,1050,0
28217,200000,2,3,2,45,0,0,0,0,0,0,69817,71272,76740,67480,68843,70266,2049,6104,1839,1862,1918,2149,0
28218,160000,2,3,1,38,0,0,0,0,0,0,151963,141884,143428,146289,128133,124606,5100,7100,7500,4500,5000,4800,0
28219,20000,2,2,2,47,0,0,0,0,0,0,20151,19419,19864,4723,0,0,2000,2013,4731,0,0,0,0
28220,20000,2,2,2,33,0,0,0,0,0,0,11635,12604,12870,12726,13336,2496,2000,1308,1000,1000,50,0,0
28221,30000,2,2,1,33,3,2,2,7,7,7,2400,2400,2400,2400,2400,2400,0,0,0,0,0,0,1
28222,500000,2,1,2,30,1,0,0,0,0,0,943,5664,-33,6454,842,8031,5692,0,6487,842,8111,7029,0
28223,180000,2,1,2,30,0,0,0,0,0,0,1650,196,2500,0,0,3650,196,2500,0,0,3650,3859,0
28224,180000,2,3,2,31,0,0,0,0,0,0,2941,1436,12900,3026,2168,487,1443,12964,3041,2178,489,2638,0
28225,450000,2,1,1,33,0,0,0,0,0,0,0,0,0,0,0,0,0,0,0,0,0,0,0
28226,180000,2,2,1,33,0,0,0,0,0,0,70472,72518,73422,72687,68167,69746,3218,2708,3071,2500,2615,2500,0
28227,290000,2,3,1,46,0,0,0,0,0,0,30365,32571,36918,37063,11566,32057,32575,36982,37063,11566,32057,1501,0
28228,200000,2,2,1,37,0,0,0,0,0,0,4942,3554,3152,2732,1380,1380,1068,1046,1006,34,1386,1386,0
28229,200000,2,1,1,34,1,0,0,0,0,0,0,0,0,0,0,0,0,0,0,0,0,0,0
28230,400000,2,2,2,35,2,0,0,0,0,0,61245,109943,222085,223350,213831,210563,50016,120018,10071,8037,8018,8809,1
28231,210000,2,2,2,32,0,0,0,0,0,0,0,0,980,0,0,0,0,980,0,0,0,238,0
28232,30000,2,3,2,42,1,2,2,2,0,0,30445,27794,30603,29802,30134,30410,0,3569,0,1100,1100,1127,1
28233,340000,2,2,2,39,0,0,0,0,0,0,332319,308286,315601,318616,243586,248766,12500,13775,10631,8900,9200,9525,0
28234,50000,2,2,1,41,0,0,0,0,0,0,74903,49413,50812,50261,29720,30233,2120,2500,1905,1500,1200,1200,0
28235,220000,2,3,1,43,0,0,0,0,0,0,215050,211239,207821,209795,144729,148139,9029,10000,9084,10042,10000,10000,0
28236,100000,2,1,1,37,1,0,0,0,0,0,0,0,0,0,0,0,0,0,0,0,0,150,1
28237,400000,2,3,1,40,0,0,0,0,0,0,30179,35550,71671,-329,65691,23657,35729,72031,0,66020,23776,32948,0
28238,360000,2,2,2,43,0,0,0,0,0,0,6088,17980,4890,3008,3920,19282,17980,4897,3008,3920,19282,52087,0
28239,30000,2,3,2,47,0,0,0,0,0,0,3220,390,0,5780,11611,0,390,0,5780,6611,0,0,0
28240,10000,2,3,1,34,0,0,0,0,0,0,7101,8131,9024,6292,2530,6727,1307,1200,1012,2530,6727,56,1
28241,330000,2,1,1,37,0,0,0,0,0,0,726,-20,10756,0,442,0,0,10776,0,442,0,297,0
28242,110000,2,2,1,46,0,0,2,0,0,0,102726,110179,105137,105467,94294,86381,10700,0,5000,4000,4000,5000,0
28243,30000,2,2,1,44,2,0,0,0,0,0,21003,22309,23343,24336,24475,24643,1662,1696,1689,1016,893,1100,1
28244,110000,2,2,1,37,0,0,0,0,0,0,95986,189688,93984,91983,90129,89925,4300,5000,4109,3100,3322,3472,0
28245,150000,2,2,2,42,0,0,0,0,0,0,255207,249205,245393,29526,6990,0,6301,8000,5000,6800,0,0,0
28246,80000,2,2,2,32,1,2,0,0,0,0,113740,97093,85266,85871,47367,47812,0,3448,2383,1609,2000,2000,1
28247,160000,2,1,1,41,0,0,0,0,0,0,24411,7944,1080,0,40100,18899,7944,1080,0,40100,18899,4180,0
28248,30000,2,2,1,32,0,0,0,0,0,0,3454,-2,-2,-2,708,940,0,0,0,710,1042,0,0
28249,200000,2,1,2,33,0,0,0,0,0,0,4510,7430,4144,57836,1810,0,7430,4144,57836,1810,0,3018,0
28250,150000,2,1,1,33,1,0,0,0,0,0,-3,350,0,863,863,0,353,0,863,0,0,0,0
28251,140000,2,2,1,34,1,0,0,0,0,0,0,0,0,0,0,0,0,0,0,0,0,0,0
28252,120000,2,1,1,37,0,0,0,0,0,0,21128,16121,12027,5870,2994,-175,5020,5000,1000,2994,0,0,0
28253,100000,2,3,1,48,0,0,0,0,0,0,390,5333,15798,390,2265,1823,5333,15798,390,2265,1823,780,0
28254,50000,2,2,1,38,0,0,0,0,0,0,51023,51019,50951,50818,40453,37862,2300,2210,3300,1910,1530,1600,0
28255,80000,2,3,1,42,0,0,0,0,0,0,4571,4905,9764,3829,4248,3747,4905,9764,3829,4248,3747,3569,0
28256,140000,2,3,2,41,0,0,0,0,0,0,85698,24993,26021,28684,29273,30900,1400,1337,3000,951,2000,21604,0
28257,270000,2,1,1,45,0,0,0,0,0,0,218116,207533,204532,196061,180142,185838,10041,10064,9238,6000,8044,7030,0
28258,210000,2,3,1,36,0,0,0,0,0,0,1168,1511,0,1783,1000,150,1511,0,1783,1000,150,14780,0
28259,230000,2,2,1,48,0,0,0,0,0,0,0,0,1611,1498,1301,309,0,1611,1498,1301,309,823,0
28260,30000,2,2,1,43,0,0,2,0,0,2,26806,30035,29274,31460,33890,31224,4000,0,3000,2900,0,1091,0
28261,260000,2,3,1,44,0,0,0,0,0,0,259346,234428,176632,129022,131447,135699,9428,6729,5022,4447,5699,5498,1
28262,20000,2,2,1,42,2,3,2,2,2,2,18162,18464,19465,19649,19978,20512,900,1600,800,950,1000,800,1
28263,160000,2,2,1,34,0,0,0,0,0,0,390,390,390,390,390,584,390,390,390,390,584,91,0
28264,50000,2,2,1,43,0,0,0,0,0,0,46882,49737,50361,50152,28119,28238,5100,2600,2011,2000,3510,2000,0
28265,50000,2,3,1,41,0,0,0,0,0,0,46857,48080,49705,51400,16087,16827,2000,2400,3000,16087,1000,800,0
28266,160000,2,1,1,38,0,0,0,0,0,0,316,873,1392,0,696,696,873,1392,0,696,696,696,1
28267,140000,2,3,1,44,1,0,0,0,0,0,-9,900,311,7867,1031,1117,909,311,7867,1031,1117,0,0
28268,230000,2,2,1,43,0,0,0,0,0,0,7075,7806,8392,8967,8729,10816,1279,1295,1300,468,2816,5893,0
28269,120000,2,2,1,34,1,0,0,0,0,0,0,0,0,0,0,0,0,0,0,0,0,0,0
28270,20000,2,2,1,49,0,0,2,2,0,0,9589,11627,12145,12648,13438,14222,2200,1000,1000,1000,1000,1000,1
28271,90000,2,2,1,44,0,0,0,0,0,0,390,390,390,390,390,390,390,390,390,390,390,390,1
28272,130000,2,3,1,38,0,0,0,0,0,0,64517,64254,66103,61549,62389,58782,3000,3500,3000,2500,2000,2000,0
28273,20000,2,3,2,31,0,0,0,0,0,0,-885,-885,18354,19064,19422,4390,20,21431,2300,558,4403,0,0
28274,230000,2,1,2,31,0,0,0,0,0,0,-7,6785,0,147,0,0,6792,0,147,0,0,176,0
28275,430000,2,2,1,42,0,0,0,0,0,0,89756,89395,90052,90604,91200,92134,3169,3243,3200,3185,3500,3500,0
28276,110000,2,2,1,40,0,0,0,0,0,0,5457,6660,7590,8657,9013,9367,1300,1200,1200,500,500,1000,0
28277,210000,2,5,1,40,0,0,0,0,0,0,206446,202462,173236,84302,25876,140066,8139,10007,5609,2000,151139,6000,1
28278,260000,2,3,2,49,0,0,0,0,0,0,-5684,211466,200304,2735,316,305,217773,200304,2759,316,305,2596,0
28279,280000,2,3,1,45,0,0,0,0,0,0,294995,316345,334612,262625,172344,182776,26345,24612,22625,12344,12776,11852,0
28280,230000,2,2,2,36,0,0,0,0,0,0,858,885,669,656,827,2360,885,669,656,827,2376,943,0
28281,50000,2,3,2,46,0,0,0,0,0,0,36165,15054,15414,16349,15800,14719,1600,1300,2000,600,1000,700,0
28282,320000,2,2,2,36,0,0,0,0,0,0,396,396,396,596,13386,396,396,396,596,13386,396,396,0
28283,110000,2,2,1,41,0,0,0,0,0,0,104133,106135,45766,46864,50935,49538,4500,2000,2000,5000,2023,806,1
28284,180000,2,2,1,42,0,0,0,0,0,0,390,390,390,17475,17425,17396,390,390,17475,611,629,625,0
28285,180000,2,3,2,41,0,0,0,0,0,0,130979,133062,124014,125279,115315,117740,5739,4700,4316,4090,4245,5000,0
28286,10000,2,2,2,32,0,0,0,0,0,0,5250,1223,2264,3230,0,0,1223,1066,1032,0,0,0,1
28287,30000,2,2,1,32,1,0,0,0,0,0,0,0,0,0,0,0,0,0,0,0,0,0,1
28288,70000,2,2,2,32,2,0,0,0,0,0,67955,58404,50036,36908,29439,19494,3007,1794,2000,967,1000,870,1
28289,20000,2,2,2,44,0,0,0,0,0,0,18578,19928,18677,18503,17231,15410,2000,2000,2000,1100,1586,506,0
28290,50000,2,2,2,36,2,0,0,0,0,0,39125,40169,41461,36901,18499,18244,2000,2000,2090,1000,648,2000,1
28291,180000,2,2,1,38,0,0,0,0,0,0,390,10426,21430,21040,2234,12485,10426,11820,21040,2234,10641,0,0
28292,220000,2,3,2,46,0,0,0,0,0,0,214274,214207,211733,80965,78992,77537,11000,10000,10000,6000,6000,5000,0
28293,180000,2,1,2,29,0,0,0,0,0,0,15991,1473,26876,53390,35292,61910,1473,26876,53390,35292,61910,23913,0
28294,170000,2,1,2,29,0,0,0,2,0,0,106146,115333,128440,124909,127393,130243,11021,15000,0,6059,5068,5123,0
28295,100000,2,2,2,30,0,0,0,0,0,0,96636,95169,97303,99339,77082,77677,3402,3663,3788,2695,2772,2903,0
28296,280000,2,2,2,30,0,0,0,0,0,0,13182,5290,2711,4464,4069,5161,5290,2711,4476,4069,5161,8026,0
28297,290000,2,1,2,31,0,0,0,0,0,0,21720,1240,3682,4694,5258,1248,1240,3682,4704,5258,1248,9600,0
28298,30000,2,2,1,31,3,3,2,2,2,2,25320,24620,25522,26008,25294,26928,0,1600,1200,0,2200,0,1
28299,30000,2,2,2,31,0,0,0,0,0,0,28651,28716,26570,26829,26839,27449,1800,2000,1600,1000,1000,1000,0
28300,80000,2,2,1,46,0,0,0,0,0,0,74745,76314,77344,49168,48243,47810,2815,2345,1763,1854,1737,1774,0
28301,50000,2,2,1,42,0,0,0,0,0,0,48706,49704,50851,50868,12003,9679,1809,1956,2234,369,330,343,0
28302,60000,2,3,1,34,2,2,2,4,3,3,6731,7777,9502,9217,9722,9291,1300,2000,0,800,0,0,0
28303,260000,2,2,1,34,0,0,0,0,0,0,198788,195154,191504,168983,160592,156826,6105,6345,7027,6000,5000,7000,0
28304,60000,2,2,1,41,0,0,0,0,0,0,19813,20064,23213,20383,18431,18702,5000,5000,2000,1000,2000,1000,0
28305,80000,2,2,1,29,1,2,2,2,2,2,85738,80445,82639,83357,78188,79492,0,7400,3000,0,5700,3000,0
28306,360000,2,3,1,40,1,0,0,0,0,0,0,0,0,0,0,0,0,0,0,0,0,0,0
28307,180000,2,2,1,30,0,0,0,0,0,0,8531,9432,10771,11965,11903,12769,1200,1500,1431,369,1000,1000,0
28308,80000,2,2,2,31,2,0,0,0,0,0,30911,28190,27045,22843,20578,19049,2009,1751,1500,1000,779,545,1
28309,70000,2,2,1,44,0,0,0,0,0,0,66301,68105,68287,28163,27220,28124,3500,3000,1500,1000,2000,2000,0
28310,360000,2,1,1,36,0,0,0,0,0,0,18641,7174,11044,15887,8607,8843,7174,11044,15895,8607,8843,3000,0
28311,300000,2,3,2,36,0,0,0,0,0,0,0,3958,0,0,6536,1400,1979,0,0,6536,1400,50000,0
28312,100000,2,3,1,38,0,0,0,2,0,0,87181,84668,83898,77260,68173,66682,4017,7121,94,2408,2513,2716,0
28313,100000,2,1,2,29,0,0,0,0,0,0,70205,64898,62715,61465,55501,57892,4000,5030,10000,5000,10000,10000,0
28314,120000,2,3,1,34,0,0,0,0,0,0,0,360,389,978,0,2358,360,389,978,0,2358,0,0
28315,200000,2,2,1,48,0,0,2,0,0,0,22111,32938,10902,6309,4979,2978,11257,0,6309,0,2986,0,1
28316,180000,2,1,1,37,0,0,0,0,0,0,8592,8468,1300,0,2000,0,8478,1300,0,2000,0,1659,0
28317,60000,2,2,2,27,0,0,0,0,0,0,7301,11482,39511,39654,38168,36526,11512,39511,1866,1400,2000,1300,0
28318,10000,2,2,1,29,0,0,0,0,0,0,6176,6512,7447,8777,8956,9731,1265,1200,1500,400,1000,273,0
28319,230000,2,4,1,35,0,0,0,0,0,0,4793,6277,3433,11449,2433,23832,6336,3447,11449,2433,23832,742,0
28320,50000,2,2,2,27,1,2,2,2,2,2,11966,12967,13962,13440,14416,14043,1500,1500,0,1200,0,1500,0
28321,350000,2,2,2,28,0,0,0,0,0,0,3738,7555,36553,8997,13074,5107,7555,36698,9124,13074,5107,18830,0
28322,200000,2,3,1,28,0,0,0,0,0,0,86,7024,1466,1466,479,2448,7066,1473,1473,486,3442,12,1
28323,150000,2,3,2,28,0,0,0,0,0,0,1666,802,1793,0,0,0,806,1801,0,0,0,0,0
28324,180000,2,2,1,29,2,2,2,2,2,2,113331,113436,109439,111108,108476,104655,5500,1308,7623,3900,11,7700,1
28325,30000,2,1,2,30,0,0,0,0,0,0,29009,28432,18191,9745,9545,13964,1315,1522,1200,0,6000,10655,0
28326,70000,2,2,2,30,0,0,0,0,0,0,69494,112821,70305,71017,66218,66854,2716,2570,2720,2350,2500,2660,1
28327,460000,2,2,2,32,0,0,0,0,0,0,30506,26595,16712,15635,6965,7107,1568,1714,1000,1000,142,5000,0
28328,110000,2,2,1,42,0,0,0,0,0,0,776,776,776,776,776,926,776,776,776,776,926,776,0
28329,240000,2,1,2,31,0,0,0,0,0,0,31759,40286,9015,10476,20237,2011,10000,9015,2000,10000,2512,67826,0
28330,210000,2,2,1,31,0,0,0,0,0,0,205243,209502,203831,178410,130619,115700,7736,7100,8300,4800,4396,4200,0
28331,300000,2,3,2,32,1,0,0,0,0,0,-27,72044,10000,0,0,0,72071,2050,0,0,0,1188,0
28332,170000,2,1,2,34,1,0,0,0,0,0,0,5010,7912,12517,14151,12157,5010,3000,5000,3020,5000,5000,0
28333,420000,2,2,1,34,0,0,0,0,0,0,49256,48264,45983,41494,41065,40666,4000,2650,1043,42000,40666,48424,0
28334,230000,2,4,2,34,0,0,0,0,0,0,2223,2233,159,1772,28704,19474,1000,159,1778,28704,19474,650,0
28335,260000,2,1,2,33,0,0,0,0,0,6,465,460,0,3600,2250,1650,460,0,3600,2250,0,0,0
28336,50000,2,3,1,41,0,0,0,0,0,0,46456,47445,48847,50065,17304,17824,1760,2162,2380,619,798,1000,0
28337,80000,2,2,2,43,0,0,0,0,0,0,77479,77057,78102,58501,51042,19036,3631,3177,2600,3000,1691,695,0
28338,200000,2,1,1,45,0,0,0,0,0,0,69288,0,1800,1795,58932,29331,0,1800,2000,60000,29331,0,0
28339,80000,2,3,1,40,0,0,0,0,0,0,18608,19583,19098,14269,14612,16945,2000,2000,1090,2300,4500,1050,0
28340,290000,2,2,1,36,0,0,0,0,0,0,8413,9852,8890,13338,10542,20076,2006,1529,5063,5000,10010,10135,0
28341,20000,2,3,3,40,0,0,0,2,0,0,390,390,2974,2376,5262,4401,390,2974,0,5262,88,1612,1
28342,50000,2,2,1,42,0,0,2,0,0,2,565,5481,2874,759,5328,2885,5481,0,759,5328,1,2932,0
28343,450000,2,2,1,36,0,0,0,0,0,0,3087,2081,198,9532,3420,130,2081,198,9532,3420,130,878,0
28344,250000,2,2,1,38,1,0,0,0,0,0,-163,-553,212,49924,-918,-1567,0,2000,51002,2,0,2000,0
28345,50000,2,3,1,40,0,0,2,2,0,0,48747,53239,51400,0,0,0,5300,0,0,0,0,0,0
28346,280000,2,2,3,40,0,0,0,0,0,0,291952,275948,240627,228230,209987,196997,8562,7071,6574,5938,5867,7704,0
28347,20000,2,3,1,41,0,0,0,0,0,0,8777,10461,11583,13079,14546,16149,2000,1600,2000,2000,2000,2000,0
28348,310000,2,3,1,37,0,0,0,0,0,0,4052,6514,-3484,-3484,-3484,13833,6514,0,0,0,17317,0,0
28349,250000,2,1,2,36,0,0,0,0,0,0,111204,114954,116608,120564,121477,124115,5600,5000,5900,4400,4600,5100,0
28350,180000,2,2,1,36,2,2,2,2,2,0,172360,176867,179020,180773,128078,119632,9000,6600,7000,0,4500,4410,1
28351,500000,2,3,2,35,1,0,0,0,0,0,458863,16818,37596,62845,80212,20494,16918,37596,31802,30615,21346,10678,0
28352,30000,2,3,1,44,0,0,2,2,2,2,25957,28914,29754,28583,29739,28412,3400,1600,0,2220,0,1100,0
28353,250000,2,2,2,36,0,0,0,0,0,0,71012,60816,59328,57692,52811,49067,2200,3003,2800,1834,1850,3000,0
28354,170000,2,1,2,39,0,0,0,0,0,0,60514,33711,21660,23307,15135,3527,5011,5000,6538,4167,3527,7521,0
28355,100000,2,2,1,39,0,0,0,0,0,0,518,0,0,0,0,0,0,0,0,0,0,0,0
28356,430000,2,2,1,42,0,0,0,0,0,0,38495,11935,32878,115683,84049,37210,11935,32887,115683,0,37210,29559,0
28357,170000,2,2,2,43,0,0,0,0,0,0,136113,137722,139384,141314,139252,139205,7000,7000,7000,5100,5300,5030,0
28358,210000,2,2,2,32,0,0,2,0,0,0,576,3578,34,10734,30367,8193,3578,0,10700,30367,19644,4431,0
28359,280000,2,2,2,32,0,0,0,0,0,0,6562,54318,4245,6969,29236,8865,54318,4281,6985,29264,8873,14394,0
28360,160000,2,3,2,47,0,0,0,0,0,0,396,396,5345,396,396,6396,396,5345,396,396,6396,396,0
28361,210000,2,1,1,40,0,0,0,0,0,0,7542,-78,15611,502,781,754,0,15689,504,784,757,2005,0
28362,200000,2,1,1,40,0,0,0,0,0,0,3827,8030,5020,5451,2619,5188,8030,5020,5451,2619,5188,8794,0
28363,400000,2,1,2,30,0,0,0,0,0,0,634,5939,6624,8004,10390,21325,5939,2624,3004,3090,11325,3282,0
28364,80000,2,3,2,35,1,0,0,0,0,0,0,0,0,0,0,0,0,0,0,0,0,0,0
28365,80000,2,2,1,35,1,2,2,2,2,2,30997,32043,31250,34109,34802,34108,1852,0,3711,1550,0,1400,1
28366,30000,2,2,1,38,0,0,2,0,0,0,2828,4868,3963,4514,3129,675,3963,16,4527,675,0,1015,0
28367,20000,2,3,1,39,1,2,2,2,2,0,8562,9478,8198,9752,9447,10290,1200,0,1700,0,1000,1500,1
28368,300000,2,1,1,37,0,0,0,0,0,0,8756,26,19999,17139,10304,16062,26,20018,1072,206,6003,0,0
28369,460000,2,2,1,39,0,0,0,0,0,0,11403,14015,2978,11402,12072,7090,14029,2978,11402,12802,7090,793,0
28370,80000,2,2,2,42,0,0,0,0,0,0,42656,39657,30297,30633,31190,30905,1519,2000,2000,1312,3200,1200,0
28371,80000,2,3,1,36,0,0,0,2,0,0,808,808,1672,1672,836,836,836,1700,836,0,836,390,0
28372,100000,2,3,1,40,0,0,2,2,0,0,3234,6163,3786,3789,2195,3691,6163,0,3809,0,3691,1328,0
28373,100000,2,1,1,41,2,2,2,2,2,2,31786,34629,34189,36309,36916,36192,3680,400,3000,1500,0,3100,1
28374,50000,2,2,1,36,0,0,0,0,0,0,46714,47404,48786,49768,27838,84810,1766,2148,2130,1200,1012,2034,0
28375,80000,2,2,1,36,1,2,2,0,0,0,74328,75515,73741,75200,76959,78556,3000,0,2700,2950,3000,2600,1
28376,130000,2,2,2,37,0,0,0,0,0,0,81731,84383,87518,89360,90481,92858,4000,4500,4190,3500,4000,4000,0
28377,50000,2,2,1,36,2,2,2,2,0,0,46203,45159,49125,47956,43578,35126,0,4700,0,2004,3500,0,0
28378,210000,2,2,1,44,0,0,0,0,0,0,88309,89755,90031,70660,71172,71844,4500,3600,3100,2900,2600,2700,0
28379,260000,2,5,2,39,0,0,0,0,0,0,174591,175093,176088,155624,141976,141305,10000,10000,7619,7000,8000,7000,0
28380,50000,2,2,1,32,0,0,0,0,0,0,45271,44751,43952,29136,19048,17946,2000,1500,1239,612,607,2593,0
28381,460000,2,2,2,33,0,0,0,0,0,0,8316,11672,1110,1927,5621,1703,6018,1110,1927,5649,1703,2009,0
28382,150000,2,3,1,34,0,0,0,0,0,0,115227,112391,98583,95810,87216,88201,10000,5000,4000,4000,3290,3200,0
28383,80000,2,3,1,31,0,0,2,0,0,0,56195,60067,58535,59730,61236,70617,4808,0,2169,2500,10400,0,0
28384,80000,2,2,1,42,0,0,0,0,0,0,46911,31748,16000,0,0,0,1748,1000,0,0,0,0,0
28385,180000,2,3,1,46,0,2,0,0,0,0,10456,7326,8469,6591,5244,2174,357,8510,5244,2174,0,3371,1
28386,100000,2,3,1,35,1,0,0,0,0,0,0,0,0,0,249,317,0,0,0,249,317,0,0
28387,60000,2,2,1,40,0,0,0,0,0,0,28738,30216,23720,1569,5580,2211,4000,1010,1569,5580,2211,0,1
28388,50000,2,3,2,34,0,0,0,0,0,0,51037,47669,48940,50545,29523,28960,2100,2329,2943,990,1168,975,0
28389,390000,2,1,1,42,0,0,0,0,0,0,310075,184647,90383,55212,29701,-1429,10021,4000,15046,20000,0,10090,0
28390,210000,2,1,1,38,0,0,0,0,0,0,8420,8106,4168,23067,19972,45864,3000,4521,24000,10000,30000,6432,0
28391,160000,2,2,2,39,0,0,0,0,0,0,163058,161485,161076,156478,122441,120574,6001,6401,6384,4600,4800,4400,0
28392,50000,2,3,1,42,0,0,2,0,0,0,28693,31854,31065,31976,29300,31151,3644,0,1766,1036,2700,0,0
28393,50000,2,2,2,31,0,0,0,0,2,2,10682,11694,12819,36424,37029,36303,1194,1319,23924,1500,0,1500,0
28394,160000,2,2,1,37,0,0,0,0,0,0,138594,134736,97629,100398,102606,104864,3755,3676,3637,3000,3040,2938,0
28395,220000,2,2,1,40,0,0,0,0,0,0,5785,4164,8553,11652,14968,7898,4183,8603,11709,15823,7937,5302,0
28396,80000,2,3,1,43,0,0,0,0,0,0,71604,73316,75039,76597,78712,81365,3500,3500,3400,4000,4000,3000,0
28397,170000,2,2,1,31,0,0,0,0,0,0,60644,63948,62090,63000,0,0,5000,5000,4000,0,0,3300,0
28398,60000,2,3,1,33,1,2,0,0,2,0,56326,54833,56105,59338,57870,57884,0,2750,4850,0,2180,2400,0
28399,200000,2,1,1,36,0,0,0,0,0,0,588,608,4695,2008,164,3383,608,4695,2008,164,3383,4331,0
28400,320000,2,1,2,41,0,0,0,0,0,0,2197,1376,3342,11970,9700,38473,1376,3343,11973,9700,38473,29757,0
28401,160000,2,1,1,47,1,0,0,0,0,0,0,0,0,0,0,0,0,0,0,0,0,0,0
28402,20000,2,2,1,45,0,0,0,0,0,0,9779,9368,4494,5405,1000,3383,1063,1089,1000,3899,3383,0,0
28403,80000,2,1,2,27,0,0,2,0,0,0,988,12922,12261,2393,407,2888,12961,0,2403,407,3176,7336,1
28404,210000,2,2,2,29,0,0,0,0,0,0,103591,104103,70449,66311,26802,25029,3831,3357,2098,610,763,1131,0
28405,50000,2,1,2,27,0,0,0,0,0,0,4950,5924,4766,5652,5772,4392,1068,1114,1000,120,0,0,1
28406,500000,2,1,2,28,0,0,2,0,0,0,390393,374105,467911,355531,587067,323821,26085,13566,18975,11096,35204,10121,0
28407,120000,2,2,2,28,1,0,0,0,0,0,0,0,0,0,0,0,0,0,0,0,0,0,0
28408,20000,2,2,2,28,1,2,0,0,0,0,20583,19942,16614,15941,13205,6009,0,1358,1065,327,187,325,0
28409,250000,2,1,2,28,0,0,0,0,0,0,116861,109714,101494,92258,71472,77800,5000,5000,3000,3000,11500,10000,0
28410,80000,2,3,1,34,0,0,0,0,0,0,3500,9295,2500,3045,1451,6541,9295,2500,3045,1456,6541,0,0
28411,240000,2,2,2,28,0,0,0,0,0,0,1154,1154,0,1954,0,0,1154,0,1954,0,0,0,0
28412,150000,2,2,2,28,0,0,0,0,0,0,22943,18989,19961,16549,14227,15380,1335,1307,1178,1500,1500,1000,0
28413,340000,2,2,2,29,0,0,0,0,0,0,43733,16584,16498,100928,26083,20214,16787,16514,100940,20229,25,8,0
28414,80000,2,1,1,28,0,0,0,0,0,0,73606,81876,71029,67915,69190,53606,10200,4000,10000,11700,53606,5000,0
28415,130000,2,3,2,29,0,0,0,0,0,0,12939,10000,2277,1132,1289,0,1000,2277,1132,1289,0,2080,0
28416,100000,2,2,2,29,0,0,0,0,0,0,87133,79469,75452,69257,62005,60882,3400,3350,3000,2400,2500,2382,0
28417,230000,2,1,2,29,0,0,0,0,0,0,12394,12105,2439,5185,9893,11567,2102,3000,6000,5000,2000,2000,0
28418,160000,2,1,2,30,1,0,0,0,0,0,0,0,0,0,0,0,0,0,0,0,0,0,0
28419,220000,2,2,2,29,2,0,0,0,0,0,28992,36106,33494,29518,29569,28587,8000,3000,3000,6000,5000,1136,0
28420,80000,2,1,2,29,0,0,0,0,0,2,14227,15185,16236,16960,17777,18042,1500,1600,1300,1100,700,700,1
28421,420000,2,2,1,29,0,0,0,0,0,0,48455,34993,35340,54763,59037,60290,2011,3000,20000,5000,2000,3000,0
28422,130000,2,2,2,32,0,0,0,0,0,0,11175,14181,70042,20739,7469,5963,14181,70505,20749,7469,5997,1978,0
28423,80000,2,1,2,32,0,0,0,0,0,0,40478,38533,22243,8524,819,-181,5225,5091,3528,0,0,6740,0
28424,210000,2,1,2,31,0,0,0,0,0,0,77830,68850,42884,23547,18574,12466,2555,2027,1045,1000,500,10000,0
28425,220000,2,1,2,31,0,0,0,0,0,0,124281,84575,93180,99097,106391,97337,10000,10000,8000,10000,10000,12097,0
28426,170000,2,2,2,30,0,0,0,2,0,0,132283,121009,136552,132655,134140,115892,6000,19078,0,5000,5000,4500,1
28427,50000,2,1,2,30,1,2,2,2,2,2,41934,43041,44048,44824,46469,47579,2100,2000,1800,2700,2000,1700,0
28428,80000,2,2,2,31,0,0,0,0,0,0,4771,4771,538,15664,150,1150,4771,538,15664,150,1150,791,0
28429,300000,2,1,2,33,0,0,0,0,0,0,58719,60142,61577,62169,63374,59865,3000,3000,2300,2203,1858,1815,0
28430,140000,2,2,1,33,1,0,0,0,0,0,0,7933,7283,8577,9452,11153,7933,2000,2000,1000,2000,1000,0
28431,290000,2,2,2,33,0,0,0,0,0,0,242422,221004,211610,214300,213834,217758,7757,7697,7657,7771,7870,7889,0
28432,80000,2,1,2,33,0,0,0,0,0,0,0,747,0,0,3937,2359,747,0,0,3937,0,0,0
28433,500000,2,1,1,33,0,0,0,0,0,0,3994,7222,33823,130689,77736,151,8022,34000,100028,0,151,2682,0
28434,40000,2,3,1,44,1,2,2,0,0,0,35544,36664,35800,36839,35967,36586,2000,0,2000,2000,3000,0,1
28435,50000,2,2,1,45,0,0,0,0,0,0,39944,41180,41870,8469,8411,8361,2124,2037,1130,295,302,296,0
28436,260000,2,2,1,34,0,0,0,0,0,0,0,0,0,167,-810,-810,0,0,167,810,0,3310,0
28437,80000,2,3,1,45,0,0,0,0,0,0,19989,11904,10787,6226,1936,37201,1228,1156,1200,8,37201,591,0
28438,280000,2,1,1,35,0,0,0,0,0,0,7147,2500,0,0,0,0,2500,0,0,0,0,0,0
28439,270000,2,1,1,37,0,0,0,0,0,0,264,217,253,189,-75,525,217,300,200,0,600,200,0
28440,80000,2,3,1,48,0,0,0,0,0,0,33058,1945,2587,2108,1921,2071,1945,2587,2108,1936,2071,0,0
28441,120000,2,2,1,34,0,0,0,0,0,0,119884,105631,73143,75919,77059,78820,4545,2700,4000,3000,3000,4000,0
28442,300000,2,1,1,40,0,0,0,0,0,0,121603,125098,94769,112777,100323,87009,30000,25000,50007,10000,20000,30363,0
28443,120000,2,2,2,37,2,2,2,0,0,0,38757,41302,39247,44412,23344,22892,4300,0,9076,8788,1000,2000,0
28444,80000,2,2,3,36,0,0,0,0,0,0,63908,55028,44654,42464,38320,40586,10051,5013,3044,5006,5012,5046,0
28445,50000,2,2,1,42,0,0,0,0,0,0,12106,10946,11968,12978,13236,13664,1184,1206,1216,474,642,492,0
28446,100000,2,2,1,47,0,0,0,0,0,0,24735,27555,29798,31028,33544,35328,3555,3000,2028,3354,2328,7300,0
28447,180000,2,2,1,44,0,0,0,0,0,0,6529,6622,6572,3179,11875,7633,6626,6583,3179,18462,7633,6007,0
28448,160000,2,2,1,45,0,0,0,0,0,0,63198,36236,37847,37837,37637,0,7000,2500,1300,0,0,0,0
28449,350000,2,2,1,49,0,0,0,0,0,0,16173,9122,12228,19850,8800,4260,9122,12228,19850,8800,4260,17660,0
28450,50000,2,3,1,33,0,0,0,0,0,0,23500,0,0,0,0,0,0,0,0,0,0,0,0
28451,320000,2,2,2,37,0,0,0,0,0,0,-5700,-5700,-5700,197300,-2300,227835,0,0,203000,400,310135,1000,0
28452,170000,2,2,2,35,0,0,0,0,0,0,121231,124208,118111,92592,96114,99628,5000,5000,10000,5000,5000,5000,0
28453,50000,2,2,1,37,0,0,0,0,0,2,47832,45646,32668,25738,30192,27912,3010,5004,10000,5200,0,1181,0
28454,360000,2,1,1,40,2,2,2,2,0,0,108399,105167,115468,112157,114690,117845,0,12000,0,5900,5000,4500,1
28455,70000,2,2,2,36,0,0,0,0,0,0,68028,67864,59165,29314,28844,29443,3340,2044,1773,1181,1215,1297,1
28456,20000,2,3,1,45,0,0,0,0,0,0,1403,6920,10785,390,6210,1040,6990,10785,390,6210,1040,9113,0
28457,100000,2,3,1,46,0,0,2,0,0,0,33699,32450,30160,22934,21876,22910,4500,0,1600,1000,2800,0,0
28458,180000,2,3,0,36,0,0,0,0,0,0,326,326,326,326,326,326,326,326,326,326,326,326,0
28459,160000,2,3,1,42,0,0,0,0,0,0,0,1473,1863,0,112978,115357,1473,1863,0,119001,5000,4500,0
28460,230000,2,2,1,35,2,2,2,2,0,0,1214,964,1214,464,214,-536,500,1000,0,500,0,0,1
28461,20000,2,2,1,38,0,0,0,0,0,0,0,0,0,0,0,0,0,0,0,0,0,0,1
28462,180000,2,2,1,39,1,2,0,0,0,0,101526,101957,104317,106583,108811,111160,3000,4000,4000,4000,4100,4100,0
28463,180000,2,1,2,45,1,0,0,0,0,0,0,0,0,0,0,0,0,0,0,0,0,0,0
28464,20000,2,2,1,34,0,0,0,0,0,0,17625,14841,492,23150,17883,7729,1019,990,23965,371,7738,3638,0
28465,150000,2,2,1,49,1,0,0,0,0,0,0,970,8867,0,600,0,970,8867,0,600,0,0,0
28466,240000,2,1,1,40,0,0,0,0,0,0,0,0,0,0,0,0,0,0,0,0,0,0,1
28467,360000,2,3,1,37,0,0,0,0,0,0,0,0,0,0,0,239,0,0,0,0,239,0,0
28468,260000,2,2,1,35,0,0,0,0,0,0,5656,591,6574,3551,3634,2440,869,6574,3551,3700,0,1047,0
28469,500000,2,2,1,34,0,0,0,0,0,0,17172,34674,6229,11534,12482,18192,35454,6229,11534,12564,18192,32550,0
28470,200000,2,2,1,41,0,0,0,0,0,2,-60,-60,1590,8188,428,278,0,1650,8188,428,0,5500,0
28471,230000,2,3,2,45,0,0,0,0,0,0,30099,20069,1000,0,0,0,1000,1000,0,0,0,62130,0
28472,200000,2,2,2,32,0,0,0,2,0,0,127132,126380,124413,118419,121047,123719,5058,11518,0,4600,4800,4300,0
28473,70000,2,3,1,37,0,0,0,0,0,0,48684,49628,53163,49953,32535,27715,1785,7320,1700,1200,1400,2,0
28474,160000,2,3,1,36,1,0,0,0,0,0,0,17029,1283,4404,0,535,17029,1283,4404,0,535,0,0
28475,80000,2,2,2,33,0,0,0,0,0,0,25211,14863,15816,12710,0,0,1300,1210,1000,0,0,56990,0
28476,100000,2,2,1,30,0,0,0,0,0,0,47423,49978,52520,54877,57484,59095,3000,3000,3000,3000,2000,3000,0
28477,20000,2,2,1,38,1,0,0,0,0,0,0,2000,0,0,0,0,2000,0,0,0,0,0,1
28478,110000,2,3,1,47,0,0,0,0,0,0,109461,109473,81439,81425,81039,81162,3477,2972,2853,2739,2852,2873,0
28479,100000,2,2,2,35,0,0,0,0,0,0,326,2691,326,326,652,326,2691,326,326,652,0,326,1
28480,240000,2,2,1,39,0,0,0,0,0,0,233161,238187,243554,211924,216395,231767,8900,9500,8000,8000,19000,10000,0
28481,170000,2,1,1,31,1,0,0,0,0,0,1564,0,0,0,0,1800,0,0,0,0,1800,1167,0
28482,110000,2,1,2,31,2,2,2,2,2,2,91773,93892,94652,97097,98097,100361,4550,3150,4900,3500,4000,3900,1
28483,50000,2,2,2,44,0,0,0,0,0,0,501,1463,1276,827,105,270,1463,1276,827,105,270,573,0
28484,390000,2,2,2,41,0,0,0,0,0,0,10496,-23,-349,-675,-1001,-1327,0,0,0,0,0,2000,0
28485,40000,2,3,1,44,0,0,0,0,0,0,13033,14041,15065,16077,16396,16739,1232,1256,1268,587,607,611,0
28486,160000,2,3,1,39,0,0,0,0,0,0,6089,2376,0,0,0,0,2400,0,0,0,0,0,0
28487,20000,2,3,1,41,1,2,3,2,0,0,18548,21046,20296,10245,6635,6877,3100,3,0,700,500,3000,0
28488,180000,2,2,2,36,1,0,0,0,0,0,0,0,0,0,0,10970,0,0,0,0,10970,0,0
28489,50000,2,2,1,41,1,2,2,2,0,0,23165,21974,20544,17210,15754,10860,2000,2101,0,2201,1000,0,1
28490,110000,2,2,1,37,0,0,0,0,0,0,20733,21738,22760,23466,24085,24584,1602,1624,1330,949,976,988,0
28491,20000,2,3,2,39,0,0,0,2,0,0,15969,16685,19008,18710,20235,19483,1285,2608,310,1835,707,873,1
28492,40000,2,3,1,36,0,0,2,0,0,2,15861,18580,17994,20671,22328,21830,3000,0,3000,2000,0,2000,0
28493,50000,2,3,1,47,2,0,0,0,0,0,46666,47606,48350,48786,49277,50151,2100,2200,2000,2000,1755,1804,1
28494,200000,2,1,2,30,0,0,0,0,0,0,200,200,200,959,759,1317,200,200,959,0,931,0,0
28495,90000,2,2,1,31,0,0,0,0,0,0,19929,17671,7870,0,0,0,1500,1000,0,0,3000,40000,0
28496,300000,2,1,2,34,0,0,0,0,0,0,0,0,0,0,0,1280,0,0,0,0,1280,0,0
28497,310000,2,2,1,36,0,0,0,0,0,0,294180,295875,302438,293473,297926,280967,11000,11300,10500,10100,10000,9600,0
28498,330000,2,2,1,37,0,0,0,0,0,0,46348,37052,36228,37833,37694,41269,1574,1640,3000,3000,4016,2049,0
28499,210000,2,3,2,30,0,0,0,0,0,0,1661,5793,1181,1031,1430,1031,5793,1181,1031,1430,1031,1031,0
28500,260000,2,2,2,34,0,0,0,0,0,0,8383,2976,11237,27500,27500,33880,2985,11247,27500,0,21380,0,0
28501,290000,2,1,2,35,0,0,0,0,0,0,2348,10421,566,12008,19820,17135,10421,566,12008,8012,343,2630,0
28502,20000,2,2,1,39,1,2,2,0,0,0,17751,18963,18378,20000,19600,20000,1800,0,2400,0,400,1000,0
28503,140000,2,2,1,31,0,0,0,0,0,0,98250,100319,102231,95852,94005,93177,4600,4523,4300,3300,3400,3600,0
28504,150000,2,2,1,36,2,2,2,2,2,2,100247,109909,112453,113318,114268,116688,12924,5800,4200,4300,4400,4700,1
28505,50000,2,3,3,46,0,0,0,0,0,0,390,390,390,390,1200,1869,390,390,390,1200,1869,3610,0
28506,50000,2,2,1,37,0,0,0,0,0,0,7390,2157,4204,390,390,540,2157,4204,390,390,540,540,0
28507,270000,2,2,1,28,0,0,0,0,0,0,1459,-702,1900,7518,57765,59377,12,5011,8049,53008,5004,7000,0
28508,240000,2,2,1,28,0,0,0,0,0,0,175976,149257,93689,81226,71547,72794,6600,3711,3100,2500,3019,45200,0
28509,150000,2,1,2,29,0,0,0,0,0,0,78044,43437,45132,39180,31422,32410,2000,2500,3300,2150,1500,6200,0
28510,260000,2,2,2,40,0,0,0,0,0,0,120108,107696,103745,90818,92640,94338,4224,3650,5000,3640,3500,3500,0
28511,470000,2,3,1,42,0,0,0,0,0,0,219081,285141,408974,361703,318251,310982,70000,140000,13000,11000,20000,8000,0
28512,190000,2,1,1,47,0,0,0,0,0,0,192493,193297,193400,193278,192956,193039,7200,7222,7300,7100,7380,7200,0
28513,160000,2,2,2,28,0,0,0,0,0,0,5171,3634,4436,1978,3781,1732,3634,4436,1978,3781,1732,715,0
28514,320000,2,1,2,31,0,0,0,0,0,0,66604,9293,19905,15645,11388,28017,9293,19905,15452,11388,28017,19364,0
28515,30000,2,2,2,30,0,0,0,0,0,0,24482,25571,26294,27308,27853,28504,1800,1441,1455,1000,1100,2500,1
28516,150000,2,1,2,33,0,0,0,0,0,0,24393,26847,32702,33459,27800,2261,27007,32715,33475,27808,2261,169465,0
28517,200000,2,2,2,34,0,0,2,2,0,0,189490,204278,207559,202518,164682,168224,18000,8000,0,6000,6200,7000,1
28518,150000,2,2,2,34,0,0,0,0,0,0,39883,34983,23772,20410,14818,7565,2068,1331,1029,353,208,20711,0
28519,50000,2,3,1,30,0,0,0,0,0,0,48549,49256,50338,48848,46709,47688,1813,1895,2200,1595,1653,1709,0
28520,80000,2,2,2,24,0,0,0,0,0,0,19188,18774,12339,11312,8324,7079,1374,1235,1101,270,1000,1000,0
28521,50000,2,2,1,47,0,0,3,2,2,0,9532,14023,13513,14388,13862,14149,5000,0,1400,0,659,664,0
28522,80000,2,3,1,37,2,2,2,2,0,0,93050,99396,100495,97982,100261,102147,8840,3560,0,3912,3832,3508,1
28523,280000,2,2,2,34,0,0,0,0,0,0,7215,28794,-5,1175,-23,-23,24143,0,1180,0,0,0,0
28524,160000,2,1,1,38,0,0,0,0,0,0,132932,134384,131724,131767,133195,126064,8005,15000,10000,7000,5000,8000,0
28525,80000,2,1,2,29,0,0,0,0,0,0,28491,26524,23224,23141,22160,21478,1710,1500,1700,1000,1000,1000,0
28526,160000,2,2,2,30,0,0,0,0,0,0,136053,86746,86019,87990,87186,84373,3528,3500,3500,4000,3500,3500,0
28527,90000,2,2,1,32,0,2,0,0,0,0,3682,3472,33784,0,0,256,0,33812,0,0,256,3500,0
28528,360000,2,2,2,32,0,0,0,0,0,0,11646,14124,23497,13128,13485,0,5000,10000,5000,3500,0,0,0
28529,80000,2,2,1,34,0,0,0,0,0,0,71435,72886,74678,74080,75251,77040,2642,3000,3274,3000,3000,3100,0
28530,20000,2,3,1,36,0,0,0,2,0,0,626,626,1252,626,626,776,626,1252,0,626,776,626,1
28531,50000,2,2,1,48,0,0,0,0,0,0,48572,45067,46492,47368,7988,8011,2028,2453,2329,431,300,500,0
28532,200000,2,1,1,40,2,2,2,2,2,2,80468,82874,84900,85758,87003,89112,4200,4100,3000,3400,3500,0,1
28533,50000,2,3,1,44,1,2,3,2,4,3,13112,14679,15143,16892,16341,15798,2100,1000,2300,0,0,0,1
28534,120000,2,2,1,31,1,2,2,2,0,0,21134,20502,24832,24135,28723,31258,0,5000,0,5000,3000,0,1
28535,60000,2,2,1,31,2,2,0,0,0,0,63201,56600,54952,32094,31232,30384,1132,60994,1436,1047,1056,1053,1
28536,120000,2,3,2,32,0,0,0,0,0,0,66551,67876,69903,71446,79589,81354,2429,3120,3300,10000,3200,3200,0
28537,80000,2,1,1,32,1,0,0,0,0,0,0,0,1900,7411,1900,0,0,1900,7411,1900,0,0,0
28538,140000,2,2,2,32,2,0,0,2,2,2,103181,107446,125702,124182,124155,137176,6000,20000,2000,3500,15000,6000,0
28539,300000,2,1,1,33,0,0,0,0,0,0,3890,4002,1438,5322,6814,2956,4008,1438,5328,6814,114,1740,0
28540,230000,2,2,1,30,0,0,0,0,0,0,8685,1079,2923,25916,4219,7903,1079,3000,25916,2219,4000,6000,0
28541,310000,2,3,2,30,1,0,0,0,0,0,5931,118109,131107,97009,51757,50009,120000,18008,20000,12000,5000,3000,0
28542,330000,2,1,2,31,0,0,0,0,0,0,4054,4661,5731,5186,6522,8995,1091,2000,1222,2400,3000,2000,0
28543,210000,2,1,1,35,0,0,0,0,0,2,67374,55004,56221,57181,61327,60227,2500,2700,2500,5100,0,3000,0
28544,120000,2,2,1,35,0,0,0,0,0,0,115600,113690,114609,118232,119052,119232,5521,4232,5602,4123,4330,13245,0
28545,170000,2,2,1,35,0,0,0,0,0,0,96565,62524,88390,63470,55890,51650,30580,50000,24517,14243,7852,4835,0
28546,50000,2,2,2,39,0,0,0,0,0,0,25254,26366,510,16121,17539,19088,2000,510,16121,2000,2000,998,0
28547,100000,2,3,1,44,2,2,0,0,0,2,12724,12228,13255,13959,14921,14539,0,1529,1233,1195,0,1300,1
28548,140000,2,1,2,33,0,0,0,0,0,0,10174,8651,19404,19498,9771,1106,8651,19404,10000,2000,1106,3675,0
28549,210000,2,2,2,33,0,0,0,0,0,0,43047,9378,0,0,0,0,1000,0,0,0,0,0,0
28550,360000,2,1,2,34,0,0,0,0,0,0,96169,96586,98927,98750,96045,93456,4000,4223,4004,4000,3500,3400,0
28551,50000,2,2,3,34,0,0,0,0,0,0,50854,17429,17728,17886,18043,19134,1314,2000,1300,1000,1500,1000,0
28552,340000,2,2,2,34,0,0,0,0,0,0,0,2630,0,0,0,0,2630,0,0,0,0,1980,0
28553,260000,2,1,2,37,0,0,0,2,0,0,1050,1050,2287,1050,1050,1050,1050,2287,0,1050,1050,2174,1
28554,500000,2,3,2,37,1,2,0,0,0,0,5186,3985,3935,4861,4523,4637,0,1101,1027,117,141,72,0
28555,60000,2,2,1,40,1,2,2,0,0,0,57388,58381,56363,47940,30134,31144,2522,0,3000,1083,1500,1500,0
28556,420000,2,2,1,38,0,0,0,0,0,0,56107,53309,-11,51555,2093,5773,53400,0,51566,2093,5773,2984,0
28557,30000,2,3,1,41,1,2,0,0,0,0,28041,23367,22843,23044,25082,25648,13,2003,2008,5000,1005,3016,0
28558,370000,2,2,1,41,0,0,0,0,0,0,1442,9750,0,30100,0,0,9750,0,30100,0,0,0,0
28559,450000,2,1,1,35,0,0,0,0,0,0,7240,1251,0,1620,0,4155,1251,0,1620,0,4155,11089,0
28560,400000,2,1,1,39,0,0,0,0,0,0,1991,2920,1721,2018,446,1068,2920,2500,2018,0,1068,0,1
28561,400000,2,1,2,46,0,0,2,0,0,0,2030,10520,6073,8591,6611,17080,10540,18,8591,0,10990,0,1
28562,640000,2,2,2,39,0,0,0,0,0,0,119887,123223,119211,118722,105197,93921,10000,10000,10535,15000,5000,13627,0
28563,210000,2,2,1,38,0,0,0,0,0,0,4991,551,33658,42551,51800,2295,551,33658,10551,10000,2295,2295,0
28564,30000,2,3,2,35,0,0,0,0,0,0,27873,27326,27648,27859,27084,27133,1441,1479,1406,1097,2031,0,0
28565,100000,2,1,1,36,0,0,0,0,0,0,16155,3514,3400,15156,13920,2099,3514,3400,15156,13920,2099,15638,0
28566,250000,2,1,1,41,0,2,0,0,0,0,22423,16296,32631,43399,2323,46895,60,32812,43932,2323,47356,5480,0
28567,190000,2,1,2,40,0,0,0,0,0,0,122308,124332,126944,130606,131120,133774,4445,5000,6171,4536,5150,5000,0
28568,20000,2,3,1,43,0,0,0,0,0,0,9540,11788,14137,16283,17108,18005,2422,2560,2426,1038,1116,1332,0
28569,180000,2,3,1,40,0,0,0,0,0,0,20909,24262,2079,792,1645,1645,4262,2083,792,1645,0,811,0
28570,200000,2,1,1,29,0,0,0,0,0,0,188,2210,2451,3043,1542,0,2215,2451,3043,1542,0,0,0
28571,80000,2,1,2,29,1,0,0,0,0,0,0,0,1612,16388,0,0,0,1612,16415,0,0,1800,0
28572,120000,2,2,2,29,0,0,0,0,0,0,96686,77817,29166,7403,3095,9641,3508,2003,2772,3095,9641,2803,0
28573,50000,2,2,2,29,0,0,2,0,0,0,30517,31866,29647,29539,31384,31924,4000,0,3000,4000,3000,4000,0
28574,260000,2,4,2,30,0,0,0,0,0,0,5106,280,6158,9439,5492,397,280,6160,9439,5492,397,1790,0
28575,180000,2,1,2,30,1,0,0,0,0,0,0,3095,7843,13084,926,711,3095,5000,6022,2566,711,2419,0
28576,130000,2,2,1,30,0,0,0,0,0,0,1650,1650,1650,1650,1650,1650,1650,1650,1650,1650,1650,1650,1
28577,110000,2,2,1,30,1,2,2,2,2,0,68910,70382,71866,72698,70930,72439,3200,3200,2600,0,2650,3100,0
28578,50000,2,2,1,44,0,0,0,0,0,0,50496,47955,48751,37140,19535,19492,2007,10109,1514,1000,1000,1000,0
28579,500000,2,1,1,46,0,0,0,0,0,0,196606,64144,49722,67909,61613,16932,10000,10000,20025,10000,20000,18000,0
28580,360000,2,1,2,32,1,0,0,0,0,0,0,0,0,0,0,0,0,0,0,0,0,0,0
28581,80000,2,2,1,34,0,0,0,0,0,0,1383,5030,1964,7541,3201,5026,5030,1964,7568,0,5026,2371,0
28582,10000,2,1,2,33,2,2,2,0,0,0,7486,9354,7183,7814,7814,7190,3000,0,1000,0,0,0,0
28583,320000,2,1,1,34,0,0,0,0,0,0,5159,967,14331,16591,9433,398,967,14331,9433,0,0,3090,0
28584,30000,2,3,1,32,0,0,0,0,0,0,28701,26108,17595,24715,22136,22738,27078,17648,25008,509,22806,10035,0
28585,80000,2,3,1,32,0,0,0,0,0,0,0,0,0,0,0,0,0,0,0,0,0,0,0
28586,160000,2,2,1,34,1,2,2,2,0,0,79727,77290,72681,66526,66893,66637,0,4500,2500,3000,3000,4000,0
28587,490000,2,1,2,34,0,0,0,0,0,0,19036,14474,3404,14445,7672,2295,5038,3404,14445,7672,2295,9004,0
28588,220000,2,1,1,35,1,0,0,0,0,0,0,0,0,0,0,0,0,0,0,0,0,0,0
28589,450000,2,1,1,35,0,0,0,2,0,0,403,0,0,390,390,390,0,0,390,390,390,390,0
28590,370000,2,3,1,35,0,0,0,0,0,0,5886,4821,6823,26501,32774,32645,8190,6000,27011,15004,10000,10000,0
28591,80000,2,3,1,34,0,0,2,2,2,0,43321,47586,48525,49423,46132,47233,5000,2000,2000,0,2000,2000,1
28592,360000,2,1,1,47,2,2,0,0,0,0,2500,0,0,0,0,0,0,0,0,0,0,0,1
28593,60000,2,2,1,42,0,0,0,0,0,0,58899,55834,55993,56675,57550,57545,2579,2047,2024,2180,2321,2500,0
28594,50000,2,1,1,45,0,0,0,0,0,0,7963,1664,5408,2734,7976,0,1669,5413,2734,7976,0,7000,0
28595,160000,2,2,1,49,0,0,0,0,0,0,347,2389,0,0,0,0,2389,0,0,0,0,0,0
28596,260000,2,3,1,41,0,0,0,0,0,0,264549,227021,233426,230319,127897,118868,10000,12007,9170,4853,4531,3909,0
28597,220000,2,2,2,45,0,0,0,0,0,0,990,990,990,990,5538,5687,990,990,990,5538,1206,1204,0
28598,60000,2,3,1,46,2,3,3,3,2,2,44030,44509,44999,45463,45918,47863,1500,1500,1500,1500,3000,5300,1
28599,220000,2,1,1,38,1,2,2,0,0,0,171784,177468,173233,176859,182393,187446,10000,0,8000,10000,8000,12000,0
28600,290000,2,1,1,39,0,0,0,0,0,0,264,264,264,264,264,264,264,264,264,264,264,264,0
28601,130000,2,3,2,40,0,0,0,0,0,0,98874,99363,101618,-32,-32,-32,5000,5000,3000,0,0,1000,0
28602,200000,2,2,1,41,0,0,0,0,0,0,6981,678,1287,54531,55229,56836,1000,1350,54531,2200,2500,2300,0
28603,200000,2,3,0,37,1,0,0,0,0,0,0,35000,5000,4000,22800,5716,35000,5000,4000,22800,5716,0,0
28604,110000,2,3,0,44,2,2,2,2,2,2,38639,39694,40752,41476,42090,43059,2000,2000,1700,1600,1800,1800,1
28605,30000,2,3,1,45,2,0,0,2,0,0,15667,12110,14904,14340,15131,16909,12110,3000,0,1000,2000,0,1
28606,30000,2,2,1,42,0,0,0,0,0,0,22943,47912,25023,25768,26410,27960,1700,1755,1500,1000,1909,1000,0
28607,100000,2,2,1,41,0,0,0,0,0,0,621,0,368,0,1900,1900,0,368,0,1900,0,1145,0
28608,360000,2,2,1,44,0,0,0,0,0,0,0,0,0,0,0,0,0,0,0,0,0,0,0
28609,140000,2,2,1,38,0,0,2,0,0,0,84539,96604,90785,95736,95912,97070,18000,0,10000,5000,6000,6000,0
28610,50000,2,3,1,47,0,0,0,0,0,0,34740,9769,9899,11017,13460,15529,4000,2000,2000,3000,4000,846,0
28611,70000,2,3,1,35,0,0,0,0,0,0,1473,1473,390,390,1311,1933,1473,390,390,1311,1933,0,0
28612,60000,2,3,2,48,2,2,0,0,0,0,48094,43533,39252,38051,37988,38725,0,1700,1700,2000,1500,1600,0
28613,360000,2,3,2,39,1,0,0,0,0,0,0,0,271,-1,560,0,0,271,0,561,0,0,0
28614,240000,2,1,1,40,1,0,0,0,0,0,0,9965,4100,4100,4100,4100,9965,4100,4100,4100,4100,4732,0
28615,200000,2,1,2,30,0,0,0,0,0,0,896,896,670,6220,8536,23040,900,674,6450,8579,23155,16072,0
28616,100000,2,3,1,35,0,0,0,0,0,0,91518,76621,78265,82808,83869,85191,3000,4000,8000,4000,3500,3600,0
28617,50000,2,2,1,41,0,0,0,0,0,0,9172,10184,11204,12214,12458,12719,1172,1192,1202,446,462,464,0
28618,100000,2,2,2,41,0,0,0,0,0,0,98075,96813,85590,79747,70468,63235,3600,3289,2632,2449,2300,2539,0
28619,270000,2,4,2,42,0,0,0,0,0,0,14352,1843,9190,2072,637,238,1859,9190,2072,637,238,0,0
28620,50000,2,3,1,48,0,0,0,0,0,0,47945,35712,23177,8550,6373,5848,4100,1150,1200,1000,1000,1500,0
28621,300000,2,2,1,41,0,0,0,0,0,0,5511,1982,2263,7412,5113,4121,1982,2267,7523,5113,4121,6532,0
28622,50000,2,2,1,40,0,0,0,0,0,0,31934,32711,34061,32672,32479,33431,2000,3000,3000,3000,2000,1000,1
28623,80000,2,3,1,41,0,0,0,0,0,0,42124,1833,2446,834,1596,855,1835,2458,834,1600,855,0,0
28624,200000,2,1,1,31,0,0,2,2,0,0,76621,82105,80662,75942,74090,72679,6808,3300,0,2720,2700,2700,0
28625,340000,2,2,2,31,5,4,4,3,2,0,589654,581775,572677,384060,304508,247178,3000,0,0,1000,4320,287982,1
28626,310000,2,1,1,31,0,0,0,0,0,0,0,0,24480,0,0,1635,0,24480,0,0,1635,3008,0
28627,80000,2,2,2,31,0,0,0,0,0,0,15633,17536,17495,13198,10287,3275,2302,1774,1000,10287,3295,4122,0
28628,210000,2,1,2,31,0,0,0,0,0,0,1983,422,815,191,-174,472,422,815,191,0,646,1125,0
28629,80000,2,1,2,32,0,0,0,0,0,0,70163,72984,74807,76363,78091,79829,4000,3000,2800,3000,3000,3000,0
28630,500000,2,2,1,32,0,0,0,0,0,0,405490,417191,429469,431426,440026,449026,20000,19000,12000,9000,9000,443001,0
28631,260000,2,2,1,35,0,0,0,0,0,0,9286,7926,33379,35877,21946,32150,2036,33393,6094,3530,12357,20060,0
28632,120000,2,2,1,41,0,0,0,0,0,0,919,8209,421,4502,6013,5094,8209,421,5000,6013,0,7600,0
28633,100000,2,3,1,41,0,0,0,0,0,0,70202,70978,70814,69786,68116,62652,2548,2687,2997,2147,2369,2434,0
28634,60000,2,2,1,35,2,0,0,2,2,2,49825,45436,42240,38884,34488,28838,1700,2500,2600,1500,0,1500,1
28635,190000,2,1,1,36,0,0,0,0,0,0,6915,4923,-2,6381,6383,817,4923,0,6383,2,0,1809,0
28636,100000,2,3,1,35,2,2,2,2,2,2,93983,97002,102698,97997,103384,97266,5500,8200,0,8000,0,8600,1
28637,380000,2,2,1,37,0,0,0,0,0,2,13415,14381,13277,14291,15949,15556,1204,1300,1242,1900,0,3000,0
28638,350000,2,1,2,44,1,2,2,2,2,0,8651,8890,1772,1957,1807,11811,1871,7,1807,0,11811,5628,1
28639,100000,2,3,1,39,0,0,0,0,0,0,97944,99580,92297,184134,70400,0,4296,4068,2037,1408,0,0,0
28640,100000,2,1,2,31,0,0,0,0,0,0,100296,97239,98386,69324,53183,53559,3703,4091,3403,2001,2004,2000,0
28641,150000,2,2,1,32,0,0,0,0,0,0,3267,3782,316,5469,3360,2399,3782,316,5469,3360,2399,4358,0
28642,150000,2,2,1,33,1,2,2,2,2,2,5607,6565,6334,9058,8823,7458,1200,0,2823,0,3530,0,1
28643,150000,2,1,1,38,0,0,0,0,0,0,109244,96560,86565,85069,508,0,3506,5000,5003,508,0,0,0
28644,460000,2,1,2,35,1,0,0,0,0,0,-14,693,224526,227242,228126,143697,707,224850,5000,4593,23584,0,0
28645,100000,2,2,2,44,2,2,2,2,2,2,105373,107001,108350,107457,105598,105751,5700,5400,3700,4000,3600,4500,1
28646,230000,2,2,2,38,0,0,0,0,0,0,75459,76607,78868,80343,82564,74531,3000,3500,3000,3500,3000,3000,0
28647,10000,2,2,1,38,1,3,2,0,0,0,3980,3771,3564,4500,5039,5275,0,0,1000,5039,375,0,1
28648,200000,2,3,1,44,0,0,0,0,0,0,390,390,390,390,390,390,390,390,390,390,390,540,0
28649,140000,2,2,1,34,0,0,0,0,0,0,141066,129173,116858,105786,93273,91207,4873,4691,4000,4000,4000,4000,0
28650,370000,2,3,1,46,0,0,0,0,0,0,6370,2110,10086,804,4577,-10,2120,10136,808,4599,0,2150,0
28651,50000,2,3,1,49,0,0,0,0,0,0,36325,0,0,0,0,0,0,0,0,0,0,0,0
28652,160000,2,2,1,36,0,0,0,0,0,0,2447,206,805,666,740,539,206,886,679,740,539,0,0
28653,80000,2,3,2,43,0,0,0,0,0,0,80707,77532,77492,78362,50001,50035,3332,3051,2600,1877,1767,1797,0
28654,240000,2,1,2,33,0,0,0,0,0,0,61180,57174,73008,61310,39694,45301,23222,50192,10078,24694,28407,7458,0
28655,160000,2,3,2,33,0,2,2,2,2,0,18195,755,44255,43228,-772,-772,0,43500,0,0,0,3000,0
28656,50000,2,3,1,44,0,0,0,0,0,0,48592,38491,900,1900,2900,3000,1063,900,1000,1000,100,0,1
28657,180000,2,2,2,38,0,0,0,0,0,0,179307,183613,182709,149997,142612,140493,7294,6792,5490,5156,5232,6288,0
28658,50000,2,3,1,46,0,0,0,0,2,0,58141,58544,56850,4359,816,766,2200,3000,1218,0,1000,2934,0
28659,500000,2,1,2,32,0,0,0,0,0,0,253767,222365,207026,203513,202853,202404,10000,10000,7000,7000,6799,7000,0
28660,200000,2,1,1,34,0,0,0,0,0,0,2955,5895,15146,11575,11564,13744,5938,15682,11633,11622,13813,22699,0
28661,60000,2,3,2,44,0,0,0,0,0,0,56403,57765,59198,31437,32113,33591,2300,2600,1600,1200,2000,1300,0
28662,50000,2,2,2,46,1,3,2,0,0,0,52308,51194,50101,49527,10147,9965,0,0,1200,400,400,400,0
28663,50000,2,3,2,44,2,2,2,2,2,2,40985,42115,41164,43658,44644,43798,2100,0,3500,2000,0,2000,1
28664,210000,2,2,2,27,1,0,0,0,0,0,0,0,0,0,0,0,0,0,0,0,0,0,1
28665,60000,2,2,1,27,1,2,0,0,2,0,10415,10099,11545,12928,12581,10787,0,1617,2000,0,270,1000,0
28666,140000,2,1,2,28,0,0,0,0,0,0,31,1272,1446,2880,1914,968,2000,1500,3000,1914,0,3287,1
28667,260000,2,1,1,35,0,0,0,0,0,0,-124,-124,-124,1599,360,882,0,0,1723,366,882,0,1
28668,300000,2,1,1,40,0,0,0,0,0,0,1529,3717,4541,5620,25,25,3717,4541,5620,25,0,7140,0
28669,500000,2,2,1,36,0,0,0,0,0,0,-1,229,504,24125,19611,3100,230,625,24246,19709,3117,62754,0
28670,140000,2,1,1,34,0,0,0,0,0,0,2574,0,0,0,0,840,0,0,0,0,840,1380,0
28671,290000,2,3,1,49,2,2,2,0,0,0,301651,329277,275075,280512,202300,207510,34905,0,10951,7238,8467,10188,1
28672,360000,2,1,2,27,0,0,0,0,0,0,91282,85875,87400,87343,71180,64500,3967,4213,3741,2353,2471,2327,0
28673,20000,2,2,2,27,0,0,0,0,2,0,8879,10222,10940,12825,12331,12984,1500,1188,2073,0,1000,3390,0
28674,190000,2,2,2,27,0,0,0,0,0,0,125739,126184,127189,122034,124837,128442,6000,6000,4000,5000,5000,7000,0
28675,150000,2,1,2,28,0,0,0,0,0,0,41387,40310,42652,42711,43311,48311,2000,3000,1500,1000,5000,176,0
28676,100000,2,1,2,28,2,0,0,0,0,0,4523,7267,9967,19706,20378,22038,3000,3000,10000,1000,2000,4000,1
28677,310000,2,1,2,29,0,0,0,0,0,0,29906,14780,18261,41540,50803,59927,14750,5000,24000,10000,10000,30000,0
28678,500000,2,1,2,29,0,0,0,0,0,0,70287,73487,77282,80977,84609,88073,5000,5000,5000,5000,5000,5000,0
28679,120000,2,2,2,28,0,0,0,0,0,0,792,0,792,0,396,396,0,792,0,396,396,396,0
28680,200000,2,2,1,28,0,0,0,0,0,0,135841,127109,102712,79902,59253,59826,4449,3555,3524,2300,2000,1800,0
28681,180000,2,1,2,30,0,0,0,0,0,0,7808,4511,3435,5345,2018,164,1198,1099,2009,2024,164,2159,0
28682,50000,2,2,2,30,0,0,0,0,0,0,46795,46285,43282,14713,19583,14959,2169,1966,1130,5000,1000,441,1
28683,210000,2,1,2,30,0,0,0,0,0,0,52514,52053,52558,52515,52108,51758,2449,3000,2500,2000,2000,2000,0
28684,230000,2,1,2,30,2,2,2,2,2,2,212400,216409,221419,224753,228022,232724,9000,10000,8500,8500,8500,32000,1
28685,200000,2,1,2,30,0,0,0,0,0,0,1028,1025,1613,2193,2698,3812,1030,1621,2213,2711,3831,2213,0
28686,100000,2,2,2,31,0,0,0,0,0,0,101458,101207,101421,101111,101384,101358,3800,4000,3602,3719,3700,7800,1
28687,250000,2,2,2,31,0,0,0,0,0,0,171006,167192,46332,40974,26683,26887,5004,3330,2000,2000,2000,3000,0
28688,200000,2,2,1,31,0,2,0,0,0,0,3850,2025,1926,3263,1580,16874,6,1931,3267,7,17894,2508,0
28689,50000,2,2,1,31,0,0,0,0,0,0,4468,0,0,0,3251,3484,0,0,0,3251,274,500,0
28690,170000,2,2,1,31,1,0,2,0,0,0,0,427,427,23321,23475,25218,427,0,23500,840,2121,0,0
28691,70000,2,2,1,32,0,0,0,0,0,0,57550,22049,17349,14654,23808,24852,3000,2000,4000,10000,2000,1400,0
28692,260000,2,1,1,31,0,0,0,0,0,0,50312,128072,55359,39189,49909,20782,85387,33061,5039,20154,2854,29,0
28693,60000,2,3,2,32,0,0,0,0,0,0,59143,58612,59017,59220,26607,29719,2100,3000,3008,6000,4000,1000,0
28694,120000,2,2,2,31,0,0,0,0,0,0,140,140,4836,3780,7501,3300,140,4836,4034,7501,3300,0,1
28695,100000,2,3,2,33,0,0,0,0,0,0,74847,70663,63794,60651,54664,51776,3000,3000,2700,2000,2000,2000,0
28696,500000,2,1,2,34,0,0,0,0,0,0,161716,143382,123316,142773,107136,95915,6018,5198,46047,10039,30027,60038,0
28697,230000,2,2,1,34,2,0,0,0,0,0,566,2329,1894,2528,1865,1496,2329,1894,2532,1865,1496,1873,0
28698,330000,2,5,1,34,0,0,0,0,0,0,252755,272262,281220,121814,11383,13090,25000,15000,7000,3000,2000,90000,0
28699,360000,2,1,1,35,0,0,0,0,0,0,3925,5320,1016,7173,10763,4857,5352,1022,7408,10817,5044,27696,0
28700,180000,2,2,1,44,1,0,0,0,0,0,0,0,0,0,0,0,0,0,0,0,0,0,0
28701,180000,2,3,1,35,0,0,0,0,0,2,175200,175285,60790,50479,28739,18037,7002,1807,2000,4000,0,33000,1
28702,140000,2,2,2,35,0,0,0,0,0,0,84873,82471,84235,82432,81465,83160,4000,4010,3800,3200,3100,3000,0
28703,260000,2,1,1,37,1,2,2,2,0,0,58261,59706,60969,59400,60315,63230,3000,2800,0,2500,4000,4000,0
28704,220000,2,1,1,36,0,0,0,0,0,0,0,0,2337,-602,-1184,-2047,0,2337,58,0,0,3500,0
28705,100000,2,3,1,42,0,0,0,0,0,0,1651,631,3611,631,631,0,631,3611,631,631,0,2113,0
28706,280000,2,1,1,39,0,0,0,0,0,0,1451,9152,335,2300,0,0,9152,335,2322,0,0,9436,0
28707,100000,2,2,2,40,0,0,0,0,0,0,1573,-28,-28,-28,2816,2118,0,0,0,2844,2118,0,0
28708,290000,2,3,1,46,0,0,0,0,0,0,73612,44236,3253,766,168322,169676,2207,1000,766,168342,7000,5100,0
28709,360000,2,1,1,48,0,0,0,0,0,0,202783,202036,202918,202197,199002,197781,10000,10000,10000,7500,8000,8000,0
28710,290000,2,3,1,46,0,0,0,0,0,0,7874,9236,10326,11000,11000,11417,1500,1400,1000,0,11417,500,0
28711,60000,2,2,1,39,0,0,0,0,0,0,32734,32234,32136,31204,30330,29934,1506,1881,1422,1021,1500,1056,0
28712,80000,2,1,2,44,0,0,2,2,3,2,41630,48893,47831,57000,55489,57450,8000,0,10000,0,3000,2500,1
28713,180000,2,2,1,42,0,0,0,0,0,0,132986,126825,109319,111343,91966,82280,6167,5800,5700,3600,3000,3234,0
28714,200000,2,1,2,37,0,0,0,0,0,0,454,2015,3603,16158,0,836,2500,3700,16200,0,836,1589,0
28715,170000,2,1,2,44,0,0,0,0,0,0,2500,804,2016,3957,4956,482,804,5991,3957,5444,482,626,0
28716,780000,2,2,2,41,0,0,0,0,0,0,101957,61715,38686,21482,72628,182792,62819,39558,22204,82097,184322,25695,0
28717,340000,2,1,3,42,0,0,0,0,0,0,139808,176743,34402,205931,265431,270237,873552,1215471,889043,621000,20000,145000,0
28718,200000,2,5,1,39,0,0,0,0,0,0,20218,25242,3930,0,0,0,25267,3930,0,0,0,0,0
28719,350000,2,1,1,45,0,0,0,0,0,0,291,291,291,291,291,291,291,291,291,291,291,291,0
28720,360000,2,2,1,39,0,0,0,0,0,0,366965,-17710,-17706,301085,307035,63451,12709,1393,319494,13079,2438,2599,1
28721,130000,2,2,1,41,0,0,0,0,0,0,2538,1866,1349,1609,635,849,1177,1349,1609,635,849,2893,0
28722,310000,2,2,1,44,0,0,0,0,0,0,67423,67729,113788,106919,100656,93846,10000,56000,5000,4000,3300,5000,0
28723,110000,2,2,1,46,0,0,0,0,0,0,107281,109551,48942,49959,50951,52019,4560,1808,1825,1817,1882,1893,0
28724,260000,2,2,1,44,1,0,0,0,0,0,-6,1100,2527,1698,0,5062,1106,2527,1698,0,5062,0,0
28725,290000,2,1,1,44,0,0,0,0,0,0,7886,9636,10060,3946,7388,4482,9636,10060,3948,7388,4482,8106,0
28726,200000,2,1,1,37,0,0,0,0,0,0,1382,23942,18143,11770,22155,13235,23994,10112,11770,12155,3000,30075,0
28727,130000,2,2,1,40,0,0,0,2,0,0,54137,28019,29927,24555,24873,26583,2600,3500,498,3000,3300,3000,1
28728,60000,2,1,2,28,0,0,0,0,0,0,38991,13115,2958,4556,19213,18825,10008,2950,4556,19938,800,900,0
28729,20000,2,2,2,30,0,0,0,0,0,0,21302,18842,19370,19355,17155,18660,1300,1800,1106,435,1599,1000,0
28730,300000,2,2,1,31,0,0,0,0,0,0,3565,316,316,17597,15257,9482,316,316,17597,2000,2690,2000,0
28731,70000,2,3,1,39,0,0,0,0,0,2,124493,125680,129498,131216,136744,133413,4800,5900,6000,9200,0,4859,0
28732,240000,2,2,1,35,0,2,0,0,0,0,528,264,264,264,264,414,0,264,264,264,414,264,1
28733,60000,2,1,2,29,0,0,0,0,0,0,5557,7587,7058,8127,4557,2992,7587,8028,8127,15,2992,7695,0
28734,240000,2,1,2,28,1,0,0,0,0,0,0,0,1522,2141,590,176,0,1522,2141,590,176,1720,0
28735,200000,2,3,1,29,0,0,0,0,0,0,161,0,0,0,0,1063,0,0,0,0,1063,1089,0
28736,500000,2,1,2,31,0,0,0,0,0,0,47177,55947,57052,62051,70198,72924,10000,3000,6000,10000,10000,4313,0
28737,140000,2,2,3,28,0,0,0,0,0,0,138901,140732,140661,100656,49783,49310,5600,5500,2650,36000,1000,620,1
28738,210000,2,2,1,29,0,0,0,0,0,0,42140,31938,45502,41704,40509,41305,2000,20020,1672,1600,1600,2000,0
28739,240000,2,2,1,31,0,0,0,0,0,0,184,0,2500,12500,749,2829,0,2500,12500,749,2829,2900,0
28740,240000,2,1,2,30,0,0,0,0,0,0,0,0,2999,0,0,0,0,2999,0,0,0,0,0
28741,160000,2,1,2,28,0,2,0,0,0,0,4145,3930,5859,10299,11825,13121,0,2000,5008,3007,2000,2000,0
28742,50000,2,1,2,29,0,0,0,0,0,0,28889,21803,20990,16236,9759,8789,1368,1330,1160,330,314,364,0
28743,400000,2,1,2,29,0,0,0,0,0,0,16666,62545,98214,84142,70732,68674,62545,53704,4142,5010,66676,66660,0
28744,440000,2,2,2,29,0,0,0,0,0,0,23147,88848,42045,400321,229680,265404,70554,45213,400972,5456,100267,7530,0
28745,150000,2,1,1,30,0,0,0,0,0,2,114797,117393,120002,122013,131426,134676,4500,4500,4000,11000,5000,3500,0
28746,100000,2,2,1,27,1,0,0,0,0,0,0,0,0,0,0,4747,0,0,0,0,4747,1198,1
28747,120000,2,1,1,32,0,0,0,0,0,0,497,0,1085,193,1549,1549,0,1085,193,1549,0,787,0
28748,50000,2,2,1,28,3,2,2,7,7,7,2400,2400,2400,2400,2400,2400,0,0,0,0,0,0,0
28749,150000,2,1,2,32,2,2,2,2,0,0,118348,120800,123379,122881,123954,131543,5900,6000,3000,4600,9800,5100,1
28750,360000,2,1,2,30,0,0,0,0,0,0,2500,0,0,0,0,0,0,0,0,0,0,0,0
28751,260000,2,2,1,29,0,0,0,0,0,0,246509,251197,243167,231463,105518,93193,7012,6310,5871,3130,2966,3230,0
28752,240000,2,2,1,43,0,0,0,0,0,0,244103,240733,236553,241215,230480,234610,9102,8602,9013,8195,8202,7902,1
28753,180000,2,2,3,41,0,0,0,0,0,0,141137,130282,109327,77752,66202,58557,5481,4399,3008,2150,2147,2120,0
28754,210000,2,2,1,42,0,0,0,0,0,0,2201,3571,987,2467,3319,5387,3571,987,2469,3319,5387,1607,0
28755,70000,2,2,2,34,0,0,0,0,0,0,2226,1245,-1000,11019,11632,7864,1245,0,12019,1000,157,7851,0
28756,500000,2,1,2,35,0,0,0,0,0,0,3994,11230,10925,11795,14384,15806,11160,1244,1114,2703,3435,402,0
28757,500000,2,2,2,48,0,0,0,0,0,0,30252,47506,28171,26498,45212,35223,38009,28005,22000,33000,22000,10000,0
28758,180000,2,1,2,28,0,0,0,0,0,0,51085,48531,55352,63055,75046,65184,5014,10000,10000,15057,10010,10036,0
28759,120000,2,2,1,31,0,0,0,0,0,0,45716,44610,45428,34401,34360,35523,2000,1732,2041,1000,1500,1000,0
28760,200000,2,2,1,33,0,0,0,0,0,0,15126,14633,14918,16992,8967,8494,3000,2000,5000,2000,1000,2000,0
28761,140000,2,2,1,33,0,0,0,0,0,0,89226,90212,-1037,-1037,66441,68365,3133,0,0,68383,3000,3096,0
28762,20000,2,3,2,34,1,0,0,0,0,0,0,0,0,0,0,0,0,0,0,0,0,0,1
28763,220000,2,1,1,39,0,0,0,0,0,0,419,419,419,419,419,419,419,419,419,419,419,419,0
28764,290000,2,1,1,32,0,0,0,0,0,0,4340,3686,3094,8164,1509,8262,3686,3112,8164,1509,8262,2032,1
28765,260000,2,2,2,37,0,0,0,0,0,0,188,188,189,192,188,0,188,189,192,188,0,526,0
28766,220000,2,1,2,34,0,0,0,0,0,0,135132,136108,133534,27484,23728,21039,7245,6121,1551,875,1800,300,0
28767,80000,2,3,0,40,2,2,3,2,0,0,1140,5395,4415,1375,779,5889,5000,0,0,885,5889,4239,0
28768,160000,2,2,1,41,0,0,0,0,0,0,13512,13453,13420,13873,13833,13818,1206,1329,1098,374,400,364,0
28769,500000,2,1,2,37,0,0,0,0,0,0,80846,74776,73558,71055,61248,40737,3032,3200,1946,1734,2000,4128,0
28770,230000,2,2,1,42,0,0,0,0,0,0,-138,-69,231,4749,33389,34928,0,300,4749,38000,5000,3000,0
28771,120000,2,3,1,39,1,0,0,0,0,0,0,0,0,0,0,0,0,0,0,0,0,0,1
28772,360000,2,1,1,38,0,0,0,0,0,0,2410,7830,4024,6643,1947,2066,7954,4044,6715,1956,2076,2003,0
28773,220000,2,1,2,39,0,0,0,0,0,0,300,-200,-200,4040,4040,-1269,0,0,4240,0,0,0,0
28774,120000,2,1,2,32,0,2,0,0,0,0,1192,696,1210,1799,1594,1255,0,1179,1799,1594,1255,1133,0
28775,360000,2,2,2,33,0,0,0,0,0,0,3231,9523,11357,12123,9743,9567,9666,2000,1000,0,0,536,0
28776,120000,2,1,1,42,0,0,0,0,0,0,344,881,1778,1885,607,687,881,1781,1885,607,687,1203,1
28777,50000,2,1,1,32,0,0,0,0,0,2,27447,28187,29220,30547,32329,31677,1500,1491,1818,2600,0,1400,0
28778,290000,2,2,1,35,0,0,0,0,0,0,285679,277275,199437,154369,110016,27774,10050,8007,4005,2500,13000,2060,0
28779,230000,2,2,1,38,0,0,0,0,0,0,1129,2117,2283,3227,4227,4616,1029,1056,1000,1000,389,215,0
28780,200000,2,1,1,36,1,0,0,0,0,0,0,0,0,0,0,0,0,0,0,0,0,0,0
28781,370000,2,6,1,48,0,0,0,0,0,0,250264,252955,254111,257816,255491,255320,10004,9498,10827,9002,9040,9004,0
28782,50000,1,2,2,40,0,0,0,0,0,0,60131,49486,41463,39577,32474,32303,3000,2000,2174,2000,2000,1500,0
28783,50000,2,5,1,32,0,0,0,0,0,0,0,0,0,0,0,0,0,0,0,0,0,0,0
28784,20000,2,3,2,44,0,0,0,0,0,0,18783,19660,14561,15017,15119,4077,1230,1354,1200,302,82,83,0
28785,260000,2,1,1,36,0,0,2,0,0,0,131971,139305,89200,79702,79025,79997,10000,0,3012,3000,3000,4000,0
28786,230000,2,5,1,42,0,0,0,0,0,0,390,390,390,390,240,930,390,390,390,240,1080,0,0
28787,200000,2,2,1,36,0,0,0,0,0,0,8812,15189,6205,37658,696,1430,15234,6225,38150,2,1434,2265,0
28788,340000,2,1,1,36,0,0,0,0,2,0,29879,26968,31051,34917,32110,33984,1459,4674,5032,360,6360,4116,0
28789,220000,2,5,1,32,0,0,0,0,0,0,84942,56366,4252,6129,6423,7208,2500,1500,2000,500,1000,1000,0
28790,340000,2,1,1,36,0,0,0,0,0,0,4490,4834,17716,12010,14111,6995,4834,17716,12636,14111,0,5666,0
28791,200000,2,3,1,42,0,0,0,0,0,0,535,10468,0,0,400,400,10468,0,0,400,0,0,0
28792,180000,2,3,1,44,1,0,0,0,0,0,0,0,0,0,0,0,0,0,0,0,0,0,0
28793,50000,2,2,2,43,0,0,0,0,0,0,24847,26043,26724,20903,19225,19536,2000,2000,2020,2000,1000,800,0
28794,80000,2,1,2,38,0,0,0,0,0,0,77204,73940,47627,48482,49153,46995,2938,1853,1708,1824,1704,1641,0
28795,160000,2,2,1,31,0,0,0,0,0,0,1133,31964,24805,0,0,0,31964,1003,0,0,0,0,0
28796,80000,2,2,1,48,0,0,0,0,0,0,77627,80712,48428,52391,23359,24597,5000,5000,5000,3000,2000,3000,0
28797,30000,2,1,2,37,0,0,0,0,0,0,264,264,264,0,528,0,264,264,0,528,0,0,1
28798,230000,2,1,2,42,0,0,0,0,0,0,107,529,135,108,830,2536,529,135,108,830,2536,0,0
28799,400000,2,2,2,42,0,0,0,0,0,0,3608,4032,9885,65207,59247,53752,4052,9939,65243,1239,5366,10435,0
28800,200000,2,3,2,42,1,0,0,0,0,2,-105,5237,2297,-3903,11989,11839,10000,2509,0,24000,0,27000,0
28801,20000,2,2,1,46,2,0,0,0,0,0,5437,6602,7622,8479,8647,8829,1264,1284,1141,309,321,322,1
28802,200000,2,1,1,38,0,0,0,0,0,0,3824,6115,11950,7311,18517,6787,6115,11950,7311,18567,6787,6653,0
28803,140000,2,1,2,34,0,0,0,0,0,0,1500,0,0,0,6400,11400,0,0,0,6400,5000,1000,0
28804,360000,2,1,2,29,0,0,0,0,0,0,270528,267435,193910,167029,134294,154290,10256,12000,15273,15000,25000,12000,0
28805,360000,2,1,1,36,1,0,0,0,0,0,-1,-1,-1,-1,-1,-1,0,0,0,0,0,0,0
28806,390000,2,5,2,45,0,0,0,0,0,0,184547,179819,162571,167832,205750,212634,6645,5782,7782,42393,10414,7422,0
28807,390000,2,1,2,41,0,0,0,0,0,0,-13,-13,-13,-13,-13,-13,0,0,0,0,0,13,1
28808,160000,2,3,1,35,0,0,0,0,0,0,335,0,312,7736,7278,7278,0,312,7736,0,0,1470,0
28809,340000,2,1,2,44,0,0,0,0,0,0,2732,2183,4103,12950,11372,2434,2183,4142,12950,11372,2434,2222,0
28810,280000,2,1,1,36,0,2,0,0,0,0,832,416,416,416,59211,416,0,416,416,59211,0,378,0
28811,500000,2,1,2,42,0,0,0,0,0,0,21179,51124,21138,49305,39095,15826,51304,21138,49775,39095,0,0,0
28812,60000,2,1,2,46,0,0,0,0,0,0,16017,30073,18385,20732,21196,23175,22000,3000,3000,1000,3000,0,0
28813,420000,2,2,2,37,0,0,0,0,0,0,14823,16367,17709,18801,20328,25065,1800,1608,1700,2500,5065,1500,0
28814,160000,2,1,1,38,0,0,0,0,0,0,6555,0,0,0,0,0,0,0,0,0,0,0,0
28815,230000,2,2,2,34,0,0,0,0,0,0,316,316,316,316,316,466,316,316,316,316,466,466,0
28816,230000,2,1,2,31,2,0,0,0,0,0,125270,129588,115066,87021,82460,64818,6531,5091,3307,3316,2316,2500,1
28817,280000,2,2,1,36,0,0,0,0,0,0,2874,2874,2874,2874,2874,2854,2888,2888,2888,2888,2868,7029,0
28818,180000,2,2,2,31,0,0,0,0,0,0,6903,11489,5488,1635,1680,782,8000,3003,1635,1680,782,4374,0
28819,100000,2,1,1,40,0,0,0,0,0,0,1895,0,0,0,150,167,0,0,0,1323,167,1424,1
28820,180000,2,1,2,33,0,0,0,0,0,0,3302,1295,0,0,0,0,1295,0,0,0,0,1640,0
28821,30000,2,5,2,46,0,0,2,0,0,0,29213,17064,16465,16977,0,0,5064,0,5047,0,0,0,0
28822,320000,2,2,1,39,0,0,0,0,0,0,46383,111937,0,0,589,-4543,68800,0,0,589,0,0,0
28823,590000,2,3,1,39,0,0,0,0,0,0,128659,128715,127961,128112,128798,128467,5025,5693,6007,5013,4701,4944,0
28824,130000,2,2,1,38,0,0,0,0,0,0,5636,8485,6263,24571,18817,13481,8510,6279,24516,16,34,6,0
28825,130000,2,1,1,33,0,0,0,0,0,0,1365,84118,44404,27113,801,28027,84118,44404,27309,801,28027,0,0
28826,280000,2,2,1,41,1,0,0,0,0,0,268,509,0,121,0,0,509,0,121,0,0,0,0
28827,90000,2,2,1,40,0,0,2,0,0,0,89789,88337,85248,86483,87765,85855,7069,0,3500,3500,3500,3200,0
28828,320000,2,2,1,30,0,0,0,0,0,0,1031,1886,2913,-27,-27,5399,1895,2927,0,0,5426,3700,0
28829,160000,2,2,1,31,0,0,0,0,0,0,63780,64675,56561,52338,31133,27590,3518,3015,2128,2000,1000,2473,0
28830,150000,2,2,1,37,0,0,0,0,0,0,104460,101914,103297,100603,98188,101441,6000,4573,5000,5000,5000,4100,0
28831,40000,2,2,1,48,0,0,0,0,0,0,27273,27207,28055,15199,17331,19428,2000,3000,3000,3000,3000,5000,0
28832,180000,2,3,1,31,0,0,0,0,0,0,68450,69818,71298,72729,73627,75086,3100,3200,3210,2700,2800,3000,0
28833,550000,2,2,2,39,0,0,0,0,0,0,336722,276725,260932,267917,217738,167245,11007,10507,13035,9511,6114,6207,0
28834,50000,2,1,1,45,1,2,0,0,0,0,6805,532,17453,18444,18855,18886,0,17453,1290,701,901,1000,0
28835,220000,2,1,2,36,0,0,0,0,0,0,222598,222168,217900,221193,181859,184605,10000,8018,10121,6006,10987,143779,1
28836,360000,2,2,2,40,0,0,0,0,0,0,9325,10741,45619,37459,31747,26899,10741,46378,46347,0,0,19607,0
28837,250000,2,2,2,35,0,0,0,0,0,0,277822,255167,233029,279256,46144,85984,6150,6235,80000,923,70069,12500,0
28838,340000,2,1,1,46,0,0,0,0,0,0,94915,92955,89689,81996,83439,71239,3224,4000,3504,4349,3000,3098,0
28839,180000,2,1,1,44,0,0,0,0,0,0,1210,1071,6554,0,21398,298,1071,6557,0,21398,298,0,0
28840,30000,2,3,2,48,2,2,0,0,0,0,26950,23655,25131,29148,12134,12976,0,3200,5000,1000,1000,1000,1
28841,300000,2,3,2,33,0,0,0,0,0,0,76922,-694,-694,-694,-694,-694,0,0,0,0,0,5000,1
28842,40000,2,2,1,37,0,0,0,0,2,0,5366,6541,16390,9891,9594,9798,1273,2000,3538,0,500,500,0
28843,500000,2,1,1,47,0,0,0,0,0,0,26110,12943,4814,18365,8728,28521,2064,5025,18571,5000,20000,0,0
28844,180000,2,1,1,41,0,0,0,0,0,0,55193,48257,42128,39654,42954,22543,5000,6000,10000,15000,23000,5445,0
28845,350000,2,1,1,44,0,0,0,0,0,0,110819,115058,76156,51500,150,500,6000,4000,2500,150,500,0,0
28846,90000,2,2,2,48,0,0,0,0,0,0,6224,8150,0,0,9167,0,8150,0,0,9167,0,526,0
28847,240000,2,2,2,31,0,0,0,0,0,0,245553,244958,245148,240343,211449,215874,10178,10577,8302,7300,7505,7700,0
28848,50000,2,3,3,46,0,0,0,0,0,0,44835,45989,47167,25142,4716,4840,1900,2050,2000,300,200,500,0
28849,220000,2,1,2,33,0,2,2,0,0,0,1379,1205,825,1783,1205,1205,705,325,1283,507,705,705,0
28850,180000,2,2,2,38,0,0,0,0,0,0,25895,26173,26260,26805,8992,10906,2000,2000,2000,1000,2000,2000,0
28851,400000,2,4,1,37,0,0,0,0,0,0,14889,929,1191,11930,11286,5766,929,1191,11930,11286,5766,16520,0
28852,220000,2,1,1,42,3,2,2,2,2,2,2500,2500,2500,2500,2500,2500,0,0,0,0,0,0,1
28853,180000,2,6,1,48,0,0,0,0,0,0,872,3345,2962,6139,1842,1115,3347,2962,6366,1842,1115,2240,0
28854,80000,2,3,1,38,0,0,0,0,0,0,39604,10635,0,0,0,0,1000,0,0,0,0,0,1
28855,360000,2,1,2,37,0,0,0,0,0,0,198839,187955,163120,140383,121771,102568,7000,8071,7029,3011,4000,9000,0
28856,170000,2,1,2,49,0,0,0,0,0,0,163951,136825,140450,116293,118759,108766,5100,6000,4000,4000,3200,2200,0
28857,130000,2,2,1,48,0,0,0,0,0,0,0,1240,1487,1279,749,440,1240,1487,1279,749,440,849,0
28858,290000,2,1,1,30,0,0,0,0,0,0,216328,218435,218783,158215,69234,71560,8000,8600,6700,2600,3500,0,0
28859,90000,2,2,1,32,0,0,2,2,2,2,79105,85997,83779,88577,86365,91105,8200,0,7200,0,6200,24,0
28860,130000,2,3,2,32,0,0,0,0,0,0,12535,14317,15656,4918,6918,8944,2000,2040,3000,2000,2026,6561,0
28861,140000,2,1,3,48,1,0,0,0,0,0,0,780,1176,0,780,642,780,1176,0,780,642,0,0
28862,510000,2,2,2,48,0,0,0,0,0,0,113616,96756,72730,64746,24040,23791,9019,8000,20000,24040,23791,22503,0
28863,50000,2,1,1,39,0,0,0,0,0,0,2080,-60,-60,-60,6000,228,0,0,0,6060,228,1911,0
28864,200000,2,1,2,40,0,0,0,0,0,0,1489,9973,2457,0,948,0,9973,2457,0,948,0,1302,0
28865,200000,2,1,2,37,0,0,0,0,0,0,83000,62084,64610,60567,52122,50610,2500,5000,2509,2000,2000,2000,0
28866,400000,2,2,2,36,0,0,0,0,0,0,69376,61204,50773,39676,30680,27761,2255,1421,1381,770,731,600,0
28867,310000,2,1,1,35,0,0,0,0,0,0,1815,3689,20524,7986,1100,9622,3689,20658,7986,1100,9622,0,0
28868,210000,2,1,1,46,0,0,0,0,0,0,50720,52174,48957,49848,59060,60420,3111,2109,2000,10000,6032,5030,0
28869,90000,2,2,1,33,0,0,0,0,0,0,77379,67092,61071,44821,24653,25254,2500,3908,2100,884,1000,1000,0
28870,270000,2,1,2,31,0,0,0,0,0,0,9213,2283,3203,1144,1144,1144,1080,1000,1121,0,0,0,0
28871,30000,2,3,1,39,0,0,0,0,0,0,30238,30166,29745,27468,27436,27613,2000,1635,1438,796,5000,1000,1
28872,30000,2,2,1,41,0,0,0,0,0,0,20061,17435,14452,13050,11083,9249,1542,2002,2000,900,1500,1500,0
28873,210000,2,2,1,36,0,0,0,0,0,0,2853,8028,10827,5385,1187,1552,8037,6018,5388,1191,1554,1870,0
28874,110000,2,1,1,43,0,0,0,0,0,0,104622,103639,105714,105998,105080,105638,4000,5500,5300,4000,4100,12700,0
28875,160000,2,2,1,42,1,0,0,0,0,0,0,0,369,0,522,0,0,369,0,522,0,978,0
28876,380000,2,1,2,30,0,0,2,2,0,0,27015,31684,33442,32361,32518,32308,5700,2800,0,1205,1226,1332,0
28877,140000,2,1,2,33,0,0,0,0,0,0,954,1015,310,2361,854,565,1015,310,2361,854,565,673,0
28878,250000,2,3,1,44,0,0,0,0,0,0,166325,165081,169492,172936,136182,139362,6686,7037,6358,4918,5420,4466,0
28879,150000,2,1,2,39,0,0,0,0,0,0,1709,14674,771,1365,10965,1488,14674,771,1375,10965,1488,4328,0
28880,230000,2,2,2,43,2,2,2,2,2,3,206245,215936,221001,220886,239299,237297,13126,10000,5000,23700,2000,3,1
28881,220000,2,1,1,49,0,0,0,0,0,0,0,0,0,0,4488,540,0,0,0,4488,540,0,1
28882,60000,2,3,1,39,1,2,0,0,2,0,31011,29565,31123,34134,23552,24020,0,3000,3638,0,1000,3000,0
28883,50000,2,5,1,41,0,0,0,0,0,0,46148,47711,47645,47552,48512,49622,4000,5000,3000,2000,2000,2000,1
28884,300000,2,2,1,40,1,0,0,0,0,0,0,0,0,0,280,0,0,0,0,280,0,0,0
28885,320000,2,2,1,41,0,0,0,0,0,0,2555,7065,648,2258,722,15937,7100,651,2269,725,16014,3088,0
28886,250000,2,1,1,43,0,0,0,0,0,0,331,0,0,0,0,0,0,0,0,0,0,0,0
28887,200000,2,3,1,42,0,0,0,0,0,0,858,1406,3673,0,150,609,1406,3673,0,150,609,939,0
28888,110000,2,3,1,36,0,0,0,0,0,0,3681,6026,1555,2043,1037,4718,6026,1555,2045,1037,4000,6233,0
28889,50000,2,3,2,46,0,0,0,0,0,0,36259,37669,8770,7251,15948,8838,2500,2127,1500,1000,1000,1000,0
28890,300000,2,4,2,45,1,0,0,0,0,0,0,1669,0,0,0,0,1669,0,0,0,0,289,0
28891,50000,2,5,1,33,1,2,0,0,2,0,26358,24890,25440,26191,25193,25742,4,1925,28293,0,1100,2030,0
28892,230000,2,3,1,42,0,0,0,0,0,0,170,2217,5167,8552,12552,10596,2217,3167,3552,5000,3000,2518,0
28893,30000,2,2,1,36,0,0,0,0,0,0,528,-120,-120,-120,-120,6675,0,0,0,0,6795,21947,1
28894,30000,2,2,1,41,3,2,2,0,0,0,1660,856,428,428,13749,659,428,0,428,13749,659,5548,0
28895,290000,2,2,1,41,0,0,2,0,0,0,4783,7239,6957,4954,7221,6988,2552,0,1000,5000,2500,3659,0
28896,210000,2,1,1,47,0,0,0,0,0,0,234,0,0,0,0,0,0,0,0,0,0,2197,0
28897,200000,2,2,1,46,0,0,2,0,0,0,827,1654,827,827,827,827,1654,0,827,827,827,827,0
28898,150000,2,2,1,41,0,0,0,0,0,0,11026,9459,9929,1595,3630,3516,9640,9976,1595,3647,3516,11071,0
28899,110000,2,1,1,45,0,0,0,0,0,0,21842,15843,10466,3537,1378,316,3000,2007,1000,0,316,825,0
28900,20000,2,2,1,43,2,0,0,2,0,0,13139,13915,18667,18072,18120,19329,1300,5000,0,640,1497,0,1
28901,360000,2,1,2,28,0,0,0,0,0,0,79161,81260,83055,85662,87458,86393,4000,4000,4000,4000,3300,5199,0
28902,230000,2,1,1,35,0,0,0,0,0,0,165405,168697,172990,177963,77076,78848,6027,7000,8000,3000,3000,3226,0
28903,60000,2,2,1,38,0,0,0,0,0,2,27527,31715,35850,37165,39490,25854,5000,5000,2000,2898,0,3000,0
28904,470000,2,2,1,45,0,0,0,0,0,0,212948,188435,182687,153366,114451,122489,30000,15000,5052,5000,10000,15000,0
28905,120000,2,1,2,29,0,0,0,0,0,0,59538,50150,44742,33231,-1320,-660,4000,5069,2805,0,0,1616,0
28906,50000,2,2,2,35,0,0,0,0,0,0,41657,47969,49131,38884,8144,8643,10000,11000,5000,1005,15000,7000,0
28907,140000,2,1,1,40,1,0,0,0,0,0,0,1220,0,584,0,190,1220,0,584,0,190,0,0
28908,500000,2,1,1,39,0,0,0,0,0,0,10840,1108,2111,920,920,920,1108,2111,920,920,920,0,0
28909,400000,2,2,2,41,0,0,0,0,0,0,43672,678,330,330,330,330,678,330,330,330,330,330,1
28910,310000,2,2,2,34,0,0,0,0,0,0,87559,74929,76404,76133,53065,17529,3000,3022,5208,15734,1607,140994,0
28911,320000,2,1,1,42,0,0,2,2,0,0,304057,318844,324589,320622,252323,253557,20000,10000,450,7025,7161,8000,1
28912,330000,2,1,1,41,0,0,0,0,0,0,11006,4160,48549,16942,1610,26842,4160,48549,18562,0,26842,11938,0
28913,240000,2,2,1,38,0,0,0,0,0,0,231990,202714,199711,203767,208015,220109,10028,7711,7767,8015,15829,9000,0
28914,290000,2,2,1,36,0,0,0,0,0,0,8909,8199,972,445,3589,6939,8300,972,455,3589,6939,10919,0
28915,150000,2,1,1,39,0,0,0,0,0,0,10147,0,1351,2942,384,504,0,1351,2942,384,504,280,0
28916,50000,2,2,1,34,0,0,0,0,0,0,5745,4266,3047,3606,2390,1655,1023,1051,1000,50,10050,734,0
28917,210000,2,1,1,37,0,0,0,0,0,0,2960,0,0,0,198,0,0,0,0,198,0,0,0
28918,150000,2,1,1,38,0,0,0,0,0,0,14391,1213,4952,1040,3617,540,1213,4952,1040,3617,540,17120,0
28919,210000,2,2,1,46,0,2,0,0,0,0,594,594,21445,0,0,0,0,21451,0,0,0,0,0
28920,180000,2,1,1,40,0,0,0,0,0,0,34483,21142,11279,5698,5993,-73895,22864,1133,1000,1000,0,159000,0
28921,360000,2,1,2,33,1,0,0,0,0,0,0,0,0,0,0,0,0,0,0,0,0,0,1
28922,220000,2,3,2,33,0,0,0,0,0,0,179430,177387,175378,178367,177657,180346,7041,6921,6858,6219,6409,6659,0
28923,160000,2,2,1,40,1,0,0,0,0,0,0,3685,0,0,0,660,3685,0,0,0,660,660,0
28924,500000,2,3,1,40,0,0,0,0,0,0,38322,38913,27489,27053,-9,14863,1284,1231,1154,0,14872,121,0
28925,100000,2,3,1,43,2,2,0,0,0,0,100792,91738,88883,90710,92471,79318,0,4107,4204,4200,3071,3106,0
28926,80000,2,2,1,47,0,0,0,0,0,0,966,0,647,1988,1049,1466,0,647,1990,1049,1466,6309,1
28927,360000,2,2,2,35,0,0,0,0,0,0,0,0,0,0,0,0,0,0,0,0,0,0,1
28928,230000,2,3,1,49,0,0,0,0,0,0,224985,188593,162143,165345,151047,147564,10000,8000,7000,10000,10000,8000,0
28929,180000,2,1,2,33,0,0,0,0,0,0,4500,2580,178,1500,0,1118,2580,178,1500,0,1118,1331,0
28930,200000,2,1,2,44,0,0,0,0,0,0,203045,140347,139282,138462,134497,126617,4501,4916,4505,4205,4145,3100,1
28931,60000,2,2,1,45,0,0,0,0,0,0,60244,59868,58221,16305,3124,29484,3000,2577,1525,3124,29484,1326,0
28932,280000,2,1,1,35,0,0,0,0,0,0,171057,173712,177913,182942,186892,197661,7000,7000,8000,7000,14000,8000,0
28933,80000,2,3,1,48,0,0,2,0,0,0,396,792,396,792,0,396,792,0,792,0,396,546,1
28934,200000,2,1,1,40,1,0,0,0,0,0,0,0,0,0,0,0,0,0,0,0,0,0,0
28935,50000,2,2,2,37,0,0,0,0,0,0,4793,3594,0,5369,3746,9408,3000,0,5369,0,9000,10000,0
28936,460000,2,1,2,34,0,0,0,0,0,0,14460,8869,21494,12657,5739,10184,8869,23664,12659,5752,10192,7419,0
28937,220000,2,1,1,34,0,0,0,0,0,0,2774,5152,6615,15799,13526,8726,5162,6615,15799,1526,0,2287,0
28938,170000,2,1,1,37,0,0,0,0,0,0,397,396,396,596,25081,25189,395,396,596,25081,504,396,0
28939,50000,2,2,1,41,0,0,0,0,0,0,10400,0,23425,19040,19624,20152,0,23425,1500,900,993,1100,0
28940,210000,2,1,1,44,0,0,0,0,0,0,89519,50144,52148,50723,43200,17556,20033,10000,5012,1251,2007,10125,0
28941,20000,2,2,1,31,1,2,2,2,0,0,9701,9401,11903,11420,11342,12157,0,2969,0,408,1000,0,0
28942,230000,2,1,1,46,0,0,0,0,0,0,266,0,0,0,0,300,0,0,0,0,300,0,0
28943,390000,2,1,2,32,0,0,0,0,0,0,46895,45435,47678,47753,38671,50795,7518,12006,13006,4006,25011,14009,0
28944,180000,2,2,2,34,0,0,0,0,0,0,18314,18630,19126,12939,6939,3439,2000,2000,1042,0,0,191,0
28945,130000,2,3,1,33,1,0,0,0,0,0,0,0,0,0,0,0,0,0,0,0,0,0,0
28946,250000,2,3,1,43,0,0,0,0,0,0,278,278,278,278,278,428,278,278,278,278,428,278,0
28947,500000,2,1,1,37,0,0,0,0,0,0,6694,17470,15091,1587,61385,56252,17470,15091,1587,61385,0,56733,1
28948,240000,2,1,2,40,0,0,0,0,0,0,338294,79849,81563,83224,84878,86665,2857,3000,3016,3033,3150,4000,0
28949,270000,2,2,2,39,0,0,0,0,0,0,3073,1816,1163,1582,0,1320,1816,1163,1582,0,1320,717,0
28950,450000,2,3,2,44,0,0,0,0,0,0,11150,4281,0,2442,14234,-2988,4281,0,2442,14234,452,0,0
28951,280000,2,3,1,33,0,0,2,2,2,2,75953,84005,86472,87457,88281,86749,9348,4700,3300,3150,0,3328,1
28952,170000,2,1,2,42,0,0,0,0,0,0,3480,316,316,316,948,632,316,316,316,948,0,0,0
28953,280000,2,1,2,30,0,0,0,0,0,0,26679,52223,25088,9427,2829,198,52223,25100,9427,2838,198,4139,0
28954,170000,2,2,1,43,0,0,0,0,0,0,38137,39135,39872,40693,41334,42118,1934,1671,1657,1463,1666,1529,0
28955,200000,2,1,2,37,0,0,0,0,0,0,19149,20103,21543,22765,23374,24134,1500,2000,1500,1200,1200,1200,0
28956,380000,2,1,2,33,0,0,0,0,0,0,89842,88898,63203,44889,44276,31799,8000,8009,7000,6000,10500,8500,0
28957,500000,2,1,2,44,0,0,0,0,0,0,522,17643,1462,6224,0,0,20007,5000,7000,0,0,0,0
28958,40000,2,1,2,29,0,0,0,0,0,0,35735,29772,23602,0,0,0,2017,1206,0,0,0,0,0
28959,150000,2,2,1,29,2,0,0,0,2,2,123248,126311,130388,138246,140513,118464,5000,6000,10500,5015,173,102,1
28960,220000,2,2,1,34,0,0,0,0,0,0,36242,38320,39700,40737,42743,44052,3000,2000,2000,3000,2000,3000,0
28961,200000,2,1,2,29,0,0,0,0,0,0,181821,185506,190977,193800,190936,186183,6000,7000,6000,6000,5400,5400,0
28962,360000,2,1,1,43,0,0,0,0,0,0,0,0,0,0,0,3078,0,0,0,0,3078,0,0
28963,100000,2,1,1,36,0,0,0,0,0,0,905,3450,1195,2775,890,2117,3450,1195,2775,890,2117,1072,0
28964,420000,2,2,1,34,0,0,0,0,0,0,158471,44131,32423,18824,0,21082,1644,1436,1000,0,21082,228548,1
28965,200000,2,1,1,39,1,0,0,0,0,0,0,0,0,522,0,1073,0,0,522,0,1073,0,0
28966,310000,2,2,2,36,0,0,0,0,0,0,298221,303251,270591,252989,225814,231165,10500,9672,8826,8100,9000,8619,1
28967,180000,2,2,2,34,0,0,0,0,0,0,41699,42812,44132,24594,25686,26780,1800,2100,1500,1500,1500,1200,0
28968,500000,2,5,1,32,0,0,0,0,0,0,5353,5739,5578,57722,55468,55026,6081,5588,58476,1910,1974,2254,0
28969,230000,2,1,2,35,0,0,0,0,0,0,0,0,0,0,0,150,0,0,0,0,150,150,0
28970,50000,2,1,2,40,0,0,0,0,0,0,52841,52016,51990,50570,21095,19999,1860,2619,2000,500,714,20702,0
28971,250000,2,1,1,40,1,2,0,0,0,0,16503,13894,14669,14265,8887,6679,0,1400,1090,246,402,200,0
28972,150000,2,2,2,31,1,2,2,2,0,0,22723,22060,25195,24497,24791,25462,0,3500,0,1000,1071,950,0
28973,50000,2,2,1,34,0,0,0,0,0,0,2435,0,197,2995,19515,0,0,197,2995,19515,0,3734,0
28974,100000,2,2,1,35,0,0,0,0,0,0,77394,76081,61898,53035,15785,7762,2640,3007,2300,200,290,50000,1
28975,110000,2,2,2,42,2,2,2,2,2,0,39635,40580,41631,42352,41373,42156,1900,2000,1700,0,1600,1600,1
28976,210000,2,2,2,38,0,0,0,0,0,0,76418,78798,82525,84353,87835,79481,5000,5000,3200,5000,3000,2500,0
28977,150000,2,1,2,45,0,0,0,0,0,0,1923,101,0,0,0,399,101,0,0,0,399,0,0
28978,80000,2,1,1,44,1,0,0,0,0,0,-60,2400,595,1810,737,2555,2460,595,1815,737,2555,4290,0
28979,200000,2,2,1,48,0,0,2,2,0,0,-1123,2711,3030,1695,10569,9777,4165,1700,5,10624,9816,9208,1
28980,150000,2,1,2,35,2,2,0,0,0,0,55337,53851,53710,48797,49928,51106,0,2503,2000,1804,2000,2000,1
28981,100000,2,3,1,39,0,0,0,0,0,0,10135,1646,1635,884,0,0,1646,5635,884,0,0,0,0
28982,110000,2,1,2,32,0,0,0,0,0,0,46603,48351,51815,47225,34975,43725,2536,5000,1653,1500,10000,1495,0
28983,240000,2,1,2,33,0,0,0,0,0,0,99938,92104,85194,83021,78556,78495,3500,4200,3600,3000,3000,3000,0
28984,80000,2,3,1,42,0,0,0,0,0,0,0,0,0,0,0,0,0,0,0,0,0,0,0
28985,180000,2,1,2,35,0,0,0,0,0,0,5450,150,150,150,150,150,0,0,0,0,0,0,1
28986,180000,2,2,2,35,1,0,0,0,0,0,0,0,0,900,0,0,0,0,900,0,0,0,0
28987,400000,2,1,2,31,0,0,0,0,0,0,-287,-287,5439,5747,687,19898,0,5726,5753,687,19934,40024,0
28988,260000,2,2,1,41,0,0,0,0,2,0,195465,199338,203651,223837,218383,222960,8400,8800,25000,0,8000,21000,0
28989,160000,2,2,1,47,0,3,2,0,0,0,1857,1672,836,836,836,836,0,0,836,836,836,836,1
28990,240000,2,2,1,34,0,0,0,0,0,0,7806,10142,12211,13828,11337,11577,2481,2550,2167,1000,389,1000,0
28991,260000,2,1,1,35,0,0,0,0,0,0,0,0,0,0,0,5181,0,0,0,0,5181,0,0
28992,160000,2,2,2,38,0,0,0,0,0,0,159637,155003,158156,153699,127366,117812,5580,5680,4950,4350,4300,4360,0
28993,80000,2,3,2,43,0,0,0,0,0,0,66047,59910,55122,54006,50779,50257,2071,2063,1779,2087,1743,1800,0
28994,480000,2,1,1,39,0,0,0,0,0,0,98569,106660,400000,66270,80274,82160,10620,302000,66270,15000,3044,30042,1
28995,270000,2,3,1,41,0,0,0,0,0,0,48872,43688,35638,41704,43869,45160,3688,2638,6704,2869,2000,1686,0
28996,100000,2,2,2,40,2,0,0,2,2,2,40626,41945,45247,45208,46160,48268,2000,4000,1000,2000,3000,0,1
28997,300000,2,3,2,40,0,0,0,0,0,0,390,390,390,390,390,390,390,390,390,390,390,390,0
28998,450000,2,3,2,40,0,0,0,0,0,0,5453,25948,53938,14602,18065,19239,26731,55367,15174,10528,10037,48551,0
28999,360000,2,1,1,43,1,0,0,0,0,0,0,0,0,0,0,0,0,0,0,0,0,0,0
29000,170000,2,2,1,40,0,0,0,0,0,0,134496,143242,124103,115638,116430,118950,17400,5921,5700,4200,4400,4611,0
29001,50000,2,3,1,36,0,0,0,0,0,0,48032,48175,48691,49108,19809,11314,1771,2123,2675,552,1000,1000,0
29002,50000,2,3,2,30,0,0,0,2,0,0,16986,6929,8743,1000,5557,5027,1186,2000,0,5557,470,0,1
29003,240000,2,2,1,31,1,2,2,2,0,0,6900,6641,10495,2813,3805,5730,0,4000,1000,1200,2000,0,1
29004,440000,2,2,2,34,0,0,0,0,0,0,6480,7265,444912,218064,222734,227445,1000,226848,8300,8300,8300,8300,0
29005,180000,2,2,2,35,2,0,0,0,0,0,168090,150482,154063,158494,161855,171055,5500,6001,7000,6000,12000,7500,0
29006,140000,2,2,2,40,0,0,0,0,0,0,0,1887,0,0,0,0,1887,0,0,0,0,0,0
29007,150000,2,1,2,34,1,0,0,0,0,0,0,53,0,0,0,0,53,0,0,0,0,0,0
29008,100000,2,2,2,35,0,0,0,0,0,0,100207,94080,75428,76450,77503,64119,4026,3100,3050,3000,2300,2700,0
29009,190000,2,2,1,40,0,0,0,0,0,0,124082,125032,129167,130331,132958,135814,4500,6147,4800,4800,5000,10600,0
29010,200000,2,1,1,40,1,0,0,0,0,0,0,114558,1898,849,-171,14686,114558,3796,849,0,14857,0,0
29011,260000,2,1,1,41,0,0,0,2,0,0,157551,160759,351026,170671,169689,159066,7312,18934,23,3729,4226,514,0
29012,580000,2,2,1,34,1,2,0,0,0,0,420115,405932,437254,477809,486721,498316,0,38001,50000,16881,18887,16846,1
29013,100000,2,2,2,36,0,0,0,0,0,0,101513,98736,99072,91809,77499,76997,3600,5006,2910,2755,5000,5000,0
29014,400000,2,1,1,40,0,0,0,0,0,0,3716,4318,273,743,516,200,4318,273,743,516,200,422,0
29015,350000,2,1,2,32,0,0,0,0,0,0,24522,18876,5571,10978,9326,13255,18970,5594,11024,9317,13321,4019,0
29016,140000,2,2,1,43,2,2,0,0,0,0,90632,88637,90859,92734,48461,49067,0,4200,4261,2182,1844,1652,1
29017,90000,2,2,1,46,0,0,0,0,0,0,1829,2793,696,546,846,846,2793,696,546,996,846,696,0
29018,180000,2,1,1,40,1,0,0,0,0,0,0,319,0,0,0,0,319,0,0,0,0,207,1
29019,150000,2,1,1,41,0,0,0,0,0,0,3275,1105,0,0,0,300,1105,0,0,0,300,0,0
29020,200000,2,1,2,40,0,0,0,0,0,0,0,0,0,0,0,0,0,0,0,0,0,0,1
29021,390000,2,2,1,39,0,0,0,0,0,0,359641,283210,240876,190709,191162,195336,11100,13163,8349,6840,7252,7800,0
29022,180000,2,2,2,28,0,0,0,0,0,0,416,416,416,416,416,832,416,416,416,416,832,0,1
29023,90000,2,1,2,28,1,2,0,0,0,2,5799,3095,5257,6649,8680,7844,0,3000,2000,3000,0,20000,0
29024,240000,2,2,1,29,0,0,0,0,0,0,81274,83030,84945,65601,66901,68086,3101,3385,2377,2387,2472,2475,0
29025,320000,2,1,2,28,0,0,0,0,0,0,331,1081,6144,14977,9473,8002,1085,6146,9473,0,5,1386,1
29026,90000,2,1,2,28,2,3,2,0,0,2,88627,86357,84131,85225,90347,85725,0,0,3400,6500,0,3301,1
29027,200000,2,1,1,40,0,0,0,0,0,0,5853,6549,9389,18475,1016,4934,6567,9421,14068,3,4948,7770,0
29028,210000,2,1,2,41,0,0,0,0,0,0,194,6479,-200,-200,23560,0,6479,0,0,23760,0,0,1
29029,160000,2,2,1,31,3,2,2,0,0,2,166573,158760,140777,136066,143005,129960,2000,5000,4600,14650,0,5100,1
29030,100000,2,1,2,28,0,0,0,0,0,0,77007,80708,84401,85786,65345,67205,5000,5000,4200,3000,3000,3000,0
29031,240000,2,1,2,29,0,0,0,0,0,0,236883,241574,244010,239778,191762,196015,8636,9303,8159,5449,5900,5323,0
29032,50000,2,3,1,50,0,0,0,0,0,0,12164,13475,14197,15207,15509,15834,1521,1243,1253,555,575,579,0
29033,50000,2,2,1,50,0,0,0,0,0,0,21956,20439,20691,17081,16234,16330,2000,1306,1206,1000,697,532,0
29034,20000,2,3,1,52,0,0,0,2,0,0,10248,11271,13513,12999,14456,16313,1501,2743,0,1686,2089,0,1
29035,320000,2,1,1,50,0,0,0,0,0,0,885,2116,11481,0,0,0,2116,11481,0,0,0,240,0
29036,60000,2,3,1,50,0,0,0,0,0,0,2811,297,734,399,670,0,297,737,399,670,0,9398,1
29037,230000,2,1,1,49,0,0,0,0,0,0,1034,299,8994,1796,3970,7214,299,8997,1808,3970,7214,3684,0
29038,170000,2,1,1,50,0,0,0,0,0,0,1978,2191,3185,0,582,3779,2191,3185,0,582,3779,75,0
29039,400000,2,1,1,49,1,2,2,0,0,0,9279,7419,0,3378,0,590,0,0,3378,0,590,2951,0
29040,200000,2,3,2,50,0,0,0,0,0,0,3943,1443,2203,2189,5475,5506,1443,2583,2189,5475,5506,15837,0
29041,250000,2,3,1,50,0,0,0,0,0,0,193355,8173,-11,-11,39618,20380,8173,0,0,39629,20380,32701,0
29042,460000,2,2,1,50,0,0,0,0,0,0,581319,552144,523423,493548,429966,427216,19141,19141,20141,14642,31549,15522,1
29043,10000,2,3,2,54,0,0,0,2,2,0,1083,390,390,390,0,780,780,780,0,0,780,0,0
29044,50000,2,2,1,50,0,0,0,0,0,0,32570,34713,39803,41790,44351,46194,3000,6000,3000,3500,3500,1600,0
29045,150000,2,2,1,50,0,0,0,0,0,0,0,0,0,0,0,0,0,0,0,0,0,0,1
29046,290000,2,2,1,50,0,0,0,0,0,0,272799,261286,246740,224260,233251,226100,10109,10126,7095,30227,40213,40211,0
29047,50000,2,3,1,58,0,0,0,0,0,0,7308,7987,8582,9719,9692,9663,1200,1500,1300,500,500,500,0
29048,120000,2,3,1,65,0,0,0,0,0,0,58436,60202,61042,61253,57695,2530,2740,2407,1421,0,0,840,0
29049,250000,2,1,1,53,0,0,0,0,0,0,440,439,440,440,880,440,439,441,440,880,0,590,0
29050,500000,2,3,1,54,0,0,0,0,0,0,0,0,0,0,0,0,0,0,0,0,0,0,1
29051,160000,2,2,1,55,0,0,0,0,0,0,86179,83960,61589,58702,56853,56002,4000,3000,2000,2000,3000,5000,0
29052,60000,2,3,1,58,1,2,0,0,0,0,26259,25544,26578,27828,28271,28868,0,1750,2000,1200,1200,1131,0
29053,10000,2,2,3,52,1,4,3,2,2,0,8546,8267,7992,8610,8325,8441,0,0,900,0,400,900,1
29054,20000,2,2,1,50,1,0,0,0,2,0,0,390,181,891,501,1051,780,181,1100,0,1100,4030,0
29055,80000,2,2,1,51,0,0,0,0,0,0,42731,23086,23661,24678,25766,26351,1365,1500,1412,1500,1000,1100,1
29056,100000,2,3,1,57,0,0,0,0,0,0,101890,100403,101350,101324,101475,100558,4000,4000,4000,4000,4000,4000,0
29057,30000,2,3,1,53,2,2,0,0,0,0,35647,34775,35946,37685,33305,28305,0,1733,2452,1072,1089,3101,0
29058,230000,2,2,2,53,0,0,0,0,0,0,148058,161291,136908,118358,115497,118539,20074,6246,8836,5955,8984,4507,0
29059,360000,2,3,1,53,0,0,0,0,0,0,0,208,2489,786,0,486,208,2489,786,0,486,150,1
29060,30000,2,3,1,52,0,0,0,0,0,0,27964,25817,27097,27930,16288,17023,1720,2000,1700,1000,1000,1000,0
29061,300000,2,3,1,52,0,0,0,0,0,0,293174,268652,285524,235773,221123,221269,15000,25000,8000,22000,10060,9000,0
29062,110000,2,3,1,64,0,0,0,0,0,0,83050,85550,76793,13062,12609,12638,4000,3275,3028,3000,2000,2000,0
29063,450000,2,1,1,54,0,0,0,0,0,0,2500,0,0,0,0,0,0,0,0,0,0,0,0
29064,330000,2,3,1,53,0,0,0,0,0,0,287021,191065,290451,192123,196860,-3140,6802,102428,4100,4937,3140,184036,0
29065,240000,2,2,1,55,2,0,0,0,2,0,72188,74270,75959,80473,78883,80625,3000,3200,6100,0,2900,3000,0
29066,100000,2,3,1,55,0,0,0,0,0,0,17048,26593,50330,7495,9584,0,10000,35000,2000,2089,0,0,0
29067,30000,2,3,1,56,0,0,0,0,0,0,29261,29960,28316,28966,29542,30163,1500,1790,1440,1016,1055,1188,0
29068,120000,2,3,1,50,0,0,0,0,0,0,109372,111564,112482,115046,80987,85921,5500,4200,4552,3100,6416,0,0
29069,310000,2,2,1,50,0,0,0,0,0,0,316,316,6464,7016,4351,17016,316,6464,1000,4351,17016,1206,0
29070,290000,2,1,1,51,0,0,0,0,0,0,0,22888,783,40720,4352,504,22888,783,40720,4352,504,720,0
29071,230000,2,3,1,52,0,0,0,0,0,0,986,3915,2233,1410,0,0,3939,2244,1421,0,0,236,0
29072,270000,2,2,1,52,0,0,0,0,0,0,43210,45670,47625,49332,22950,25561,3500,3000,3000,3000,3000,4000,0
29073,160000,2,5,2,52,0,0,0,0,0,0,157018,135516,117895,86943,23433,20000,5000,5000,2200,500,1000,0,0
29074,280000,2,2,1,51,2,2,2,2,0,0,258764,279451,280882,218619,201679,195934,25000,7500,0,6500,7000,6000,0
29075,20000,2,2,1,54,1,2,0,0,0,0,14930,14404,15558,16166,8824,0,11,1392,1000,176,0,0,1
29076,400000,2,1,1,55,0,0,0,0,0,0,153951,193159,72201,199209,179290,9780,193358,72356,199209,411,0,126743,0
29077,50000,2,3,2,56,0,0,0,2,0,0,26242,2946,6152,4419,4419,1473,3006,6152,0,0,0,0,0
29078,130000,2,2,1,52,0,0,2,0,0,0,50662,51562,47928,45456,42704,2552,4600,0,1500,0,2000,0,0
29079,100000,2,3,0,56,1,2,0,0,2,2,28625,27969,28812,31134,30444,32460,0,1500,2700,0,2400,0,0
29080,400000,2,2,1,55,0,0,2,0,0,0,530,5332,5101,6201,2173,2803,5101,6,2000,2173,2000,4500,0
29081,120000,2,2,1,54,1,0,0,0,0,0,-200,-200,-200,0,700,1935,0,0,200,700,1935,0,1
29082,200000,2,1,1,58,1,2,2,0,0,0,203108,206084,187747,159746,140632,143092,7500,0,6014,5000,6000,5000,1
29083,260000,2,1,1,55,1,0,0,0,0,0,0,0,0,0,0,0,0,0,0,0,0,0,0
29084,110000,2,1,1,56,0,0,0,0,0,0,34102,30442,25656,22049,22456,18326,2000,1700,1800,1000,800,800,0
29085,260000,2,3,1,65,0,0,0,0,0,0,0,0,0,0,0,0,0,0,0,0,0,0,1
29086,220000,2,1,1,56,1,0,0,0,0,0,0,0,0,0,5889,300,0,0,0,5889,300,165,0
29087,60000,2,3,1,61,0,0,0,0,0,0,28208,29230,30739,30841,28069,27941,1495,2004,2009,1211,2000,1201,0
29088,140000,2,3,1,56,0,0,3,2,2,5,11106,13627,13125,14600,16066,17521,3000,0,2000,2000,2000,3000,0
29089,100000,2,3,1,50,0,0,0,0,0,0,16469,17885,19587,21256,22895,24514,2000,2000,2000,2000,2000,2000,0
29090,360000,2,2,2,51,1,0,0,0,0,0,-28,15500,2145,9944,4540,8024,15528,2145,9944,4540,8024,4421,0
29091,160000,2,2,1,52,0,0,2,0,0,0,465,10451,9385,2260,1313,947,10451,0,4560,2626,1894,7428,0
29092,30000,2,2,1,52,1,2,0,0,0,0,34104,31600,30199,30010,24660,22042,0,2000,2000,1500,2000,3000,1
29093,200000,2,2,1,52,0,0,0,0,0,0,290122,274868,280828,286702,293038,299317,7100,7500,7500,8000,8000,4500,0
29094,330000,2,2,2,59,0,0,0,0,0,0,130797,112383,79505,80589,76180,61693,20000,3500,19000,15000,3000,2139,0
29095,80000,2,3,1,56,0,0,0,0,0,0,1407,2445,3377,-6,2188,5808,1068,1000,6,2194,5825,0,0
29096,140000,2,1,1,56,0,0,0,0,0,0,136084,138468,93802,94531,96264,98135,6500,4300,3500,3600,3881,4200,1
29097,270000,2,3,1,55,0,0,0,0,0,0,2039,7918,4246,4875,836,5949,7922,4246,4875,836,5949,1258,0
29098,90000,2,3,1,50,0,0,0,0,0,0,91123,90056,88330,83948,82168,82304,3614,3223,3172,2743,3051,3081,0
29099,120000,2,3,2,50,0,0,0,0,0,0,6574,1374,45802,53231,25888,27114,1374,45812,10000,900,3000,3000,0
29100,50000,2,2,1,50,0,0,0,0,0,0,49068,47947,49293,41941,39643,39273,1848,2194,1842,1544,1396,1420,0
29101,320000,2,3,1,52,0,0,0,0,0,0,650,2080,218,0,2355,0,2080,218,0,2355,0,0,0
29102,80000,2,2,2,56,0,0,0,0,0,0,49350,49533,49339,50415,45859,43152,2000,2000,2000,2007,1600,1900,0
29103,180000,2,2,1,58,0,0,0,0,0,0,0,0,750,1576,1504,0,0,750,1576,1504,0,1000,0
29104,60000,2,2,2,51,0,0,0,0,0,0,38788,18251,19289,19033,20793,23530,2065,2000,2000,2000,3000,3000,0
29105,440000,2,1,1,54,0,0,0,0,0,0,293717,254498,169622,169140,152404,138447,9700,6323,5700,4800,4000,4500,0
29106,50000,2,3,1,50,1,0,3,2,2,0,0,1381,1214,1494,457,5523,1381,0,457,0,5523,10379,1
29107,160000,2,1,2,50,0,0,0,0,0,0,1902,14706,706,706,316,1096,14846,1096,706,316,1096,316,0
29108,50000,2,2,1,51,1,2,2,0,0,0,4746,4496,0,0,0,0,0,0,0,0,0,0,0
29109,50000,2,3,2,57,2,2,0,0,0,0,50525,0,0,0,0,0,0,0,0,0,0,0,1
29110,140000,2,1,2,54,1,3,2,2,2,2,17962,17381,18104,17516,18721,18280,0,1300,0,1500,0,1900,1
29111,80000,2,3,1,57,0,0,0,0,0,0,80297,65002,62321,43303,40866,40573,3410,13800,3557,1620,1520,1805,0
29112,300000,2,3,0,53,0,0,0,0,0,0,0,0,0,0,0,0,0,0,0,0,0,0,0
29113,40000,2,3,1,60,0,0,0,0,0,0,14019,15780,18519,21058,8204,9899,2000,3000,3000,6000,2000,2000,0
29114,30000,2,2,1,54,0,0,0,0,0,0,38866,29432,33364,30149,27028,29261,2000,4501,2396,4000,3076,1068,1
29115,300000,2,3,1,50,0,0,0,0,0,0,0,0,0,0,0,0,0,0,0,0,0,4886,1
29116,20000,2,2,1,59,3,2,3,2,2,4,8803,11137,10672,11201,12721,11946,2800,0,1000,2000,0,0,1
29117,20000,2,3,2,54,0,0,0,0,0,0,13543,14308,16856,18073,18773,19166,1300,2800,1500,1000,695,1000,0
29118,140000,2,2,1,56,0,0,0,0,0,0,123460,85778,89255,82800,16800,5367,5000,5000,4132,16800,5367,2000,0
29119,200000,2,3,1,49,2,0,2,2,2,0,570,52439,51040,56205,54723,58657,52439,0,6000,0,5000,2286,1
29120,200000,2,1,1,50,0,2,2,0,0,0,2070,3250,0,1500,750,750,2500,0,2250,0,750,845,0
29121,400000,2,2,2,50,0,0,2,0,0,0,15986,4359,1783,129,3170,657,4359,0,129,3170,657,1160,0
29122,290000,2,3,1,50,1,2,2,2,2,0,173564,176233,171993,183510,179061,182891,7000,0,14367,0,6700,7000,0
29123,210000,2,3,1,53,0,0,2,0,0,0,88680,86225,84144,86894,88779,90641,7350,0,4000,3153,3268,3202,0
29124,50000,2,2,1,54,0,0,0,0,0,0,46137,46975,47500,47921,17125,16686,2000,2045,1466,600,604,608,0
29125,20000,2,3,2,56,0,0,0,2,0,0,11471,12188,15074,14426,14526,15026,1214,3100,0,500,500,0,0
29126,360000,2,1,2,54,0,0,0,0,0,0,4463,3270,0,0,621,0,3270,0,0,621,0,0,0
29127,70000,2,3,1,53,2,0,0,0,0,0,70659,61100,62497,47581,48805,50018,3000,3200,2000,2000,2000,2000,1
29128,80000,2,2,1,52,1,2,2,2,2,0,82904,80954,80070,74172,68002,58032,0,7000,4007,0,3000,3000,0
29129,230000,2,3,1,66,0,0,0,0,0,0,0,5580,500,1614,0,2800,5580,500,1614,0,2800,0,0
29130,30000,2,2,2,52,0,0,0,0,2,0,19629,20639,22302,23208,21822,16624,1340,2000,1800,0,641,463,0
29131,500000,2,1,1,52,0,0,0,0,0,0,76701,71680,67260,76145,74831,111826,2540,3334,15012,2822,40025,20067,0
29132,260000,2,1,1,51,1,0,0,0,0,0,0,2000,558,218,0,0,2000,558,218,0,0,0,0
29133,330000,2,1,1,58,0,0,0,0,0,0,880,2304,0,440,0,115,2304,0,440,0,115,0,1
29134,350000,2,1,1,59,0,0,0,0,0,0,0,0,0,0,0,42800,0,0,0,0,42800,0,0
29135,200000,2,5,1,50,0,0,0,0,0,0,0,1882,1312,0,0,0,1882,1325,0,0,0,0,0
29136,130000,2,2,2,52,0,0,0,0,0,0,124007,124919,119553,116530,113962,113972,6000,5000,4214,4500,5000,4200,0
29137,610000,2,3,1,50,0,0,0,0,0,0,10579,11299,7380,3755,20515,11497,11299,9710,3769,20515,0,1070,0
29138,330000,2,2,1,51,0,0,0,2,0,0,208263,200865,194176,184986,173688,164579,10000,10500,8000,6000,6000,6000,0
29139,70000,2,2,1,51,2,2,2,2,2,2,42815,43913,44911,45772,46611,47508,2100,2000,1900,1900,1800,1900,1
29140,110000,2,3,2,51,0,0,0,0,0,0,111255,110615,112071,89274,91413,95541,4112,4519,4000,4000,6000,4000,0
29141,120000,2,1,1,51,0,0,0,0,0,0,117287,120290,116082,118405,99081,106300,6500,6000,6000,4000,9000,0,0
29142,480000,2,1,1,52,0,0,0,0,0,0,105286,86619,18802,34863,73914,47938,87170,18802,34874,73921,47938,56447,0
29143,80000,2,2,2,52,0,0,0,0,0,0,88819,77304,79545,55119,45630,45630,2990,3714,1500,1000,0,0,0
29144,200000,2,1,1,52,0,0,0,0,0,0,16964,317,1169,3175,153,0,317,1169,3178,153,0,0,0
29145,20000,2,2,1,51,0,0,0,0,0,0,11156,13263,13357,14427,14894,15112,2300,1300,1300,700,600,600,0
29146,230000,2,3,1,70,0,0,0,0,0,0,183500,147525,147391,149904,151816,103443,7000,5500,7000,6066,4000,5000,1
29147,40000,2,3,2,52,0,0,0,0,0,0,31960,33429,34887,35607,36514,37921,2000,2000,1600,1500,2000,3200,0
29148,350000,2,2,1,56,0,0,0,0,0,0,1966,14440,13176,9399,10477,10775,14515,13316,9446,10529,10829,12876,0
29149,360000,2,2,1,56,0,0,0,0,0,0,919,2374,-7,-7,-7,-7,2385,0,0,0,0,0,0
29150,30000,2,3,1,67,2,2,2,0,0,0,27943,30734,28092,29112,29555,28536,3580,0,1800,1200,1083,1200,0
29151,360000,2,2,1,61,2,0,0,0,0,0,353176,353782,303494,260113,263229,268446,13869,11644,12307,9474,9662,9794,1
29152,30000,2,3,1,60,3,2,2,7,7,7,1950,1950,1950,1950,1950,1950,0,0,0,0,0,0,1
29153,120000,2,3,1,61,1,2,0,0,0,0,121709,78369,61849,57737,59174,60651,99,8800,2700,3000,2600,2200,1
29154,20000,2,3,1,56,0,0,0,0,0,0,19774,14990,14071,15512,17081,21108,2009,2000,2000,2000,5016,11,0
29155,140000,2,1,1,56,3,2,2,3,3,3,450,450,450,450,1450,1150,0,0,0,1000,0,0,1
29156,20000,2,2,1,59,1,2,0,0,0,0,19328,18711,17657,20000,0,0,0,1700,3000,0,0,0,1
29157,80000,2,3,1,54,0,0,0,0,0,0,68519,69493,70656,72290,390,390,2500,2671,3308,390,390,390,0
29158,360000,2,3,1,56,1,0,0,0,0,0,0,0,0,0,0,0,0,0,0,0,0,253,0
29159,50000,2,3,1,56,0,0,0,0,0,0,45652,44037,40517,29734,16198,16669,1734,5000,1000,10160,16669,692,0
29160,150000,2,1,1,55,0,0,0,0,0,0,14149,18734,17822,32353,25007,16708,18734,18040,32353,25000,16708,168381,0
29161,20000,2,2,2,53,2,4,4,3,3,2,17474,18396,17826,18547,19118,18679,1500,0,1300,1170,0,1600,0
29162,10000,2,3,2,53,2,2,2,2,0,0,9917,6615,8355,8000,9000,10000,3400,2000,0,1000,1000,9000,1
29163,100000,2,2,2,56,0,0,2,0,0,0,390,780,390,390,3863,390,780,0,390,3863,390,390,0
29164,360000,2,3,1,73,0,0,0,0,0,0,0,0,0,0,0,0,0,0,0,0,0,0,1
29165,170000,2,2,2,53,0,0,0,0,0,0,784,605,826,500,0,487,605,826,550,0,487,0,0
29166,70000,2,3,1,55,0,0,0,0,0,0,68467,64657,55201,26213,26734,27304,2249,1519,1435,956,1000,1060,0
29167,30000,2,3,1,53,0,0,0,0,0,0,8615,9960,11492,12391,12891,9069,1500,1700,1500,500,1000,0,0
29168,80000,2,1,2,54,0,0,0,0,0,0,78294,79247,74954,79356,48981,46848,3500,5608,8000,1205,1500,2000,1
29169,100000,2,3,2,58,0,0,0,0,0,0,98067,96802,97177,99043,74453,76252,4600,5000,4600,3000,3000,3000,0
29170,20000,2,3,1,56,1,3,2,2,0,0,9061,8769,9680,9376,9720,10962,0,1200,0,500,1400,0,1
29171,60000,2,2,2,53,1,2,0,0,0,2,8735,8448,9156,10226,12041,11704,0,1000,1226,2000,0,1100,1
29172,510000,2,3,1,61,0,0,0,2,0,0,187070,181733,192903,181801,178179,223100,8500,17000,0,6508,50000,7000,0
29173,260000,2,3,1,54,0,0,0,0,0,0,9760,5465,2504,15809,3756,9560,5484,2504,16593,3764,11092,963,0
29174,360000,2,1,1,64,0,0,0,0,0,0,0,4900,0,0,5640,0,4900,0,0,5640,0,0,0
29175,300000,2,2,1,53,0,0,0,0,0,0,7733,7424,8042,7733,7733,7733,7424,8351,7733,7733,7733,7733,0
29176,160000,2,3,1,74,0,0,0,0,0,0,79201,69376,66192,16905,0,19789,3783,2268,16905,0,19789,26442,0
29177,240000,2,2,1,56,3,2,2,0,0,0,2500,2500,0,0,0,0,0,0,0,0,0,0,1
29178,150000,2,3,2,58,2,0,0,0,0,0,152767,152319,120458,98302,69424,70906,6251,5000,3903,2500,2600,2600,0
29179,90000,2,3,2,60,0,0,0,0,0,0,1933,63201,5322,27878,27243,27799,63201,5322,26400,545,556,1274,0
29180,500000,2,2,1,73,0,0,0,0,0,0,0,2826,2652,2835,8896,3850,2826,2652,2835,8896,3850,711,1
29181,140000,2,2,1,60,2,2,0,0,0,0,113079,109796,112144,114789,115590,118221,0,5600,6000,4200,4500,4600,1
29182,170000,2,3,1,57,0,0,0,0,0,0,163452,163148,161315,164366,124387,120529,7300,8000,7800,4600,5000,5100,0
29183,280000,2,1,1,56,0,0,0,0,0,0,4320,4789,9957,12492,3464,3936,4811,9957,12492,3469,3936,3845,0
29184,30000,1,1,2,30,0,0,0,0,0,0,26061,27104,28076,25991,25429,26234,1780,1752,1666,800,1161,3128,0
29185,120000,1,1,2,34,0,0,2,0,0,0,646,1278,639,621,-18,-18,1271,0,621,0,0,0,1
29186,50000,2,3,2,55,2,0,0,0,0,0,13741,14750,15774,17087,17119,17602,1243,1267,1580,612,758,700,0
29187,80000,1,2,2,41,0,0,0,2,0,0,60588,61369,44810,43766,44636,93074,2505,3745,0,1571,2627,1662,0
29188,180000,1,2,2,29,0,0,0,0,0,0,177554,175969,174812,177252,129190,130431,6500,7000,7100,5000,5000,5000,0
29189,400000,1,2,2,26,1,0,0,0,0,0,938,348,292,12677,1650,1516,350,292,12677,1650,1516,12017,0
29190,50000,1,1,2,28,0,0,3,2,2,0,13258,18647,18064,19462,18854,20380,5635,0,2000,0,2000,2000,1
29191,60000,1,3,2,24,0,0,0,0,0,0,17054,16963,17298,17889,17847,17827,1600,1300,1277,625,644,639,0
29192,200000,1,2,2,29,0,0,0,0,0,0,13765,14304,29399,15817,6155,9955,14304,29404,15825,6155,9955,19773,0
29193,50000,1,1,2,29,0,0,0,2,0,0,50085,2127,6093,5850,9558,15371,3000,4000,0,4000,6000,0,1
29194,20000,1,3,1,28,0,0,0,0,0,0,16066,17477,17041,18239,17919,17398,2000,1400,1500,1000,1000,1000,1
29195,130000,1,2,3,22,0,0,0,0,0,0,25200,0,0,0,500,0,0,0,0,500,0,0,0
29196,10000,1,2,2,22,0,5,4,3,2,5,10160,9860,9565,9265,11951,12189,0,0,0,3000,1000,0,0
29197,50000,1,3,2,26,0,0,0,0,0,0,50343,24132,20109,19932,19762,10708,1319,1902,1200,30,1031,20201,0
29198,10000,1,2,2,24,0,0,0,0,0,0,7521,8519,8142,8235,0,0,1145,1148,1021,0,0,0,0
29199,200000,1,3,2,27,0,0,0,0,0,0,3179,3844,5117,6877,7504,8148,1844,2117,1877,1504,1148,2599,0
29200,10000,1,2,2,27,0,0,0,0,0,0,9457,9554,7335,9025,7886,8382,1107,1310,2000,269,1000,1100,0
29201,50000,1,3,2,25,0,0,2,2,0,0,39686,43685,44694,43673,44659,49512,5000,2000,0,2000,6000,300,0
29202,20000,1,2,2,23,1,2,2,0,0,2,17081,16809,17541,18250,19463,19010,300,1305,1305,1518,0,1861,1
29203,10000,1,3,3,22,0,0,0,0,0,0,9473,9661,9001,9768,9233,9154,1288,1400,1200,300,800,500,1
29204,100000,1,3,1,35,0,0,0,0,0,0,94467,96521,98728,74239,75704,55704,3627,3938,2515,2516,4022,2032,0
29205,50000,1,2,2,23,0,0,0,0,0,0,49842,49830,50116,49184,19184,18021,2000,2100,1500,1000,1000,1000,0
29206,50000,1,2,2,23,0,0,0,2,2,2,46926,18385,11097,10596,12421,12129,1387,4200,0,1958,0,1000,0
29207,50000,1,2,2,23,0,0,0,0,0,0,11148,13637,14959,16204,16536,17118,3000,1850,1800,900,1000,1000,0
29208,160000,1,1,2,23,0,0,0,0,0,0,6760,7043,9499,2814,2174,26053,4000,3000,1000,2274,25456,4000,0
29209,10000,1,1,2,23,0,0,0,0,0,0,6927,5313,6264,5970,7175,6032,1500,3500,1000,2000,2500,1000,0
29210,20000,1,2,2,23,0,0,0,0,0,0,6321,4813,595,18628,19324,19208,6000,597,21722,1000,697,860,0
29211,20000,1,2,2,22,1,2,2,2,0,0,19698,20305,20602,19850,20277,17525,2000,1300,0,702,620,0,1
29212,50000,1,2,2,22,0,0,0,0,0,0,51159,51699,50584,20480,9413,9712,3000,2650,2100,10000,600,500,0
29213,90000,1,2,2,24,0,0,0,0,0,0,37985,36664,22265,30504,26909,25685,2010,2000,10004,1010,2000,2000,0
29214,20000,1,2,2,24,2,2,2,2,0,0,5266,6026,15855,16295,17023,17388,1000,10000,1000,1000,639,2822,1
29215,20000,1,1,2,24,1,2,2,2,0,0,6696,7437,8810,9470,18315,19237,1000,1495,1000,9000,1800,900,1
29216,50000,1,2,2,23,0,0,0,0,0,0,50175,49798,50795,50150,9658,10011,1796,2193,2040,330,492,332,0
29217,10000,1,3,2,23,0,0,0,0,0,0,8604,8594,9259,9733,9528,9513,1600,1351,1215,400,200,166,0
29218,150000,1,2,2,24,0,0,0,0,0,0,9514,14961,3337,1012,4944,1016,15046,3367,1020,5392,1016,0,0
29219,60000,1,2,2,24,0,0,0,0,0,0,58197,47537,46576,41376,36959,35508,3000,3010,3004,3000,3000,3000,0
29220,20000,1,2,3,25,0,0,0,0,0,0,3855,3150,2862,3247,2857,2467,1040,1225,1000,0,2500,491,0
29221,10000,1,1,2,23,1,0,0,0,0,0,0,0,0,0,0,0,0,0,0,0,0,0,0
29222,20000,1,2,2,24,0,0,0,0,0,0,18836,19147,20223,19788,19927,20045,1318,1394,1159,678,793,138,0
29223,10000,1,1,2,24,0,0,2,0,0,0,7760,8928,8386,7512,7615,7621,1471,1100,1107,600,264,544,0
29224,10000,1,2,2,23,0,0,0,0,0,0,10041,9804,10034,6599,6713,3940,2000,1503,1000,2134,79,0,0
29225,20000,1,2,2,24,2,0,0,0,0,0,16794,17496,18981,19608,19600,20000,1288,1773,1400,392,400,0,0
29226,50000,1,1,2,23,0,0,0,0,0,0,980,3413,1068,1386,2800,3696,3500,11000,2000,2000,6396,3000,0
29227,20000,1,2,2,22,0,0,0,0,0,0,4341,5356,6376,7382,7375,7531,1245,1265,1271,264,275,900,0
29228,50000,1,2,2,24,0,0,0,0,0,0,6701,8770,11312,13112,13394,14176,2200,2700,2000,500,1000,700,0
29229,10000,1,2,2,23,0,0,0,0,0,0,7545,7510,8583,9156,9727,8706,1500,1588,1274,1235,303,300,0
29230,50000,1,2,2,24,0,0,0,0,0,0,18684,19690,21021,22067,22896,23873,1323,1654,1700,1500,1500,1000,0
29231,30000,1,1,2,24,0,0,0,0,0,0,11080,-202,-202,-202,-202,7571,0,0,0,0,7844,235,0
29232,250000,1,2,2,24,1,0,0,0,0,0,0,0,1859,3582,18717,20213,0,1859,2628,41000,3000,2000,0
29233,50000,1,2,2,24,0,0,0,0,0,0,49411,50385,50207,48974,19090,780,2100,2183,1211,1362,390,780,0
29234,50000,1,2,2,23,0,0,0,0,0,2,22643,23758,24870,18740,17861,17433,1497,1609,1279,1500,0,637,1
29235,10000,1,2,2,23,0,0,2,0,0,0,2427,6109,2736,3654,3729,9446,3775,0,1000,75,994,0,1
29236,20000,1,2,2,23,0,0,0,0,0,0,16994,18105,19504,19974,11548,10784,1700,2000,1011,300,216,0,0
29237,20000,1,2,2,23,0,0,0,0,0,0,18963,19904,18038,19032,17372,17893,1300,1400,1300,700,800,1000,1
29238,50000,1,2,2,23,0,0,0,0,0,0,50511,50478,50146,49685,50252,9958,1785,2341,2128,344,359,800,0
29239,50000,1,3,2,24,1,2,0,0,0,0,50645,48259,45079,30783,1727,150,0,2177,1702,2000,350,0,0
29240,20000,1,2,2,24,0,0,0,0,0,0,15940,19222,20650,0,0,0,3572,2000,0,0,0,0,0
29241,110000,1,2,2,24,0,0,0,0,0,0,326,326,176,-150,150,952,326,176,0,952,952,0,1
29242,20000,1,1,2,23,0,0,0,2,2,2,11819,12840,15416,15567,15022,16855,1524,3100,696,0,2237,0,0
29243,50000,1,2,2,24,0,0,0,0,0,0,390,390,390,390,780,390,390,390,390,780,0,390,1
29244,50000,1,2,2,25,0,0,0,0,0,0,43793,41739,20650,0,0,0,1651,1650,0,0,0,0,0
29245,140000,1,2,2,25,1,0,0,0,0,0,0,850,2620,66397,62967,44226,850,2620,66397,2038,2000,15000,0
29246,50000,1,1,1,25,0,0,0,2,0,0,47053,5472,5891,6595,8400,4041,2000,1500,1000,2000,1000,1000,0
29247,10000,1,2,2,25,1,0,0,0,0,0,0,0,0,0,0,0,0,0,0,0,0,0,0
29248,70000,1,3,2,25,1,2,0,0,0,0,69447,67209,56580,24991,16036,16667,0,4000,1500,3000,2500,5000,1
29249,20000,1,2,2,25,0,0,0,0,0,2,14989,15999,17043,18236,19376,18958,1263,1307,1500,1408,0,674,1
29250,20000,1,3,2,25,3,2,2,4,4,4,1650,1650,1650,1650,1650,1650,0,0,0,0,0,0,1
29251,20000,1,2,2,25,1,2,3,2,0,0,18885,21563,20943,20152,19754,19204,3300,0,0,2,384,2488,1
29252,20000,1,2,2,25,0,0,0,0,0,2,17927,17384,13648,13924,15685,15292,1500,1500,1400,2000,0,2500,0
29253,60000,1,2,2,26,0,0,0,0,0,0,38815,40171,37274,30203,30809,33323,2023,1491,2000,1092,3000,1353,0
29254,50000,1,2,1,25,0,0,0,0,0,0,47410,48705,46776,48218,41037,9288,2100,2000,2300,2100,470,350,0
29255,50000,1,2,1,25,0,0,0,0,0,0,49007,48847,47241,47683,46844,47537,1922,2200,2000,1400,2000,2270,1
29256,30000,1,2,1,25,0,0,0,0,0,0,11355,12670,13383,14699,14688,16749,1512,1225,1541,530,2302,0,1
29257,20000,1,3,2,24,0,0,0,0,0,0,19438,16944,17990,19671,19244,19443,1273,1319,2000,674,693,693,0
29258,50000,1,2,2,25,0,0,0,0,0,2,20636,17792,17422,17273,18827,16996,1604,1702,1500,2004,16,607,1
29259,70000,1,2,2,24,1,2,0,0,0,2,32536,26351,45870,46918,53153,52174,0,20000,1807,7042,0,1925,0
29260,70000,1,1,2,24,0,0,0,0,0,0,12109,15328,16854,16741,15154,6060,5328,4000,3000,3007,6060,5133,0
29261,20000,1,2,2,25,0,0,0,0,0,0,13429,14502,15564,16600,17025,17381,1300,1300,1300,700,630,650,0
29262,10000,1,2,2,23,0,0,0,0,0,0,4812,3072,2529,390,9478,8170,1196,2535,390,9478,0,953,1
29263,10000,1,3,2,24,0,0,0,0,0,0,2736,4050,5426,6743,8544,9858,3000,2000,2000,2000,2000,1000,0
29264,80000,1,3,2,23,0,2,0,0,0,0,1053,193,9387,125,-68,-261,0,9387,125,0,0,0,0
29265,60000,1,1,2,25,0,0,0,0,0,0,1193,49461,51024,32215,31088,33581,48967,2530,1525,1200,3000,1400,0
29266,180000,1,2,1,26,0,0,0,0,0,0,396,396,396,396,396,396,396,396,396,396,396,396,0
29267,300000,1,2,2,27,0,0,0,0,0,0,1386,25051,9505,91527,80780,2694,25125,9565,91559,252,2694,1000,0
29268,70000,1,2,1,26,0,0,0,0,0,0,64691,65259,66673,62278,64268,65264,2500,2500,2500,3000,3000,2500,0
29269,50000,1,2,2,26,3,3,2,2,3,4,29373,28607,29843,32257,35421,36265,0,2000,3200,4000,2000,1500,1
29270,120000,1,2,1,26,0,0,0,0,0,0,16068,14775,7982,6289,7319,6958,1134,1163,1000,2000,1000,1000,0
29271,50000,1,3,2,26,0,0,0,0,0,0,50419,40200,0,0,0,0,1000,0,0,0,0,0,1
29272,170000,1,2,1,27,0,0,0,0,0,0,2697,0,1409,1337,1337,53885,0,1409,1337,0,53885,2000,0
29273,170000,1,2,2,27,0,0,0,0,0,0,711,176,465,1422,582,291,176,1000,1422,291,0,291,0
29274,50000,1,2,2,27,1,2,0,0,0,2,35905,35028,36373,37165,39539,40454,0,1908,1700,3000,1700,1700,0
29275,180000,1,1,2,23,0,0,0,0,0,0,177998,167021,148713,129518,125868,121823,7000,6000,5000,5000,4416,4577,0
29276,80000,1,2,1,26,2,0,0,0,0,0,31740,74415,56435,40620,37356,35091,50000,1796,2126,1539,1807,1715,0
29277,50000,1,3,2,26,0,0,0,0,0,0,49006,48814,49180,44941,20056,19783,2000,2000,2005,700,856,1000,0
29278,290000,1,2,2,27,0,0,0,0,0,0,98861,89638,50453,193665,188075,162106,3221,3104,160045,4959,5201,4582,0
29279,160000,1,2,1,27,0,0,0,0,0,0,112022,85788,67093,30166,0,0,4342,4017,2190,3990,0,0,1
29280,160000,1,1,2,27,0,0,0,0,0,0,316,316,2968,19656,4056,7496,316,2968,19666,4056,7496,4836,0
29281,390000,1,1,2,27,0,0,0,0,0,0,59917,73806,75614,77358,86007,88601,15000,3000,3000,10000,4000,4000,0
29282,10000,1,3,2,25,1,2,2,2,0,0,9737,9947,9802,8450,4060,0,1352,1000,0,1000,900,0,1
29283,80000,2,1,3,25,0,0,0,0,0,0,8900,1136,720,478,219,0,1136,727,478,219,0,0,0
29284,160000,1,1,2,25,0,0,0,0,0,0,85748,86473,89120,88854,84598,86309,4000,5000,3096,3100,4000,5000,0
29285,80000,1,1,2,26,0,0,0,0,0,0,56808,55901,57030,56576,53819,48604,3000,3010,4000,5000,3000,2200,0
29286,360000,1,2,2,26,0,0,0,0,0,0,94672,96585,102837,110891,53827,14589,3485,7837,10185,5126,2898,350,0
29287,200000,1,2,2,26,1,2,2,2,2,2,58050,2500,2500,2500,2500,2500,0,0,0,0,0,0,1
29288,60000,1,2,2,25,0,0,2,2,0,0,56473,61514,61748,58583,28301,29301,6000,1800,0,600,1000,300,0
29289,110000,1,2,2,26,0,0,0,0,0,0,61167,60549,55400,10711,10868,11079,2721,2422,1132,289,341,327,0
29290,90000,1,1,2,26,0,0,0,0,0,0,61212,57315,5710,12959,9140,9333,2497,1154,8000,288,300,347,0
29291,50000,1,3,2,26,2,0,0,0,0,0,49644,94883,42097,32394,16658,17006,2047,5728,1300,1194,617,650,1
29292,180000,1,1,2,27,0,0,0,0,0,0,212751,205797,206670,31546,141189,138880,40000,37000,3270,194989,5753,5000,0
29293,30000,1,2,2,25,2,3,2,2,0,0,21403,20766,21637,22473,23312,23419,0,1500,1500,1500,1500,1500,1
29294,50000,1,1,2,25,0,0,0,0,0,0,9716,25045,15180,6964,7604,2173,25045,15522,6964,7604,2173,6586,1
29295,50000,1,2,2,24,0,0,0,0,0,0,19267,23553,21507,17827,7655,7881,5000,1700,2000,500,500,500,0
29296,120000,1,2,2,26,2,2,2,2,0,0,109110,105891,113662,110349,112036,114584,0,11000,0,5000,4332,9404,0
29297,60000,1,1,2,25,0,0,0,0,0,0,58479,58839,53235,38533,39639,39619,3000,2018,1900,2000,1500,1900,0
29298,70000,1,2,2,25,0,0,0,0,0,0,34700,21597,3340,0,0,0,21597,3340,0,0,0,8535,0
29299,50000,1,2,2,25,0,0,0,0,0,2,29425,30932,32128,33588,38106,37364,2000,2000,2000,5100,0,4000,0
29300,240000,1,2,2,26,0,0,0,0,0,0,24779,28630,29095,28883,28372,24033,5000,1700,1500,755,3000,120000,0
29301,200000,1,2,2,25,2,2,2,2,2,2,147660,148603,143647,152605,155981,158508,5500,0,12000,8000,5800,80,1
29302,50000,1,1,2,25,0,0,0,2,2,2,41761,44689,47613,48174,48731,49655,4000,4000,2000,2000,2200,1700,0
29303,290000,1,1,2,26,0,0,0,0,0,0,196780,198682,144672,146116,109672,60439,10144,7443,35215,5011,5079,3067,0
29304,30000,1,2,2,26,1,0,0,2,0,0,-185,27478,30642,29361,29022,28409,28924,4000,0,1000,900,800,0
29305,290000,1,2,2,26,0,0,0,0,0,0,46041,47039,48047,51395,52332,416,2000,2300,5000,2600,0,416,0
29306,50000,1,3,2,25,0,0,0,0,0,0,50184,50664,50633,48724,19208,19917,2000,1925,5006,2000,1016,725,0
29307,50000,1,2,2,26,0,0,0,0,0,0,581,581,581,581,581,581,581,581,581,581,581,581,0
29308,310000,1,1,2,26,0,0,0,0,0,0,47330,48947,49738,53602,40510,43742,4000,5000,5052,9950,5000,5000,0
29309,120000,1,2,1,26,0,0,0,0,0,0,101215,100685,15452,12491,3550,2729,5006,2000,3010,1000,2000,1391,0
29310,140000,1,2,2,26,1,3,2,0,0,0,146023,141873,137057,135046,136131,135292,6,233,6342,4800,5100,5000,1
29311,50000,1,3,2,26,0,0,0,0,0,0,24003,25597,26237,19296,19127,18997,2000,1425,1598,819,705,819,0
29312,10000,1,2,1,26,0,0,0,0,0,0,1198,0,0,0,0,0,0,0,0,0,0,0,1
29313,110000,1,2,1,30,2,2,2,2,2,2,88168,90585,89555,87410,85576,84021,7300,3800,3000,3100,3000,3000,1
29314,20000,1,3,1,29,0,0,0,0,0,0,14576,16318,17388,17850,17737,27240,2000,1354,2113,1000,1000,1000,0
29315,50000,1,2,2,26,0,0,0,0,0,0,44781,46033,47289,47462,18204,18322,2000,2000,2000,2000,3314,1000,0
29316,230000,1,2,2,26,0,0,0,0,0,0,-8,-8,3243,20172,26446,58598,0,3251,20174,12000,46100,65000,0
29317,80000,1,3,2,27,1,0,0,0,0,0,0,0,0,0,0,0,0,0,0,0,0,0,0
29318,30000,1,3,2,26,0,0,0,0,0,0,28337,27203,25791,18972,28051,20782,2000,2000,1600,10000,2140,0,0
29319,100000,1,2,2,28,0,0,0,0,0,0,188853,180765,64653,10388,3762,1434,5003,3018,1400,3786,1774,12714,0
29320,280000,1,4,2,26,0,0,0,0,0,0,688,2384,696,696,1392,696,2400,696,696,1392,0,696,0
29321,110000,1,1,2,26,0,0,0,0,0,0,65215,130746,69834,71245,72199,73711,2375,10000,3170,2735,2829,3138,0
29322,110000,1,2,1,26,0,0,0,0,0,0,52489,53615,54803,55729,57001,58036,2000,2050,1895,2068,1982,1995,0
29323,40000,1,2,2,27,1,3,2,2,3,2,40933,39630,40340,42332,41023,42722,0,2000,3304,0,3000,1200,0
29324,180000,1,1,2,26,0,0,0,0,2,0,23758,31278,124718,133102,124279,123748,9000,100000,12000,0,4800,6500,0
29325,50000,1,3,2,26,0,0,0,0,0,0,50632,49654,49746,50365,35157,19796,1808,2084,1703,975,683,657,0
29326,50000,1,2,2,27,0,0,0,0,0,0,50580,48956,49252,28838,2102,19366,3000,4063,1700,600,20000,1000,0
29327,50000,1,3,2,27,0,0,0,0,0,0,48534,48429,49884,43799,20191,19096,1824,2279,1194,594,599,566,0
29328,90000,1,1,2,27,0,0,0,0,0,0,21506,18304,15783,16815,17236,17807,1600,2000,1600,1000,1000,1000,0
29329,80000,1,1,2,26,0,0,0,0,0,0,67090,67229,24772,20000,20000,20000,2500,2089,6000,200,0,0,0
29330,90000,1,4,2,26,0,0,0,0,0,0,2862,0,0,1000,326,326,0,0,1000,326,326,1178,1
29331,50000,1,1,2,26,0,0,0,0,0,0,14577,15329,16575,17496,17907,18375,1300,1500,1500,1000,1000,1600,0
29332,100000,1,1,2,26,0,0,0,0,0,0,1872,4490,4056,10782,3187,18515,4503,4066,10900,3196,18543,3215,0
29333,390000,1,2,2,41,0,0,0,0,0,0,22309,21921,18357,17376,835,835,1325,1283,1092,14836,837,4904,0
29334,70000,1,2,1,26,0,0,0,0,0,0,18757,19764,20539,23066,23684,24182,1625,1400,2882,1000,879,1033,0
29335,100000,1,1,2,27,0,0,0,0,0,0,9228,10240,11372,12092,12429,22315,1171,1303,1023,360,10000,442,0
29336,210000,1,2,2,27,0,0,0,0,0,0,90675,19357,18885,20258,21610,23025,1607,1700,2000,2000,2000,1000,0
29337,10000,1,2,2,27,0,0,0,0,0,0,5002,6014,7111,8120,9120,0,1103,1200,1200,1000,0,0,0
29338,310000,1,2,2,26,0,0,0,0,0,0,2154,359,256,2513,795,250,360,257,2537,798,251,2064,0
29339,30000,1,2,2,26,6,5,4,3,2,0,33181,32391,31624,30683,29215,29900,0,8,0,0,1015,1000,1
29340,130000,1,1,2,27,1,0,0,0,0,0,0,0,0,0,0,0,0,0,0,0,0,0,0
29341,20000,1,6,2,27,0,0,0,0,0,0,543,2070,370,-20,780,0,1100,5193,0,800,0,0,0
29342,50000,1,2,2,28,0,0,2,2,0,0,5281,7025,7758,8459,8635,7473,2000,1000,1000,282,1000,500,0
29343,30000,1,2,2,24,1,2,2,2,2,2,21788,22832,23473,22798,24420,23889,1700,1300,0,2000,0,2001,1
29344,140000,1,2,2,26,0,0,0,0,0,0,80351,166526,83514,72387,67261,68670,4000,2890,3118,3000,2493,2564,0
29345,70000,1,1,2,27,0,0,0,0,0,0,43214,44196,45181,46426,47380,46923,2000,2000,2000,2000,2000,2000,0
29346,20000,1,2,2,27,1,2,2,2,2,0,17569,18478,19884,20218,19687,20307,1500,2000,1000,0,1000,1000,1
29347,400000,1,1,2,27,0,0,0,0,0,0,3359,6790,7010,4111,24808,1839,6034,7060,4113,24838,1848,6546,0
29348,20000,1,2,2,27,1,6,5,4,4,3,19388,18807,18235,18654,18073,17501,0,0,1000,0,0,0,0
29349,10000,1,1,2,27,0,0,0,0,0,0,8907,6599,7736,8492,8138,4990,1500,1400,1000,1009,1000,1598,0
29350,60000,1,1,2,27,0,0,0,0,0,0,5370,7268,10131,11644,14430,17180,2000,3000,2000,3000,3000,2000,0
29351,180000,1,1,2,28,0,0,0,0,0,0,2566,7255,24974,25256,29627,17765,7255,25043,25256,29627,17765,6932,0
29352,50000,1,2,1,28,0,0,0,0,0,0,49139,50125,0,0,0,0,2500,0,0,0,0,0,0
29353,90000,1,3,2,28,0,0,2,0,0,0,15940,19742,19137,20212,20874,21387,4400,0,1400,1000,1000,1000,1
29354,390000,1,2,2,28,0,0,0,0,0,0,198132,192975,68855,-1391,249742,253914,9124,3181,895,253009,10009,9509,0
29355,30000,1,2,2,29,0,0,0,2,2,2,19363,20723,22492,22819,24441,23910,2000,2100,1000,2000,0,1000,1
29356,200000,1,1,2,29,1,2,0,0,0,0,7885,7613,9318,10297,17321,21263,0,2003,2063,8000,4033,2199,1
29357,20000,1,1,2,28,1,2,0,0,2,2,8469,8187,9097,10935,10463,11295,0,1200,2000,0,1000,0,1
29358,70000,1,1,2,28,1,3,2,2,0,0,72605,70859,71946,69337,29949,29380,0,2800,0,1200,1200,1200,0
29359,80000,1,1,2,27,0,0,0,0,0,0,63132,61397,70223,53429,28689,24827,2378,10000,23000,5000,10000,6000,0
29360,80000,1,1,1,27,0,0,0,0,0,0,2197,3613,4820,867,1154,2473,3613,1500,867,1500,1500,3700,0
29361,110000,1,2,2,28,0,0,2,0,0,2,10817,10988,8033,7262,9612,6747,3000,0,2000,5000,0,1646,1
29362,310000,1,3,2,28,0,2,0,0,0,0,186,186,3550,653,14353,15932,0,3567,654,14428,15018,20000,0
29363,80000,1,1,2,28,0,0,0,0,0,0,80849,79422,76834,76333,49942,50191,3200,9000,3365,2000,2200,1700,0
29364,390000,1,2,2,29,0,0,0,0,0,0,6664,6931,5985,7151,-200,-200,6931,5985,7000,0,0,0,0
29365,20000,1,1,2,22,0,0,0,0,0,0,-7,-7,730,1000,300,0,0,737,1060,300,0,0,0
29366,50000,1,2,2,24,0,0,0,0,0,0,10912,10401,20916,20658,9426,8215,2152,1209,1080,438,434,390,0
29367,20000,1,2,2,26,3,2,2,2,2,2,300,300,300,300,300,300,0,0,0,0,0,0,1
29368,30000,1,2,2,26,0,0,0,0,0,0,25993,6296,17223,18305,0,0,1183,11500,2000,0,0,0,0
29369,170000,1,2,2,26,0,0,0,0,0,0,7228,6238,6265,5430,4898,3240,1200,2367,5430,4898,3240,7838,0
29370,320000,1,2,2,28,0,0,0,2,0,0,5799,70891,76755,74838,72402,71847,70891,7001,21,3012,3015,2713,0
29371,200000,1,2,2,27,0,0,0,0,0,0,137266,137888,136545,116549,109622,111113,5212,5065,4005,3900,4003,4306,0
29372,50000,1,3,2,27,0,0,0,0,0,0,17500,0,0,0,0,0,0,0,0,0,0,0,0
29373,180000,1,1,2,29,0,0,0,0,0,0,115191,117488,118504,119034,-966,-966,5700,4400,2500,937,0,0,0
29374,290000,1,2,2,29,0,0,0,0,0,0,42065,10800,9653,4374,179758,180125,1100,1087,1002,179768,5800,6258,0
29375,260000,1,2,2,28,1,0,0,0,0,0,0,0,0,0,0,0,0,0,0,0,0,0,0
29376,170000,1,1,2,27,0,0,0,0,0,0,2190,264,1408,1434,264,264,264,1408,1434,264,264,264,0
29377,290000,1,1,2,28,0,0,0,0,0,0,346,0,2765,6116,10462,1052,0,2765,6200,10479,1052,1481,1
29378,120000,1,2,2,28,0,0,0,0,0,0,92677,92809,93392,93609,95055,96761,4516,5005,5006,5014,5008,4008,0
29379,290000,1,1,2,28,0,0,0,2,2,2,6395,7330,8711,9409,10153,9846,1200,1500,1000,900,0,800,1
29380,10000,1,1,2,27,0,0,0,0,0,0,5703,6734,8833,9604,9800,10000,1130,2229,1000,196,200,0,0
29381,160000,1,2,2,28,0,2,2,0,0,0,530,530,-102,-418,-418,1647,0,102,316,123,2847,2,0
29382,20000,1,2,1,28,0,0,0,0,0,0,18941,16568,17222,18045,18083,18123,1500,1300,1500,700,700,2600,0
29383,200000,1,1,1,29,1,2,0,0,0,0,199417,188778,195335,194775,197105,204122,0,8278,4100,180000,202317,0,0
29384,200000,1,3,2,30,0,0,0,0,0,0,24853,24065,19153,20606,21032,89162,3158,3007,3014,2007,70012,4037,0
29385,130000,1,2,2,27,0,0,0,0,0,0,84579,86256,88093,89837,91625,92822,3084,3224,3236,3257,3509,3428,0
29386,230000,1,2,2,28,0,0,0,0,0,0,26574,-26,-26,90624,92624,-89,26,0,90650,2000,89,0,0
29387,140000,1,1,2,28,0,0,0,0,0,0,933,1768,3169,5041,389,3065,1768,3169,5041,389,3065,1112,0
29388,280000,1,1,2,27,0,0,0,0,0,0,1284,842,1212,3244,2134,1270,846,1216,3249,4,6,3412,0
29389,50000,1,1,2,27,0,0,0,0,0,0,14614,15622,16342,17653,17697,18068,1558,1278,1589,633,656,783,0
29390,20000,1,2,2,28,0,0,0,0,0,0,12234,11762,13007,13590,13476,15009,1192,1827,1500,482,1750,1000,0
29391,150000,1,5,2,27,0,0,0,0,0,0,133374,40283,49746,51500,0,0,10000,10000,2900,10000,0,0,0
29392,200000,1,1,2,29,1,0,0,2,0,0,0,0,2348,1790,1790,350,0,2348,0,0,350,2570,1
29393,420000,1,1,2,29,0,0,0,0,0,0,16127,12074,85269,86388,87153,88957,1322,90499,3122,2915,3000,3150,0
29394,10000,1,3,2,29,0,0,0,0,0,0,2944,4877,6287,7521,8389,9252,2000,1500,1500,1000,1000,1000,0
29395,500000,1,2,1,28,0,0,0,0,0,0,257603,217964,171462,99495,168313,233306,10234,10753,20134,110167,105000,20018,0
29396,150000,1,2,2,28,0,0,0,0,0,0,157051,161665,0,0,0,0,8566,1500,0,0,0,0,0
29397,240000,1,1,2,28,0,0,0,0,0,0,227346,231891,240146,245552,91382,93177,8308,12000,10373,3403,4000,4000,0
29398,70000,1,1,2,28,0,0,0,0,0,0,4638,323,0,0,0,0,323,0,0,0,0,0,0
29399,70000,1,2,1,29,0,0,0,0,2,2,57779,59016,60263,65348,63699,67667,2200,2200,6100,0,5000,2790,0
29400,230000,1,2,2,28,0,0,0,0,0,0,-73,-73,-73,-73,7723,0,0,0,0,7796,0,0,0
29401,200000,1,1,2,28,0,0,2,0,0,0,5765,12386,2662,6023,8303,171059,12453,12,6053,8337,171074,5036,0
29402,50000,1,1,2,29,0,0,0,0,0,0,46489,48210,49493,20650,1000,0,2500,2493,1650,1000,0,0,0
29403,300000,1,1,2,29,0,0,0,0,0,0,2163,345,2541,730,1350,2100,345,2541,730,1350,2100,0,0
29404,130000,1,2,2,29,0,0,0,0,0,0,58299,59352,51420,48140,34893,33986,2626,8585,1620,698,725,843,0
29405,610000,1,3,2,29,0,0,0,0,0,0,8965,7988,3428,6384,65809,62950,7062,4017,6434,68290,2045,8007,0
29406,120000,1,2,2,29,0,0,0,0,0,0,115698,118277,121004,118774,91369,88015,6000,6513,3740,3215,3300,3405,0
29407,60000,1,2,2,27,0,0,0,0,0,0,58982,59063,58440,59593,59642,60165,2097,2141,3000,2064,2672,2000,0
29408,50000,1,2,2,29,0,0,0,0,0,0,28818,26000,0,0,0,0,2000,300,0,0,0,0,0
29409,50000,1,3,2,29,1,2,2,2,0,0,43933,42927,46324,45283,48042,50834,0,4100,0,3780,3515,1800,1
29410,20000,1,2,2,30,0,0,0,0,0,0,19082,19691,19932,19904,19549,19920,1314,1405,1157,802,790,0,0
29411,300000,1,2,1,30,0,0,0,0,0,0,900,195,1442,1740,3871,606,195,1542,1748,3890,608,4059,0
29412,50000,1,3,1,31,1,1,0,0,0,0,43200,0,0,0,0,0,6000,0,0,0,0,0,0
29413,130000,1,1,1,29,1,2,0,0,0,0,118723,117323,38765,33349,33463,33795,3001,3000,2000,1000,666,2000,0
29414,100000,1,2,2,30,2,4,4,4,3,2,89898,92422,95979,93580,91181,93563,4900,5900,0,0,4000,3200,1
29415,130000,1,2,2,28,0,0,0,0,0,0,101546,88549,74624,76133,77648,79370,3000,2709,2750,2767,2961,2913,0
29416,30000,1,2,2,29,0,0,0,0,0,0,390,390,390,390,1438,719,390,390,390,1438,0,1588,0
29417,10000,1,2,1,29,0,0,0,0,0,0,8099,9727,5732,6576,7472,8359,2000,3000,1104,1000,1000,2000,0
29418,50000,1,2,2,28,0,0,0,0,0,0,48591,48896,48587,37211,28248,28430,2300,2000,1432,988,1600,1600,0
29419,10000,1,2,1,30,3,2,2,3,3,3,1050,1050,1050,1050,1050,1050,0,0,0,0,0,0,1
29420,230000,1,2,2,30,0,0,0,0,0,0,115141,101832,92396,84297,49681,46224,5028,5000,4000,2029,2000,2500,0
29421,210000,1,2,1,30,0,0,0,0,0,0,820,820,820,820,820,820,820,820,820,820,820,970,0
29422,140000,1,5,2,30,0,0,0,0,0,0,2663,1823,1823,1769,84042,89381,1823,1823,1769,85096,9000,4000,0
29423,50000,1,2,2,31,0,0,0,0,0,0,47533,48640,49483,40850,0,800,2200,2000,3000,0,400,20000,0
29424,310000,1,1,2,30,0,0,0,0,0,0,48931,207890,24113,65010,67144,60592,207000,20000,60126,20000,25000,6000,0
29425,80000,1,2,2,30,0,0,0,0,0,0,64330,65813,66282,67285,68309,71830,2934,2500,2500,2500,5000,3000,0
29426,500000,1,1,1,30,0,0,0,0,0,0,6049,2500,0,0,0,0,2500,0,0,0,0,0,0
29427,80000,1,2,2,26,0,0,0,0,0,0,50442,51397,49991,47681,46900,45161,1816,1920,2063,1543,1400,1557,0
29428,120000,1,3,2,28,0,3,2,0,0,0,1835,1651,390,390,282,-108,0,0,390,282,0,3087,1
29429,50000,1,2,2,26,0,0,0,0,0,0,45253,44840,45880,46893,47827,48829,1724,1764,1777,1711,1772,2043,0
29430,50000,1,2,2,30,0,0,0,0,0,0,16397,17378,17523,18467,17865,18234,1572,1617,1561,759,779,908,0
29431,200000,1,1,1,30,0,0,0,0,0,0,3207,4347,2897,1432,1200,-41,4360,2902,1432,1517,0,0,0
29432,50000,1,2,2,30,0,0,0,2,0,0,1382,2496,4533,4279,4592,0,1300,2254,0,313,0,0,0
29433,130000,1,2,2,30,0,2,2,2,0,0,780,780,390,0,780,0,390,0,0,780,0,0,0
29434,240000,1,1,2,28,0,0,0,0,0,0,181569,182916,186885,187756,188520,189908,6606,8246,6806,5112,5291,6004,0
29435,180000,1,1,2,28,0,0,0,0,0,0,9796,500,3866,6019,7602,7622,500,3866,3300,7602,7622,0,0
29436,20000,1,2,2,28,0,0,0,2,0,0,10926,12899,18394,16806,36070,19257,2500,9000,0,2000,2000,1500,0
29437,140000,1,1,2,28,1,2,2,2,0,0,31529,30844,33961,33250,34524,38098,0,3500,0,2000,4000,0,1
29438,160000,1,1,1,29,0,0,0,0,0,0,498,680,0,362,9464,6087,682,0,362,9102,0,514,0
29439,280000,1,1,2,29,0,0,0,0,0,0,10660,5123,8467,2510,591,14994,5123,8467,2510,591,14994,5000,0
29440,80000,1,1,2,28,0,0,0,0,0,0,198,734,1580,2338,3140,3907,734,1044,1000,2000,1500,800,0
29441,140000,1,2,1,29,0,0,0,0,0,0,14544,22376,28746,36395,46358,49946,8376,7000,8395,10546,4400,7892,0
29442,300000,1,1,2,30,0,0,0,0,0,0,237372,243409,250477,254808,260562,266200,10000,11000,10000,10000,10000,10000,0
29443,150000,1,2,1,27,0,0,0,0,0,0,118533,119911,123914,126447,128773,134930,3375,5000,3583,3402,7226,5000,0
29444,240000,1,5,1,27,0,0,0,0,0,0,0,249,913,0,0,0,249,913,0,0,0,0,0
29445,100000,1,1,2,29,0,0,0,0,0,0,390,390,390,780,0,599,390,390,780,0,599,0,1
29446,100000,1,2,2,30,0,0,0,0,0,0,27869,29329,30294,31734,32323,33648,3500,3000,3500,1500,2000,2300,0
29447,220000,1,2,1,30,0,0,0,0,0,2,15746,17537,14856,35705,25649,5018,16780,14469,35278,4647,19,8438,0
29448,50000,1,3,2,30,0,0,0,0,0,0,9610,9132,8681,8039,4952,390,1147,1169,1000,4986,390,390,1
29449,120000,1,1,2,30,0,2,2,0,0,0,1500,3010,1700,1125,909,786,1700,0,1125,909,786,1433,0
29450,280000,1,1,1,31,0,0,0,0,0,0,-6,-6,1345,-5,-5,985,0,1351,0,0,990,3090,0
29451,200000,1,1,2,30,1,0,0,0,0,0,0,1870,1000,0,1275,543,1870,1000,0,1275,543,0,0
29452,10000,1,2,2,29,2,2,0,0,2,2,5948,5716,7132,8477,8292,9861,0,1500,1500,0,1604,212,1
29453,10000,1,2,2,30,0,0,0,0,0,2,8107,8724,9191,9800,10072,9766,1298,1155,1154,1206,0,399,1
29454,50000,1,1,2,29,0,0,0,2,0,0,5249,14427,19819,18567,23535,28620,10000,6000,0,5630,6000,5000,0
29455,70000,1,1,2,30,0,0,0,2,0,0,2329,55664,59529,57571,57871,60872,55000,5800,0,2250,4500,0,1
29456,20000,1,2,2,30,1,0,0,0,0,0,-300,-690,-1080,-1470,-1860,-2250,0,0,0,0,0,4000,0
29457,140000,1,1,2,30,0,0,2,0,0,0,90313,103560,78842,67003,0,0,15037,5,2007,0,0,0,0
29458,200000,1,4,1,46,0,0,0,0,0,0,103138,94638,88227,82087,75285,78872,3929,4000,4000,3000,13000,13000,0
29459,280000,1,2,2,42,0,0,0,0,0,0,22821,23169,82073,61638,44868,29804,1118,82267,1528,997,1049,13004,0
29460,70000,1,1,2,45,1,2,0,0,0,0,73958,72097,46445,46759,21265,14379,67,3006,4659,1000,1000,0,0
29461,210000,1,2,2,26,0,0,0,0,0,2,9358,-27,-27,-27,3073,2878,0,0,0,3100,0,2003,0
29462,50000,1,5,2,27,0,0,0,0,0,0,47830,47863,34725,15735,0,0,6143,2354,4147,0,0,0,0
29463,150000,1,1,2,27,0,0,0,0,0,0,85500,86009,86108,89006,89775,87725,3956,4031,10006,3266,4040,1698,0
29464,120000,1,2,2,28,0,0,0,0,0,0,8022,9493,11612,12438,13099,15926,2000,3000,3000,3000,3000,3000,0
29465,200000,1,1,1,28,0,0,0,0,0,0,1867,994,2058,1546,2215,1828,997,2064,1550,2229,1833,808,1
29466,420000,1,1,2,31,0,0,0,0,0,0,31065,25918,20899,14966,5676,134038,2004,3000,1041,5676,135687,4192,0
29467,50000,1,1,2,29,1,2,2,2,2,2,5931,5690,8023,7748,8269,7992,0,2600,0,800,0,800,0
29468,270000,1,1,2,31,0,0,0,0,0,0,9526,10418,6436,7196,7137,5587,1116,1500,2000,1000,194,1005,0
29469,130000,1,2,1,31,0,0,0,0,0,0,2280,1725,3895,1500,450,5289,1725,3895,1500,450,5289,0,0
29470,210000,1,1,2,31,0,0,0,0,0,2,82940,84583,86357,88149,93654,82166,3024,3134,3228,7000,0,3000,0
29471,240000,1,2,2,31,1,0,0,0,0,0,0,780,0,390,780,0,780,0,390,780,0,390,0
29472,260000,1,1,2,30,0,0,0,0,0,0,27855,28307,27842,25366,19533,14214,1259,1305,1113,528,406,211,0
29473,250000,1,2,1,32,0,0,0,0,0,0,79319,0,0,174749,171541,175042,0,0,174749,0,3501,146794,0
29474,150000,1,2,1,31,0,0,0,0,0,2,530,530,957,1817,714,424,530,957,1000,800,0,9000,0
29475,140000,1,1,2,31,0,0,0,0,0,0,128036,106657,45887,137487,111602,111552,4180,2800,100005,3800,3990,4285,0
29476,60000,1,3,1,34,0,0,0,0,0,0,43293,28305,22298,22161,18667,19381,1368,1396,1287,654,1000,644,0
29477,500000,1,1,1,39,0,0,0,0,0,0,133598,167378,171106,174500,137406,204975,54209,4607,4603,5224,207440,7509,0
29478,50000,1,2,2,37,3,2,3,2,2,2,21153,23507,22838,20411,16016,15242,3000,0,57,2000,0,1000,1
29479,50000,1,3,1,42,0,0,2,2,0,0,18838,22834,23553,22876,23328,24955,4650,1380,0,832,2000,0,0
29480,140000,1,1,2,33,0,0,0,0,0,0,128213,133080,136412,136481,135012,133324,7000,7000,7000,5500,6000,4624,0
29481,20000,1,2,1,32,0,0,0,2,0,0,16354,17776,21158,20511,20316,20474,1700,4000,0,800,1000,800,0
29482,360000,1,1,1,38,0,0,0,0,0,0,2513,5023,6664,11358,15479,20934,5066,6704,11415,15556,21039,19073,0
29483,10000,1,3,2,41,0,0,0,0,0,0,10400,0,0,0,400,0,5275,0,0,400,0,2400,0
29484,200000,1,2,1,41,0,0,0,0,0,0,51995,52442,46472,48692,50571,51756,4000,2000,3000,3000,2000,2000,1
29485,400000,1,2,1,38,0,0,0,0,0,0,3380,3395,5856,6401,389,21447,3411,8863,1032,390,21448,1001,0
29486,180000,1,1,1,32,0,0,0,0,0,0,6687,4919,2644,1300,2644,0,1227,1000,1300,2644,0,55176,1
29487,220000,1,3,2,41,0,0,0,0,0,0,193903,176755,147558,102365,63842,43252,8000,7000,3500,1500,2000,1000,0
29488,50000,1,3,1,45,0,0,0,0,0,0,5339,1189,0,0,0,0,1189,300,0,0,0,0,0
29489,100000,1,5,1,45,0,0,0,0,0,0,94502,95697,98222,90500,82586,22620,5000,5000,3203,2103,50000,0,0
29490,50000,1,2,2,47,0,0,0,0,0,0,51129,50378,48282,0,2068,30135,2096,1000,0,2068,30067,1051,0
29491,320000,1,1,2,28,0,0,0,0,0,0,26149,3860,360,360,0,720,3894,360,360,0,720,334,0
29492,320000,1,1,2,31,1,0,0,0,0,0,-6029,-9119,-46127,-50616,-53007,-94625,185,28,12,208,8,14,1
29493,310000,1,2,1,31,0,2,0,0,0,0,4673,3851,547,3913,670,2489,0,547,3913,670,2489,656,0
29494,100000,1,2,1,33,2,4,3,2,2,2,60286,58753,57250,58014,58761,60061,0,0,2300,2300,2400,2300,0
29495,320000,1,1,2,34,0,0,0,0,0,0,71944,88243,96574,104795,113156,121465,19246,11550,11688,12122,12156,2437,0
29496,280000,1,2,1,34,0,0,0,0,0,0,55237,55664,51436,34260,36564,33331,2625,1795,1372,3931,3047,671,0
29497,80000,1,2,1,35,0,0,0,0,0,0,1692,2694,1130,397,42857,41864,2702,1246,397,42860,7,118,0
29498,200000,1,1,1,41,1,2,0,0,2,2,150406,151415,156476,163330,162163,170867,5000,7500,11000,3000,11365,7000,1
29499,70000,1,2,1,37,0,0,2,0,0,2,23546,26630,25922,27177,28930,28329,3800,0,2000,2200,0,2100,0
29500,50000,1,1,1,40,0,0,0,0,0,0,47695,48879,44765,31240,20343,12349,2017,3000,2000,3007,1003,1500,0
29501,10000,1,2,1,42,2,2,3,2,2,2,4770,9182,8893,8928,9586,9294,4505,0,334,801,0,1487,1
29502,300000,1,1,1,43,0,0,0,2,0,0,1920,410,5015,2334,3334,3350,412,5459,0,1000,16,2418,0
29503,210000,1,3,1,39,0,0,0,0,0,0,13024,726,-632,-632,-632,-632,726,632,0,0,0,0,0
29504,60000,1,1,2,36,1,2,2,2,2,2,28504,27747,32577,31754,34228,35128,0,5300,0,3000,1600,1000,1
29505,20000,1,2,1,40,1,2,3,2,3,3,14829,17267,16706,18694,19049,18459,3000,0,2560,955,0,661,0
29506,50000,1,2,1,42,0,0,0,0,0,2,35892,32546,30660,31320,36227,35569,2007,2000,1500,5400,0,3000,0
29507,100000,1,2,1,39,0,0,0,0,0,0,66177,70177,80914,86403,88972,91554,4000,10737,6849,4000,4000,2138,0
29508,200000,1,1,1,43,0,0,0,0,0,0,18422,13546,3820,0,0,0,1127,3820,0,0,0,0,0
29509,240000,1,1,1,34,0,0,0,0,0,0,102650,0,0,4557,7557,9275,0,0,4557,3000,4000,2282,0
29510,200000,1,2,3,41,0,0,0,2,2,2,106576,107178,119691,116278,128087,125931,3864,14269,0,13808,0,4600,0
29511,130000,1,2,1,39,0,0,0,0,0,0,19698,10058,10833,0,0,0,1500,1000,0,0,0,0,0
29512,130000,1,1,2,28,1,0,0,0,0,0,0,0,0,0,0,0,0,0,0,0,0,0,1
29513,50000,1,2,1,45,0,0,0,0,0,0,942,942,942,390,390,390,942,942,390,390,390,0,1
29514,30000,1,2,2,32,0,0,2,2,0,0,26742,29095,30819,29214,29478,23384,2800,2500,0,910,1000,1000,0
29515,130000,1,3,2,29,0,0,0,0,0,0,129602,130079,122267,96800,58170,57483,5437,5088,4180,2035,3009,2000,0
29516,10000,1,3,2,46,0,0,0,0,0,0,9592,8844,7560,7134,7280,0,1150,1166,2000,146,0,0,1
29517,70000,1,2,1,33,0,0,0,0,0,0,390,4924,5566,6139,5868,6399,4924,1113,1076,195,1000,235,1
29518,150000,1,2,1,37,0,0,0,0,0,0,100894,103001,104416,86597,88276,90398,4700,4099,4000,3000,3000,5187,0
29519,120000,1,2,2,38,0,0,0,0,0,0,116399,117514,111003,84840,86954,83448,5000,5000,3000,3500,3000,82000,1
29520,100000,1,3,2,48,0,0,0,0,0,0,58430,36846,35538,34958,34039,33650,2000,2000,2000,2000,2000,20000,0
29521,50000,1,3,2,34,0,0,0,0,0,0,49093,50375,51400,0,0,0,2400,2400,0,0,0,0,1
29522,210000,1,1,1,40,0,0,0,0,0,0,5411,5922,2174,6522,1532,9327,5956,2180,6568,1532,9373,8090,0
29523,50000,1,2,2,29,0,0,2,0,0,0,48632,52100,50611,50411,19722,19682,4600,0,2200,900,800,800,0
29524,50000,1,2,1,36,3,2,2,7,7,7,2400,2400,2400,2400,2400,2400,0,0,0,0,0,0,1
29525,30000,1,3,1,42,1,2,2,2,2,2,24335,23651,26346,26920,26194,27854,0,3401,1300,0,2400,2000,1
29526,500000,1,2,1,33,0,0,0,0,0,0,680,1094,1508,1862,3676,4961,1101,1100,2103,2500,2000,2000,0
29527,60000,1,3,2,46,0,0,0,0,0,0,61548,63020,16982,37318,18352,17869,2700,1500,2000,1000,824,333,0
29528,180000,1,2,2,39,0,0,0,0,0,0,715,4637,969,21365,9707,3837,4637,1595,21365,9707,3837,5328,0
29529,20000,1,2,1,47,0,0,0,0,0,0,14186,14960,16102,18926,18125,18714,1000,1376,3200,1399,1102,369,0
29530,50000,1,2,1,42,1,0,0,0,0,0,0,3095,5850,4300,2800,3000,3095,5855,4300,2500,3000,500,0
29531,100000,1,2,1,38,0,0,0,0,0,0,1473,390,390,1170,780,780,390,390,1170,0,0,0,0
29532,240000,1,1,1,34,1,0,0,0,0,0,0,0,0,0,0,0,0,0,0,0,0,150,1
29533,170000,1,2,1,34,0,0,0,0,0,0,7950,6691,7332,2716,4200,7708,6691,7332,2716,4200,7708,12897,0
29534,50000,1,1,2,36,1,2,0,0,0,0,49395,50058,50753,0,0,0,1776,2374,0,0,0,0,0
29535,150000,1,1,2,30,0,0,0,0,0,0,147112,122159,125470,119007,101928,103989,4518,6000,4055,13980,4000,3950,0
29536,20000,1,2,1,34,1,2,2,0,0,0,16112,16851,16292,18010,18411,19455,1300,0,2000,1000,1500,1010,0
29537,210000,1,1,2,35,0,0,0,0,0,0,103632,-36,-18,-18,-18,-18,0,0,0,0,0,0,0
29538,50000,1,2,1,49,0,0,0,0,0,0,48481,48526,50056,49735,14240,890,2313,2313,2082,677,890,14441,1
29539,120000,1,2,1,34,2,2,2,2,2,2,115040,117371,119044,120086,120662,118345,6000,5600,4500,4300,0,4800,0
29540,70000,1,3,1,45,0,0,0,0,0,0,65824,51634,52567,42743,43894,45051,3067,3000,3000,2000,2000,2000,0
29541,10000,1,2,2,40,0,0,0,0,0,0,9649,10084,9421,9997,9799,10163,1500,1200,1137,329,500,251,1
29542,20000,1,2,1,47,1,2,2,0,0,0,8198,6465,5450,4427,2661,895,300,1000,1000,0,0,3386,0
29543,150000,1,4,1,36,0,0,0,0,0,0,181335,188576,188864,188547,193087,196559,14000,7000,5000,8000,7000,5000,0
29544,190000,1,2,1,35,1,0,0,0,0,0,0,0,100104,0,0,0,0,100104,0,0,0,0,0
29545,50000,1,2,2,40,0,0,0,0,0,0,49224,50222,50921,49415,8862,9711,1821,2200,2000,500,9000,331,0
29546,50000,1,3,1,30,0,0,0,0,0,0,37208,38204,39243,40255,41057,41914,1615,1654,1666,1468,1517,1528,1
29547,50000,1,1,2,30,0,0,0,0,0,0,49194,50036,47855,48894,50258,48276,1978,1797,1836,2200,2000,2500,0
29548,250000,1,2,2,31,0,0,0,0,0,0,206199,206822,194318,181608,172922,175302,8006,7606,7200,6000,6303,7013,0
29549,220000,1,1,2,31,0,0,2,2,2,2,119810,129821,126311,151588,147656,157276,12000,0,27500,0,12000,0,1
29550,490000,1,1,2,33,0,2,0,0,0,0,59016,16355,24307,21136,24758,21817,0,24307,12396,13000,10000,88,0
29551,20000,1,2,2,30,2,2,2,2,0,0,13269,12391,12326,10621,10400,0,33,3317,0,1000,0,0,0
29552,70000,1,1,2,29,1,0,0,0,0,2,10449,2343,14336,13155,3929,1953,6000,15000,4000,4000,0,1000,0
29553,290000,1,1,2,32,0,0,0,0,0,2,23561,52005,49188,68168,67465,44593,30020,2002,19982,1799,7,8210,0
29554,450000,1,1,2,32,0,0,0,0,0,0,1270,1570,0,0,0,144,1580,0,0,0,144,236,0
29555,20000,1,2,1,32,0,0,0,0,0,0,23055,24070,25183,25961,27491,40106,1400,1500,1275,1805,2000,2728,1
29556,100000,1,1,1,33,0,0,0,0,0,0,49415,50851,49528,50604,40966,40308,2284,1961,2037,1434,1469,1483,0
29557,80000,1,1,2,33,2,2,2,2,2,2,98677,89056,87525,78266,74967,66512,0,8000,0,5000,0,2428,1
29558,70000,1,3,1,44,0,0,0,0,2,0,5484,5221,340,1430,930,4110,1000,340,1480,0,4110,0,1
29559,200000,1,2,1,45,1,0,0,0,0,0,-7,34137,33749,28355,29465,30885,34144,1492,1402,2002,2007,6163,0
29560,20000,1,2,1,38,0,0,0,0,0,0,9269,10585,11608,12313,12848,800,1477,1500,1000,1500,800,800,0
29561,220000,1,1,1,38,0,0,3,2,2,0,1815,743,743,43,-657,-1357,1486,0,0,0,0,0,0
29562,10000,1,2,2,45,1,2,0,0,0,0,9298,9093,8528,9319,9477,9736,1000,1200,1142,300,400,340,0
29563,290000,1,3,1,35,0,0,0,0,0,0,80748,78241,76401,76435,77434,79223,2755,2824,2456,2245,2500,1200,0
29564,20000,1,3,2,38,1,0,0,0,0,0,-2086,16116,17151,18161,18521,18911,18451,1300,1302,662,688,800,0
29565,200000,1,2,1,37,0,0,0,0,0,0,3506,4713,2519,3960,6797,4414,4727,2526,3971,6827,4427,5603,0
29566,50000,1,3,1,47,1,0,0,0,0,0,-2012,-2012,47714,48685,18139,18519,0,50224,2195,649,672,749,0
29567,50000,1,2,1,41,0,0,0,0,0,0,45422,46291,16118,14237,14381,16026,1916,1243,1492,636,2000,2000,0
29568,60000,1,2,1,41,0,0,0,0,0,0,47963,81071,41153,42268,32692,30892,2308,3980,2000,2000,2000,2000,0
29569,50000,1,3,1,48,1,0,0,0,0,0,6300,0,0,0,0,5275,0,0,0,0,5275,0,0
29570,290000,1,1,1,38,2,0,0,0,0,0,97531,99413,96194,96089,92505,74760,4429,5000,2928,3097,2033,1051,1
29571,140000,1,2,1,41,2,2,2,2,2,2,73259,75063,73305,78454,79571,78176,3600,0,7000,3000,0,8000,1
29572,570000,1,1,2,33,0,0,0,0,0,0,388897,253793,261176,266800,0,0,9083,11472,12000,0,0,0,0
29573,210000,1,1,1,40,0,0,0,0,0,0,1582,326,3632,1967,3952,10330,326,3632,1967,3985,10330,8000,1
29574,270000,1,3,2,32,1,2,2,2,0,0,157318,153388,164866,160821,164010,167446,0,13900,0,5760,5967,7488,0
29575,50000,1,2,1,33,0,0,0,0,0,0,47048,24058,25042,21947,19198,19610,1445,1429,1294,1000,705,699,0
29576,60000,1,2,2,38,2,0,0,0,0,0,58190,59615,60379,56921,18050,18385,3000,3100,1409,631,1000,664,1
29577,120000,1,2,2,45,1,2,2,2,2,2,63911,62286,67259,67659,68937,70674,0,6000,2100,3000,3000,2500,1
29578,450000,1,1,1,42,0,2,0,0,0,0,3566,240,1718,2284,-561,-1477,0,2000,2300,0,590,0,1
29579,60000,1,2,1,39,0,2,0,0,0,0,50210,2846,18862,18145,20934,22146,60054,19061,20089,23019,22181,16711,0
29580,20000,1,2,2,36,3,2,2,7,7,7,2400,2400,2400,2400,2400,2400,0,0,0,0,0,0,1
29581,180000,1,1,1,36,0,0,0,0,0,0,85703,84298,62201,81859,78566,77491,3614,2400,23500,3800,3700,500,0
29582,380000,1,2,2,37,0,0,0,0,0,0,2302,7281,2686,2281,5760,9239,7500,2700,2300,6000,6000,3000,0
29583,20000,1,2,1,48,0,0,0,0,0,0,18401,19784,20650,0,0,0,2000,1650,0,0,0,0,0
29584,120000,1,1,2,26,0,0,0,0,0,0,2382,884,0,0,10446,0,884,0,0,10446,0,0,0
29585,500000,1,3,1,39,0,0,0,0,0,0,32647,1832,1920,21734,1837,96,1832,1920,21734,1837,0,19637,1
29586,20000,1,2,2,39,0,0,0,2,0,0,18646,17746,19953,19183,17703,12100,2000,3200,0,0,1100,0,1
29587,260000,1,3,1,43,0,0,0,0,0,0,205599,151040,150917,152447,123771,126472,6000,7500,6000,4300,4500,4500,0
29588,20000,1,2,2,33,0,0,0,0,0,0,13479,14944,16392,17789,18238,17638,2000,2000,2000,1000,800,700,0
29589,230000,1,2,1,35,0,0,0,0,0,0,149697,155697,165978,170563,173697,179697,6000,10281,8866,6000,6000,6000,0
29590,120000,1,2,1,33,0,0,0,0,0,0,1336,-5,500,500,150,150,0,505,500,150,150,941,0
29591,130000,1,1,1,40,2,2,0,0,0,0,80987,79085,82799,86407,88959,97487,0,5000,5000,4000,10000,3724,1
29592,200000,1,1,1,40,0,0,0,0,0,0,840,770,386,0,475,390,800,396,4,475,1170,930,0
29593,30000,1,1,2,49,0,0,0,2,0,0,25144,25831,29122,28277,20390,20555,1500,4500,0,900,1000,2000,0
29594,230000,1,3,1,39,0,0,0,0,0,0,2606,2986,2608,797,-3,-3,2990,1020,799,0,0,0,0
29595,210000,1,1,1,44,0,0,0,0,0,0,396,396,396,396,396,396,396,396,396,396,396,396,1
29596,260000,1,5,1,40,0,0,0,0,0,0,18503,19616,20725,21807,21216,22331,3000,3000,3000,1000,2000,5000,0
29597,160000,1,2,1,36,0,0,0,0,0,0,8700,5159,10550,3566,2453,2673,5183,10670,3576,2460,2680,2484,0
29598,140000,1,2,2,44,0,0,0,0,0,0,129301,129885,131886,133105,78607,78773,6104,7000,5518,2933,3100,3502,0
29599,70000,1,2,1,39,0,0,0,0,0,0,71059,71998,71229,70747,68154,69815,5000,4792,3000,3019,8010,7000,1
29600,100000,1,2,1,38,0,0,0,0,0,0,15788,8242,10095,11636,6649,8649,2000,2000,2007,2000,2000,5000,0
29601,150000,1,1,2,32,0,0,0,0,0,0,833,1601,9253,33062,2328,4121,1606,9297,33243,2336,4140,10859,0
29602,290000,1,2,2,34,0,0,0,0,0,0,14543,12190,14483,16589,18306,22204,2000,3000,3000,3000,5000,3000,0
29603,60000,1,2,1,37,0,0,0,0,0,0,6742,9582,-27,15273,14766,14687,3000,18,15300,5000,15132,6500,0
29604,50000,1,2,2,37,5,4,3,2,0,0,19859,19268,18687,17956,17710,18710,0,0,0,354,1000,1000,0
29605,20000,1,3,1,38,0,0,0,0,0,0,17224,16533,17557,18666,19037,19434,1267,1291,1400,681,703,600,0
29606,500000,1,1,1,37,0,0,2,0,0,0,474934,507062,491956,430637,376657,356636,40024,325,15296,12137,12312,14113,0
29607,90000,1,2,1,45,0,3,2,2,0,0,3664,3449,1776,-1170,390,390,0,0,0,1560,390,930,1
29608,280000,1,1,2,37,0,0,0,0,0,0,7523,1567,-8,-8,1680,0,1574,0,0,1688,0,198,0
29609,40000,1,2,1,40,1,2,0,0,0,0,34364,33512,34549,35572,36481,37889,0,1577,1600,1500,2000,2000,1
29610,220000,1,1,1,39,0,0,0,0,0,0,875,1093,3572,7330,0,3995,1093,2518,7409,0,3995,2028,1
29611,220000,1,5,1,37,0,0,0,0,0,0,44253,1966,6189,1850,6938,5034,1966,6203,1850,6938,101,2932,0
29612,50000,1,2,1,33,0,0,0,0,0,0,97190,48290,49633,48707,19623,13673,1787,2130,1184,13604,496,523,1
29613,20000,1,2,3,47,0,0,2,2,0,0,390,780,390,0,780,0,780,0,0,780,0,0,1
29614,200000,1,1,1,39,0,0,0,0,0,0,192257,192560,198501,194782,191172,193267,7004,10061,7071,6514,7081,10121,0
29615,20000,1,2,1,32,2,0,0,2,0,0,18390,19468,20844,19362,19402,19607,2000,3000,0,850,920,750,1
29616,60000,1,1,2,39,1,2,0,0,0,0,60037,50524,58025,59724,28575,39402,0,9000,3000,1200,11500,3000,1
29617,280000,1,3,1,45,0,0,0,0,0,0,14493,1589,-7,1420,8036,12863,1596,0,1427,8076,12927,0,0
29618,50000,1,2,2,48,0,0,0,0,0,0,44385,45637,46815,16927,17263,17628,1992,2170,1282,618,643,1000,0
29619,420000,1,1,1,32,0,0,0,0,0,0,387143,24830,25419,10951,8126,8313,1585,1174,1133,291,318,277,0
29620,30000,1,3,1,44,1,2,2,2,0,0,19397,18659,22544,21889,22721,23401,1500,4500,0,1500,1200,2000,1
29621,50000,1,3,2,36,0,0,2,2,2,2,22312,25349,26075,25358,27123,27509,3416,1425,0,2190,965,0,0
29622,20000,1,3,1,43,0,0,0,2,0,0,18100,17926,19485,19503,19566,1320,2000,3000,1200,1000,1400,0,0
29623,110000,1,2,1,39,2,3,2,2,2,2,39733,38862,40995,40106,42492,43197,0,3000,0,3300,1463,0,1
29624,230000,1,2,1,39,0,0,0,0,0,0,20307,19864,17789,14416,14445,14452,2000,2263,2000,2000,2000,2000,0
29625,60000,1,2,1,45,0,0,0,0,0,0,20959,20822,17973,18403,17898,17388,1500,1500,2000,1000,1000,1000,0
29626,360000,1,1,1,36,0,0,0,0,0,0,1814,6545,0,0,0,0,6545,0,0,0,0,259,0
29627,50000,1,2,2,42,0,0,0,0,0,0,49165,46466,47145,47658,48209,48579,1800,1814,1717,1658,1858,2000,0
29628,110000,1,2,2,35,0,0,0,0,0,0,106612,110828,109937,47250,48543,47848,6100,3000,2000,2000,2000,2000,0
29629,150000,1,2,2,29,0,0,0,0,0,0,104165,93850,94944,100940,100339,102567,5000,4380,8528,5000,4000,5000,0
29630,180000,1,1,2,29,0,0,0,0,0,0,1124,18213,4390,1016,4745,0,18213,4390,1016,4745,0,0,0
29631,80000,1,2,2,30,0,0,0,0,0,0,5092,4623,1944,15361,13286,5848,4623,1963,15361,13286,5848,0,0
29632,50000,1,2,2,30,0,0,0,0,0,0,46652,45235,23299,22672,21440,19304,2014,1600,1400,429,386,57,0
29633,170000,1,2,2,31,0,0,0,0,0,0,6336,7505,8522,9380,9566,9917,1281,1298,1156,342,505,610,0
29634,200000,1,2,2,31,0,0,2,0,0,0,5433,20516,7973,6202,8549,6251,20710,23,6228,8574,6269,6411,0
29635,210000,1,1,2,31,0,0,0,0,0,0,36042,37141,38179,39243,39740,40574,2000,1936,2000,1450,1472,3500,0
29636,20000,1,2,2,32,0,0,0,0,0,0,19435,19790,19294,14092,6826,10090,2003,1448,1328,500,10986,600,0
29637,160000,1,1,2,35,0,2,2,0,0,0,348,22,-304,-630,-956,476,0,0,0,0,1908,326,0
29638,50000,1,3,2,45,0,0,0,0,0,0,46842,48356,41150,0,0,0,2356,2150,0,0,0,0,0
29639,340000,1,2,2,30,0,0,0,0,0,0,233770,216978,181217,172862,171353,170048,8100,8000,6102,6628,6517,4500,1
29640,220000,1,1,2,32,0,0,0,0,0,0,5359,4217,2900,3392,1421,915,4217,2907,3397,1421,915,906,0
29641,200000,1,2,1,37,0,0,0,0,0,0,500,598,1946,11900,6344,4747,598,1950,11921,4,3,1201,1
29642,320000,1,1,2,29,0,0,0,0,0,0,225892,209493,170336,173806,177425,181003,9429,6189,6309,6510,6600,6395,0
29643,110000,1,1,2,29,2,0,0,0,2,0,77831,79365,81485,86309,84028,86114,3430,4000,7100,0,3600,3142,1
29644,200000,1,1,2,30,3,2,2,0,0,0,1130,566,0,560,558,558,0,0,560,558,0,0,1
29645,160000,1,1,2,31,1,2,0,0,0,0,56432,55371,56316,59331,60227,61778,0,2000,3500,2000,2200,3000,0
29646,310000,1,2,1,34,0,0,0,0,0,0,89600,83373,80533,70343,58365,51454,3100,3604,2366,2018,2000,1700,0
29647,70000,1,2,1,29,0,0,0,0,0,0,78244,19275,11231,10694,27908,11192,2009,1404,3016,20001,2000,5002,0
29648,80000,1,2,2,29,0,0,0,0,0,0,28175,0,68227,68040,69840,69840,0,68227,2000,2000,0,0,0
29649,320000,1,1,2,34,0,0,0,0,0,0,5250,-3,988,6420,7174,-19,0,991,6452,9757,0,3995,0
29650,230000,1,1,2,34,0,0,0,0,0,0,56449,219192,226596,225791,226638,226265,231788,11621,9027,9015,9000,9014,0
29651,260000,1,2,2,36,2,0,0,0,0,0,334214,310546,288566,291597,214353,216238,12000,11000,11000,8000,8500,8300,1
29652,50000,1,3,1,41,5,4,3,2,0,0,54090,52955,51847,50307,27707,28479,0,0,0,0,974,31100,1
29653,210000,1,3,2,48,0,0,0,0,0,0,85107,83658,73664,38405,38395,5062,33658,30003,1000,38395,5062,13061,0
29654,60000,1,3,1,42,0,0,0,0,0,0,19489,20496,21702,22360,19760,0,1336,1542,1200,500,0,0,0
29655,30000,1,2,1,48,0,0,0,0,0,0,26393,28622,29846,25571,40188,27544,3006,3000,2000,3000,8150,2000,1
29656,480000,1,2,1,44,0,0,0,0,0,0,29112,43015,17223,10127,8416,14658,43111,17223,10135,8416,14658,27350,0
29657,240000,1,2,2,43,0,0,0,0,0,0,236238,225318,202513,198720,192574,195682,8763,7539,8267,7012,8010,8499,0
29658,20000,1,2,1,44,0,0,0,0,0,0,18015,18344,19672,19652,780,0,1400,1630,1000,0,0,0,1
29659,50000,1,3,1,41,0,0,0,0,0,0,49782,50741,48468,39203,28913,26636,1816,1753,1433,990,967,1071,0
29660,50000,1,2,1,37,0,0,0,0,0,0,44270,42398,44346,44098,48698,26955,5000,3000,5000,5000,5000,6000,0
29661,50000,1,1,1,35,0,0,0,0,0,0,6290,3770,10060,0,0,0,3770,10060,0,0,0,0,0
29662,500000,1,1,1,37,0,0,0,0,0,0,14817,2480,122750,4599,10094,43150,3904,123000,10052,10105,43168,16915,0
29663,70000,1,2,2,31,0,0,0,0,0,0,35515,36619,37725,38792,39447,40361,2000,2000,2000,1600,1700,1700,0
29664,40000,1,1,2,31,0,0,0,0,0,0,33075,34221,35866,36691,31672,27945,2000,2500,2014,250,2000,500,0
29665,420000,1,1,2,32,0,0,0,0,0,0,1100,1183,2736,0,0,0,1183,2736,0,0,0,0,0
29666,20000,1,2,1,36,2,2,2,2,2,2,25238,25274,25026,23073,22857,21143,2000,1700,0,1653,0,1940,0
29667,300000,1,3,1,41,0,0,0,0,0,0,1556,118157,11409,11907,3965,18327,118816,11488,11967,3983,18416,6260,0
29668,110000,1,2,2,38,3,2,2,0,0,0,78480,80604,78326,44890,41394,42727,4000,0,2000,1500,2000,2000,1
29669,70000,1,2,1,42,4,4,4,4,4,4,59130,59831,61873,63359,64221,65706,2272,3614,3100,2500,3100,1000,1
29670,110000,1,1,2,39,0,0,0,0,0,0,18310,19327,20650,0,0,0,1327,1650,0,0,0,0,0
29671,220000,1,2,1,40,2,2,0,0,0,0,222418,206473,208464,175407,175170,174726,4,8027,6218,6220,6316,6504,0
29672,20000,1,1,2,37,0,0,0,0,0,0,14320,14595,16350,17322,18319,19297,2000,2000,2000,2000,2000,2000,0
29673,120000,1,3,1,39,0,0,0,0,0,0,326,326,326,326,326,326,326,326,326,326,326,326,0
29674,150000,1,3,2,44,0,0,0,0,0,0,65903,35916,34409,93241,67549,62479,5011,3045,70092,2521,3000,3000,0
29675,110000,1,3,1,40,0,0,0,0,0,0,91275,93357,94938,79368,74778,75996,4500,4100,2612,2666,2700,2659,0
29676,320000,1,3,1,36,0,0,0,0,0,0,5360,726,6992,3741,10138,15745,726,6992,3755,10138,15745,16740,0
29677,50000,1,2,1,28,0,0,0,0,0,0,430,0,46257,45975,1300,43987,0,46257,2200,1300,43987,1386,0
29678,20000,1,2,2,34,0,0,0,0,0,0,16912,-2,-1,-1,309,9525,0,0,0,310,9500,800,0
29679,180000,1,3,1,35,2,0,0,0,0,0,57991,58587,59497,60356,60209,60522,2700,3000,3000,2500,2500,3000,1
29680,200000,1,2,1,37,0,0,0,0,0,0,208835,202673,193898,180759,160482,132870,7313,7157,11609,5609,5059,5014,0
29681,50000,1,3,1,47,1,2,0,0,0,2,16217,15664,16693,17407,18660,19115,0,1586,1300,1546,900,0,0
29682,360000,1,1,2,40,0,3,2,0,0,2,499,499,499,13136,9160,2752,0,0,13169,2784,12,14293,1
29683,30000,1,2,1,30,0,0,0,0,0,0,28130,27836,28998,29480,29500,0,1750,2000,1200,1000,0,1500,0
29684,230000,1,1,2,31,0,0,0,0,0,0,0,0,0,0,100,2405,0,0,0,100,2405,0,0
29685,280000,1,1,2,32,0,0,0,0,0,0,3981,1350,3735,13956,5911,1356,1355,3754,14025,12820,1362,5274,0
29686,50000,1,3,1,32,0,0,0,0,0,0,47974,43680,22133,12882,8131,3983,3000,2871,1000,163,3983,3771,1
29687,360000,1,1,2,33,0,0,0,0,0,0,57709,23707,11850,12533,7477,7718,23718,11850,13898,7477,7718,168350,0
29688,240000,1,2,2,37,2,2,2,0,0,2,45070,46111,45268,46295,48903,49763,1900,0,1900,3500,1600,0,1
29689,180000,1,3,1,43,2,2,2,2,0,0,176911,172605,182641,135892,135411,126808,0,15000,0,4500,5000,5000,0
29690,200000,1,1,2,36,0,0,0,0,0,0,396,396,396,396,396,396,396,396,396,396,396,396,0
29691,390000,1,1,1,29,0,0,0,0,0,0,570,2681,1186,1944,4966,2973,2691,1191,1948,4987,2982,15546,0
29692,110000,1,1,2,29,0,0,0,0,0,0,47982,43735,41840,40199,39612,27926,1809,2012,1504,1502,1514,1007,0
29693,250000,1,1,2,29,0,0,0,0,0,0,240725,200603,150035,145876,100971,50333,10022,7004,5414,2500,1010,48440,0
29694,380000,1,2,2,30,0,0,0,0,0,0,47765,47945,135167,95527,91541,92808,3000,90527,5000,3000,4000,3000,0
29695,300000,1,2,1,30,0,0,0,0,0,0,165,165,165,165,1759,1394,165,165,165,1759,1394,1790,0
29696,300000,1,2,1,44,0,0,2,2,0,0,223211,239061,239874,233894,169520,160385,21000,6000,3662,6000,6000,6000,0
29697,320000,1,1,1,40,0,0,0,0,0,0,968,6444,23384,4310,5980,13522,6476,23507,4336,6010,13589,3574,0
29698,160000,1,2,1,48,1,0,0,0,0,0,0,0,0,0,0,0,0,0,0,0,0,0,0
29699,310000,1,1,1,47,0,0,0,0,0,0,-1874,-2474,-2474,-74,2226,-484,0,0,2400,2300,0,0,0
29700,50000,1,2,2,32,0,0,0,0,0,0,50962,50212,3800,50535,50525,1473,2264,1000,50042,2505,1473,12023,0
29701,20000,1,2,1,32,0,0,0,0,2,2,8768,9622,10974,14963,15123,14741,1159,1511,4500,700,0,1000,1
29702,240000,1,2,1,31,2,0,0,2,2,0,60511,41296,2181,1175,-13,2487,2300,2185,4,0,2500,0,1
29703,250000,1,1,2,31,0,0,0,0,0,0,377399,78416,64479,33404,11259,11007,10045,3194,1104,10015,5005,2033,0
29704,200000,1,1,2,31,0,0,0,0,0,0,162018,121934,0,0,0,590,6000,0,0,0,590,61935,0
29705,240000,1,1,2,35,1,0,0,0,0,0,0,0,0,0,27670,28252,0,0,0,27670,920,920,0
29706,150000,1,3,1,43,0,2,0,0,0,0,1280,390,390,780,1746,0,0,390,780,1746,0,0,0
29707,420000,1,2,1,43,0,0,0,0,0,0,36590,44670,60376,30099,66049,61043,42063,30253,20016,40015,30004,3000,0
29708,10000,1,3,1,36,0,0,0,2,2,2,5104,6133,8432,8150,8945,8657,1274,2573,0,1086,0,353,0
29709,30000,1,2,1,44,1,2,2,0,0,0,12351,13068,12568,13880,13849,14816,1216,0,1528,497,1192,0,0
29710,250000,1,1,2,33,0,3,2,0,0,0,441,441,81,1540,3088,5680,0,0,5000,3088,3000,0,1
29711,500000,1,2,1,33,0,0,0,0,0,0,5322,5920,6061,7289,8313,6490,1125,1280,1791,1528,1512,1370,0
29712,30000,1,2,2,38,0,0,2,2,2,2,29770,27400,28935,28934,30313,30330,6000,2273,780,2635,1033,611,0
29713,120000,1,2,2,48,0,0,0,0,0,0,116757,120600,106464,92788,29989,31215,10717,10000,20014,0,6000,2534,0
29714,200000,1,2,1,34,0,0,0,0,0,0,2498,2670,2967,0,0,0,2670,2996,0,0,0,0,0
29715,20000,1,2,2,36,0,0,0,0,0,0,11179,11985,14372,15619,16376,16738,1300,2600,1500,1000,1000,2000,0
29716,50000,1,2,2,38,1,2,2,2,0,0,15116,14876,17325,16754,17175,17588,300,3000,0,1000,690,650,1
29717,50000,1,3,1,47,2,2,2,0,0,0,39892,42704,34909,33528,16205,16593,3600,5,1309,800,800,750,1
29718,50000,1,3,2,40,0,0,0,0,0,0,46185,47570,38984,23566,21652,3612,3000,4022,3034,5000,3700,20775,1
29719,140000,1,3,1,39,0,0,0,0,0,0,138317,142082,136034,137524,88752,89409,6047,6405,6452,3228,3140,3157,0
29720,20000,1,3,1,34,0,0,0,0,0,0,17692,17293,16803,16525,16185,-2623,2000,2004,1500,1500,0,19500,0
29721,150000,1,3,2,39,0,0,0,0,0,0,42029,42678,11413,12418,12415,13211,2100,1500,1500,500,1000,2300,0
29722,230000,1,2,1,35,0,0,0,0,0,0,174274,176853,180639,180117,179717,124117,7004,10000,5000,0,5000,189600,0
29723,240000,1,2,1,36,0,0,0,0,0,0,230523,237022,235890,0,0,0,11828,6100,0,0,0,0,0
29724,150000,1,1,1,41,3,2,2,0,0,2,111056,113467,110235,111376,154802,152304,5700,0,4500,45500,0,5400,1
29725,140000,1,1,1,38,0,0,0,0,0,0,52684,46479,39949,30051,31124,32375,1692,2438,1464,2124,2375,1547,0
29726,310000,1,2,1,37,0,0,0,0,0,0,1619,1443,1443,1443,1443,2886,1443,1443,1443,1443,2886,0,0
29727,60000,1,2,1,36,3,2,2,7,7,6,2400,2400,2400,2400,2400,1800,0,0,0,0,0,0,1
29728,200000,1,1,2,34,0,0,0,0,0,0,485,1313,1144,933,1207,3149,1316,1147,935,1210,3158,2350,0
29729,160000,1,1,1,46,0,0,0,0,0,0,0,0,0,0,0,0,0,0,0,0,0,0,1
29730,360000,1,1,1,35,0,0,0,0,0,0,12895,3546,4371,6365,2987,2979,3552,4377,6400,3002,2994,2233,0
29731,30000,1,2,1,49,0,0,0,0,0,0,12922,14199,15461,16497,16923,17649,1500,1500,1300,700,1000,1000,0
29732,100000,1,3,1,41,1,0,0,0,0,0,0,840,0,0,63562,66520,840,0,0,63562,4000,3000,1
29733,10000,1,2,1,45,1,2,2,2,2,0,6321,6075,10062,6267,-610,-220,0,4312,0,0,780,1150,0
29734,300000,1,2,1,37,0,0,0,0,0,0,3016,24038,6221,33999,24985,25743,12165,6252,34042,66,14062,3081,0
29735,500000,1,2,1,49,0,0,2,0,0,0,1460,5594,5334,1911,1774,5351,5334,25,1920,1783,5377,237,1
29736,50000,1,3,1,40,2,0,0,0,0,0,48785,49762,49861,48660,7698,7463,2090,2450,1510,409,415,406,1
29737,500000,1,2,1,48,0,0,0,0,0,0,1900,5441,0,1535,1100,800,5441,0,1535,1100,800,1297,0
29738,100000,1,2,1,46,2,0,0,0,0,0,100000,99774,102237,98452,99423,101548,4500,5000,4500,3800,3900,4000,1
29739,240000,1,1,2,35,0,0,0,0,0,0,241499,236556,229622,202296,165639,159245,8500,10200,8366,6070,10000,6043,0
29740,450000,1,2,1,43,0,0,0,0,0,0,104485,92993,80647,67875,58328,252696,6000,4000,4000,7000,215000,3000,0
29741,620000,1,2,2,31,0,0,0,0,0,0,5712,11598,21049,13846,3565,7076,11881,21171,13915,3583,7111,1971,0
29742,100000,1,2,1,32,0,0,0,0,0,0,60121,61575,63028,43360,41906,42831,2454,2700,1712,1500,1600,1600,0
29743,230000,1,1,2,32,0,0,0,0,0,0,246764,239685,135520,102518,129195,101717,8316,10084,5091,70063,4037,5122,0
29744,50000,1,2,2,34,0,0,0,0,0,0,4166,0,4166,0,0,0,0,4166,0,0,0,0,0
29745,30000,1,2,2,38,4,3,4,4,4,3,17628,20024,20424,20601,19992,19392,3000,1000,786,0,0,0,1
29746,20000,1,2,3,40,0,0,0,0,0,0,16149,17373,18000,20000,0,780,1500,1000,20000,0,390,0,0
29747,180000,1,1,2,32,0,0,2,0,0,0,291,582,291,291,291,291,582,0,291,291,291,291,1
29748,90000,1,1,2,31,2,2,2,0,0,2,90322,92257,89939,91176,91331,87588,4300,0,3656,7100,0,7200,1
29749,170000,1,1,2,32,0,0,0,0,0,0,166470,159880,161445,152549,122948,120277,5809,7334,6699,4315,4410,4309,0
29750,180000,1,2,2,34,0,0,0,0,0,0,-16,-16,-16,850,0,0,0,0,866,0,0,0,0
29751,50000,1,3,2,40,0,0,0,0,0,0,50693,50019,36939,29500,19655,20067,1747,1515,3076,20693,679,653,0
29752,100000,1,3,1,30,0,0,0,2,0,0,50512,49374,51644,45920,21659,10861,2000,5138,75,1032,32,15127,0
29753,200000,1,1,2,39,1,0,0,0,0,0,0,0,0,0,0,0,0,0,0,0,0,0,0
29754,200000,1,1,2,37,0,0,0,0,0,0,4279,3774,706,5177,3792,12035,3856,706,5192,3808,12035,33436,0
29755,220000,1,1,1,39,1,0,0,0,0,0,0,0,0,0,0,0,0,0,0,0,0,0,0
29756,80000,1,3,1,43,2,0,0,2,0,0,1473,1473,3133,1473,1473,390,1473,3133,0,1473,390,390,0
29757,30000,1,3,2,37,1,2,2,0,0,0,24095,24796,23722,24630,24934,25264,1398,0,1696,1000,1500,500,0
29758,50000,1,3,2,30,0,0,0,0,0,0,46860,48581,48968,18949,19181,20245,2500,1700,1600,811,2000,0,0
29759,210000,1,1,2,40,1,2,0,0,0,0,65568,67501,52620,7379,9083,10766,3700,2700,1300,2000,2000,16000,0
29760,10000,1,1,1,48,1,2,0,0,0,0,8594,7421,8145,9000,9000,0,0,2000,2000,0,0,0,0
29761,300000,1,1,1,38,0,0,0,0,0,0,0,0,0,0,0,0,0,0,0,0,0,0,1
29762,470000,1,2,1,31,0,0,0,0,0,0,12281,13323,13149,15824,19424,27522,2014,3000,3000,4000,8098,3000,0
29763,200000,1,1,1,44,0,0,0,0,0,0,196770,202515,205150,0,0,0,10500,9200,0,0,0,0,0
29764,80000,1,2,1,32,0,0,0,0,0,0,81249,81117,81140,80567,59560,40390,3000,3300,2602,1800,1432,1520,0
29765,10000,1,3,2,36,0,0,0,0,0,0,6728,8050,9531,9904,9310,19000,1446,2017,1000,186,190,0,0
29766,10000,1,3,2,49,1,0,0,0,0,0,2365,9148,7264,9084,4422,1735,10008,5000,5019,1009,1000,9000,0
29767,20000,1,3,2,37,0,0,2,2,0,0,18623,21501,20650,0,0,0,3501,0,0,0,0,0,0
29768,240000,1,2,1,39,1,2,0,0,0,0,245338,234661,234364,235982,239281,244329,0,10200,10200,8725,9068,9068,0
29769,30000,1,2,2,29,0,0,0,0,0,0,13172,7965,3101,3126,7365,3245,1082,1000,3126,7365,0,828,0
29770,160000,1,2,1,31,0,0,0,0,0,2,94041,54835,46575,7169,9036,8749,3579,3500,2000,2000,0,1000,0
29771,20000,1,1,2,31,3,2,2,7,7,7,2400,2400,2400,2400,2400,2400,0,0,0,0,0,0,1
29772,10000,1,2,1,37,0,4,3,2,2,2,7501,7243,6988,6730,7463,7199,0,0,0,1000,0,3000,1
29773,250000,1,3,1,39,0,0,0,0,0,0,209263,199834,200957,205454,205710,210115,7127,7335,8871,8055,8426,5208,0
29774,260000,1,1,2,34,0,0,0,0,0,0,251267,254332,257628,161545,0,0,12021,11710,7503,0,0,0,0
29775,100000,1,2,2,34,0,0,0,0,0,0,47908,48909,49954,50974,52021,53186,1800,1830,1850,1894,2000,2000,1
29776,210000,1,1,2,35,0,2,2,0,0,0,1527,1350,0,0,0,0,0,0,0,0,0,0,0
29777,290000,1,1,2,33,0,0,0,0,0,0,277227,279189,265077,241284,102450,104544,10681,15089,8801,7450,4544,4028,0
29778,150000,1,4,2,29,0,0,0,0,0,0,200442,206334,206221,69995,60000,0,8500,8000,2500,1500,0,0,1
29779,300000,1,1,2,32,2,0,0,0,0,0,255299,255607,258394,261024,260672,263894,9106,11000,11009,10000,10000,10000,1
29780,50000,1,2,1,32,1,0,0,0,0,0,-11545,-1935,7321,2850,6340,3110,10000,10000,7867,6340,3000,2218,0
29781,100000,1,2,2,29,0,0,0,0,0,0,51183,-1478,1261,1044,-217,522,0,4000,1044,0,2000,2000,0
29782,210000,1,1,2,32,1,2,0,0,0,0,161444,160177,151914,148432,150935,154284,6000,8000,6200,6000,5700,5700,0
29783,300000,1,3,1,32,0,0,0,0,0,0,590,2635,1461,3242,-80,720,2635,1461,2000,0,800,15,0
29784,90000,1,2,1,30,1,2,0,0,0,2,45271,44247,45287,46332,49715,48788,0,2055,2100,4476,0,3800,0
29785,210000,1,2,1,31,0,0,2,0,0,0,1748,2488,740,2048,740,740,2488,0,2048,740,740,740,0
29786,10000,1,2,2,47,2,0,0,0,0,0,8640,9043,9489,9237,9422,9619,1145,1136,1144,329,340,418,1
29787,90000,1,2,1,36,0,0,0,0,0,0,53234,38645,0,0,0,0,2100,0,0,0,0,0,0
29788,50000,1,3,2,35,1,2,0,0,0,2,51350,50214,50035,50495,52073,51120,0,2160,2000,4300,0,2061,0
29789,140000,1,3,1,41,0,0,0,0,0,0,1476,2139,0,1686,1686,205,2139,0,1686,0,205,6689,0
29790,310000,1,2,2,35,0,0,0,0,0,0,259636,263812,269351,276873,281764,299161,10000,9775,12000,11000,22000,9905,0
29791,250000,1,1,1,44,0,0,0,0,0,0,3704,5303,25959,6354,2994,5360,5319,26036,6373,3000,4376,3609,0
29792,200000,1,1,1,37,0,0,0,0,0,0,11572,52799,19583,20632,3142,21253,55291,25120,25118,36,27107,43215,0
29793,360000,1,1,1,35,0,0,0,0,0,0,3771,900,0,0,0,0,900,0,0,0,0,0,0
29794,50000,1,2,2,43,0,0,0,0,0,0,12661,13743,14777,12404,10777,16597,1600,1605,2000,500,6000,6000,1
29795,500000,1,2,1,39,0,0,0,0,0,0,1777,23800,297,9342,3518,5597,23800,297,9342,3518,5597,717,0
29796,50000,1,2,1,43,0,0,0,0,0,0,50562,55032,50688,49739,18888,19290,6500,2112,1400,700,700,800,0
29797,20000,1,1,2,31,0,0,0,0,0,0,668,355,0,600,5275,841,355,0,600,5275,841,763,0
29798,90000,1,2,1,31,0,0,0,0,0,0,70329,69073,70561,72021,73912,58301,2471,2600,2633,3108,2052,1858,0
29799,240000,1,2,1,36,0,0,2,2,0,0,216923,242282,245657,240040,231790,221683,30700,8700,0,8207,9000,8000,0
29800,20000,1,2,2,33,3,2,8,7,6,5,14513,22232,21936,21631,21026,20130,8000,0,0,0,0,0,1
29801,210000,1,2,2,33,0,0,0,0,0,0,155847,156084,177865,89227,90027,93076,6000,5896,4800,3500,5000,4000,0
29802,260000,1,1,2,33,2,2,2,2,2,2,128352,131768,128251,142480,145630,150147,7000,0,18000,7000,7000,5500,0
29803,50000,1,2,2,32,0,0,0,0,0,0,52475,53600,55739,55957,29238,6119,2000,3000,1591,72,1134,73421,0
29804,90000,1,2,2,32,0,0,0,0,0,0,88903,34000,0,0,0,0,7000,0,0,0,0,0,0
29805,20000,1,3,1,45,1,3,2,2,0,0,18838,18243,18849,17724,17524,0,0,1200,0,0,0,0,1
29806,60000,1,2,1,40,0,0,0,0,0,0,53896,53640,51608,52642,52806,53530,2500,2500,2500,2000,2100,2200,0
29807,200000,1,2,2,34,0,0,0,0,2,0,176642,180421,185722,196732,188930,192647,7000,8500,16000,0,7500,15000,0
29808,50000,1,2,1,34,0,0,0,0,0,0,43389,44381,45942,45943,20276,19515,1717,2278,1279,3475,676,648,0
29809,250000,1,1,1,34,0,0,0,0,0,0,6035,11782,7241,7277,4972,2609,1131,4000,3000,99,1000,6000,1
29810,20000,1,3,1,48,0,0,3,2,5,4,10805,15270,14740,18188,17630,16780,5000,0,4000,0,0,0,1
29811,200000,1,3,2,42,0,0,0,0,0,0,2753,4520,7151,9641,14927,17345,3006,5019,5013,10007,5006,10003,0
29812,50000,1,5,2,46,0,0,0,0,0,0,49336,49623,19900,19183,19563,19157,1423,1000,19183,687,696,776,0
29813,200000,1,2,1,37,0,0,0,0,0,0,149303,156632,136685,137432,138059,126615,30000,30000,4148,15100,8029,15004,0
29814,250000,1,3,2,35,0,0,0,0,0,0,29363,4501,27548,1800,11942,4680,4501,27548,1800,11942,4680,0,0
29815,50000,1,2,2,49,5,4,3,2,0,0,52321,51210,50125,48640,17450,60,0,0,0,2000,1003,1076,0
29816,210000,1,1,2,35,0,0,0,0,0,0,326,326,326,326,326,326,326,326,326,326,326,326,0
29817,80000,1,2,2,42,1,4,3,2,0,0,97841,94992,87801,81545,51338,50826,0,639,0,50918,2000,2000,0
29818,50000,1,2,2,40,2,0,0,2,0,0,11058,12479,13876,13444,13367,13282,2000,2000,1000,1000,1000,2000,1
29819,50000,1,2,2,48,0,0,0,0,0,0,23694,22500,20279,19816,18711,17598,1635,1360,1233,601,591,736,0
29820,20000,1,2,2,36,0,0,0,0,0,0,20528,16287,7415,0,0,0,1300,1000,0,0,0,1180,1
29821,400000,1,2,2,37,1,0,0,0,0,0,396343,394858,395716,385947,305542,271385,423903,15100,14600,13000,9500,9500,0
29822,500000,1,1,1,44,0,0,0,0,0,0,100862,367,15272,12925,75667,67609,367,16652,76146,67697,67609,71946,0
29823,100000,1,2,1,46,0,0,0,0,0,0,60799,10095,1494,2200,0,0,2036,1504,2506,0,0,0,0
29824,220000,1,1,1,42,1,0,0,0,0,0,0,0,0,0,0,0,0,0,0,0,0,0,1
29825,40000,1,1,1,47,2,2,2,2,2,2,10555,11084,12605,13102,12595,14386,1000,2000,1000,0,2000,0,1
29826,50000,1,2,1,41,0,0,0,0,0,0,43474,48921,34879,31820,9965,10017,40003,1636,1800,344,400,400,0
29827,100000,1,3,1,49,0,0,0,0,0,0,99721,86232,83745,79107,63811,48863,3500,5000,3000,3000,1732,4700,0
29828,150000,1,1,1,35,2,0,0,0,0,0,165441,160292,153981,129725,103050,54447,7300,6100,5100,4200,1900,1600,1
29829,80000,1,2,2,37,0,0,0,2,2,2,47765,49651,53850,52388,55589,54570,3000,5000,0,4078,0,2500,1
29830,100000,1,2,2,32,0,0,0,0,0,0,85366,87064,89401,90470,44610,45806,3114,3738,3059,1450,1765,1473,0
29831,340000,1,1,2,33,1,0,0,0,0,0,0,0,0,0,0,0,0,0,0,0,0,0,1
29832,120000,1,2,2,30,0,0,0,0,0,0,98440,100802,104378,106651,108362,96168,4000,5200,5500,5000,5000,5000,0
29833,20000,1,2,2,30,0,0,0,0,0,0,19027,19656,18781,20632,20042,20090,1279,3000,6668,468,507,5582,0
29834,20000,1,2,2,31,0,0,0,2,0,0,390,390,780,390,806,19103,390,780,0,806,19103,1000,1
29835,30000,1,2,2,34,0,0,0,0,0,0,24380,17858,19563,20929,21280,21724,2000,2000,2000,1000,787,1133,0
29836,130000,1,3,2,34,0,0,0,0,0,0,10557,12069,14849,17585,17990,20682,2000,3000,3000,1000,3000,3000,0
29837,180000,1,6,1,34,0,0,0,0,0,0,0,0,0,0,0,0,0,0,0,0,0,0,0
29838,500000,1,1,2,34,0,0,0,0,0,0,494356,488578,488166,485249,441981,424592,17438,18852,16673,15244,15216,16037,0
29839,190000,1,2,1,43,0,0,0,0,0,0,83399,86010,87736,90373,91980,94502,4000,4000,5000,4000,4000,5000,1
29840,150000,1,5,1,36,0,0,0,0,0,0,216482,220889,133616,136378,139219,142172,5500,3800,3900,4000,4100,4100,0
29841,320000,1,1,1,48,2,2,2,2,2,2,206732,201932,215392,218370,220977,225021,0,18300,8000,7700,7700,0,1
29842,320000,1,1,1,47,0,0,0,0,0,0,162701,132087,120285,124565,89699,62805,20000,15000,10000,22500,20000,20000,0
29843,490000,1,1,1,49,0,0,0,0,0,0,19107,10190,10149,76760,8879,16705,10238,10191,77163,8921,16786,27662,0
29844,10000,1,3,1,42,2,2,0,0,2,0,9013,8714,9121,9926,8898,7667,0,1200,1500,0,1000,3000,1
29845,400000,1,1,1,39,0,0,0,0,0,0,10260,17794,6402,20772,12406,10945,12201,6430,20118,5037,5054,3104,0
29846,10000,1,2,1,37,1,0,0,3,2,0,-265,-265,5235,5007,4779,7680,0,5500,0,0,3000,2000,1
29847,300000,1,2,2,47,0,0,0,0,0,0,109274,110453,115453,118522,118586,118179,3000,5000,5013,4514,4220,4008,0
29848,310000,1,4,1,46,0,0,0,0,0,0,15431,10414,21209,91238,18293,14332,10414,21229,91254,18293,14332,15785,0
29849,100000,1,2,2,44,2,2,2,2,2,2,80358,81344,84133,84873,82613,87461,2900,5000,3000,0,6200,4000,1
29850,80000,1,2,2,36,0,0,0,0,0,0,33457,34197,35641,36742,38127,39509,1600,2000,2000,2000,2000,5000,0
29851,50000,1,3,1,46,0,0,0,0,0,0,62315,60180,58108,55774,53589,51345,2200,2200,2000,1967,2002,1727,0
29852,270000,1,2,2,36,1,0,0,0,0,0,-16,3326,-54,-54,19315,8388,3342,0,0,19369,996,3,0
29853,500000,1,2,1,44,0,0,0,0,0,0,2445,12988,2544,949,86362,-8,13053,2556,955,86793,0,1793,0
29854,50000,1,2,2,39,0,0,0,0,2,2,25637,28371,29913,32417,31597,33575,3500,2000,3000,0,2500,3000,1
29855,460000,1,2,1,39,0,0,0,0,0,0,700,9916,9906,7586,4706,4328,9916,9906,7596,4706,4328,7008,0
29856,80000,1,3,2,44,1,2,0,0,0,2,58606,57076,58358,58992,62696,64148,0,2800,2200,4700,2600,0,0
29857,260000,1,3,1,39,0,0,0,0,0,0,30498,31500,31619,22020,22040,23061,1894,1403,1642,1053,2000,425,0
29858,50000,1,2,1,47,0,0,0,0,0,0,11325,12335,13431,14439,14602,14918,1504,1600,1537,700,700,600,0
29859,30000,1,3,1,41,0,0,0,0,0,2,19904,21267,22120,23746,25346,24801,2000,1510,3000,2000,0,3000,0
29860,190000,1,2,1,42,0,0,0,0,0,0,3747,3313,4085,4742,5875,7037,1000,1004,1500,1500,1267,1500,1
29861,290000,1,1,2,40,0,0,0,0,0,0,83607,83618,86768,87767,87813,71014,3000,4500,4001,3094,3000,3045,0
29862,650000,1,1,1,44,0,0,0,0,0,0,2119,5094,5158,7139,1034,2127,5115,5180,7201,1035,2139,3463,0
29863,50000,1,2,1,38,0,0,0,0,0,0,1529,5404,3853,4768,-52,-52,1200,1200,1020,0,0,7000,1
29864,80000,1,1,2,44,0,0,0,0,0,0,77156,77494,77438,67054,60270,56138,3000,2734,2215,4000,2036,2121,0
29865,200000,1,2,1,42,0,0,0,0,0,0,76929,74701,69669,13877,9789,116868,5000,4070,3000,2078,115000,6000,0
29866,150000,1,1,1,43,0,3,2,0,0,0,832,832,416,416,416,416,0,416,416,416,416,0,1
29867,290000,1,2,2,30,2,2,0,0,0,2,270131,213484,197238,202680,133478,131024,0,9000,10500,17000,0,3500,1
29868,340000,1,1,2,29,0,0,0,0,0,0,44855,331641,331334,286660,263505,268256,300039,13214,12005,13005,10011,12005,0
29869,320000,1,1,2,30,0,0,0,0,0,0,95526,97737,101151,104203,108867,40411,5000,5000,5000,5364,5010,5013,0
29870,80000,1,2,2,31,0,0,0,0,3,2,50244,51243,52319,58245,56728,55691,1835,1903,6800,0,0,2100,0
29871,10000,1,2,2,30,0,0,0,0,0,0,9018,10015,10067,10105,9471,9669,1158,1210,1200,339,351,394,1
29872,420000,1,2,2,31,0,0,0,0,0,0,405274,411980,287733,293951,305011,312087,14302,10500,11000,16000,12000,16000,0
29873,230000,1,2,1,41,0,0,0,0,0,0,226467,231187,231272,228653,225471,224853,10000,10500,10000,9000,8200,9000,0
29874,100000,1,2,2,35,0,0,0,0,0,0,61378,62756,64147,65910,61018,62878,3000,3000,3500,3000,3000,3000,0
29875,100000,1,1,1,35,0,0,0,0,0,0,98803,101103,93566,90339,66222,66871,4035,4098,4213,3106,4000,4000,1
29876,280000,1,1,1,31,0,0,0,0,0,0,235461,196894,168463,149816,128721,130406,8900,8100,7200,5000,5000,4700,0
29877,220000,1,1,1,34,0,0,0,0,0,0,6433,6286,4903,9078,3583,4682,6307,4927,9123,3587,4698,13774,0
29878,340000,1,2,2,36,0,0,0,0,0,0,19628,14586,15018,12062,3894,7957,14594,15047,12064,3894,7957,18191,0
29879,340000,1,3,1,36,0,0,0,0,0,0,362178,303611,92112,75710,63870,52671,10116,3300,5000,10000,10000,30000,1
29880,210000,1,2,2,37,0,0,0,0,0,0,18896,19777,20803,21816,22250,22716,1500,1350,1363,797,825,829,0
29881,140000,1,2,1,38,0,0,0,0,0,0,135261,137999,141532,75815,65099,66445,4494,5303,2806,1825,1880,1901,1
29882,390000,1,2,1,37,0,0,0,0,0,0,174603,178087,185212,187648,192538,198828,6379,10000,7001,8001,10000,10000,0
29883,20000,1,3,2,49,0,0,0,0,0,0,16787,18464,0,0,0,0,2074,0,0,0,0,0,0
29884,420000,1,1,1,34,0,0,0,0,0,0,454391,466810,483277,479800,489200,489200,20000,24000,11000,10000,0,11000,0
29885,350000,1,3,1,31,1,2,2,0,0,0,225434,214620,170451,156922,143062,224387,11000,0,5500,5000,100000,0,0
29886,50000,1,3,1,39,0,0,0,0,0,0,43127,44413,45697,46873,47188,48532,2000,2000,2000,2000,2000,2000,1
29887,630000,1,2,1,46,0,0,0,0,0,0,125975,91247,81317,146005,146207,106467,3416,4300,84700,4211,4470,3600,0
29888,140000,1,2,1,34,0,0,0,0,0,0,32538,36002,40422,44433,28029,32386,4000,5000,5000,5000,5000,10000,0
29889,180000,1,3,1,40,0,0,0,0,0,0,105918,81091,-1659,111077,112738,115746,4400,0,112736,5000,5300,5000,0
29890,340000,1,2,1,37,0,0,0,0,0,0,71934,78695,80831,81589,83546,85362,8000,4000,3000,3300,3300,4000,0
29891,210000,1,1,1,49,0,0,0,0,0,0,291,291,291,291,291,291,291,582,291,291,291,291,0
29892,100000,1,3,2,47,0,0,0,0,0,0,94667,97088,99520,102650,0,0,4000,4000,5000,0,0,0,0
29893,180000,1,1,1,37,1,0,0,0,0,0,1660,2701,1832,919,500,7068,2701,1832,919,500,7068,9268,0
29894,300000,1,1,1,46,0,0,0,0,0,0,132760,1968,4436,839,5792,7053,1977,4458,862,5821,7088,9647,0
29895,210000,1,2,1,45,0,0,0,0,0,0,1792,4339,4049,345,650,3217,4369,4049,348,650,3217,3912,1
29896,230000,1,1,1,46,0,0,0,0,0,0,39900,1200,0,11211,0,0,1200,0,11211,0,0,0,0
29897,70000,1,3,1,45,2,2,2,2,2,2,71586,71623,71020,67338,70769,68957,3100,3008,0,5100,2600,0,1
29898,120000,1,3,1,47,0,0,0,0,0,0,71777,73282,75499,77739,78666,80399,2700,3400,3500,2815,3000,3000,1
29899,20000,1,2,2,34,1,2,0,0,0,0,14498,13968,15739,17168,17580,18295,0,2000,2000,1000,1000,1000,0
29900,140000,1,1,2,29,0,0,0,0,0,0,142044,142087,255846,140057,100177,100873,6100,5528,4500,3500,4000,4000,1
29901,20000,1,2,2,29,0,0,0,0,0,0,16809,0,0,0,0,0,0,0,0,0,0,0,1
29902,50000,1,2,2,29,1,2,0,0,0,0,50845,48750,103486,50590,50248,49387,0,6556,3250,1563,1208,781,0
29903,170000,1,3,2,30,0,0,0,0,0,0,10392,168088,168955,161351,126198,124746,168096,6409,7335,4448,4519,5003,0
29904,260000,1,1,1,30,0,0,0,0,0,0,27378,17082,13333,99,99,172104,10018,13333,99,99,172104,30013,0
29905,60000,1,3,2,30,0,0,0,0,0,0,54952,56021,54126,58732,59306,59728,2600,4553,5800,2000,1000,1462,1
29906,50000,1,3,1,30,1,2,2,0,0,0,17479,18195,17614,18630,19000,19421,1300,0,1310,680,727,6000,1
29907,150000,1,3,2,29,0,0,0,0,0,0,106556,108706,26068,20546,27228,3270,46060,81620,184133,17322,3279,6222,0
29908,240000,1,1,2,29,0,0,2,2,2,0,64826,72951,62848,60645,57554,57375,10589,34,4400,0,2000,1900,1
29909,140000,1,1,2,29,0,0,0,0,0,0,0,0,0,0,0,0,0,0,0,0,0,0,1
29910,360000,1,1,2,32,0,0,0,0,0,0,0,0,0,0,0,0,0,0,0,0,0,0,0
29911,310000,1,2,2,30,0,0,0,0,0,0,167,-223,780,0,0,291,0,1003,0,0,291,173,0
29912,210000,1,2,1,31,0,0,0,0,0,0,326,326,326,326,652,326,326,326,326,652,0,326,1
29913,450000,1,1,2,31,0,0,0,0,0,0,5000,5000,5000,0,0,0,5000,5000,0,0,0,0,0
29914,230000,1,1,2,34,0,0,0,0,0,0,23396,25723,49223,66006,47412,29290,25748,30029,27417,1016,640,260,0
29915,390000,1,1,2,32,0,0,0,0,0,0,60425,49480,46201,38770,3914,6568,1781,2188,1000,8572,6568,11416,0
29916,10000,1,2,2,32,2,0,0,0,0,0,9299,9576,9028,9644,9790,9990,1132,1384,1000,196,200,0,0
29917,330000,1,2,2,33,0,0,0,0,0,0,50999,50055,47398,40334,34443,33898,2000,2007,2000,2000,2000,2000,0
29918,30000,1,1,2,33,0,3,2,0,0,0,31724,30923,29928,29498,27025,0,0,0,31200,541,0,0,1
29919,190000,1,1,2,33,0,0,0,0,0,0,144706,137502,127014,120826,112211,110396,6388,6112,4202,4200,4200,5000,0
29920,50000,1,3,1,37,0,0,2,2,0,0,3057,3427,3207,0,1250,5245,3000,0,0,1250,5245,0,1
29921,50000,1,5,1,45,2,0,0,0,0,0,71927,73514,75373,50947,51020,0,3000,3428,2002,1023,0,0,1
29922,410000,1,1,2,34,0,0,0,0,0,0,468749,411016,420393,1467,1421,-15,17259,18600,1474,1428,0,0,1
29923,150000,1,2,1,35,1,0,0,0,0,0,-18,-18,-18,-18,-18,-18,0,0,0,0,0,0,0
29924,360000,1,1,2,35,0,0,0,0,0,0,200,317,12349,0,326,105,317,12357,0,326,105,200,0
29925,50000,1,2,1,40,0,0,0,0,0,0,49073,49531,44002,44356,19344,19354,1691,1942,1296,674,693,1000,0
29926,210000,1,1,2,36,0,0,0,0,0,0,97826,20384,31294,43790,510,20188,5000,11294,13790,1000,20188,16666,0
29927,50000,1,3,1,46,3,3,2,0,0,0,53418,52281,51173,50033,9779,9924,0,7,1104,445,400,204,0
29928,220000,1,1,2,38,0,0,0,0,0,0,159322,164176,167028,170480,173818,177556,7500,7000,6500,6000,6000,10000,0
29929,20000,1,2,2,42,0,0,2,0,0,0,10690,15027,14503,15238,14838,15141,4854,0,1400,0,303,0,0
29930,170000,1,3,1,46,0,0,0,0,0,0,1804,1804,1804,1804,3608,1804,1804,1804,1804,3608,0,1804,1
29931,20000,1,2,1,43,1,2,2,2,2,0,6216,7268,7009,8102,7136,5243,1307,0,1400,0,182,400,0
29932,60000,1,2,3,41,0,0,0,0,0,0,61118,50643,44004,26940,9971,-11798,2200,2000,1200,0,0,28000,0
29933,160000,1,3,1,42,2,0,0,0,0,0,139983,125833,127815,130023,98604,101650,6000,5500,5000,3000,4000,3000,1
29934,190000,1,3,1,44,0,2,0,2,0,0,291,291,582,291,582,291,0,582,0,582,0,291,0
29935,360000,1,2,1,45,0,0,0,0,0,0,18552,836,836,836,986,986,836,836,836,986,986,611,0
29936,50000,1,2,1,48,0,0,0,0,0,0,48187,48344,46895,49161,6690,5665,46895,1775,51209,428,5665,8745,1
29937,130000,1,3,2,40,0,0,0,0,0,0,129548,129438,129388,127628,64345,62373,6000,6000,5161,2239,3000,2291,0
29938,320000,1,1,1,44,0,0,0,0,0,0,14075,6813,13482,2975,2029,888,6818,13482,2975,2029,888,1332,0
29939,30000,1,2,2,38,2,2,2,2,0,0,19992,21055,22120,21471,21598,23241,1700,1700,0,782,2000,1100,0
29940,100000,1,3,1,37,0,0,0,0,0,0,31647,32935,32689,17246,3175,35311,2129,1686,1043,409,62380,945,0
29941,20000,1,2,1,48,1,2,0,0,0,0,20733,20109,20126,18928,18761,18787,2,2019,11309,2000,700,1002,0
29942,50000,1,2,2,45,0,0,0,0,2,0,20638,19834,19387,22574,20483,20121,1314,1340,5000,0,729,793,0
29943,130000,1,3,1,45,0,0,0,0,0,0,1475,1826,2831,2756,1585,1215,1826,2831,2756,1585,1215,2402,1
29944,500000,1,2,2,38,0,0,0,0,0,0,31504,27546,20189,12058,14692,8274,12160,6056,3063,14725,206,9363,0
29945,80000,1,2,2,39,3,2,0,0,0,0,75635,73830,74968,23867,23130,0,0,2968,1867,463,0,0,1
29946,30000,1,2,1,42,0,0,0,0,0,0,28658,28281,29826,28572,9072,0,1656,3000,1000,500,0,0,0
29947,230000,1,1,2,44,0,0,0,0,0,0,5419,3288,806,1467,9192,4388,3306,806,1500,9216,4388,0,0
29948,50000,1,3,1,46,0,0,0,2,0,0,11401,12506,14774,14233,14744,15252,1300,3000,0,1000,1000,3000,0
29949,290000,1,1,1,32,0,0,0,0,0,0,31933,38752,200,1956,910,0,39032,201,1961,4,0,0,0
29950,280000,1,1,1,39,0,0,0,0,0,0,55050,51417,47069,40939,44290,70573,1652,2144,1666,5015,32013,12,0
29951,220000,1,1,1,32,0,2,0,0,0,0,528,264,264,292,528,264,0,264,292,500,0,264,0
29952,160000,1,1,2,30,0,0,0,0,0,0,143457,134345,77045,69659,70186,75249,5237,3034,3010,5011,10006,8070,0
29953,210000,1,2,2,30,0,0,0,0,0,0,4206,3980,7509,1252,626,626,3980,7509,1252,0,626,626,0
29954,170000,1,1,2,30,0,0,0,0,0,0,129848,89684,31050,0,0,0,5115,2500,0,0,0,0,0
29955,180000,1,2,2,30,0,0,0,0,2,0,51323,44638,28674,14834,1415,47417,2124,1588,1526,66,57317,70052,0
29956,410000,1,1,2,32,0,2,0,0,0,0,380,190,190,380,190,1539,0,190,380,0,1539,0,0
29957,150000,1,1,2,30,0,0,0,0,0,0,2384,4176,5877,1610,1180,2980,2000,2000,2000,1000,3000,0,0
29958,500000,1,2,2,31,0,0,0,0,0,0,29566,25560,294257,278725,89161,87863,6025,294318,10254,7524,5009,2333,0
29959,230000,1,3,2,31,0,0,0,0,0,0,4261,25,221,417,613,-191,1000,1000,1000,1000,0,0,0
29960,290000,1,1,2,32,0,0,0,0,0,0,23234,1571,108157,35379,18711,3110,1575,108168,35811,18711,0,157,0
29961,10000,1,2,1,29,0,0,0,0,0,0,9406,9968,9385,5163,780,0,3009,2000,2009,0,0,0,0
29962,260000,1,1,2,33,0,0,0,0,0,0,0,263,0,1368,101,955,263,0,1368,101,955,0,0
29963,50000,1,2,2,30,1,0,2,0,0,0,-264,264,264,7300,0,0,528,0,7300,0,0,0,0
29964,610000,1,1,2,31,0,0,2,0,0,0,348392,322228,319014,347303,248893,269528,323014,1605,349395,250144,271099,220076,0
29965,360000,1,1,2,31,0,0,0,0,0,0,735,51,20007,18498,18422,1842,51,20007,1590,1000,1842,390,0
29966,140000,1,2,1,32,0,0,0,0,0,0,134236,134663,137485,137450,135638,136375,6300,6500,6300,6000,5200,5000,0
29967,150000,1,5,2,31,2,0,0,0,0,0,134866,136692,91815,0,0,0,4633,2000,0,0,0,0,1
29968,50000,1,2,1,32,0,0,0,0,2,0,50564,49710,0,50551,40590,39384,2686,0,50551,0,1600,1500,0
29969,20000,1,2,2,34,0,0,0,0,0,0,13730,15170,15277,13478,16978,12914,2000,2000,1000,5000,12914,600,0
29970,200000,1,2,1,33,0,0,0,0,0,0,110006,76950,63834,56768,58826,67577,5000,2183,2059,3000,9751,3000,0
29971,360000,1,1,1,34,0,0,0,0,0,0,33654,52686,64069,49005,8676,19487,52951,64535,8907,53,19584,16080,0
29972,80000,1,3,1,36,0,0,0,0,0,0,65554,66858,68279,69674,71070,73612,2395,2500,2530,2556,3700,3000,0
29973,190000,1,1,1,37,0,0,0,0,0,0,21628,20893,5869,29223,19616,148482,2000,3869,25128,10115,148482,4800,0
29974,230000,1,2,1,35,1,0,0,0,0,0,0,0,0,0,0,0,0,0,0,0,0,0,1
29975,50000,1,2,1,37,1,2,2,2,0,0,10904,9316,4328,2846,1585,1324,0,3000,0,0,1000,1000,1
29976,220000,1,2,1,41,0,0,0,0,0,0,45075,8840,1369,5924,1759,1824,8840,6643,5924,1759,1824,7022,0
29977,40000,1,2,2,47,2,2,3,2,2,2,52358,54892,53415,51259,47151,46934,4000,0,2000,0,3520,0,1
29978,420000,1,1,2,34,0,0,0,0,0,0,131939,136721,140011,141695,144839,147954,7000,7000,5500,5500,5600,5000,0
29979,310000,1,2,1,39,0,0,0,0,0,0,238973,237196,233854,219409,216540,210675,10029,9218,10029,8049,8040,10059,0
29980,180000,1,1,1,32,0,0,0,0,0,0,0,0,0,0,0,0,0,0,0,0,0,0,0
29981,50000,1,3,2,42,0,0,0,0,0,0,43998,49123,49397,50360,19971,19694,10000,4000,5000,3000,4500,2000,0
29982,50000,1,2,1,44,1,2,2,2,0,0,38671,36772,33101,28192,22676,14647,2300,1700,0,517,503,585,0
29983,90000,1,2,1,36,0,0,0,0,0,0,7752,9112,10306,11328,12036,14329,1500,1500,1500,1200,2500,0,1
29984,20000,1,2,1,44,0,0,0,0,0,0,1822,2872,2712,2882,9235,1719,2890,2720,2890,9263,1824,1701,0
29985,30000,1,2,2,38,0,0,0,0,0,0,315,923,2939,1993,1907,3319,923,2977,1999,3057,3319,1000,0
29986,240000,1,1,2,30,0,0,0,0,0,0,0,0,0,0,0,0,0,0,0,0,0,0,0
29987,360000,1,1,2,35,0,0,0,0,0,0,2220,0,0,0,0,0,0,0,0,0,0,0,0
29988,130000,1,1,2,34,0,0,0,0,0,0,23292,14077,15546,108047,93708,97353,3000,2000,93000,4000,5027,4005,0
29989,250000,1,1,1,34,0,0,0,0,0,0,279640,252913,243075,245750,175005,179687,65000,8800,9011,6000,7000,6009,0
29990,150000,1,1,2,35,0,0,0,0,0,0,3425,9009,-3,780,0,0,9054,0,783,0,0,0,0
29991,140000,1,2,1,41,0,0,0,0,0,0,138325,137142,139110,138262,49675,46121,6000,7000,4228,1505,2000,2000,0
29992,210000,1,2,1,34,3,2,2,2,2,2,2500,2500,2500,2500,2500,2500,0,0,0,0,0,0,1
29993,10000,1,3,1,43,0,0,0,0,0,0,8802,10400,0,0,0,0,2000,0,0,0,0,0,0
29994,100000,1,1,2,38,0,0,0,0,0,0,3042,1427,102996,70626,69473,55004,2000,111784,4000,3000,2000,2000,0
29995,80000,1,2,2,34,2,2,2,2,2,2,72557,77708,79384,77519,82607,81158,7000,3500,0,7000,0,4000,1
29996,220000,1,3,1,39,0,0,0,0,0,0,188948,192815,208365,88004,31237,15980,8500,20000,5003,3047,5000,1000,0
29997,150000,1,3,2,43,0,0,0,0,0,0,1683,1828,3502,8979,5190,0,1837,3526,8998,129,0,0,0
29998,30000,1,2,2,37,4,3,2,0,0,0,3565,3356,2758,20878,20582,19357,0,0,22000,4200,2000,3100,1
29999,80000,1,3,1,41,1,0,0,0,0,0,-1645,78379,76304,52774,11855,48944,85900,3409,1178,1926,52964,1804,1
30000,50000,1,2,1,46,0,0,0,0,0,0,47929,48905,49764,36535,32428,15313,2078,1800,1430,1000,1000,1000,1
